3.983320065805591e-07
1.000000000000000e-12
1.000000000000000e-17
3.538992286935616e-01
1.941870735481861e-01
-7.498765432098762e-01
-1.500017464083440e+00
1.901109735892602e-07
32
32
-1.580246913580247e-02
1
0 0 -1.000279876453477e+00 -1.891636209785544e-03 -9.365129143360538e-04 -1.007704521352490e+00
0 1 -1.000280236936413e+00 -1.892602531440874e-03 -9.357510056402199e-04 -1.007701439303994e+00
0 2 -1.000280620478858e+00 -1.893570429925470e-03 -9.350360960394563e-04 -1.007698237365230e+00
0 3 -1.000281012988503e+00 -1.894501902415214e-03 -9.343998562932267e-04 -1.007695039106110e+00
0 4 -1.000281400364582e+00 -1.895361245465172e-03 -9.338677710736497e-04 -1.007691965709816e+00
0 5 -1.000281768883052e+00 -1.896116390991547e-03 -9.334580860496087e-04 -1.007689131630275e+00
0 6 -1.000282105542764e+00 -1.896739989180160e-03 -9.331814799151652e-04 -1.007686640755112e+00
0 7 -1.000282398387116e+00 -1.897210218124748e-03 -9.330414055773190e-04 -1.007684583144830e+00
0 8 -1.000282636815257e+00 -1.897511318192223e-03 -9.330349816693695e-04 -1.007683032384299e+00
0 9 -1.000282811892774e+00 -1.897633867494884e-03 -9.331542692047039e-04 -1.007682043546111e+00
0 10 -1.000282916664438e+00 -1.897574831399768e-03 -9.333877388066660e-04 -1.007681651734052e+00
0 11 -1.000282946461591e+00 -1.897337429690386e-03 -9.337217227098301e-04 -1.007681871160588e+00
0 12 -1.000282899185605e+00 -1.896930866081939e-03 -9.341416560669423e-04 -1.007682694722470e+00
0 13 -1.000282775538877e+00 -1.896369955417665e-03 -9.346329480796681e-04 -1.007684094070184e+00
0 14 -1.000282579168980e+00 -1.895674667219060e-03 -9.351813853710907e-04 -1.007686020205315e+00
0 15 -1.000282316692341e+00 -1.894869586294601e-03 -9.357730513367649e-04 -1.007688404666160e+00
0 16 -1.000281997571846e+00 -1.893983277578247e-03 -9.363938340748480e-04 -1.007691161363018e+00
0 17 -1.000281633836225e+00 -1.893047536142789e-03 -9.370286781098697e-04 -1.007694189100110e+00
0 18 -1.000281239644405e+00 -1.892096504014366e-03 -9.376607975094521e-04 -1.007697374781516e+00
0 19 -1.000280830712025e+00 -1.891165641180839e-03 -9.382710964461030e-04 -1.007700597257289e+00
0 20 -1.000280423628183e+00 -1.890290548040008e-03 -9.388380269947475e-04 -1.007703731729532e+00
0 21 -1.000280035098366e+00 -1.889505651071848e-03 -9.393380501570409e-04 -1.007706654603169e+00
0 22 -1.000279681155385e+00 -1.888842783866610e-03 -9.397467630017880e-04 -1.007709248622988e+00
0 23 -1.000279376384888e+00 -1.888329721537257e-03 -9.400406298658711e-04 -1.007711408081531e+00
0 24 -1.000279133215226e+00 -1.887988754827422e-03 -9.401991309779959e-04 -1.007713043816709e+00
0 25 -1.000278961321650e+00 -1.887835414514458e-03 -9.402070411292059e-04 -1.007714087661628e+00
0 26 -1.000278867189647e+00 -1.887877468720227e-03 -9.400564960000971e-04 -1.007714495986963e+00
0 27 -1.000278853870236e+00 -1.888114308175241e-03 -9.397485097695991e-04 -1.007714252010371e+00
0 28 -1.000278920941493e+00 -1.888536804444074e-03 -9.392936772282967e-04 -1.007713366645119e+00
0 29 -1.000279064668314e+00 -1.889127677340567e-03 -9.387119140515865e-04 -1.007711877807984e+00
0 30 -1.000279278331192e+00 -1.889862350088970e-03 -9.380312357781883e-04 -1.007709848272279e+00
0 31 -1.000279552678968e+00 -1.890710216996345e-03 -9.372857204231897e-04 -1.007707362296576e+00
1 0 -1.000280148159944e+00 -1.891236232389944e-03 -9.390221283172183e-04 -1.007704644528110e+00
1 1 -1.000280508650195e+00 -1.892204595624328e-03 -9.382538626828625e-04 -1.007701561287643e+00
1 2 -1.000280890976173e+00 -1.893171422837361e-03 -9.375360334007828e-04 -1.007698367844100e+00
1 3 -1.000281281093259e+00 -1.894098751346215e-03 -9.369004529822699e-04 -1.007695187397434e+00
1 4 -1.000281664994223e+00 -1.894951042458752e-03 -9.363726025397423e-04 -1.007692140390520e+00
1 5 -1.000282029090595e+00 -1.895696510601658e-03 -9.359705754904231e-04 -1.007689340202756e+00
1 6 -1.000282360553347e+00 -1.896308193823566e-03 -9.357047537002265e-04 -1.007686889362783e+00
1 7 -1.000282647627605e+00 -1.896764746097352e-03 -9.355781606546357e-04 -1.007684876348091e+00
1 8 -1.000282879935809e+00 -1.897050950487777e-03 -9.355873722089132e-04 -1.007683373003995e+00
1 9 -1.000283048779578e+00 -1.897157970956696e-03 -9.357238181524322e-04 -1.007682432577784e+00
1 10 -1.000283147443262e+00 -1.897083377157794e-03 -9.359752781944739e-04 -1.007682088333001e+00
1 11 -1.000283171492097e+00 -1.896830987070249e-03 -9.363273650450792e-04 -1.007682352695147e+00
1 12 -1.000283119046742e+00 -1.896410573246759e-03 -9.367647976582974e-04 -1.007683216890795e+00
1 13 -1.000282991005984e+00 -1.895837469029342e-03 -9.372723032418197e-04 -1.007684651073774e+00
1 14 -1.000282791183593e+00 -1.895132094294047e-03 -9.378350483077755e-04 -1.007686604970708e+00
1 15 -1.000282526326044e+00 -1.894319401898383e-03 -9.384385810022735e-04 -1.007689009105316e+00
1 16 -1.000282205985664e+00 -1.893428231905413e-03 -9.390683569239699e-04 -1.007691776663242e+00
1 17 -1.000281842237070e+00 -1.892490554082353e-03 -9.397090038611016e-04 -1.007694806035444e+00
1 18 -1.000281449240013e+00 -1.891540579913039e-03 -9.403435431081649e-04 -1.007697984038443e+00
1 19 -1.000281042665802e+00 -1.890613731434525e-03 -9.409528132633529e-04 -1.007701189767554e+00
1 20 -1.000280639015419e+00 -1.889745464316329e-03 -9.415153264747228e-04 -1.007704299001924e+00
1 21 -1.000280254865316e+00 -1.888969957226246e-03 -9.420077238976093e-04 -1.007707189044483e+00
1 22 -1.000279906082751e+00 -1.888318699863056e-03 -9.424058942318809e-04 -1.007709743836696e+00
1 23 -1.000279607057177e+00 -1.887819037880748e-03 -9.426866939528078e-04 -1.007711859131248e+00
1 24 -1.000279369997330e+00 -1.887492761076393e-03 -9.428300828630943e-04 -1.007713447440991e+00
1 25 -1.000279204343760e+00 -1.887354845248172e-03 -9.428213876781944e-04 -1.007714442427236e+00
1 26 -1.000279116341275e+00 -1.887412469826517e-03 -9.426533513286842e-04 -1.007714802369903e+00
1 27 -1.000279108803739e+00 -1.887664425532841e-03 -9.423276317002793e-04 -1.007714512397474e+00
1 28 -1.000279181085004e+00 -1.888100996096431e-03 -9.418554832127182e-04 -1.007713585253400e+00
1 29 -1.000279329247636e+00 -1.888704349209005e-03 -9.412574751942332e-04 -1.007712060523856e+00
1 30 -1.000279546399719e+00 -1.889449414262419e-03 -9.405622479266872e-04 -1.007710002417344e+00
1 31 -1.000279823154411e+00 -1.890305170717484e-03 -9.398044515979775e-04 -1.007707496330713e+00
2 0 -1.000280497668101e+00 -1.890969453726143e-03 -9.410163167250579e-04 -1.007704471892817e+00
2 1 -1.000280859185753e+00 -1.891942050440094e-03 -9.402408557182699e-04 -1.007701380211429e+00
2 2 -1.000281241280180e+00 -1.892910014435150e-03 -9.395193066289077e-04 -1.007698188162143e+00
2 3 -1.000281629915998e+00 -1.893835341967115e-03 -9.388836463684167e-04 -1.007695018840210e+00
2 4 -1.000282011142733e+00 -1.894682577815830e-03 -9.383593728098897e-04 -1.007691992206786e+00
2 5 -1.000282371474090e+00 -1.895420140539174e-03 -9.379644455714339e-04 -1.007689220808477e+00
2 6 -1.000282698224812e+00 -1.896021383833350e-03 -9.377089668130121e-04 -1.007686806028916e+00
2 7 -1.000282979819965e+00 -1.896465374843425e-03 -9.375955465459382e-04 -1.007684834938084e+00
2 8 -1.000283206091303e+00 -1.896737389482988e-03 -9.376202320139226e-04 -1.007683377768599e+00
2 9 -1.000283368571343e+00 -1.896829143728067e-03 -9.377738329250942e-04 -1.007682486011613e+00
2 10 -1.000283460788309e+00 -1.896738796195964e-03 -9.380434448377113e-04 -1.007682191095334e+00
2 11 -1.000283478555062e+00 -1.896470767633582e-03 -9.384139622259513e-04 -1.007682503596362e+00
2 12 -1.000283420234048e+00 -1.896035424046615e-03 -9.388693827456756e-04 -1.007683412944073e+00
2 13 -1.000283286950526e+00 -1.895448660998247e-03 -9.393937391914634e-04 -1.007684887609145e+00
2 14 -1.000283082720549e+00 -1.894731409598953e-03 -9.399715574849048e-04 -1.007686875806246e+00
2 15 -1.000282814460816e+00 -1.893909065760258e-03 -9.405878220200878e-04 -1.007689306769267e+00
2 16 -1.000282491855234e+00 -1.893010829801750e-03 -9.412275205496204e-04 -1.007692092660491e+00
2 17 -1.000282127066243e+00 -1.892068936952245e-03 -9.418749239773021e-04 -1.007695131151117e+00
2 18 -1.000281734294249e+00 -1.891117760177581e-03 -9.425128181737508e-04 -1.007698308670475e+00
2 19 -1.000281329202402e+00 -1.890192772833359e-03 -9.431219332688002e-04 -1.007701504279183e+00
2 20 -1.000280928234910e+00 -1.889329368722446e-03 -9.436808007293160e-04 -1.007704594084050e+00
2 21 -1.000280547864889e+00 -1.888561551928116e-03 -9.441662058888207e-04 -1.007707456076033e+00
2 22 -1.000280203813623e+00 -1.887920529324448e-03 -9.445543004334504e-04 -1.007709975228719e+00
2 23 -1.000279910287647e+00 -1.887433264382334e-03 -9.448223135037350e-04 -1.007712048638887e+00
2 24 -1.000279679283061e+00 -1.887121078581963e-03 -9.449506749807927e-04 -1.007713590427567e+00
2 25 -1.000279520006481e+00 -1.886998410355131e-03 -9.449252639677941e-04 -1.007714536066382e+00
2 26 -1.000279438456718e+00 -1.887071853002791e-03 -9.447394406017992e-04 -1.007714845774175e+00
2 27 -1.000279437199216e+00 -1.887339585092644e-03 -9.443955250748212e-04 -1.007714506665243e+00
2 28 -1.000279515346618e+00 -1.887791276428504e-03 -9.439054571793985e-04 -1.007713533430356e+00
2 29 -1.000279668736683e+00 -1.888408503665165e-03 -9.432904904934953e-04 -1.007711967480543e+00
2 30 -1.000279890277567e+00 -1.889165652038001e-03 -9.425799227601373e-04 -1.007709874648730e+00
2 31 -1.000280170414901e+00 -1.890031226093521e-03 -9.418090087259226e-04 -1.007707341687503e+00
3 0 -1.000280910915364e+00 -1.890846828495040e-03 -9.424162860192879e-04 -1.007704009576691e+00
3 1 -1.000281274445386e+00 -1.891825694556915e-03 -9.416330531636406e-04 -1.007700902511056e+00
3 2 -1.000281657307851e+00 -1.892796969757470e-03 -9.409070967869180e-04 -1.007697704671396e+00
3 3 -1.000282045437551e+00 -1.893722529302326e-03 -9.402705763271144e-04 -1.007694539318261e+00
3 4 -1.000282424901521e+00 -1.894566916544617e-03 -9.397490282587469e-04 -1.007691526209142e+00
3 5 -1.000282782277924e+00 -1.895298667343174e-03 -9.393603046010834e-04 -1.007688777333352e+00
3 6 -1.000283104990875e+00 -1.895891365861680e-03 -9.391142584497601e-04 -1.007686393190317e+00
3 7 -1.000283381616119e+00 -1.896324413005931e-03 -9.390131205677341e-04 -1.007684459675232e+00
3 8 -1.000283602172324e+00 -1.896583508199972e-03 -9.390524457770386e-04 -1.007683045599331e+00
3 9 -1.000283758408717e+00 -1.896660864083718e-03 -9.392224600159014e-04 -1.007682200836022e+00
3 10 -1.000283844092253e+00 -1.896555189940463e-03 -9.395096093309581e-04 -1.007681955055401e+00
3 11 -1.000283855287557e+00 -1.896271490124739e-03 -9.398981009553153e-04 -1.007682316996588e+00
3 12 -1.000283790612012e+00 -1.895820725208247e-03 -9.403712362360709e-04 -1.007683274236313e+00
3 13 -1.000283651438741e+00 -1.895219374448442e-03 -9.409123701612708e-04 -1.007684793442422e+00
3 14 -1.000283442014478e+00 -1.894488920852840e-03 -9.415053946359678e-04 -1.007686821140391e+00
3 15 -1.000283169459880e+00 -1.893655260794563e-03 -9.421347263072872e-04 -1.007689285049857e+00
3 16 -1.000282843627601e+00 -1.892748025617205e-03 -9.427848708324364e-04 -1.007692096051036e+00
3 17 -1.000282476806586e+00 -1.891799796298413e-03 -9.434397184778765e-04 -1.007695150816247e+00
3 18 -1.000282083276292e+00 -1.890845193155310e-03 -9.440817876113060e-04 -1.007698335101700e+00
3 19 -1.000281678728326e+00 -1.889919828467709e-03 -9.446916613685254e-04 -1.007701527653035e+00
3 20 -1.000281279583778e+00 -1.889059119920361e-03 -9.452478481535484e-04 -1.007704604640775e+00
3 21 -1.000280902242269e+00 -1.888296977738698e-03 -9.457272340914429e-04 -1.007707444504828e+00
3 22 -1.000280562304534e+00 -1.887664399042841e-03 -9.461061920457268e-04 -1.007709933043264e+00
3 23 -1.000280273814762e+00 -1.887188028417427e-03 -9.463622857007426e-04 -1.007711968525614e+00
3 24 -1.000280048571811e+00 -1.886888770897670e-03 -9.464763822858634e-04 -1.007713466549523e+00
3 25 -1.000279895558328e+00 -1.886780566789655e-03 -9.464348872743205e-04 -1.007714364307317e+00
3 26 -1.000279820531465e+00 -1.886869449076991e-03 -9.462317594887605e-04 -1.007714623910348e+00
3 27 -1.000279825806732e+00 -1.887152996096028e-03 -9.458699704592454e-04 -1.007714234456193e+00
3 28 -1.000279910247982e+00 -1.887620261598674e-03 -9.453621412192191e-04 -1.007713212624498e+00
3 29 -1.000280069454442e+00 -1.888252215222770e-03 -9.447302109966753e-04 -1.007711601736064e+00
3 30 -1.000280296114646e+00 -1.889022668794191e-03 -9.440041404328141e-04 -1.007709469374492e+00
3 31 -1.000280580481466e+00 -1.889899610273061e-03 -9.432197970962471e-04 -1.007706903812527e+00
4 0 -1.000281371264635e+00 -1.890873485976924e-03 -9.431644564474206e-04 -1.007703276883926e+00
4 1 -1.000281737712159e+00 -1.891860406059001e-03 -9.423732032262807e-04 -1.007700148114984e+00
4 2 -1.000282122311600e+00 -1.892837032482489e-03 -9.416423330127940e-04 -1.007696937545777e+00
4 3 -1.000282510930107e+00 -1.893765044385857e-03 -9.410041993306949e-04 -1.007693768864334e+00
4 4 -1.000282889612296e+00 -1.894608899013710e-03 -9.404843989161033e-04 -1.007690761909405e+00
4 5 -1.000283244960388e+00 -1.895337158072072e-03 -9.401007084455360e-04 -1.007688028409990e+00
4 6 -1.000283564468905e+00 -1.895923541830095e-03 -9.398627741482728e-04 -1.007685668277126e+00
4 7 -1.000283836828832e+00 -1.896347692378793e-03 -9.397724979874611e-04 -1.007683766510561e+00
4 8 -1.000284052215854e+00 -1.896595646757099e-03 -9.398249988943841e-04 -1.007682390747615e+00
4 9 -1.000284202573149e+00 -1.896660039480857e-03 -9.400099793564510e-04 -1.007681589446336e+00
4 10 -1.000284281891863e+00 -1.896540070531262e-03 -9.403132973832609e-04 -1.007681390665796e+00
4 11 -1.000284286482680e+00 -1.896241285729082e-03 -9.407185323249991e-04 -1.007681801392128e+00
4 12 -1.000284215221213e+00 -1.895775218019047e-03 -9.412083428561689e-04 -1.007682807367294e+00
4 13 -1.000284069740368e+00 -1.895158928955802e-03 -9.417654509608384e-04 -1.007684373407794e+00
4 14 -1.000283854537157e+00 -1.894414472257874e-03 -9.423731483997528e-04 -1.007686444239661e+00
4 15 -1.000283576962123e+00 -1.893568282059020e-03 -9.430153056869612e-04 -1.007688945904355e+00
4 16 -1.000283247067340e+00 -1.892650474057267e-03 -9.436759547190891e-04 -1.007691787792515e+00
4 17 -1.000282877302064e+00 -1.891694041341103e-03 -9.443385995840782e-04 -1.007694865337936e+00
4 18 -1.000282482060165e+00 -1.890733927508492e-03 -9.449854721619820e-04 -1.007698063364110e+00
4 19 -1.000282077097187e+00 -1.889805965640744e-03 -9.455969778719130e-04 -1.007701260033888e+00
4 20 -1.000281678845548e+00 -1.888945681808097e-03 -9.461515620335837e-04 -1.007704331315330e+00
4 21 -1.000281303663943e+00 -1.888186976667188e-03 -9.466261646760222e-04 -1.007707155840535e+00
4 22 -1.000280967062566e+00 -1.887560719090345e-03 -9.469973283414583e-04 -1.007709619991379e+00
4 23 -1.000280682950065e+00 -1.887093310984785e-03 -9.472428975584410e-04 -1.007711622991944e+00
4 24 -1.000280462951049e+00 -1.886805309487573e-03 -9.473441236795882e-04 -1.007713081726570e+00
4 25 -1.000280315842808e+00 -1.886710215691654e-03 -9.472878882667009e-04 -1.007713934951422e+00
4 26 -1.000280247154486e+00 -1.886813550008725e-03 -9.470687031412072e-04 -1.007714146550473e+00
4 27 -1.000280258959775e+00 -1.887112325888579e-03 -9.466901507732429e-04 -1.007713707525340e+00
4 28 -1.000280349875778e+00 -1.887595002988032e-03 -9.461654984475926e-04 -1.007712636509116e+00
4 29 -1.000280515258835e+00 -1.888241951840071e-03 -9.455173414780232e-04 -1.007710978742773e+00
4 30 -1.000280747566972e+00 -1.889026404398466e-03 -9.447762794052024e-04 -1.007708803617449e+00
4 31 -1.000281036842946e+00 -1.889915811040888e-03 -9.439787744602166e-04 -1.007706201029222e+00
5 0 -1.000281860255162e+00 -1.891048461292274e-03 -9.432276644554566e-04 -1.007702305340703e+00
5 1 -1.000282230403924e+00 -1.892044884552301e-03 -9.424285193291707e-04 -1.007699149464796e+00
5 2 -1.000282617634550e+00 -1.893028673275864e-03 -9.416924692155845e-04 -1.007695919788878e+00
5 3 -1.000283007711730e+00 -1.893961243925050e-03 -9.410520651992157e-04 -1.007692740670896e+00
5 4 -1.000283386618769e+00 -1.894806886859795e-03 -9.405329837998758e-04 -1.007689732310356e+00
5 5 -1.000283740940626e+00 -1.895534097596068e-03 -9.401529620174341e-04 -1.007687006481365e+00
5 6 -1.000284058200495e+00 -1.896116633246925e-03 -9.399214899691633e-04 -1.007684662823849e+00
5 7 -1.000284327164598e+00 -1.896534275425557e-03 -9.398402047435838e-04 -1.007682785755389e+00
5 8 -1.000284538129435e+00 -1.896773299772493e-03 -9.399038639573805e-04 -1.007681442032772e+00
5 9 -1.000284683201548e+00 -1.896826671217546e-03 -9.401017286945712e-04 -1.007680678957482e+00
5 10 -1.000284756572772e+00 -1.896694001098444e-03 -9.404191545085888e-04 -1.007680523188948e+00
5 11 -1.000284754784500e+00 -1.896381313416115e-03 -9.408391776077700e-04 -1.007680980114114e+00
5 12 -1.000284676963904e+00 -1.895900669067577e-03 -9.413438937716075e-04 -1.007682033730154e+00
5 13 -1.000284525005623e+00 -1.895269687725006e-03 -9.419154633746453e-04 -1.007683647026718e+00
5 14 -1.000284303666915e+00 -1.894510989976348e-03 -9.425366382045993e-04 -1.007685762891751e+00
5 15 -1.000284020545236e+00 -1.893651563413448e-03 -9.431907890221625e-04 -1.007688305591895e+00
5 16 -1.000283685915005e+00 -1.892722041813016e-03 -9.438615043827311e-04 -1.007691182880748e+00
5 17 -1.000283312413306e+00 -1.891755879873298e-03 -9.445319154408688e-04 -1.007694288764268e+00
5 18 -1.000282914579186e+00 -1.890788406890039e-03 -9.451839637464282e-04 -1.007697506912173e+00
5 19 -1.000282508264901e+00 -1.889855749056813e-03 -9.457978571800863e-04 -1.007700714661509e+00
5 20 -1.000282109947927e+00 -1.888993620238893e-03 -9.463519437470309e-04 -1.007703787521382e+00
5 21 -1.000281735979859e+00 -1.888235995478896e-03 -9.468231705473306e-04 -1.007706604053387e+00
5 22 -1.000281401813511e+00 -1.887613701342084e-03 -9.471881926032839e-04 -1.007709050961219e+00
5 23 -1.000281121253726e+00 -1.887152982295961e-03 -9.474250705302710e-04 -1.007711028169291e+00
5 24 -1.000280905780350e+00 -1.886874129417028e-03 -9.475153705682191e-04 -1.007712453609378e+00
5 25 -1.000280763991664e+00 -1.886790280484230e-03 -9.474463794524431e-04 -1.007713267384285e+00
5 26 -1.000280701211081e+00 -1.886906510985164e-03 -9.472130915780389e-04 -1.007713434962451e+00
5 27 -1.000280719287796e+00 -1.887219326829215e-03 -9.468196320274382e-04 -1.007712949096967e+00
5 28 -1.000280816603781e+00 -1.887716638889985e-03 -9.462798494694607e-04 -1.007711830263035e+00
5 29 -1.000280988277783e+00 -1.888378250423716e-03 -9.456169352952985e-04 -1.007710125556225e+00
5 30 -1.000281226535821e+00 -1.889176830536193e-03 -9.448620743260748e-04 -1.007707906159259e+00
5 31 -1.000281521201845e+00 -1.890079292988901e-03 -9.440522778412346e-04 -1.007705263628466e+00
6 0 -1.000282358424349e+00 -1.891364713957440e-03 -9.425991229254689e-04 -1.007701136996657e+00
6 1 -1.000282732900788e+00 -1.892371685889121e-03 -9.417926158592300e-04 -1.007697949771459e+00
6 2 -1.000283123541720e+00 -1.893364136292171e-03 -9.410514035114872e-04 -1.007694695459499e+00
6 3 -1.000283515979136e+00 -1.894303163731709e-03 -9.404082285507579e-04 -1.007691499300715e+00
6 4 -1.000283896098900e+00 -1.895152818360090e-03 -9.398888624264462e-04 -1.007688482117329e+00
6 5 -1.000284250428353e+00 -1.895881440957868e-03 -9.395110386280594e-04 -1.007685756028992e+00
6 6 -1.000284566476719e+00 -1.896462725628811e-03 -9.392841473635530e-04 -1.007683420729375e+00
6 7 -1.000284833042589e+00 -1.896876486947854e-03 -9.392096351485462e-04 -1.007681560387891e+00
6 8 -1.000285040502212e+00 -1.897109130969977e-03 -9.392819875506004e-04 -1.007680241208061e+00
6 9 -1.000285181088259e+00 -1.897153848620492e-03 -9.394901241434761e-04 -1.007679509639281e+00
6 10 -1.000285249161718e+00 -1.897010567228791e-03 -9.398190035525824e-04 -1.007679391207914e+00
6 11 -1.000285241470275e+00 -1.896685707181195e-03 -9.402512251451083e-04 -1.007679889918266e+00
6 12 -1.000285157376218e+00 -1.896191792376195e-03 -9.407684245303532e-04 -1.007680988181287e+00
6 13 -1.000284999027697e+00 -1.895546954510327e-03 -9.413522955908167e-04 -1.007682647256516e+00
6 14 -1.000284771442070e+00 -1.894774354787296e-03 -9.419851337077163e-04 -1.007684808228209e+00
6 15 -1.000284482471133e+00 -1.893901527918056e-03 -9.426498783394480e-04 -1.007687393562493e+00
6 16 -1.000284142625856e+00 -1.892959638519990e-03 -9.433297254619327e-04 -1.007690309294891e+00
6 17 -1.000283764751150e+00 -1.891982633220086e-03 -9.440074650346477e-04 -1.007693447873520e+00
6 18 -1.000283363556037e+00 -1.891006272949243e-03 -9.446647605546683e-04 -1.007696691642270e+00
6 19 -1.000282955018113e+00 -1.890067036490989e-03 -9.452816152271821e-04 -1.007699916905164e+00
6 20 -1.000282555691482e+00 -1.889200896325178e-03 -9.458362537702850e-04 -1.007702998476860e+00
6 21 -1.000282181954273e+00 -1.888441981664376e-03 -9.463055869929475e-04 -1.007705814591699e+00
6 22 -1.000281849236766e+00 -1.887821163003456e-03 -9.466663239865576e-04 -1.007708252004166e+00
6 23 -1.000281571275216e+00 -1.887364617480900e-03 -9.468966707766595e-04 -1.007710211060751e+00
6 24 -1.000281359439319e+00 -1.887092461392115e-03 -9.469784282860495e-04 -1.007711610462976e+00
6 25 -1.000281222181226e+00 -1.887017558734412e-03 -9.468992012879829e-04 -1.007712391392233e+00
6 26 -1.000281164648559e+00 -1.887144624849074e-03 -9.466543753235255e-04 -1.007712520652694e+00
6 27 -1.000281188491885e+00 -1.887469735309279e-03 -9.462485251234413e-04 -1.007711992528627e+00
6 28 -1.000281291878854e+00 -1.887980319336343e-03 -9.456959889747673e-04 -1.007710829153563e+00
6 29 -1.000281469705443e+00 -1.888655667640646e-03 -9.450204663887428e-04 -1.007709079337923e+00
6 30 -1.000281713973599e+00 -1.889467926498485e-03 -9.442536459258124e-04 -1.007706815967495e+00
6 31 -1.000282014288842e+00 -1.890383496177346e-03 -9.434330156147602e-04 -1.007704132227716e+00
7 0 -1.000282846153677e+00 -1.891809439340890e-03 -9.412993545272757e-04 -1.007699822109312e+00
7 1 -1.000283225398968e+00 -1.892827554274643e-03 -9.404864117806172e-04 -1.007696600639211e+00
7 2 -1.000283620079919e+00 -1.893829787932925e-03 -9.397403590663547e-04 -1.007693317248445e+00
7 3 -1.000284015671540e+00 -1.894776879641464e-03 -9.390941139612424e-04 -1.007690098231547e+00
7 4 -1.000284397930597e+00 -1.895632576749979e-03 -9.385735516000417e-04 -1.007687065266363e+00
7 5 -1.000284753289237e+00 -1.896364984030246e-03 -9.381964362141556e-04 -1.007684331100654e+00
7 6 -1.000285069200964e+00 -1.896947636150287e-03 -9.379721169086361e-04 -1.007681995801083e+00
7 7 -1.000285334452706e+00 -1.897360273417585e-03 -9.379019306712068e-04 -1.007680143630238e+00
7 8 -1.000285539456238e+00 -1.897589319427639e-03 -9.379801904097650e-04 -1.007678840585783e+00
7 9 -1.000285676528118e+00 -1.897628078243367e-03 -9.381955868890565e-04 -1.007678132601655e+00
7 10 -1.000285740160251e+00 -1.897476685845065e-03 -9.385328024831892e-04 -1.007678044381230e+00
7 11 -1.000285727274053e+00 -1.897141861923718e-03 -9.389741232394827e-04 -1.007678578816630e+00
7 12 -1.000285637441175e+00 -1.896636510343247e-03 -9.395008459625434e-04 -1.007679716953665e+00
7 13 -1.000285473045087e+00 -1.895979208679513e-03 -9.400943122452261e-04 -1.007681418486888e+00
7 14 -1.000285239352928e+00 -1.895193611325511e-03 -9.407364634290347e-04 -1.007683622802616e+00
7 15 -1.000284944468295e+00 -1.894307772113268e-03 -9.414098944759426e-04 -1.007686250612730e+00
7 16 -1.000284599143520e+00 -1.893353377725273e-03 -9.420974774709390e-04 -1.007689206223755e+00
7 17 -1.000284216442926e+00 -1.892364876503379e-03 -9.427817100103032e-04 -1.007692380461080e+00
7 18 -1.000283811263259e+00 -1.891378488523977e-03 -9.434440052091245e-04 -1.007695654227237e+00
7 19 -1.000283399730746e+00 -1.890431089257086e-03 -9.440641673380687e-04 -1.007698902630963e+00
7 20 -1.000282998504206e+00 -1.889558968840348e-03 -9.446202818002047e-04 -1.007701999588646e+00
7 21 -1.000282624020332e+00 -1.888796482599071e-03 -9.450891865094439e-04 -1.007704822768121e+00
7 22 -1.000282291721968e+00 -1.888174627603491e-03 -9.454475892972776e-04 -1.007707258706391e+00
7 23 -1.000282015313990e+00 -1.887719604690860e-03 -9.456737696118216e-04 -1.007709207881650e+00
7 24 -1.000281806094195e+00 -1.887451452104917e-03 -9.457496766108753e-04 -1.007710589461154e+00
7 25 -1.000281672406602e+00 -1.887382859338106e-03 -9.456631347547592e-04 -1.007711345397547e+00
7 26 -1.000281619259438e+00 -1.887518279990367e-03 -9.454098135642002e-04 -1.007711443531411e+00
7 27 -1.000281648138105e+00 -1.887853453423399e-03 -9.449946249572463e-04 -1.007710879398165e+00
7 28 -1.000281757025153e+00 -1.888375413710225e-03 -9.444322827864848e-04 -1.007709676539952e+00
7 29 -1.000281940617491e+00 -1.889063014574192e-03 -9.437468827645675e-04 -1.007707885273475e+00
7 30 -1.000282190710033e+00 -1.889887940870895e-03 -9.429705112103129e-04 -1.007705580030218e+00
7 31 -1.000282496699325e+00 -1.890816123775139e-03 -9.421410369131183e-04 -1.007702855526707e+00
8 0 -1.000283304492767e+00 -1.892364657210357e-03 -9.393759570482705e-04 -1.007698416400878e+00
8 1 -1.000283688744554e+00 -1.893394034642769e-03 -9.385578636946099e-04 -1.007695159250492e+00
8 2 -1.000284087919644e+00 -1.894406749807534e-03 -9.378075897441531e-04 -1.007691843602795e+00
8 3 -1.000284487318811e+00 -1.895363157176652e-03 -9.371581999140558e-04 -1.007688596932885e+00
8 4 -1.000284872543994e+00 -1.896226652124037e-03 -9.366356742071759e-04 -1.007685541968242e+00
8 5 -1.000285229898975e+00 -1.896965032656995e-03 -9.362578380582178e-04 -1.007682792338072e+00
8 6 -1.000285546742360e+00 -1.897551584758070e-03 -9.360340579688933e-04 -1.007680448783181e+00
8 7 -1.000285811806053e+00 -1.897965870906864e-03 -9.359656450325154e-04 -1.007678595994233e+00
8 8 -1.000286015491894e+00 -1.898194219453725e-03 -9.360468439857560e-04 -1.007677300115756e+00
8 9 -1.000286150154919e+00 -1.898229931065450e-03 -9.362662370801087e-04 -1.007676606920473e+00
8 10 -1.000286210374609e+00 -1.898073235411013e-03 -9.366083611569484e-04 -1.007676540629282e+00
8 11 -1.000286193206609e+00 -1.897731042979612e-03 -9.370553243958789e-04 -1.007677103335355e+00
8 12 -1.000286098397824e+00 -1.897216539884682e-03 -9.375882190472394e-04 -1.007678274993745e+00
8 13 -1.000285928539516e+00 -1.896548666192753e-03 -9.381881618152599e-04 -1.007680013960508e+00
8 14 -1.000285689128419e+00 -1.895751502845695e-03 -9.388368559067153e-04 -1.007682258096901e+00
8 15 -1.000285388507397e+00 -1.894853574212837e-03 -9.395166527251437e-04 -1.007684926477195e+00
8 16 -1.000285037665271e+00 -1.893887059133100e-03 -9.402101836687148e-04 -1.007687921738467e+00
8 17 -1.000284649888462e+00 -1.892886896774010e-03 -9.408997169779025e-04 -1.007691133085597e+00
8 18 -1.000284240271480e+00 -1.891889774569528e-03 -9.415664562642918e-04 -1.007694439924945e+00
8 19 -1.000283825106209e+00 -1.890932991572867e-03 -9.421900246895564e-04 -1.007697716059605e+00
8 20 -1.000283421179635e+00 -1.890053200188248e-03 -9.427483631959314e-04 -1.007700834344725e+00
8 21 -1.000283045016163e+00 -1.889285042825499e-03 -9.432182092657544e-04 -1.007703671670146e+00
8 22 -1.000282712105176e+00 -1.888659718823033e-03 -9.435762202923253e-04 -1.007706114100686e+00
8 23 -1.000282436157947e+00 -1.888203541029853e-03 -9.438006794725618e-04 -1.007708061955368e+00
8 24 -1.000282228440740e+00 -1.887936567855546e-03 -9.438735959571656e-04 -1.007709434549285e+00
8 25 -1.000282097231065e+00 -1.887871419172893e-03 -9.437829098017645e-04 -1.007710174272331e+00
8 26 -1.000282047439185e+00 -1.888012394830107e-03 -9.435244578037745e-04 -1.007710249663528e+00
8 27 -1.000282080425045e+00 -1.888355005229293e-03 -9.431033634090461e-04 -1.007709657180665e+00
8 28 -1.000282194022498e+00 -1.888885991676543e-03 -9.425345856328083e-04 -1.007708421468851e+00
8 29 -1.000282382760969e+00 -1.889583864195868e-03 -9.418424860494441e-04 -1.007706594082331e+00
8 30 -1.000282638253751e+00 -1.890419926481256e-03 -9.410594236059603e-04 -1.007704250778632e+00
8 31 -1.000282949706553e+00 -1.891359704418258e-03 -9.402235331043037e-04 -1.007701487644641e+00
9 0 -1.000283715919704e+00 -1.893008040443703e-03 -9.369021251247208e-04 -1.007696978116913e+00
9 1 -1.000284105204686e+00 -1.894048326654971e-03 -9.360804563834435e-04 -1.007693685346611e+00
9 2 -1.000284509135964e+00 -1.895071775891583e-03 -9.353268419258874e-04 -1.007690335636396e+00
9 3 -1.000284912830521e+00 -1.896038348808336e-03 -9.346744558967892e-04 -1.007687057716820e+00
9 4 -1.000285301716649e+00 -1.896911054907228e-03 -9.341493765763174e-04 -1.007683975512951e+00
9 5 -1.000285661942310e+00 -1.897657327891674e-03 -9.337695156038994e-04 -1.007681203749998e+00
9 6 -1.000285980736269e+00 -1.898250126538083e-03 -9.335443119924798e-04 -1.007678844114031e+00
9 7 -1.000286246734620e+00 -1.898668739864566e-03 -9.334751330877505e-04 -1.007676982038433e+00
9 8 -1.000286450284531e+00 -1.898899292868936e-03 -9.335562604633050e-04 -1.007675684158127e+00
9 9 -1.000286583732794e+00 -1.898934967215441e-03 -9.337762907718189e-04 -1.007674996442208e+00
9 10 -1.000286641699724e+00 -1.898775968232405e-03 -9.341197504393285e-04 -1.007674942986242e+00
9 11 -1.000286621330374e+00 -1.898429281766597e-03 -9.345687107862453e-04 -1.007675525427222e+00
9 12 -1.000286522505823e+00 -1.897908267951668e-03 -9.351042000751129e-04 -1.007676722945174e+00
9 13 -1.000286347989324e+00 -1.897232132159381e-03 -9.357072446879117e-04 -1.007678492835992e+00
9 14 -1.000286103477821e+00 -1.896425298624504e-03 -9.363594338449431e-04 -1.007680771669039e+00
9 15 -1.000285797531274e+00 -1.895516695054950e-03 -9.370429855407749e-04 -1.007683477063165e+00
9 16 -1.000285441360636e+00 -1.894538942933523e-03 -9.377403834531874e-04 -1.007686510112693e+00
9 17 -1.000285048468209e+00 -1.893527441617301e-03 -9.384337395086631e-04 -1.007689758469880e+00
9 18 -1.000284634148299e+00 -1.892519334832274e-03 -9.391040990522998e-04 -1.007693100052051e+00
9 19 -1.000284214868596e+00 -1.891552353965342e-03 -9.397309326642815e-04 -1.007696407302248e+00
9 20 -1.000283807562184e+00 -1.890663542169846e-03 -9.402920422616948e-04 -1.007699551898581e+00
9 21 -1.000283428866361e+00 -1.889887876693332e-03 -9.407640469133421e-04 -1.007702409777317e+00
9 22 -1.000283094348661e+00 -1.889256825077683e-03 -9.411235120418904e-04 -1.007704866299776e+00
9 23 -1.000282817763722e+00 -1.888796894405377e-03 -9.413486601394523e-04 -1.007706821345715e+00
9 24 -1.000282610387305e+00 -1.888528259139885e-03 -9.414214746648426e-04 -1.007708194058528e+00
9 25 -1.000282480474115e+00 -1.888463575928804e-03 -9.413299068606639e-04 -1.007708926917521e+00
9 26 -1.000282432881288e+00 -1.888607104106635e-03 -9.410698406834367e-04 -1.007708988796930e+00
9 27 -1.000282468887606e+00 -1.888954240972720e-03 -9.406464789116759e-04 -1.007708376713131e+00
9 28 -1.000282586220258e+00 -1.889491548871379e-03 -9.400748860468284e-04 -1.007707116065800e+00
9 29 -1.000282779279291e+00 -1.890197301125263e-03 -9.393795479362668e-04 -1.007705259329241e+00
9 30 -1.000283039529064e+00 -1.891042515983002e-03 -9.385929586857434e-04 -1.007702883314301e+00
9 31 -1.000283356010377e+00 -1.891992394448280e-03 -9.377533916390403e-04 -1.007700085262031e+00
10 0 -1.000284065002993e+00 -1.893713929667347e-03 -9.339739341300810e-04 -1.007695565127362e+00
10 1 -1.000284459140703e+00 -1.894764324028360e-03 -9.331504609437674e-04 -1.007692238250834e+00
10 2 -1.000284867892216e+00 -1.895798315731187e-03 -9.323945869662768e-04 -1.007688854078886e+00
10 3 -1.000285276188982e+00 -1.896775479128348e-03 -9.317395505971634e-04 -1.007685542620192e+00
10 4 -1.000285669274264e+00 -1.897658420182019e-03 -9.312115146241245e-04 -1.007682429095039e+00
10 5 -1.000286033119504e+00 -1.898414166108538e-03 -9.308284951493993e-04 -1.007679629492706e+00
10 6 -1.000286354794432e+00 -1.899015283833337e-03 -9.306000528060203e-04 -1.007677246674903e+00
10 7 -1.000286622802873e+00 -1.899440704980153e-03 -9.305276884753041e-04 -1.007675367099600e+00
10 8 -1.000286827395138e+00 -1.899676251883045e-03 -9.306058220596386e-04 -1.007674058213175e+00
10 9 -1.000286960863581e+00 -1.899714876948649e-03 -9.308231851372647e-04 -1.007673366528204e+00
10 10 -1.000287017821097e+00 -1.899556644787021e-03 -9.311644271702114e-04 -1.007673316374321e+00
10 11 -1.000286995453867e+00 -1.899208498989656e-03 -9.316117226227845e-04 -1.007673909290316e+00
10 12 -1.000286893730802e+00 -1.898683859381235e-03 -9.321461763856810e-04 -1.007675124025095e+00
10 13 -1.000286715544458e+00 -1.898002089528124e-03 -9.327488605379193e-04 -1.007676917133068e+00
10 14 -1.000286466754511e+00 -1.897187860501771e-03 -9.334013771553235e-04 -1.007679224175191e+00
10 15 -1.000286156107142e+00 -1.896270420565627e-03 -9.340859244836668e-04 -1.007681961554110e+00
10 16 -1.000285795012246e+00 -1.895282767207446e-03 -9.347849357398271e-04 -1.007685029008651e+00
10 17 -1.000285397173262e+00 -1.894260711274063e-03 -9.354804451255624e-04 -1.007688312767932e+00
10 18 -1.000284978078362e+00 -1.893241823296547e-03 -9.361533980899918e-04 -1.007691689327720e+00
10 19 -1.000284554374058e+00 -1.892264257762541e-03 -9.367831494994158e-04 -1.007695029773108e+00
10 20 -1.000284143151410e+00 -1.891365460417026e-03 -9.373473763923026e-04 -1.007698204539455e+00
10 21 -1.000283761180992e+00 -1.890580776524583e-03 -9.378225699267334e-04 -1.007701088475555e+00
10 22 -1.000283424136643e+00 -1.889941995726410e-03 -9.381851701182671e-04 -1.007703566039913e+00
10 23 -1.000283145851223e+00 -1.889475892435499e-03 -9.384132818059206e-04 -1.007705536414273e+00
10 24 -1.000282937650277e+00 -1.889202847194604e-03 -9.384887833777019e-04 -1.007706918260896e+00
10 25 -1.000282807809922e+00 -1.889135657358299e-03 -9.383995372387634e-04 -1.007707653799729e+00
10 26 -1.000282761180690e+00 -1.889278655750265e-03 -9.381413565526204e-04 -1.007707711866115e+00
10 27 -1.000282799007285e+00 -1.889627246117059e-03 -9.377193913835092e-04 -1.007707089651560e+00
10 28 -1.000282918956111e+00 -1.890167932070411e-03 -9.371486704645161e-04 -1.007705812934197e+00
10 29 -1.000283115340819e+00 -1.890878866232514e-03 -9.364536591144629e-04 -1.007703934755841e+00
10 30 -1.000283379515290e+00 -1.891730888376592e-03 -9.356668443151617e-04 -1.007701532666821e+00
10 31 -1.000283700387811e+00 -1.892688968024250e-03 -9.348265043061084e-04 -1.007698704800711e+00
11 0 -1.000284338940432e+00 -1.894454468758798e-03 -9.307064803873095e-04 -1.007694232288945e+00
11 1 -1.000284737557528e+00 -1.895513771975734e-03 -9.298830584571434e-04 -1.007690874159692e+00
11 2 -1.000285150999704e+00 -1.896557694321872e-03 -9.291261260338363e-04 -1.007687456495855e+00
11 3 -1.000285564018597e+00 -1.897545446735621e-03 -9.284689361994639e-04 -1.007684110556527e+00
11 4 -1.000285961668684e+00 -1.898439230293504e-03 -9.279377166276240e-04 -1.007680962902869e+00
11 5 -1.000286329731640e+00 -1.899205640255689e-03 -9.275505991440516e-04 -1.007678130904423e+00
11 6 -1.000286655095820e+00 -1.899816803280529e-03 -9.273173075935155e-04 -1.007675718779880e+00
11 7 -1.000286926102070e+00 -1.900251224416183e-03 -9.272395461572606e-04 -1.007673814250612e+00
11 8 -1.000287132865843e+00 -1.900494336486380e-03 -9.273119671407671e-04 -1.007672485861120e+00
11 9 -1.000287267581278e+00 -1.900538761991519e-03 -9.275235501372438e-04 -1.007671780990655e+00
11 10 -1.000287324806091e+00 -1.900384314689323e-03 -9.278591937820971e-04 -1.007671724550309e+00
11 11 -1.000287301717829e+00 -1.900037780691523e-03 -9.283013090344019e-04 -1.007672318339756e+00
11 12 -1.000287198323433e+00 -1.899512523464858e-03 -9.288312125630156e-04 -1.007673541035302e+00
11 13 -1.000287017596915e+00 -1.898827952036632e-03 -9.294301539414027e-04 -1.007675348795649e+00
11 14 -1.000286765516756e+00 -1.898008878881428e-03 -9.300798717006956e-04 -1.007677676494279e+00
11 15 -1.000286450977165e+00 -1.897084778282794e-03 -9.307626557335562e-04 -1.007680439602406e+00
11 16 -1.000286085556038e+00 -1.896088943063340e-03 -9.314609852680777e-04 -1.007683536742116e+00
11 17 -1.000285683135356e+00 -1.895057531132537e-03 -9.321568965948183e-04 -1.007686852903924e+00
11 18 -1.000285259383640e+00 -1.894028493699303e-03 -9.328312968588220e-04 -1.007690263285295e+00
11 19 -1.000284831122217e+00 -1.893040382383140e-03 -9.334634667889865e-04 -1.007693637669388e+00
11 20 -1.000284415605759e+00 -1.892131041159336e-03 -9.340309784737811e-04 -1.007696845233323e+00
11 21 -1.000284029753127e+00 -1.891336201288439e-03 -9.345101925199224e-04 -1.007699759649730e+00
11 22 -1.000283689368243e+00 -1.890688014728799e-03 -9.348773980932123e-04 -1.007702264313637e+00
11 23 -1.000283408393778e+00 -1.890213584758166e-03 -9.351105341840321e-04 -1.007704257480456e+00
11 24 -1.000283198243192e+00 -1.889933579016305e-03 -9.351913034731117e-04 -1.007705657043118e+00
11 25 -1.000283067257195e+00 -1.889861033161742e-03 -9.351073876129231e-04 -1.007706404625640e+00
11 26 -1.000283020326221e+00 -1.890000463761590e-03 -9.348544183494481e-04 -1.007706468654175e+00
11 27 -1.000283058708952e+00 -1.890347399346681e-03 -9.344373676008760e-04 -1.007705846107709e+00
11 28 -1.000283180058877e+00 -1.890888406394238e-03 -9.338710928104857e-04 -1.007704562754570e+00
11 29 -1.000283378649218e+00 -1.891601636794469e-03 -9.331798983366670e-04 -1.007702671831651e+00
11 30 -1.000283645765783e+00 -1.892457865273915e-03 -9.323961243325452e-04 -1.007700251287935e+00
11 31 -1.000283970221650e+00 -1.893421932022653e-03 -9.315579210455948e-04 -1.007697399854510e+00
12 0 -1.000284527961246e+00 -1.895200792721617e-03 -9.272290567876247e-04 -1.007693029238390e+00
12 1 -1.000284930514616e+00 -1.896267472451964e-03 -9.264075101946570e-04 -1.007689643878195e+00
12 2 -1.000285348337755e+00 -1.897320336380099e-03 -9.256507505283146e-04 -1.007686194962440e+00
12 3 -1.000285766015057e+00 -1.898318268604223e-03 -9.249919948002504e-04 -1.007682814926322e+00
12 4 -1.000286168415889e+00 -1.899223079599297e-03 -9.244575121977884e-04 -1.007679631666243e+00
12 5 -1.000286541126620e+00 -1.900000924257498e-03 -9.240655554732035e-04 -1.007676763993986e+00
12 6 -1.000286870839370e+00 -1.900623458138768e-03 -9.238260452459506e-04 -1.007674317612295e+00
12 7 -1.000287145708061e+00 -1.901068707628844e-03 -9.237409490480521e-04 -1.007672381693722e+00
12 8 -1.000287355680970e+00 -1.901321644878073e-03 -9.238052346037358e-04 -1.007671026122642e+00
12 9 -1.000287492814449e+00 -1.901374475248388e-03 -9.240082307943860e-04 -1.007670299431995e+00
12 10 -1.000287551565719e+00 -1.901226661827976e-03 -9.243351997547362e-04 -1.007670227436665e+00
12 11 -1.000287529054390e+00 -1.900884724627248e-03 -9.247689110431901e-04 -1.007670812543970e+00
12 12 -1.000287425274175e+00 -1.900361857426896e-03 -9.252910177134221e-04 -1.007672033716706e+00
12 13 -1.000287243229572e+00 -1.899677401015871e-03 -9.258830687887407e-04 -1.007673847076128e+00
12 14 -1.000286988969448e+00 -1.898856199437677e-03 -9.265270540283788e-04 -1.007676187152355e+00
12 15 -1.000286671492266e+00 -1.897927850826382e-03 -9.272054591834170e-04 -1.007678968802594e+00
12 16 -1.000286302506590e+00 -1.896925852170861e-03 -9.279009008733008e-04 -1.007682089811481e+00
12 17 -1.000285896043499e+00 -1.895886631346156e-03 -9.285954942386570e-04 -1.007685434161388e+00
12 18 -1.000285467931469e+00 -1.894848460079320e-03 -9.292701684419767e-04 -1.007688875923358e+00
12 19 -1.000285035156017e+00 -1.893850246359222e-03 -9.299041722075660e-04 -1.007692283683857e+00
12 20 -1.000284615134846e+00 -1.892930212857386e-03 -9.304749953490510e-04 -1.007695525394777e+00
12 21 -1.000284224944442e+00 -1.892124479684594e-03 -9.309588704084392e-04 -1.007698473510322e+00
12 22 -1.000283880537543e+00 -1.891465586848712e-03 -9.313319174620055e-04 -1.007701010244119e+00
12 23 -1.000283595993932e+00 -1.890981014742917e-03 -9.315718701904707e-04 -1.007703032734516e+00
12 24 -1.000283382849686e+00 -1.890691787379792e-03 -9.316601948587141e-04 -1.007704457848480e+00
12 25 -1.000283249550718e+00 -1.890611266310682e-03 -9.315843114748095e-04 -1.007705226302590e+00
12 26 -1.000283201072188e+00 -1.890744254052255e-03 -9.313395716432352e-04 -1.007705305761594e+00
12 27 -1.000283238734033e+00 -1.891086516426899e-03 -9.309306559121788e-04 -1.007704692614981e+00
12 28 -1.000283360224795e+00 -1.891624800921494e-03 -9.303721266897018e-04 -1.007703412236144e+00
12 29 -1.000283559824279e+00 -1.892337377640263e-03 -9.296879977004455e-04 -1.007701517680260e+00
12 30 -1.000283828794705e+00 -1.893195071190609e-03 -9.289103319687408e-04 -1.007699086942039e+00
12 31 -1.000284155894440e+00 -1.894162698739681e-03 -9.280770266882134e-04 -1.007696219034901e+00
13 0 -1.000284625588778e+00 -1.895924202853788e-03 -9.236796140613569e-04 -1.007691998718895e+00
13 1 -1.000285031395033e+00 -1.896996471033117e-03 -9.228616246287732e-04 -1.007688591105371e+00
13 2 -1.000285453129997e+00 -1.898056967486606e-03 -9.221062092009448e-04 -1.007685114301335e+00
13 3 -1.000285875229405e+00 -1.899064297686837e-03 -9.214465002105266e-04 -1.007681701802116e+00
13 4 -1.000286282388093e+00 -1.899979910088951e-03 -9.209087838238788e-04 -1.007678482785147e+00
13 5 -1.000286659999065e+00 -1.900769527306555e-03 -9.205114343158728e-04 -1.007675577512648e+00
13 6 -1.000286994551035e+00 -1.901404321023780e-03 -9.202645945324894e-04 -1.007673093241768e+00
13 7 -1.000287273994577e+00 -1.901861805576921e-03 -9.201705440757432e-04 -1.007671120727224e+00
13 8 -1.000287488085329e+00 -1.902126439465895e-03 -9.202246354025953e-04 -1.007669731381681e+00
13 9 -1.000287628708026e+00 -1.902189940140650e-03 -9.204166330248287e-04 -1.007668975132523e+00
13 10 -1.000287690178244e+00 -1.902051333991466e-03 -9.207322615953020e-04 -1.007668878984287e+00
13 11 -1.000287669510784e+00 -1.901716776918219e-03 -9.211547560098757e-04 -1.007669446273345e+00
13 12 -1.000287566635587e+00 -1.901199186907078e-03 -9.216662150505811e-04 -1.007670656594204e+00
13 13 -1.000287384535756e+00 -1.900517726473988e-03 -9.222485945202745e-04 -1.007672466386612e+00
13 14 -1.000287129279711e+00 -1.899697161390970e-03 -9.228842370540277e-04 -1.007674810190462e+00
13 15 -1.000286809922647e+00 -1.898767107930849e-03 -9.235559174444003e-04 -1.007677602585876e+00
13 16 -1.000286438261647e+00 -1.897761169475108e-03 -9.242464721090403e-04 -1.007680740827534e+00
13 17 -1.000286028441950e+00 -1.896715957715248e-03 -9.249381645824071e-04 -1.007684108155020e+00
13 18 -1.000285596425684e+00 -1.895669993747674e-03 -9.256120010094290e-04 -1.007687577724673e+00
13 19 -1.000285159345886e+00 -1.894662488629483e-03 -9.262472373467278e-04 -1.007691017074797e+00
13 20 -1.000284734776735e+00 -1.893732010525622e-03 -9.268213038856095e-04 -1.007694293010179e+00
13 21 -1.000284339955898e+00 -1.892915056947453e-03 -9.273103105943836e-04 -1.007697276769725e+00
13 22 -1.000283990998215e+00 -1.892244567182568e-03 -9.276901957768589e-04 -1.007699849312254e+00
13 23 -1.000283702142824e+00 -1.891748432590374e-03 -9.279384563075847e-04 -1.007701906511260e+00
13 24 -1.000283485078536e+00 -1.891448088824320e-03 -9.280362718793540e-04 -1.007703363991589e+00
13 25 -1.000283348393087e+00 -1.891357297737613e-03 -9.279707331138709e-04 -1.007704161287468e+00
13 26 -1.000283297187908e+00 -1.891481238185742e-03 -9.277368279138847e-04 -1.007704264981208e+00
13 27 -1.000283332888948e+00 -1.891816015774773e-03 -9.273388484244560e-04 -1.007703670520552e+00
13 28 -1.000283453266098e+00 -1.892348669187863e-03 -9.267909546435091e-04 -1.007702402516633e+00
13 29 -1.000283652651988e+00 -1.893057699974002e-03 -9.261167560755141e-04 -1.007700513476494e+00
13 30 -1.000283922330012e+00 -1.893914094319821e-03 -9.253479237729887e-04 -1.007698081089874e+00
13 31 -1.000284251045733e+00 -1.894882752221170e-03 -9.245219910366107e-04 -1.007695204330691e+00
14 0 -1.000284628770252e+00 -1.896597273125689e-03 -9.201988079898856e-04 -1.007691175469145e+00
14 1 -1.000285037038940e+00 -1.897673169046542e-03 -9.193858205071514e-04 -1.007687751300470e+00
14 2 -1.000285462082742e+00 -1.898739735159743e-03 -9.186327812178063e-04 -1.007684250917369e+00
14 3 -1.000285888212283e+00 -1.899755355797202e-03 -9.179726951730317e-04 -1.007680808723689e+00
14 4 -1.000286299964522e+00 -1.900681158542389e-03 -9.174318422614331e-04 -1.007677555079210e+00
14 5 -1.000286682548012e+00 -1.901482457274697e-03 -9.170287155020967e-04 -1.007674611653094e+00
14 6 -1.000287022248524e+00 -1.902129944874456e-03 -9.167736974333891e-04 -1.007672087270101e+00
14 7 -1.000287306804763e+00 -1.902600609636780e-03 -9.166694164226824e-04 -1.007670074338228e+00
14 8 -1.000287525761939e+00 -1.902878363130302e-03 -9.167116639350127e-04 -1.007668645928028e+00
14 9 -1.000287670806195e+00 -1.902954382847646e-03 -9.168907094169904e-04 -1.007667853548032e+00
14 10 -1.000287736076051e+00 -1.902827189303072e-03 -9.171928207095457e-04 -1.007667725631633e+00
14 11 -1.000287718439013e+00 -1.902502490661119e-03 -9.176017856873240e-04 -1.007668266727940e+00
14 12 -1.000287617713586e+00 -1.901992834374213e-03 -9.181002391893497e-04 -1.007669457380924e+00
14 13 -1.000287436810852e+00 -1.901317102468360e-03 -9.186706332306083e-04 -1.007671254688722e+00
14 14 -1.000287181767562e+00 -1.900499876643190e-03 -9.192957489005645e-04 -1.007673593549782e+00
14 15 -1.000286861646257e+00 -1.899570686098921e-03 -9.199587290555317e-04 -1.007676388610390e+00
14 16 -1.000286488287341e+00 -1.898563140247908e-03 -9.206426998916801e-04 -1.007679536918231e+00
14 17 -1.000286075911268e+00 -1.897513943105438e-03 -9.213301323494998e-04 -1.007682921258855e+00
14 18 -1.000285640582775e+00 -1.896461786120566e-03 -9.220021564288253e-04 -1.007686414116002e+00
14 19 -1.000285199560473e+00 -1.895446120089781e-03 -9.226380693395321e-04 -1.007689882164390e+00
14 20 -1.000284770562874e+00 -1.894505813792129e-03 -9.232152622966953e-04 -1.007693191179850e+00
14 21 -1.000284370986712e+00 -1.893677717757680e-03 -9.237097287171799e-04 -1.007696211231836e+00
14 22 -1.000284017116531e+00 -1.892995167739705e-03 -9.240972160662806e-04 -1.007698821995889e+00
14 23 -1.000283723367429e+00 -1.892486484882955e-03 -9.243549600906431e-04 -1.007700917979554e+00
14 24 -1.000283501605546e+00 -1.892173556126303e-03 -9.244638146570054e-04 -1.007702413396655e+00
14 25 -1.000283360591815e+00 -1.892070602462439e-03 -9.244104874579898e-04 -1.007703246370061e+00
14 26 -1.000283305590702e+00 -1.892183254595149e-03 -9.241895358506866e-04 -1.007703382121200e+00
14 27 -1.000283338174810e+00 -1.892508046721394e-03 -9.238047850677621e-04 -1.007702814841520e+00
14 28 -1.000283456238345e+00 -1.893032406855199e-03 -9.232699051136596e-04 -1.007701568043964e+00
14 29 -1.000283654210612e+00 -1.893735171231330e-03 -9.226080081532053e-04 -1.007699693344939e+00
14 30 -1.000283923439519e+00 -1.894587591758251e-03 -9.218502787276234e-04 -1.007697267794032e+00
14 31 -1.000284252699379e+00 -1.895554752305979e-03 -9.210337944982144e-04 -1.007694390010297e+00
15 0 -1.000284537886703e+00 -1.897194844601374e-03 -9.169239580577867e-04 -1.007690585635859e+00
15 1 -1.000284947754746e+00 -1.898272318148946e-03 -9.161171097007756e-04 -1.007687151089352e+00
15 2 -1.000285375398683e+00 -1.899343207196386e-03 -9.153672777129214e-04 -1.007683632187454e+00
15 3 -1.000285805031348e+00 -1.900365739058184e-03 -9.147073055239344e-04 -1.007680164062259e+00
15 4 -1.000286221053619e+00 -1.901300772225181e-03 -9.141634466241145e-04 -1.007676878117595e+00
15 5 -1.000286608504873e+00 -1.902113249572016e-03 -9.137543076101861e-04 -1.007673897337198e+00
15 6 -1.000286953475734e+00 -1.902773407352052e-03 -9.134905206760088e-04 -1.007671332070759e+00
15 7 -1.000287243492427e+00 -1.903257713018696e-03 -9.133750877014551e-04 -1.007669276390453e+00
15 8 -1.000287467879966e+00 -1.903549518233852e-03 -9.134042777269803e-04 -1.007667805092736e+00
15 9 -1.000287618106696e+00 -1.903639428891669e-03 -9.135689156665631e-04 -1.007666971393990e+00
15 10 -1.000287688105784e+00 -1.903525409934114e-03 -9.138558723089400e-04 -1.007666805340098e+00
15 11 -1.000287674561077e+00 -1.903212655711270e-03 -9.142495543777567e-04 -1.007667312928231e+00
15 12 -1.000287577136769e+00 -1.902713263124194e-03 -9.147332018146199e-04 -1.007668475930722e+00
15 13 -1.000287398624496e+00 -1.902045742834241e-03 -9.152898323859325e-04 -1.007670252415942e+00
15 14 -1.000287144979698e+00 -1.901234394491502e-03 -9.159027329640041e-04 -1.007672577972621e+00
15 15 -1.000286825222961e+00 -1.900308559437501e-03 -9.165554768754764e-04 -1.007675367649903e+00
15 16 -1.000286451191545e+00 -1.899301753938147e-03 -9.172315353491920e-04 -1.007678518614735e+00
15 17 -1.000286037139716e+00 -1.898250680937068e-03 -9.179136334447708e-04 -1.007681913499809e+00
15 18 -1.000285599200294e+00 -1.897194118484996e-03 -9.185830623695868e-04 -1.007685424378912e+00
15 19 -1.000285154731189e+00 -1.896171686587458e-03 -9.192191877807201e-04 -1.007688917275287e+00
15 20 -1.000284721578144e+00 -1.895222500393032e-03 -9.197993779891711e-04 -1.007692257087658e+00
15 21 -1.000284317289386e+00 -1.894383727660885e-03 -9.202995145121971e-04 -1.007695312801261e+00
15 22 -1.000283958320942e+00 -1.893689084403371e-03 -9.206951472236545e-04 -1.007697962824462e+00
15 23 -1.000283659274376e+00 -1.893167325217038e-03 -9.209632329663131e-04 -1.007700100246600e+00
15 24 -1.000283432211480e+00 -1.892840811524218e-03 -9.210842711539803e-04 -1.007701637753277e+00
15 25 -1.000283286091484e+00 -1.892724265142588e-03 -9.210445471132049e-04 -1.007702511879836e+00
15 26 -1.000283226372613e+00 -1.892823826875105e-03 -9.208381379012655e-04 -1.007702686260407e+00
15 27 -1.000283254809222e+00 -1.893136531572757e-03 -9.204683431392616e-04 -1.007702153564471e+00
15 28 -1.000283369458005e+00 -1.893650279148545e-03 -9.199482773429717e-04 -1.007700935914333e+00
15 29 -1.000283564884836e+00 -1.894344330001129e-03 -9.193004856251860e-04 -1.007699083729526e+00
15 30 -1.000283832542482e+00 -1.895190294451017e-03 -9.185555949024352e-04 -1.007696673112201e+00
15 31 -1.000284161273632e+00 -1.896153532585639e-03 -9.177501576938987e-04 -1.007693802029710e+00
16 0 -1.000284356659391e+00 -1.897694879436350e-03 -9.139832423684379e-04 -1.007690246616822e+00
16 1 -1.000284767224636e+00 -1.898771869821469e-03 -9.131833217067644e-04 -1.007686808114761e+00
16 2 -1.000285196682897e+00 -1.899845220484566e-03 -9.124372909712343e-04 -1.007683276306991e+00
16 3 -1.000285629179144e+00 -1.900873069829120e-03 -9.117778080291964e-04 -1.007679786852237e+00
16 4 -1.000286049004185e+00 -1.901816067559975e-03 -9.112310843099492e-04 -1.007676472025919e+00
16 5 -1.000286441049161e+00 -1.902638835896175e-03 -9.108158334434604e-04 -1.007673455988904e+00
16 6 -1.000286791224131e+00 -1.903311192566952e-03 -9.105429404265882e-04 -1.007670850519888e+00
16 7 -1.000287086849815e+00 -1.903809107853889e-03 -9.104157935525935e-04 -1.007668751307255e+00
16 8 -1.000287317029412e+00 -1.904115380909198e-03 -9.104311615588798e-04 -1.007667234878772e+00
16 9 -1.000287473002663e+00 -1.904220035833980e-03 -9.105804551741970e-04 -1.007666356221336e+00
16 10 -1.000287548477290e+00 -1.904120453582632e-03 -9.108511854562612e-04 -1.007666147114911e+00
16 11 -1.000287539924572e+00 -1.903821268362137e-03 -9.112284208352750e-04 -1.007666615183811e+00
16 12 -1.000287446817800e+00 -1.903334063761066e-03 -9.116960530061907e-04 -1.007667743659778e+00
16 13 -1.000287271786658e+00 -1.902676902551375e-03 -9.122377137677693e-04 -1.007669491854785e+00
16 14 -1.000287020659123e+00 -1.901873715618649e-03 -9.128372432733640e-04 -1.007671796350861e+00
16 15 -1.000286702366502e+00 -1.900953563620604e-03 -9.134786898204098e-04 -1.007674572918267e+00
16 16 -1.000286328696921e+00 -1.899949775044825e-03 -9.141459095075370e-04 -1.007677719161509e+00
16 17 -1.000285913896125e+00 -1.898898959688579e-03 -9.148219155022455e-04 -1.007681117863366e+00
16 18 -1.000285474128348e+00 -1.897839896899373e-03 -9.154881873375601e-04 -1.007684640960709e+00
16 19 -1.000285026821314e+00 -1.896812301091950e-03 -9.161241784298958e-04 -1.007688154056010e+00
16 20 -1.000284589926671e+00 -1.895855472460681e-03 -9.167072451647729e-04 -1.007691521349864e+00
16 21 -1.000284181131420e+00 -1.895006850271130e-03 -9.172131599621010e-04 -1.007694610864227e+00
16 22 -1.000283817058948e+00 -1.894300502039297e-03 -9.176172703338770e-04 -1.007697299799694e+00
16 23 -1.000283512501313e+00 -1.893765604718097e-03 -9.178962423418434e-04 -1.007699479824580e+00
16 24 -1.000283279727440e+00 -1.893425000797336e-03 -9.180302020123933e-04 -1.007701062033365e+00
16 25 -1.000283127912894e+00 -1.893293936508379e-03 -9.180049862858355e-04 -1.007701981255544e+00
16 26 -1.000283062733341e+00 -1.893379102005037e-03 -9.178141592475957e-04 -1.007702199370779e+00
16 27 -1.000283086153271e+00 -1.893678085758728e-03 -9.174604566291791e-04 -1.007701707318772e+00
16 28 -1.000283196423882e+00 -1.894179323779576e-03 -9.169563949557669e-04 -1.007700525592433e+00
16 29 -1.000283388282147e+00 -1.894862573177920e-03 -9.163239070415545e-04 -1.007698703155539e+00
16 30 -1.000283653321625e+00 -1.895699880552502e-03 -9.155930158374472e-04 -1.007696314894628e+00
16 31 -1.000283980489773e+00 -1.896656962514484e-03 -9.147997032455346e-04 -1.007693457857530e+00
17 0 -1.000284091968864e+00 -1.898079160112946e-03 -9.114904279553833e-04 -1.007690167209031e+00
17 1 -1.000284502321312e+00 -1.899153666911683e-03 -9.106978648696408e-04 -1.007686731200382e+00
17 2 -1.000284932758672e+00 -1.900227568675840e-03 -9.099559824804271e-04 -1.007683192458556e+00
17 3 -1.000285367389574e+00 -1.901258984568974e-03 -9.092972401407221e-04 -1.007679686952729e+00
17 4 -1.000285790424050e+00 -1.902208422074596e-03 -9.087477968894278e-04 -1.007676347629510e+00
17 5 -1.000286186630736e+00 -1.903040243761851e-03 -9.083264662695543e-04 -1.007673299649590e+00
17 6 -1.000286541759798e+00 -1.903723901394914e-03 -9.080443827246678e-04 -1.007670656075238e+00
17 7 -1.000286842940622e+00 -1.904234909354670e-03 -9.079053216742158e-04 -1.007668514106074e+00
17 8 -1.000287079061072e+00 -1.904555541746948e-03 -9.079065565161479e-04 -1.007666951944097e+00
17 9 -1.000287241130162e+00 -1.904675252295360e-03 -9.080400933377069e-04 -1.007666026343909e+00
17 10 -1.000287322618848e+00 -1.904590831480065e-03 -9.082940979957943e-04 -1.007665770876074e+00
17 11 -1.000287319765264e+00 -1.904306328056604e-03 -9.086543201238972e-04 -1.007666194909794e+00
17 12 -1.000287231822706e+00 -1.903832768765951e-03 -9.091053267739565e-04 -1.007667283312125e+00
17 13 -1.000287061222843e+00 -1.903187708845566e-03 -9.096313899603972e-04 -1.007668996864571e+00
17 14 -1.000286813625203e+00 -1.902394637788242e-03 -9.102169302452774e-04 -1.007671273406879e+00
17 15 -1.000286497828195e+00 -1.901482253659665e-03 -9.108464975390662e-04 -1.007674029719906e+00
17 16 -1.000286125526967e+00 -1.900483610165207e-03 -9.115043575924091e-04 -1.007677164145353e+00
17 17 -1.000285710917050e+00 -1.899435136379537e-03 -9.121738331248789e-04 -1.007680559910089e+00
17 18 -1.000285270156669e+00 -1.898375529145286e-03 -9.128366087940915e-04 -1.007684089087590e+00
17 19 -1.000284820711784e+00 -1.897344520857093e-03 -9.134722372805763e-04 -1.007687617100609e+00
17 20 -1.000284380615176e+00 -1.896381530427979e-03 -9.140580693855983e-04 -1.007691007651438e+00
17 21 -1.000283967675175e+00 -1.895524214543620e-03 -9.145697701256043e-04 -1.007694127950983e+00
17 22 -1.000283598672543e+00 -1.894806952072492e-03 -9.149824821434462e-04 -1.007696854092242e+00
17 23 -1.000283288587169e+00 -1.894259317169510e-03 -9.152725743010969e-04 -1.007699076368621e+00
17 24 -1.000283049899282e+00 -1.893904623501489e-03 -9.154197892281483e-04 -1.007700704276433e+00
17 25 -1.000282892011153e+00 -1.893758646724603e-03 -9.154095023226216e-04 -1.007701670882220e+00
17 26 -1.000282820831776e+00 -1.893828645528669e-03 -9.152347488549629e-04 -1.007701936208323e+00
17 27 -1.000282838556458e+00 -1.894112794276779e-03 -9.148976825293586e-04 -1.007701489321421e+00
17 28 -1.000282943655635e+00 -1.894600108825995e-03 -9.144102018803821e-04 -1.007700348908237e+00
17 29 -1.000283131065319e+00 -1.895270896158891e-03 -9.137936062110492e-04 -1.007698562274479e+00
17 30 -1.000283392550240e+00 -1.896097699535605e-03 -9.130772929827858e-04 -1.007696202871323e+00
17 31 -1.000283717194683e+00 -1.897046657677816e-03 -9.122966526325201e-04 -1.007693366597068e+00
18 0 -1.000283753600087e+00 -1.898333831186620e-03 -9.095403880899807e-04 -1.007690347929164e+00
18 1 -1.000284162850225e+00 -1.899403976259544e-03 -9.087552717551840e-04 -1.007686920690566e+00
18 2 -1.000284593408252e+00 -1.900476529338295e-03 -9.080176534747946e-04 -1.007683381159841e+00
18 3 -1.000285029378721e+00 -1.901509659467898e-03 -9.073597920274628e-04 -1.007679865392081e+00
18 4 -1.000285454922462e+00 -1.902463802447465e-03 -9.068077892095016e-04 -1.007676506783363e+00
18 5 -1.000285854715182e+00 -1.903303130673710e-03 -9.063805507913883e-04 -1.007673431283308e+00
18 6 -1.000286214373178e+00 -1.903996795271042e-03 -9.060894504730722e-04 -1.007670753047422e+00
18 7 -1.000286520855413e+00 -1.904519912460620e-03 -9.059386388869852e-04 -1.007668570627272e+00
18 8 -1.000286762848745e+00 -1.904854277968953e-03 -9.059258817751568e-04 -1.007666963781215e+00
18 9 -1.000286931137878e+00 -1.904988807429376e-03 -9.060437695897501e-04 -1.007665990964547e+00
18 10 -1.000287018954533e+00 -1.904919715989968e-03 -9.062811149740025e-04 -1.007665687529710e+00
18 11 -1.000287022291975e+00 -1.904650463228904e-03 -9.066243447628899e-04 -1.007666064644349e+00
18 12 -1.000286940162897e+00 -1.904191496156423e-03 -9.070587015854820e-04 -1.007667108925966e+00
18 13 -1.000286774772598e+00 -1.903559821623805e-03 -9.075691017595056e-04 -1.007668782796841e+00
18 14 -1.000286531577727e+00 -1.902778431350930e-03 -9.081405535630077e-04 -1.007671025572202e+00
18 15 -1.000286219205385e+00 -1.901875592326607e-03 -9.087581180525927e-04 -1.007673755295101e+00
18 16 -1.000285849217646e+00 -1.900884007006535e-03 -9.094064809313128e-04 -1.007676871315175e+00
18 17 -1.000285435720357e+00 -1.899839843662615e-03 -9.100692839192363e-04 -1.007680257578181e+00
18 18 -1.000284994828909e+00 -1.898781636988033e-03 -9.107284242769782e-04 -1.007683786559270e+00
18 19 -1.000284544014854e+00 -1.897749061506014e-03 -9.113635592105000e-04 -1.007687323745563e+00
18 20 -1.000284101364667e+00 -1.896781585482357e-03 -9.119520372984756e-04 -1.007690732555506e+00
18 21 -1.000283684786346e+00 -1.895917022369485e-03 -9.124694179423627e-04 -1.007693879567227e+00
18 22 -1.000283311202462e+00 -1.895190012241256e-03 -9.128906393319726e-04 -1.007696639903498e+00
18 23 -1.000282995771318e+00 -1.894630488027818e-03 -9.131917725519565e-04 -1.007698902576600e+00
18 24 -1.000282751181012e+00 -1.894262208459154e-03 -9.133521759666928e-04 -1.007700575534181e+00
18 25 -1.000282587062751e+00 -1.894101464967944e-03 -9.133567629651849e-04 -1.007701590085923e+00
18 26 -1.000282509566311e+00 -1.894156083495434e-03 -9.131980402037538e-04 -1.007701904361448e+00
18 27 -1.000282521130059e+00 -1.894424835001725e-03 -9.128775800994131e-04 -1.007701505480403e+00
18 28 -1.000282620460252e+00 -1.894897337134880e-03 -9.124066643592732e-04 -1.007700410214545e+00
18 29 -1.000282802712430e+00 -1.895554478855906e-03 -9.118059604932635e-04 -1.007698664072521e+00
18 30 -1.000283059846394e+00 -1.896369341167427e-03 -9.111042429182936e-04 -1.007696338905723e+00
18 31 -1.000283381110042e+00 -1.897308533822801e-03 -9.103363136240756e-04 -1.007693529277745e+00
19 0 -1.000283353922867e+00 -1.898449788670987e-03 -9.082055944599952e-04 -1.007690781390115e+00
19 1 -1.000283761227295e+00 -1.899513869109618e-03 -9.074277133685665e-04 -1.007687368844982e+00
19 2 -1.000284191049211e+00 -1.900583238808957e-03 -9.066942794442437e-04 -1.007683834665936e+00
19 3 -1.000284627521221e+00 -1.901616183361297e-03 -9.060373587641877e-04 -1.007680314767148e+00
19 4 -1.000285054787897e+00 -1.902573139305697e-03 -9.054829956050305e-04 -1.007676942757614e+00
19 5 -1.000285457464506e+00 -1.903418164684604e-03 -9.050501788833493e-04 -1.007673845137821e+00
19 6 -1.000285821064075e+00 -1.904120186069848e-03 -9.047505040262232e-04 -1.007671136926979e+00
19 7 -1.000286132402165e+00 -1.904653993921909e-03 -9.045884723922023e-04 -1.007668917819825e+00
19 8 -1.000286379986210e+00 -1.905000969838184e-03 -9.045623129995302e-04 -1.007667268956416e+00
19 9 -1.000286554391113e+00 -1.905149543200819e-03 -9.046651697431859e-04 -1.007666250364473e+00
19 10 -1.000286648615599e+00 -1.905095389822691e-03 -9.048864718388536e-04 -1.007665899105622e+00
19 11 -1.000286658405441e+00 -1.904841397911317e-03 -9.052132959667173e-04 -1.007666228134265e+00
19 12 -1.000286582521260e+00 -1.904397433161350e-03 -9.056315374983478e-04 -1.007667225869426e+00
19 13 -1.000286422922241e+00 -1.903779933205335e-03 -9.061267397567960e-04 -1.007668856485475e+00
19 14 -1.000286184835436e+00 -1.903011353623628e-03 -9.066844870708431e-04 -1.007671060937272e+00
19 15 -1.000285876684777e+00 -1.902119477536875e-03 -9.072903447527061e-04 -1.007673758735362e+00
19 16 -1.000285509864394e+00 -1.901136592774459e-03 -9.079294149774647e-04 -1.007676850470075e+00
19 17 -1.000285098354626e+00 -1.900098536700035e-03 -9.085856571904207e-04 -1.007680221052836e+00
19 18 -1.000284658193035e+00 -1.899043608568389e-03 -9.092411814889280e-04 -1.007683743609224e+00
19 19 -1.000284206824053e+00 -1.898011351767267e-03 -9.098757510234228e-04 -1.007687283930856e+00
19 20 -1.000283762358517e+00 -1.897041213477133e-03 -9.104667145577848e-04 -1.007690705375035e+00
19 21 -1.000283342778868e+00 -1.896171098527501e-03 -9.109895292412903e-04 -1.007693874085908e+00
19 22 -1.000282965128764e+00 -1.895435849480420e-03 -9.114189334641081e-04 -1.007696664386590e+00
19 23 -1.000282644728914e+00 -1.894865707239689e-03 -9.117307071551183e-04 -1.007698964147488e+00
19 24 -1.000282394464147e+00 -1.894484833774698e-03 -9.119038336663867e-04 -1.007700679873006e+00
19 25 -1.000282224188350e+00 -1.894310004299663e-03 -9.119227765838860e-04 -1.007701741185784e+00
19 26 -1.000282140290665e+00 -1.894349590359325e-03 -9.117795291100414e-04 -1.007702104356381e+00
19 27 -1.000282145455818e+00 -1.894602948429224e-03 -9.114751004003776e-04 -1.007701754555263e+00
19 28 -1.000282238633794e+00 -1.895060297515589e-03 -9.110201761085004e-04 -1.007700706601917e+00
19 29 -1.000282415212086e+00 -1.895703118790523e-03 -9.104348151055451e-04 -1.007699004136324e+00
19 30 -1.000282667362300e+00 -1.896505051784841e-03 -9.097471934297991e-04 -1.007696717305600e+00
19 31 -1.000282984516695e+00 -1.897433208350520e-03 -9.089915494183080e-04 -1.007693939203396e+00
20 0 -1.000282907512191e+00 -1.898422925564491e-03 -9.075336992257902e-04 -1.007691452654274e+00
20 1 -1.000283312097136e+00 -1.899479458795677e-03 -9.067625952032511e-04 -1.007688060206749e+00
20 2 -1.000283740351777e+00 -1.900543925286350e-03 -9.060331189335268e-04 -1.007684537342193e+00
20 3 -1.000284176467947e+00 -1.901574789616994e-03 -9.053771596431588e-04 -1.007681019610980e+00
20 4 -1.000284604607424e+00 -1.902532561505238e-03 -9.048207067212733e-04 -1.007677640589843e+00
20 5 -1.000285009359631e+00 -1.903381264715051e-03 -9.043828207594022e-04 -1.007674527071313e+00
20 6 -1.000285376168596e+00 -1.904089685685969e-03 -9.040752939446823e-04 -1.007671794676741e+00
20 7 -1.000285691738591e+00 -1.904632373579828e-03 -9.039029418609829e-04 -1.007669543993160e+00
20 8 -1.000285944425626e+00 -1.904990375404275e-03 -9.038644116973429e-04 -1.007667857317082e+00
20 9 -1.000286124616840e+00 -1.905151704015915e-03 -9.039533505326199e-04 -1.007666796063115e+00
20 10 -1.000286225092668e+00 -1.905111551648662e-03 -9.041597523578091e-04 -1.007666398867424e+00
20 11 -1.000286241357875e+00 -1.904872273792104e-03 -9.044712938549936e-04 -1.007666680394985e+00
20 12 -1.000286171918874e+00 -1.904443174380965e-03 -9.048744782467179e-04 -1.007667630852430e+00
20 13 -1.000286018478203e+00 -1.903840121683190e-03 -9.053554379464896e-04 -1.007669216214136e+00
20 14 -1.000285786015249e+00 -1.903085016296102e-03 -9.059003031523778e-04 -1.007671379179050e+00
20 15 -1.000285482726661e+00 -1.902205122323891e-03 -9.064951206918835e-04 -1.007674040876814e+00
20 16 -1.000285119810204e+00 -1.901232264642323e-03 -9.071253931836077e-04 -1.007677103325795e+00
20 17 -1.000284711089691e+00 -1.900201891460210e-03 -9.077753877758336e-04 -1.007680452614750e+00
20 18 -1.000284272492785e+00 -1.899152001611972e-03 -9.084274226969552e-04 -1.007683962744949e+00
20 19 -1.000283821405036e+00 -1.898121938691156e-03 -9.090613668283329e-04 -1.007687500041586e+00
20 20 -1.000283375931306e+00 -1.897151059162619e-03 -9.096545726399490e-04 -1.007690928025467e+00
20 21 -1.000282954100374e+00 -1.896277290706307e-03 -9.101824020567770e-04 -1.007694112620920e+00
20 22 -1.000282573051636e+00 -1.895535612461201e-03 -9.106194046295164e-04 -1.007696927550886e+00
20 23 -1.000282248245994e+00 -1.894956511362128e-03 -9.109410846288959e-04 -1.007699259725052e+00
20 24 -1.000281992746311e+00 -1.894564496114469e-03 -9.111260706674853e-04 -1.007701014363385e+00
20 25 -1.000281816614392e+00 -1.894376776105445e-03 -9.111584014500843e-04 -1.007702119533914e+00
20 26 -1.000281726468272e+00 -1.894402226956410e-03 -9.110295862313592e-04 -1.007702529750806e+00
20 27 -1.000281725233157e+00 -1.894640758153155e-03 -9.107401051312396e-04 -1.007702228305485e+00
20 28 -1.000281812101720e+00 -1.895083167506651e-03 -9.103000865682219e-04 -1.007701228100175e+00
20 29 -1.000281982697388e+00 -1.895711516799235e-03 -9.097290232259306e-04 -1.007699570903551e+00
20 30 -1.000282229412672e+00 -1.896500004334364e-03 -9.090545370041615e-04 -1.007697325116401e+00
20 31 -1.000282541878393e+00 -1.897416256761776e-03 -9.083103463109011e-04 -1.007694582280387e+00
21 0 -1.000282430709094e+00 -1.898254240769174e-03 -9.075462471210374e-04 -1.007692339536207e+00
21 1 -1.000282831892325e+00 -1.899302003297673e-03 -9.067812741839364e-04 -1.007688971916890e+00
21 2 -1.000283257797725e+00 -1.900360008194791e-03 -9.060554339267472e-04 -1.007685465980392e+00
21 3 -1.000283692705756e+00 -1.901386955614276e-03 -9.054004600296386e-04 -1.007681956700723e+00
21 4 -1.000284120828618e+00 -1.902343498999585e-03 -9.048422908714413e-04 -1.007678577375120e+00
21 5 -1.000284526765704e+00 -1.903193709870672e-03 -9.044000442708994e-04 -1.007675454815868e+00
21 6 -1.000284895928877e+00 -1.903906324514105e-03 -9.040856770470122e-04 -1.007672704961246e+00
21 7 -1.000285214947193e+00 -1.904455744321862e-03 -9.039042711740706e-04 -1.007670429006424e+00
21 8 -1.000285472058633e+00 -1.904822773807986e-03 -9.038548316505559e-04 -1.007668710136186e+00
21 9 -1.000285657491473e+00 -1.904995094742081e-03 -9.039314400958064e-04 -1.007667610914771e+00
21 10 -1.000285763830585e+00 -1.904967489626105e-03 -9.041245831930153e-04 -1.007667171359967e+00
21 11 -1.000285786355025e+00 -1.904741839488887e-03 -9.044224667743233e-04 -1.007667407708871e+00
21 12 -1.000285723324161e+00 -1.904326926572743e-03 -9.048121361294566e-04 -1.007668311877278e+00
21 13 -1.000285576182857e+00 -1.903738070543657e-03 -9.052802548180308e-04 -1.007669851622041e+00
21 14 -1.000285349654117e+00 -1.902996618662400e-03 -9.058134506071312e-04 -1.007671971426639e+00
21 15 -1.000285051691817e+00 -1.902129299821794e-03 -9.063982141350921e-04 -1.007674594132256e+00
21 16 -1.000284693276303e+00 -1.901167444066917e-03 -9.070204214721960e-04 -1.007677623321495e+00
21 17 -1.000284288049598e+00 -1.900146065639362e-03 -9.076646305510415e-04 -1.007680946430836e+00
21 18 -1.000283851801327e+00 -1.899102808123707e-03 -9.083133597720993e-04 -1.007684438532299e+00
21 19 -1.000283401828369e+00 -1.898076753182283e-03 -9.089465835749453e-04 -1.007687966695961e+00
21 20 -1.000282956199199e+00 -1.897107099434858e-03 -9.095416648617549e-04 -1.007691394826757e+00
21 21 -1.000282532958731e+00 -1.896231727220210e-03 -9.100738834876011e-04 -1.007694588853561e+00
21 22 -1.000282149312777e+00 -1.895485680663807e-03 -9.105176195964708e-04 -1.007697422122537e+00
21 23 -1.000281820834584e+00 -1.894899621308686e-03 -9.108481274736574e-04 -1.007699780800652e+00
21 24 -1.000281560739297e+00 -1.894498334988174e-03 -9.110437128359715e-04 -1.007701569031188e+00
21 25 -1.000281379273699e+00 -1.894299399285907e-03 -9.110880274412704e-04 -1.007702713519343e+00
21 26 -1.000281283265374e+00 -1.894312133477260e-03 -9.109721405845386e-04 -1.007703167192281e+00
21 27 -1.000281275865005e+00 -1.894536947087232e-03 -9.106960532551552e-04 -1.007702911602988e+00
21 28 -1.000281356497903e+00 -1.894965173035055e-03 -9.102693918438549e-04 -1.007701957842265e+00
21 29 -1.000281521018820e+00 -1.895579421074928e-03 -9.097111419376832e-04 -1.007700345873187e+00
21 30 -1.000281762042425e+00 -1.896354428412317e-03 -9.090484320592540e-04 -1.007698142371134e+00
21 31 -1.000282069405459e+00 -1.897258330849470e-03 -9.083145203693863e-04 -1.007695437298620e+00
22 0 -1.000281941120223e+00 -1.897949813779484e-03 -9.082384879746985e-04 -1.007693412885620e+00
22 1 -1.000282338331665e+00 -1.898987874931335e-03 -9.074788670039993e-04 -1.007690074007344e+00
22 2 -1.000282761178618e+00 -1.900038065951857e-03 -9.067562923651145e-04 -1.007686590091678e+00
22 3 -1.000283194057042e+00 -1.901059371766415e-03 -9.061023666822509e-04 -1.007683095340304e+00
22 4 -1.000283621261606e+00 -1.902012656060268e-03 -9.055429812583390e-04 -1.007679722529367e+00
22 5 -1.000284027437616e+00 -1.902862119463615e-03 -9.050972934239273e-04 -1.007676598213843e+00
22 6 -1.000284398003036e+00 -1.903576540729221e-03 -9.047773856338114e-04 -1.007673838349157e+00
22 7 -1.000284719550589e+00 -1.904130273031249e-03 -9.045885478669980e-04 -1.007671544430151e+00
22 8 -1.000284980237989e+00 -1.904503979965538e-03 -9.045300686651951e-04 -1.007669800227486e+00
22 9 -1.000285170169422e+00 -1.904685110445026e-03 -9.045963789938710e-04 -1.007668669173949e+00
22 10 -1.000285281764164e+00 -1.904668126749294e-03 -9.047783677814323e-04 -1.007668192423890e+00
22 11 -1.000285310099168e+00 -1.904454511645111e-03 -9.050646797292783e-04 -1.007668387589391e+00
22 12 -1.000285253203041e+00 -1.904052585358440e-03 -9.054428166632214e-04 -1.007669248153622e+00
22 13 -1.000285112271538e+00 -1.903477160273325e-03 -9.058998963011769e-04 -1.007670743572511e+00
22 14 -1.000284891772188e+00 -1.902749052516445e-03 -9.064229786773668e-04 -1.007672820088862e+00
22 15 -1.000284599409696e+00 -1.901894459061218e-03 -9.069989468091705e-04 -1.007675402285687e+00
22 16 -1.000284245933963e+00 -1.900944200760396e-03 -9.076140133891356e-04 -1.007678395390322e+00
22 17 -1.000283844786515e+00 -1.899932827992290e-03 -9.082530042441642e-04 -1.007681688310469e+00
22 18 -1.000283411595662e+00 -1.898897586067847e-03 -9.088986276949577e-04 -1.007685157347764e+00
22 19 -1.000282963542757e+00 -1.897877240757737e-03 -9.095309649317143e-04 -1.007688670504727e+00
22 20 -1.000282518630355e+00 -1.896910769868065e-03 -9.101274009361769e-04 -1.007692092281057e+00
22 21 -1.000282094888118e+00 -1.896035936288093e-03 -9.106631545197849e-04 -1.007695288838611e+00
22 22 -1.000281709555839e+00 -1.895287773731634e-03 -9.111124656838465e-04 -1.007698133387866e+00
22 23 -1.000281378286462e+00 -1.894697039401931e-03 -9.114503754644127e-04 -1.007700511601710e+00
22 24 -1.000281114415398e+00 -1.894288715509751e-03 -9.116549107464233e-04 -1.007702326797320e+00
22 25 -1.000280928344015e+00 -1.894080667380014e-03 -9.117093878394570e-04 -1.007703504562371e+00
22 26 -1.000280827081799e+00 -1.894082580387665e-03 -9.116044947520709e-04 -1.007703996468017e+00
22 27 -1.000280813981144e+00 -1.894295292296844e-03 -9.113398183152423e-04 -1.007703782535588e+00
22 28 -1.000280888681149e+00 -1.894710607819129e-03 -9.109245528484989e-04 -1.007702872217733e+00
22 29 -1.000281047254834e+00 -1.895311632347373e-03 -9.103772501553080e-04 -1.007701303803430e+00
22 30 -1.000281282532419e+00 -1.896073602987108e-03 -9.097246198930884e-04 -1.007699142325294e+00
22 31 -1.000281584556866e+00 -1.896965141160568e-03 -9.089995326826220e-04 -1.007696476194971e+00
23 0 -1.000281457054775e+00 -1.897520641466900e-03 -9.095802021648728e-04 -1.007694636933065e+00
23 1 -1.000281849855800e+00 -1.898548392966573e-03 -9.088250643316632e-04 -1.007691329756826e+00
23 2 -1.000282269031469e+00 -1.899589667348083e-03 -9.081053694876254e-04 -1.007687872262488e+00
23 3 -1.000282699116748e+00 -1.900603774582222e-03 -9.074526152766161e-04 -1.007684397706543e+00
23 4 -1.000283124518557e+00 -1.901551848790581e-03 -9.068926490672154e-04 -1.007681038116608e+00
23 5 -1.000283529962994e+00 -1.902398297591569e-03 -9.064446464498630e-04 -1.007677919518121e+00
23 6 -1.000283900912669e+00 -1.903112034459762e-03 -9.061207700568177e-04 -1.007675157578884e+00
23 7 -1.000284223964584e+00 -1.903667466744932e-03 -9.059264502765479e-04 -1.007672853770135e+00
23 8 -1.000284487237100e+00 -1.904045224722191e-03 -9.058611732764720e-04 -1.007671092121671e+00
23 9 -1.000284680749719e+00 -1.904232631949175e-03 -9.059196202358421e-04 -1.007669936619783e+00
23 10 -1.000284796792226e+00 -1.904223932616489e-03 -9.060929758049723e-04 -1.007669429266384e+00
23 11 -1.000284830270666e+00 -1.904020303176566e-03 -9.063702156402616e-04 -1.007669588798096e+00
23 12 -1.000284779007897e+00 -1.903629679619700e-03 -9.067391945424926e-04 -1.007670410063337e+00
23 13 -1.000284643968513e+00 -1.903066427775391e-03 -9.071873903140813e-04 -1.007671864069613e+00
23 14 -1.000284429374983e+00 -1.902350874621954e-03 -9.077022148244408e-04 -1.007673898728993e+00
23 15 -1.000284142685638e+00 -1.901508707927411e-03 -9.082708794703767e-04 -1.007676440333385e+00
23 16 -1.000283794415346e+00 -1.900570243253941e-03 -9.088798872341310e-04 -1.007679395776423e+00
23 17 -1.000283397793690e+00 -1.899569553373424e-03 -9.095143030722016e-04 -1.007682655508992e+00
23 18 -1.000282968270032e+00 -1.898543455488502e-03 -9.101570131244530e-04 -1.007686097179886e+00
23 19 -1.000282522887173e+00 -1.897530355247205e-03 -9.107882086116534e-04 -1.007689589882244e+00
23 20 -1.000282079554082e+00 -1.896568952746807e-03 -9.113853136921694e-04 -1.007692998904518e+00
23 21 -1.000281656253681e+00 -1.895696825617909e-03 -9.119235152325834e-04 -1.007696190866654e+00
23 22 -1.000281270225325e+00 -1.894948920204028e-03 -9.123769524546012e-04 -1.007699039094758e+00
23 23 -1.000280937165282e+00 -1.894356005080363e-03 -9.127205016085602e-04 -1.007701429039599e+00
23 24 -1.000280670492025e+00 -1.893943169259008e-03 -9.129319678258588e-04 -1.007703263477947e+00
23 25 -1.000280480724705e+00 -1.893728473450165e-03 -9.129943973385101e-04 -1.007704467170545e+00
23 26 -1.000280375019688e+00 -1.893721877080700e-03 -9.128981697313470e-04 -1.007704990617053e+00
23 27 -1.000280356899311e+00 -1.893924557908362e-03 -9.126425366161957e-04 -1.007704812573252e+00
23 28 -1.000280426189397e+00 -1.894328711525438e-03 -9.122363435497278e-04 -1.007703941088863e+00
23 29 -1.000280579160076e+00 -1.894917868660363e-03 -9.116977943781951e-04 -1.007702412971898e+00
23 30 -1.000280808842785e+00 -1.895667709565049e-03 -9.110532658686823e-04 -1.007700291753986e+00
23 31 -1.000281105479776e+00 -1.896547300717507e-03 -9.103353238527287e-04 -1.007697664379179e+00
24 0 -1.000280996901524e+00 -1.896982329069150e-03 -9.115174110797090e-04 -1.007695969812350e+00
24 1 -1.000281385002547e+00 -1.897999510303646e-03 -9.107658265004081e-04 -1.007692696226114e+00
24 2 -1.000281800013729e+00 -1.899031056688460e-03 -9.100486270159509e-04 -1.007689268692732e+00
24 3 -1.000282226628248e+00 -1.900036633012966e-03 -9.093972317524052e-04 -1.007685819380617e+00
24 4 -1.000282649391687e+00 -1.900977695489196e-03 -9.088374457837100e-04 -1.007682479364107e+00
24 5 -1.000283053143569e+00 -1.901818930373030e-03 -9.083884381840856e-04 -1.007679373881441e+00
24 6 -1.000283423428756e+00 -1.902529474543599e-03 -9.080624008979922e-04 -1.007676618013556e+00
24 7 -1.000283746889563e+00 -1.903083891183151e-03 -9.078648300400143e-04 -1.007674312880998e+00
24 8 -1.000284011647721e+00 -1.903462887088633e-03 -9.077953146310755e-04 -1.007672542432710e+00
24 9 -1.000284207680725e+00 -1.903653773505458e-03 -9.078486759550926e-04 -1.007671370870094e+00
24 10 -1.000284327189879e+00 -1.903650687838577e-03 -9.080162746690823e-04 -1.007670840719210e+00
24 11 -1.000284364948083e+00 -1.903454604874115e-03 -9.082872947255725e-04 -1.007670971545521e+00
24 12 -1.000284318605370e+00 -1.903073169679478e-03 -9.086498252615621e-04 -1.007671759306536e+00
24 13 -1.000284188921886e+00 -1.902520379673548e-03 -9.090915957270932e-04 -1.007673176354172e+00
24 14 -1.000283979894574e+00 -1.901816133184345e-03 -9.096002762353662e-04 -1.007675172117215e+00
24 15 -1.000283698747266e+00 -1.900985650415899e-03 -9.101633309436523e-04 -1.007677674500666e+00
24 16 -1.000283355763843e+00 -1.900058763996788e-03 -9.107674974661535e-04 -1.007680592025642e+00
24 17 -1.000282963958189e+00 -1.899069072241865e-03 -9.113980451237026e-04 -1.007683816703596e+00
24 18 -1.000282538589421e+00 -1.898052948837066e-03 -9.120380236574967e-04 -1.007687227602145e+00
24 19 -1.000282096543421e+00 -1.897048406561678e-03 -9.126677390713959e-04 -1.007690695027768e+00
24 20 -1.000281655610831e+00 -1.896093819194600e-03 -9.132646761941345e-04 -1.007694085227709e+00
24 21 -1.000281233697465e+00 -1.895226516065714e-03 -9.138040260182532e-04 -1.007697265493668e+00
24 22 -1.000280848007131e+00 -1.894481280165675e-03 -9.142598758613264e-04 -1.007700109520427e+00
24 23 -1.000280514240673e+00 -1.893888804427293e-03 -9.146069973845531e-04 -1.007702502823027e+00
24 24 -1.000280245858557e+00 -1.893474189115107e-03 -9.148230440969644e-04 -1.007704347949106e+00
24 25 -1.000280053455826e+00 -1.893255589228615e-03 -9.148908708555802e-04 -1.007705569158103e+00
24 26 -1.000279944294617e+00 -1.893243134990909e-03 -9.148006347150637e-04 -1.007706116205897e+00
24 27 -1.000279922028620e+00 -1.893438242540030e-03 -9.145513436322380e-04 -1.007705966898612e+00
24 28 -1.000279986635998e+00 -1.893833402470770e-03 -9.141515897912472e-04 -1.007705128172413e+00
24 29 -1.000280134555325e+00 -1.894412484711848e-03 -9.136193259403404e-04 -1.007703635603385e+00
24 30 -1.000280358997423e+00 -1.895151539855094e-03 -9.129806912522778e-04 -1.007701551419391e+00
24 31 -1.000280650389658e+00 -1.896020023088592e-03 -9.122680367547251e-04 -1.007698961233364e+00
25 0 -1.000280578456218e+00 -1.896354627245596e-03 -9.139748238634643e-04 -1.007697364376959e+00
25 1 -1.000280961731705e+00 -1.897361344811241e-03 -9.132258157524123e-04 -1.007694125093386e+00
25 2 -1.000281372226798e+00 -1.898382682062427e-03 -9.125107285056925e-04 -1.007690730040269e+00
25 3 -1.000281794806861e+00 -1.899378676402187e-03 -9.118609285429751e-04 -1.007687310191756e+00
25 4 -1.000282214178167e+00 -1.900311147167186e-03 -9.113021784713529e-04 -1.007683995495074e+00
25 5 -1.000282615322869e+00 -1.901145121929352e-03 -9.108536133462933e-04 -1.007680910167967e+00
25 6 -1.000282983903352e+00 -1.901850042629009e-03 -9.105274000427030e-04 -1.007678168422380e+00
25 7 -1.000283306647163e+00 -1.902400725301033e-03 -9.103290212017931e-04 -1.007675870709769e+00
25 8 -1.000283571722431e+00 -1.902778061416244e-03 -9.102580679935589e-04 -1.007674100557006e+00
25 9 -1.000283769109242e+00 -1.902969464648450e-03 -9.103093840919019e-04 -1.007672922029938e+00
25 10 -1.000283890965018e+00 -1.902969082163650e-03 -9.104743772989297e-04 -1.007672377831834e+00
25 11 -1.000283931972464e+00 -1.902777800430381e-03 -9.107423069269249e-04 -1.007672488026920e+00
25 12 -1.000283889648334e+00 -1.902403078826885e-03 -9.111013668216537e-04 -1.007673249381305e+00
25 13 -1.000283764582800e+00 -1.901858639224167e-03 -9.115394182936284e-04 -1.007674635331417e+00
25 14 -1.000283560575338e+00 -1.901164028595106e-03 -9.120442848601416e-04 -1.007676596611699e+00
25 15 -1.000283284635930e+00 -1.900344059113934e-03 -9.126035974232551e-04 -1.007679062583577e+00
25 16 -1.000282946830052e+00 -1.899428120794803e-03 -9.132042639339768e-04 -1.007681943296932e+00
25 17 -1.000282559960016e+00 -1.898449357798744e-03 -9.138317171437139e-04 -1.007685132285022e+00
25 18 -1.000282139090231e+00 -1.897443700500518e-03 -9.144691527728237e-04 -1.007688510055894e+00
25 19 -1.000281700936832e+00 -1.896448749454521e-03 -9.150969957471492e-04 -1.007691948210435e+00
25 20 -1.000281263151380e+00 -1.895502514047090e-03 -9.156928152882505e-04 -1.007695314093459e+00
25 21 -1.000280843534564e+00 -1.894642019506637e-03 -9.162318477711108e-04 -1.007698475862462e+00
25 22 -1.000280459220264e+00 -1.893901813301242e-03 -9.166881855024960e-04 -1.007701307826229e+00
25 23 -1.000280125874309e+00 -1.893312426235631e-03 -9.170365659671144e-04 -1.007703695854107e+00
25 24 -1.000279856955830e+00 -1.892898871816546e-03 -9.172545726032640e-04 -1.007705542589927e+00
25 25 -1.000279663090382e+00 -1.892679293097749e-03 -9.173249593384913e-04 -1.007706772140708e+00
25 26 -1.000279551600279e+00 -1.892663880282853e-03 -9.172377581853605e-04 -1.007707333877490e+00
25 27 -1.000279526226603e+00 -1.892854176514447e-03 -9.169918362204032e-04 -1.007707205010801e+00
25 28 -1.000279587059364e+00 -1.893242859837464e-03 -9.165956380846802e-04 -1.007706391696636e+00
25 29 -1.000279730670200e+00 -1.893814040135475e-03 -9.160669713226486e-04 -1.007704928576397e+00
25 30 -1.000279950420496e+00 -1.894544051617009e-03 -9.154318398920537e-04 -1.007702876821501e+00
25 31 -1.000280236901615e+00 -1.895402667699680e-03 -9.147224750305858e-04 -1.007700320899933e+00
26 0 -1.000280218219324e+00 -1.895660811307090e-03 -9.168588689653659e-04 -1.007698769402485e+00
26 1 -1.000280596718861e+00 -1.896657550348611e-03 -9.161114164486388e-04 -1.007695563884617e+00
26 2 -1.000281002507137e+00 -1.897668560538474e-03 -9.153980450101122e-04 -1.007692202670148e+00
26 3 -1.000281420629675e+00 -1.898654256519050e-03 -9.147500929466105e-04 -1.007688815475308e+00
26 4 -1.000281835970057e+00 -1.899576849161122e-03 -9.141932788741766e-04 -1.007685530985395e+00
26 5 -1.000282233677593e+00 -1.900401758258062e-03 -9.137466751435874e-04 -1.007682472198961e+00
26 6 -1.000282599563611e+00 -1.901098801972423e-03 -9.134223679430547e-04 -1.007679752205907e+00
26 7 -1.000282920478091e+00 -1.901643137714260e-03 -9.132257454553109e-04 -1.007677470491647e+00
26 8 -1.000283184677364e+00 -1.902015944052037e-03 -9.131562976823651e-04 -1.007675709831218e+00
26 9 -1.000283382189129e+00 -1.902204849294095e-03 -9.132087696441392e-04 -1.007674533804545e+00
26 10 -1.000283505173580e+00 -1.902204127657739e-03 -9.133744834828268e-04 -1.007673984934385e+00
26 11 -1.000283548269738e+00 -1.902014694779818e-03 -9.136426360548606e-04 -1.007674083432007e+00
26 12 -1.000283508905686e+00 -1.901643937364196e-03 -9.140013899415215e-04 -1.007674826538818e+00
26 13 -1.000283387542594e+00 -1.901105405986829e-03 -9.144386106616229e-04 -1.007676188472313e+00
26 14 -1.000283187818114e+00 -1.900418387866311e-03 -9.149421616436228e-04 -1.007678121009620e+00
26 15 -1.000282916557185e+00 -1.899607362790578e-03 -9.154997460912236e-04 -1.007680554755363e+00
26 16 -1.000282583627661e+00 -1.898701335419686e-03 -9.160983704000394e-04 -1.007683401131620e+00
26 17 -1.000282201632249e+00 -1.897733033156710e-03 -9.167235832174913e-04 -1.007686555097980e+00
26 18 -1.000281785443417e+00 -1.896737959786192e-03 -9.173587033236143e-04 -1.007689898571357e+00
26 19 -1.000281351600956e+00 -1.895753299254730e-03 -9.179842754790496e-04 -1.007693304481332e+00
26 20 -1.000280917601572e+00 -1.894816671040795e-03 -9.185779766591516e-04 -1.007696641371188e+00
26 21 -1.000280501116404e+00 -1.893964750233694e-03 -9.191151325426734e-04 -1.007699778430313e+00
26 22 -1.000280119177199e+00 -1.893231783607846e-03 -9.195699024656160e-04 -1.007702590808701e+00
26 23 -1.000279787376026e+00 -1.892648057647329e-03 -9.199170670570728e-04 -1.007704965011510e+00
26 24 -1.000279519126915e+00 -1.892238402633247e-03 -9.201342294427121e-04 -1.007706804105072e+00
26 25 -1.000279325038936e+00 -1.892020842283489e-03 -9.202041422469955e-04 -1.007708032402841e+00
26 26 -1.000279212446276e+00 -1.892005512365618e-03 -9.201168195396688e-04 -1.007708599267956e+00
26 27 -1.000279185129732e+00 -1.892193965863951e-03 -9.198710995145000e-04 -1.007708481694626e+00
26 28 -1.000279243245966e+00 -1.892578952880604e-03 -9.194753931637166e-04 -1.007707685424085e+00
26 29 -1.000279383458777e+00 -1.893144714297286e-03 -9.189474752239003e-04 -1.007706244498312e+00
26 30 -1.000279599245211e+00 -1.893867770064173e-03 -9.183133217205335e-04 -1.007704219321808e+00
26 31 -1.000279881333143e+00 -1.894718129289060e-03 -9.176051425304210e-04 -1.007701693448086e+00
27 0 -1.000279930694154e+00 -1.894926906757003e-03 -9.200611703628178e-04 -1.007700131218459e+00
27 1 -1.000280304648110e+00 -1.895914531077023e-03 -9.193142050522450e-04 -1.007696957643809e+00
27 2 -1.000280705714653e+00 -1.896915482981657e-03 -9.186021154292933e-04 -1.007693630355938e+00
27 3 -1.000281119120821e+00 -1.897890544989043e-03 -9.179562352648822e-04 -1.007690277796619e+00
27 4 -1.000281529937719e+00 -1.898802333449727e-03 -9.174022373959229e-04 -1.007687027301133e+00
27 5 -1.000281923500346e+00 -1.899616696859847e-03 -9.169591033187950e-04 -1.007684000494823e+00
27 6 -1.000282285795124e+00 -1.900303887103174e-03 -9.166387839711621e-04 -1.007681309132832e+00
27 7 -1.000282603827483e+00 -1.900839479371974e-03 -9.164464934283373e-04 -1.007679051471158e+00
27 8 -1.000282865980930e+00 -1.901205031840064e-03 -9.163815188295619e-04 -1.007677309228047e+00
27 9 -1.000283062374490e+00 -1.901388492422630e-03 -9.164383873664898e-04 -1.007676145161819e+00
27 10 -1.000283185218025e+00 -1.901384375575597e-03 -9.166082043483506e-04 -1.007675601260631e+00
27 11 -1.000283229155239e+00 -1.901193743106324e-03 -9.168799668635700e-04 -1.007675697522781e+00
27 12 -1.000283191573625e+00 -1.900824025550216e-03 -9.172416688968404e-04 -1.007676431311058e+00
27 13 -1.000283072851308e+00 -1.900288713863919e-03 -9.176810492246609e-04 -1.007677777288232e+00
27 14 -1.000282876506024e+00 -1.899606937975051e-03 -9.181858929180769e-04 -1.007679687968843e+00
27 15 -1.000282609213620e+00 -1.898802934499240e-03 -9.187438752508337e-04 -1.007682094937769e+00
27 16 -1.000282280672703e+00 -1.897905395503582e-03 -9.193420225891390e-04 -1.007684910778474e+00
27 17 -1.000281903306013e+00 -1.896946685618593e-03 -9.199659448777266e-04 -1.007688031725627e+00
27 18 -1.000281491804166e+00 -1.895961915464355e-03 -9.205990542875690e-04 -1.007691341019228e+00
27 19 -1.000281062530717e+00 -1.894987863844250e-03 -9.212220109876898e-04 -1.007694712901965e+00
27 20 -1.000280632817545e+00 -1.894061749103245e-03 -9.218126198840776e-04 -1.007698017172858e+00
27 21 -1.000280220186568e+00 -1.893219862556326e-03 -9.223463388864842e-04 -1.007701124182834e+00
27 22 -1.000279841538878e+00 -1.892496095482455e-03 -9.227974572421571e-04 -1.007703910121381e+00
27 23 -1.000279512356630e+00 -1.891920416002282e-03 -9.231408785197687e-04 -1.007706262389907e+00
27 24 -1.000279245966480e+00 -1.891517380413151e-03 -9.233543194095254e-04 -1.007708084790684e+00
27 25 -1.000279052914378e+00 -1.891304788889071e-03 -9.234206364187284e-04 -1.007709302197938e+00
27 26 -1.000278940497280e+00 -1.891292609104227e-03 -9.233299390480683e-04 -1.007709864347418e+00
27 27 -1.000278912486082e+00 -1.891482285225756e-03 -9.230811546116651e-04 -1.007709748407564e+00
27 28 -1.000278969055902e+00 -1.891866520367108e-03 -9.226827793894781e-04 -1.007708960088819e+00
27 29 -1.000279106917845e+00 -1.892429571696688e-03 -9.221526716122333e-04 -1.007707533194449e+00
27 30 -1.000279319624909e+00 -1.893148039297579e-03 -9.215168895126858e-04 -1.007705527683260e+00
27 31 -1.000279598008467e+00 -1.893992075945227e-03 -9.208077218306162e-04 -1.007703026461768e+00
28 0 -1.000279727723957e+00 -1.894180775764301e-03 -9.234623490968159e-04 -1.007701395749880e+00
28 1 -1.000280097542407e+00 -1.895160513749679e-03 -9.227147518437719e-04 -1.007698251022848e+00
28 2 -1.000280494056961e+00 -1.896152072816990e-03 -9.220034456763046e-04 -1.007694956414048e+00
28 3 -1.000280902670445e+00 -1.897116579588043e-03 -9.213597832169204e-04 -1.007691639124510e+00
28 4 -1.000281308644420e+00 -1.898017054031993e-03 -9.208093906467437e-04 -1.007688425104405e+00
28 5 -1.000281697511015e+00 -1.898819793317356e-03 -9.203711326057571e-04 -1.007685434504979e+00
28 6 -1.000282055451422e+00 -1.899495524181774e-03 -9.200567737618700e-04 -1.007682777584171e+00
28 7 -1.000282369653989e+00 -1.900020300478177e-03 -9.198712795460515e-04 -1.007680551150319e+00
28 8 -1.000282628663905e+00 -1.900376138384697e-03 -9.198136390638335e-04 -1.007678835598304e+00
28 9 -1.000282822732049e+00 -1.900551398464009e-03 -9.198780497318390e-04 -1.007677692558768e+00
28 10 -1.000282944163200e+00 -1.900540939772177e-03 -9.200552757635225e-04 -1.007677163149521e+00
28 11 -1.000282987654208e+00 -1.900346082278154e-03 -9.203339829290842e-04 -1.007677266801288e+00
28 12 -1.000282950601847e+00 -1.899974415875306e-03 -9.207018634633776e-04 -1.007678000636781e+00
28 13 -1.000282833350466e+00 -1.899439486540030e-03 -9.211464007416450e-04 -1.007679339408686e+00
28 14 -1.000282639344430e+00 -1.898760376174839e-03 -9.216551831765174e-04 -1.007681236032998e+00
28 15 -1.000282375152253e+00 -1.897961177864057e-03 -9.222157551731752e-04 -1.007683622771244e+00
28 16 -1.000282050338380e+00 -1.897070357233167e-03 -9.228150794403776e-04 -1.007686413109208e+00
28 17 -1.000281677172367e+00 -1.896119985371063e-03 -9.234387659313280e-04 -1.007689504353205e+00
28 18 -1.000281270180235e+00 -1.895144829160432e-03 -9.240702834082703e-04 -1.007692780927848e+00
28 19 -1.000280845556266e+00 -1.894181289773071e-03 -9.246903961657340e-04 -1.007696118322293e+00
28 20 -1.000280420463942e+00 -1.893266188867106e-03 -9.252770509370029e-04 -1.007699387600306e+00
28 21 -1.000280012262114e+00 -1.892435415199065e-03 -9.258058753703463e-04 -1.007702460359696e+00
28 22 -1.000279637697806e+00 -1.891722463254910e-03 -9.262513474291031e-04 -1.007705213988608e+00
28 23 -1.000279312111388e+00 -1.891156920502624e-03 -9.265885711037125e-04 -1.007707537012059e+00
28 24 -1.000279048703239e+00 -1.890762988298411e-03 -9.267954699599454e-04 -1.007709334255108e+00
28 25 -1.000278857911879e+00 -1.890558146770522e-03 -9.268551102757029e-04 -1.007710531487546e+00
28 26 -1.000278746949133e+00 -1.890552087287818e-03 -9.267578117180367e-04 -1.007711079186462e+00
28 27 -1.000278719526417e+00 -1.890746029639380e-03 -9.265027103022231e-04 -1.007710955081269e+00
28 28 -1.000278775788050e+00 -1.891132511702354e-03 -9.260985080469435e-04 -1.007710165239475e+00
28 29 -1.000278912445445e+00 -1.891695690745613e-03 -9.255632641546501e-04 -1.007708743597739e+00
28 30 -1.000279123084554e+00 -1.892412137508395e-03 -9.249232297214158e-04 -1.007706750009811e+00
28 31 -1.000279398602776e+00 -1.893252050033830e-03 -9.242108722181394e-04 -1.007704267030484e+00
29 0 -1.000279617911427e+00 -1.893451090421309e-03 -9.269360554914849e-04 -1.007702510882192e+00
29 1 -1.000279984175287e+00 -1.894424504379763e-03 -9.261866601797236e-04 -1.007699390703058e+00
29 2 -1.000280376493343e+00 -1.895407725447485e-03 -9.254755532656678e-04 -1.007696126182279e+00
29 3 -1.000280780431154e+00 -1.896362186277194e-03 -9.248341299777713e-04 -1.007692843365520e+00
29 4 -1.000281181435911e+00 -1.897251292232525e-03 -9.242879708843573e-04 -1.007689666839303e+00
29 5 -1.000281565240507e+00 -1.898041791321893e-03 -9.238558017048953e-04 -1.007686715238770e+00
29 6 -1.000281918233129e+00 -1.898704907715007e-03 -9.235491563006729e-04 -1.007684097220773e+00
29 7 -1.000282227805644e+00 -1.899217216192332e-03 -9.233726860331974e-04 -1.007681907983674e+00
29 8 -1.000282482693400e+00 -1.899561251501644e-03 -9.233249979119207e-04 -1.007680226383317e+00
29 9 -1.000282673314745e+00 -1.899725863892717e-03 -9.233998596603313e-04 -1.007679112659613e+00
29 10 -1.000282792111211e+00 -1.899706348262135e-03 -9.235875821228542e-04 -1.007678606756508e+00
29 11 -1.000282833879501e+00 -1.899504385185783e-03 -9.238763795447080e-04 -1.007678727202233e+00
29 12 -1.000282796075451e+00 -1.899127833770719e-03 -9.242535193809556e-04 -1.007679470524705e+00
29 13 -1.000282679060358e+00 -1.898590408029124e-03 -9.247061089307965e-04 -1.007680811205267e+00
29 14 -1.000282486254684e+00 -1.897911253702625e-03 -9.252214264196668e-04 -1.007682702207179e+00
29 15 -1.000282224165667e+00 -1.897114426724269e-03 -9.257867834543828e-04 -1.007685076135303e+00
29 16 -1.000281902264119e+00 -1.896228262702593e-03 -9.263889930661174e-04 -1.007687847079638e+00
29 17 -1.000281532699425e+00 -1.895284621259933e-03 -9.270135990309419e-04 -1.007690913169388e+00
29 18 -1.000281129856899e+00 -1.894317989528011e-03 -9.276440832226483e-04 -1.007694159826457e+00
29 19 -1.000280709775304e+00 -1.893364434291466e-03 -9.282612946533779e-04 -1.007697463669184e+00
29 20 -1.000280289452941e+00 -1.892460401418126e-03 -9.288433266045118e-04 -1.007700696983990e+00
29 21 -1.000279886078381e+00 -1.891641374874951e-03 -9.293660045777526e-04 -1.007703732650762e+00
29 22 -1.000279516227469e+00 -1.890940427046853e-03 -9.298040454550728e-04 -1.007706449367832e+00
29 23 -1.000279195072690e+00 -1.890386717418667e-03 -9.301328238743647e-04 -1.007708736967183e+00
29 24 -1.000278935654319e+00 -1.890004025111820e-03 -9.303305575673583e-04 -1.007710501543974e+00
29 25 -1.000278748263373e+00 -1.889809425795571e-03 -9.303806233321282e-04 -1.007711670064298e+00
29 26 -1.000278639981888e+00 -1.889812236458647e-03 -9.302736613714627e-04 -1.007712194087915e+00
29 27 -1.000278614414396e+00 -1.890013344823295e-03 -9.300091324901804e-04 -1.007712052272160e+00
29 28 -1.000278671626173e+00 -1.890405010745320e-03 -9.295960621791451e-04 -1.007711251417720e+00
29 29 -1.000278808281664e+00 -1.890971178350105e-03 -9.290528256692814e-04 -1.007709825963682e+00
29 30 -1.000279017955118e+00 -1.891688279743293e-03 -9.284059749278060e-04 -1.007707836005894e+00
29 31 -1.000279291569384e+00 -1.892526456991051e-03 -9.276882530578685e-04 -1.007705364059582e+00
30 0 -1.000279606163862e+00 -1.892766228778921e-03 -9.303531595895840e-04 -1.007703429005761e+00
30 1 -1.000279969607532e+00 -1.893735166321471e-03 -9.296007697737223e-04 -1.007700328001418e+00
30 2 -1.000280358262356e+00 -1.894711466425080e-03 -9.288891827472351e-04 -1.007697089692640e+00
30 3 -1.000280757836426e+00 -1.895656816251332e-03 -9.282498606342149e-04 -1.007693839105497e+00
30 4 -1.000281153949936e+00 -1.896534972219436e-03 -9.277083423924826e-04 -1.007690699541491e+00
30 5 -1.000281532532062e+00 -1.897313117004059e-03 -9.272831988093792e-04 -1.007687788139580e+00
30 6 -1.000281880181991e+00 -1.897962974742748e-03 -9.269856978435020e-04 -1.007685211916288e+00
30 7 -1.000282184507737e+00 -1.898461662519952e-03 -9.268201238432249e-04 -1.007683064362206e+00
30 8 -1.000282434455950e+00 -1.898792273615084e-03 -9.267846324224861e-04 -1.007681422639398e+00
30 9 -1.000282620641760e+00 -1.898944205795589e-03 -9.268724779788123e-04 -1.007680345388059e+00
30 10 -1.000282735680212e+00 -1.898913264100218e-03 -9.270734228399741e-04 -1.007679871119674e+00
30 11 -1.000282774510912e+00 -1.898701578213451e-03 -9.273751265906268e-04 -1.007680017159015e+00
30 12 -1.000282734696429e+00 -1.898317376052063e-03 -9.277643246203367e-04 -1.007680779105955e+00
30 13 -1.000282616665282e+00 -1.897774646641214e-03 -9.282276405543912e-04 -1.007682130817277e+00
30 14 -1.000282423864661e+00 -1.897092709769343e-03 -9.287519384110567e-04 -1.007684024944245e+00
30 15 -1.000282162789194e+00 -1.896295693096026e-03 -9.293242007096865e-04 -1.007686394084883e+00
30 16 -1.000281842860447e+00 -1.895411904892869e-03 -9.299310065700799e-04 -1.007689152608254e+00
30 17 -1.000281476145578e+00 -1.894473085002328e-03 -9.305577653757135e-04 -1.007692199181894e+00
30 18 -1.000281076918897e+00 -1.893513517294537e-03 -9.311879229351984e-04 -1.007695419994722e+00
30 19 -1.000280661083861e+00 -1.892568992176377e-03 -9.318023847543034e-04 -1.007698692628829e+00
30 20 -1.000280245483689e+00 -1.891675616930749e-03 -9.323793844267707e-04 -1.007701890499743e+00
30 21 -1.000279847136553e+00 -1.890868485725318e-03 -9.328949613842317e-04 -1.007704887751407e+00
30 22 -1.000279482437127e+00 -1.890180241175027e-03 -9.333241092654092e-04 -1.007707564450032e+00
30 23 -1.000279166370880e+00 -1.889639585046188e-03 -9.336425312959492e-04 -1.007709811864793e+00
30 24 -1.000278911790720e+00 -1.889269823978519e-03 -9.338288147528745e-04 -1.007711537557342e+00
30 25 -1.000278728806085e+00 -1.889087560760920e-03 -9.338667365355155e-04 -1.007712669943538e+00
30 26 -1.000278624329814e+00 -1.889101654405492e-03 -9.337473576762439e-04 -1.007713161964897e+00
30 27 -1.000278601816421e+00 -1.889312565408410e-03 -9.334705709802573e-04 -1.007712993537928e+00
30 28 -1.000278661206920e+00 -1.889712172964424e-03 -9.330458352567480e-04 -1.007712172545282e+00
30 29 -1.000278799073102e+00 -1.890284102181165e-03 -9.324919496195967e-04 -1.007710734280054e+00
30 30 -1.000279008932896e+00 -1.891004541519618e-03 -9.318358683127432e-04 -1.007708739420728e+00
30 31 -1.000279281692524e+00 -1.891843476720329e-03 -9.311107012230995e-04 -1.007706270760076e+00
31 0 -1.000279693401218e+00 -1.892153137437742e-03 -9.335860404107770e-04 -1.007704109556565e+00
31 1 -1.000280054886635e+00 -1.893119665155625e-03 -9.328294621553115e-04 -1.007701021473209e+00
31 2 -1.000280440571732e+00 -1.894090775524608e-03 -9.321166279605412e-04 -1.007697804344692e+00
31 3 -1.000280836280436e+00 -1.895028346958911e-03 -9.314790916624676e-04 -1.007694582359091e+00
31 4 -1.000281227785884e+00 -1.895896437429331e-03 -9.309423586776976e-04 -1.007691477666656e+00
31 5 -1.000281601200891e+00 -1.896662629942578e-03 -9.305248367977877e-04 -1.007688605992568e+00
31 6 -1.000281943331041e+00 -1.897299130608056e-03 -9.302375046272918e-04 -1.007686072741335e+00
31 7 -1.000282242004468e+00 -1.897783598237083e-03 -9.300842414502458e-04 -1.007683969667424e+00
31 8 -1.000282486392030e+00 -1.898099702319641e-03 -9.300626999442622e-04 -1.007682372152076e+00
31 9 -1.000282667327437e+00 -1.898237424326045e-03 -9.301655577751149e-04 -1.007681337089830e+00
31 10 -1.000282777629437e+00 -1.898193133588323e-03 -9.303819554509255e-04 -1.007680901357186e+00
31 11 -1.000282812418147e+00 -1.897969479687381e-03 -9.306989167413185e-04 -1.007681080821299e+00
31 12 -1.000282769406537e+00 -1.897575144637566e-03 -9.311025581476909e-04 -1.007681869855916e+00
31 13 -1.000282649138243e+00 -1.897024489186760e-03 -9.315789297981335e-04 -1.007683241362174e+00
31 14 -1.000282455137078e+00 -1.896337111262328e-03 -9.321143920005001e-04 -1.007685147329342e+00
31 15 -1.000282193934473e+00 -1.895537317025638e-03 -9.326955126952286e-04 -1.007687519995880e+00
31 16 -1.000281874949246e+00 -1.894653491980633e-03 -9.333085592122484e-04 -1.007690273671020e+00
31 17 -1.000281510207710e+00 -1.893717353802326e-03 -9.339387395754993e-04 -1.007693307251433e+00
31 18 -1.000281113907590e+00 -1.892763069295715e-03 -9.345694105281959e-04 -1.007696507428098e+00
31 19 -1.000280701843052e+00 -1.891826223317413e-03 -9.351814978114304e-04 -1.007699752538557e+00
31 20 -1.000280290718929e+00 -1.890942636938482e-03 -9.357533579584367e-04 -1.007702916984897e+00
31 21 -1.000279897390056e+00 -1.890147046502516e-03 -9.362612469213700e-04 -1.007705876103344e+00
31 22 -1.000279538067535e+00 -1.889471675604378e-03 -9.366804575306626e-04 -1.007708511328304e+00
31 23 -1.000279227538467e+00 -1.888944757899129e-03 -9.369870627999925e-04 -1.007710715436762e+00
31 24 -1.000278978448919e+00 -1.888589096885688e-03 -9.371600777846504e-04 -1.007712397593298e+00
31 25 -1.000278800700190e+00 -1.888420773231659e-03 -9.371837524433514e-04 -1.007713487858471e+00
31 26 -1.000278701003500e+00 -1.888448122603184e-03 -9.370496533072376e-04 -1.007713940799310e+00
31 27 -1.000278682626330e+00 -1.888671099809097e-03 -9.367581977740789e-04 -1.007713737872878e+00
31 28 -1.000278745345107e+00 -1.889081115229676e-03 -9.363193741537111e-04 -1.007712888350774e+00
31 29 -1.000278885596708e+00 -1.889661380711251e-03 -9.357525008229059e-04 -1.007711428700175e+00
31 30 -1.000279096799957e+00 -1.890387744372168e-03 -9.350850248841194e-04 -1.007709420502937e+00
31 31 -1.000279369802496e+00 -1.891229939924108e-03 -9.343505053547121e-04 -1.007706947139310e+00
