6.030557780864960e-07
1.000000000000000e-12
1.000000000000000e-17
3.539312159478070e-01
1.942509644316603e-01
-8.869667341212814e-01
-1.500017464083440e+00
1.901109735892602e-07
32
32
-3.897443431289456e-03
1
0 0 -1.000280927951781e+00 -1.892952422682092e-03 -9.329463955420970e-04 -1.007700148573073e+00
0 1 -1.000281176351645e+00 -1.893611641784912e-03 -9.324426622009066e-04 -1.007698040899994e+00
0 2 -1.000281440646223e+00 -1.894272892434033e-03 -9.319663663677915e-04 -1.007695851203186e+00
0 3 -1.000281710962805e+00 -1.894910387693514e-03 -9.315377617798014e-04 -1.007693663895273e+00
0 4 -1.000281977344035e+00 -1.895499656298234e-03 -9.311738342070338e-04 -1.007691562299211e+00
0 5 -1.000282230062343e+00 -1.896018471552308e-03 -9.308875960938349e-04 -1.007689625576963e+00
0 6 -1.000282459914491e+00 -1.896447639769606e-03 -9.306877459342501e-04 -1.007687925936289e+00
0 7 -1.000282658497076e+00 -1.896771627609334e-03 -9.305786784127856e-04 -1.007686526186923e+00
0 8 -1.000282818464238e+00 -1.896979018940825e-03 -9.305607957575472e-04 -1.007685477695061e+00
0 9 -1.000282933767600e+00 -1.897062802847345e-03 -9.306310420406157e-04 -1.007684818763195e+00
0 10 -1.000282999875614e+00 -1.897020502949743e-03 -9.307835645058108e-04 -1.007684573446709e+00
0 11 -1.000283013965442e+00 -1.896854163013017e-03 -9.310104020246045e-04 -1.007684750811557e+00
0 12 -1.000282975076547e+00 -1.896570205120895e-03 -9.313021095777242e-04 -1.007685344636422e+00
0 13 -1.000282884212536e+00 -1.896179175525406e-03 -9.316482468899576e-04 -1.007686333564246e+00
0 14 -1.000282744377006e+00 -1.895695390095437e-03 -9.320376877846248e-04 -1.007687681709839e+00
0 15 -1.000282560530562e+00 -1.895136486669143e-03 -9.324587432390070e-04 -1.007689339730973e+00
0 16 -1.000282339459967e+00 -1.894522887144473e-03 -9.328991310963833e-04 -1.007691246366230e+00
0 17 -1.000282089556351e+00 -1.893877169869504e-03 -9.333458610442728e-04 -1.007693330430721e+00
0 18 -1.000281820506417e+00 -1.893223353840493e-03 -9.337851269614080e-04 -1.007695513241346e+00
0 19 -1.000281542907504e+00 -1.892586100023371e-03 -9.342023054128572e-04 -1.007697711420540e+00
0 20 -1.000281267823377e+00 -1.891989841178136e-03 -9.345821474137229e-04 -1.007699840004082e+00
0 21 -1.000281006302619e+00 -1.891457859815386e-03 -9.349092210219714e-04 -1.007701815754259e+00
0 22 -1.000280768885339e+00 -1.891011344179818e-03 -9.351686178145685e-04 -1.007703560553667e+00
0 23 -1.000280565126128e+00 -1.890668463260368e-03 -9.353468836520673e-04 -1.007705004729395e+00
0 24 -1.000280403161427e+00 -1.890443511719587e-03 -9.354330832383598e-04 -1.007706090136706e+00
0 25 -1.000280289347674e+00 -1.890346182068931e-03 -9.354198689655682e-04 -1.007706772820724e+00
0 26 -1.000280227992662e+00 -1.890381022149216e-03 -9.353044053976344e-04 -1.007707025079654e+00
0 27 -1.000280221195975e+00 -1.890547128925637e-03 -9.350890063841265e-04 -1.007706836779526e+00
0 28 -1.000280268805412e+00 -1.890838113968074e-03 -9.347813729136739e-04 -1.007706215820413e+00
0 29 -1.000280368486015e+00 -1.891242353588524e-03 -9.343943714894149e-04 -1.007705187721095e+00
0 30 -1.000280515889034e+00 -1.891743511633969e-03 -9.339453549804545e-04 -1.007703794360507e+00
0 31 -1.000280704901292e+00 -1.892321299857931e-03 -9.334550888412927e-04 -1.007702091977009e+00
1 0 -1.000281102874244e+00 -1.892667799674305e-03 -9.346506771670877e-04 -1.007700281728358e+00
1 1 -1.000281351293201e+00 -1.893327965523203e-03 -9.341440378584179e-04 -1.007698173383269e+00
1 2 -1.000281615056675e+00 -1.893988769370189e-03 -9.336663688839310e-04 -1.007695987350899e+00
1 3 -1.000281884312622e+00 -1.894624441246348e-03 -9.332379865016316e-04 -1.007693807889366e+00
1 4 -1.000282149144833e+00 -1.895210581773191e-03 -9.328758749510190e-04 -1.007691718002550e+00
1 5 -1.000282399885778e+00 -1.895725088176906e-03 -9.325929795960313e-04 -1.007689796383472e+00
1 6 -1.000282627408783e+00 -1.896148937360865e-03 -9.323978686588276e-04 -1.007688114642086e+00
1 7 -1.000282823400509e+00 -1.896466805854046e-03 -9.322947492374169e-04 -1.007686734887002e+00
1 8 -1.000282980615127e+00 -1.896667517855942e-03 -9.322837869132867e-04 -1.007685707708428e+00
1 9 -1.000283093110356e+00 -1.896744323350271e-03 -9.323616499430563e-04 -1.007685070588583e+00
1 10 -1.000283156462676e+00 -1.896695016723121e-03 -9.325221821948228e-04 -1.007684846750256e+00
1 11 -1.000283167955015e+00 -1.896521911329115e-03 -9.327571049932464e-04 -1.007685044446341e+00
1 12 -1.000283126726277e+00 -1.896231687019295e-03 -9.330566558885802e-04 -1.007685656691964e+00
1 13 -1.000283033869362e+00 -1.895835126386805e-03 -9.334100908791824e-04 -1.007686661442798e+00
1 14 -1.000282892463638e+00 -1.895346751973384e-03 -9.338060054712705e-04 -1.007688022225786e+00
1 15 -1.000282707529177e+00 -1.894784371796578e-03 -9.342324674652518e-04 -1.007689689229387e+00
1 16 -1.000282485893887e+00 -1.894168536007144e-03 -9.346769949134501e-04 -1.007691600856399e+00
1 17 -1.000282235970349e+00 -1.893521905214276e-03 -9.351264479422960e-04 -1.007693685730616e+00
1 18 -1.000281967446225e+00 -1.892868531991921e-03 -9.355669259313988e-04 -1.007695865129373e+00
1 19 -1.000281690899115e+00 -1.892233060977792e-03 -9.359837681882191e-04 -1.007698055790656e+00
1 20 -1.000281417352931e+00 -1.891639859113788e-03 -9.363617453326180e-04 -1.007700173019355e+00
1 21 -1.000281157797787e+00 -1.891112095735186e-03 -9.366854997550712e-04 -1.007702133993074e+00
1 22 -1.000280922698965e+00 -1.890670802286672e-03 -9.369402489423877e-04 -1.007703861142913e+00
1 23 -1.000280721522635e+00 -1.890333952503783e-03 -9.371127120987519e-04 -1.007705285459612e+00
1 24 -1.000280562306419e+00 -1.890115613947289e-03 -9.371921690586854e-04 -1.007706349554343e+00
1 25 -1.000280451301223e+00 -1.890025228265349e-03 -9.371715217392803e-04 -1.007707010292452e+00
1 26 -1.000280392706718e+00 -1.890067078024103e-03 -9.370482099884374e-04 -1.007707240824424e+00
1 27 -1.000280388516083e+00 -1.890239990573373e-03 -9.368248396262284e-04 -1.007707031866095e+00
1 28 -1.000280438476538e+00 -1.890537313802284e-03 -9.365094110315780e-04 -1.007706392130176e+00
1 29 -1.000280540162201e+00 -1.890947176541242e-03 -9.361150875429697e-04 -1.007705347877308e+00
1 30 -1.000280689146577e+00 -1.891453021462983e-03 -9.356595051852295e-04 -1.007703941625836e+00
1 31 -1.000280879255099e+00 -1.892034374912204e-03 -9.351636871455588e-04 -1.007702230123113e+00
2 0 -1.000281329697261e+00 -1.892472956967414e-03 -9.360053819747789e-04 -1.007700219080992e+00
2 1 -1.000281578588547e+00 -1.893135045124798e-03 -9.354955047243474e-04 -1.007698106836344e+00
2 2 -1.000281842256857e+00 -1.893796382574876e-03 -9.350161425583819e-04 -1.007695921317313e+00
2 3 -1.000282110853785e+00 -1.894431179570772e-03 -9.345876843704849e-04 -1.007693746746783e+00
2 4 -1.000282374488249e+00 -1.895015072446418e-03 -9.342271217286466e-04 -1.007691665923929e+00
2 5 -1.000282623538463e+00 -1.895526047963245e-03 -9.339473413155836e-04 -1.007689757177878e+00
2 6 -1.000282848942347e+00 -1.895945222329083e-03 -9.337567893937163e-04 -1.007688091612089e+00
2 7 -1.000283042467519e+00 -1.896257455246364e-03 -9.336594930062150e-04 -1.007686730707231e+00
2 8 -1.000283196962474e+00 -1.896451790594800e-03 -9.336553867269064e-04 -1.007685724328554e+00
2 9 -1.000283306589145e+00 -1.896521725767512e-03 -9.337408663110485e-04 -1.007685109163824e+00
2 10 -1.000283367034178e+00 -1.896465320237632e-03 -9.339094736475288e-04 -1.007684907602114e+00
2 11 -1.000283375692313e+00 -1.896285159428430e-03 -9.341526122944762e-04 -1.007685127054788e+00
2 12 -1.000283331811509e+00 -1.895988191762055e-03 -9.344601999385083e-04 -1.007685759718178e+00
2 13 -1.000283236586751e+00 -1.895585455156193e-03 -9.348211831344889e-04 -1.007686782780420e+00
2 14 -1.000283093188624e+00 -1.895091705243894e-03 -9.352238696974246e-04 -1.007688159078616e+00
2 15 -1.000282906714088e+00 -1.894524952650922e-03 -9.356560720590111e-04 -1.007689838213380e+00
2 16 -1.000282684050622e+00 -1.893905912396727e-03 -9.361050947972495e-04 -1.007691758122993e+00
2 17 -1.000282433650706e+00 -1.893257366336370e-03 -9.365576340597245e-04 -1.007693847107502e+00
2 18 -1.000282165220576e+00 -1.892603440342550e-03 -9.369996796195992e-04 -1.007696026274363e+00
2 19 -1.000281889334288e+00 -1.891968801639079e-03 -9.374165179068455e-04 -1.007698212354030e+00
2 20 -1.000281616990232e+00 -1.891377787891560e-03 -9.377929240398048e-04 -1.007700320809293e+00
2 21 -1.000281359132073e+00 -1.890853487938669e-03 -9.381136016996693e-04 -1.007702269137825e+00
2 22 -1.000281126159582e+00 -1.890416804056018e-03 -9.383638843814352e-04 -1.007703980243067e+00
2 23 -1.000280927456875e+00 -1.890085536535198e-03 -9.385306579589654e-04 -1.007705385724238e+00
2 24 -1.000280770966120e+00 -1.889873541333758e-03 -9.386034135800920e-04 -1.007706428915212e+00
2 25 -1.000280662833104e+00 -1.889790018034948e-03 -9.385753017673652e-04 -1.007707067490856e+00
2 26 -1.000280607146886e+00 -1.889838985737105e-03 -9.384440401912251e-04 -1.007707275465854e+00
2 27 -1.000280605788835e+00 -1.890018996988074e-03 -9.382125328918043e-04 -1.007707044439702e+00
2 28 -1.000280658397405e+00 -1.890323124249797e-03 -9.378890887907291e-04 -1.007706383991794e+00
2 29 -1.000280762445081e+00 -1.890739231320795e-03 -9.374871785644880e-04 -1.007705321196297e+00
2 30 -1.000280913414821e+00 -1.891250517121372e-03 -9.370247320874042e-04 -1.007703899297531e+00
2 31 -1.000281105056167e+00 -1.891836295583691e-03 -9.365230410889131e-04 -1.007702175650795e+00
3 0 -1.000281599423951e+00 -1.892375716316365e-03 -9.369572270899767e-04 -1.007699962761579e+00
3 1 -1.000281849224013e+00 -1.893040630435732e-03 -9.364439015476119e-04 -1.007697843533629e+00
3 2 -1.000282113238399e+00 -1.893703464412477e-03 -9.359625831453131e-04 -1.007695655347804e+00
3 3 -1.000282381605256e+00 -1.894338372844716e-03 -9.355337406755604e-04 -1.007693482512033e+00
3 4 -1.000282644441668e+00 -1.894920990078171e-03 -9.351743826644453e-04 -1.007691407743218e+00
3 5 -1.000282892155382e+00 -1.895429354219340e-03 -9.348973493417096e-04 -1.007689509126478e+00
3 6 -1.000283115734231e+00 -1.895844683895736e-03 -9.347109789359683e-04 -1.007687857370360e+00
3 7 -1.000283307014446e+00 -1.896151988234202e-03 -9.346191328658549e-04 -1.007686513425292e+00
3 8 -1.000283458929480e+00 -1.896340501650522e-03 -9.346215291755128e-04 -1.007685526510961e+00
3 9 -1.000283565739545e+00 -1.896403945584053e-03 -9.347143058170060e-04 -1.007684932578249e+00
3 10 -1.000283623239207e+00 -1.896340628182155e-03 -9.348907173419397e-04 -1.007684753215090e+00
3 11 -1.000283628936596e+00 -1.896153398613940e-03 -9.351418627846300e-04 -1.007684994996332e+00
3 12 -1.000283582194103e+00 -1.895849474357710e-03 -9.354573500946166e-04 -1.007685649276014e+00
3 13 -1.000283484317753e+00 -1.895440157922586e-03 -9.358258225079119e-04 -1.007686692423874e+00
3 14 -1.000283338581435e+00 -1.894940455371487e-03 -9.362353025286746e-04 -1.007688086511927e+00
3 15 -1.000283150173503e+00 -1.894368604241087e-03 -9.366733464083744e-04 -1.007689780457554e+00
3 16 -1.000282926057091e+00 -1.893745514394185e-03 -9.371270412087957e-04 -1.007691711624175e+00
3 17 -1.000282674741388e+00 -1.893094123172103e-03 -9.375829113456895e-04 -1.007693807868334e+00
3 18 -1.000282405968103e+00 -1.892438666761578e-03 -9.380268255301503e-04 -1.007695990003701e+00
3 19 -1.000282130324214e+00 -1.891803873216796e-03 -9.384440031891538e-04 -1.007698174629837e+00
3 20 -1.000281858798076e+00 -1.891214088827476e-03 -9.388192086829044e-04 -1.007700277249125e+00
3 21 -1.000281602300822e+00 -1.890692357982748e-03 -9.391371916668534e-04 -1.007702215570562e+00
3 22 -1.000281371178544e+00 -1.890259486706322e-03 -9.393833865384744e-04 -1.007703912874595e+00
3 23 -1.000281174742828e+00 -1.889933130677364e-03 -9.395448310351104e-04 -1.007705301289571e+00
3 24 -1.000281020847529e+00 -1.889726958227527e-03 -9.396112137809296e-04 -1.007706324810312e+00
3 25 -1.000280915537943e+00 -1.889649945234067e-03 -9.395759222183864e-04 -1.007706941878629e+00
3 26 -1.000280862794338e+00 -1.889705859389255e-03 -9.394369431108613e-04 -1.007707127351646e+00
3 27 -1.000280864385126e+00 -1.889892983914960e-03 -9.391974726856563e-04 -1.007706873712232e+00
3 28 -1.000280919835948e+00 -1.890204114930404e-03 -9.388661241279681e-04 -1.007706191426781e+00
3 29 -1.000281026510999e+00 -1.890626844231730e-03 -9.384566723799801e-04 -1.007705108422410e+00
3 30 -1.000281179793588e+00 -1.891144114063349e-03 -9.379873396937670e-04 -1.007703668727040e+00
3 31 -1.000281373345876e+00 -1.891735007039294e-03 -9.374796871808090e-04 -1.007701930379313e+00
4 0 -1.000281901347935e+00 -1.892380010076773e-03 -9.374678672682236e-04 -1.007699523295024e+00
4 1 -1.000282152457405e+00 -1.893048541769668e-03 -9.369510259351806e-04 -1.007697394278942e+00
4 2 -1.000282417245322e+00 -1.893713775388819e-03 -9.364675677306012e-04 -1.007695200355826e+00
4 3 -1.000282685819898e+00 -1.894349776141337e-03 -9.360380460945347e-04 -1.007693026035374e+00
4 4 -1.000282948289080e+00 -1.894932138702897e-03 -9.356794964495769e-04 -1.007690954077614e+00
4 5 -1.000283195072735e+00 -1.895438912434250e-03 -9.354047269278172e-04 -1.007689062452605e+00
4 6 -1.000283417191952e+00 -1.895851377700750e-03 -9.352219854735917e-04 -1.007687421600576e+00
4 7 -1.000283606536551e+00 -1.896154653526514e-03 -9.351349886343632e-04 -1.007686092060170e+00
4 8 -1.000283756112248e+00 -1.896338128080721e-03 -9.351432616997612e-04 -1.007685122510712e+00
4 9 -1.000283860267674e+00 -1.896395714456506e-03 -9.352427109742981e-04 -1.007684548253322e+00
4 10 -1.000283914898736e+00 -1.896325943257068e-03 -9.354263303840053e-04 -1.007684390139126e+00
4 11 -1.000283917624065e+00 -1.896131908935666e-03 -9.356849394859957e-04 -1.007684653944100e+00
4 12 -1.000283867921515e+00 -1.895821088221007e-03 -9.360078584907443e-04 -1.007685330189044e+00
4 13 -1.000283767212965e+00 -1.895405047160711e-03 -9.363834459662247e-04 -1.007686394406255e+00
4 14 -1.000283618883746e+00 -1.894899049558503e-03 -9.367994542506276e-04 -1.007687807857678e+00
4 15 -1.000283428224475e+00 -1.894321574984764e-03 -9.372431941716529e-04 -1.007689518709542e+00
4 16 -1.000283202286952e+00 -1.893693750353211e-03 -9.377015403841948e-04 -1.007691463663105e+00
4 17 -1.000282949651692e+00 -1.893038696695803e-03 -9.381608445300979e-04 -1.007693570029015e+00
4 18 -1.000282680111525e+00 -1.892380793276173e-03 -9.386068478193805e-04 -1.007695758214420e+00
4 19 -1.000282404282395e+00 -1.891744864772406e-03 -9.390246921241905e-04 -1.007697944569605e+00
4 20 -1.000282133158444e+00 -1.891155303528272e-03 -9.393991171468664e-04 -1.007700044516847e+00
4 21 -1.000281877633332e+00 -1.890635147272087e-03 -9.397149013903506e-04 -1.007701975859459e+00
4 22 -1.000281648013368e+00 -1.890205142632833e-03 -9.399575601157521e-04 -1.007703662144447e+00
4 23 -1.000281453550016e+00 -1.889882835290428e-03 -9.401142611364961e-04 -1.007705035928950e+00
4 24 -1.000281302019411e+00 -1.889681737128500e-03 -9.401748686258255e-04 -1.007706041781532e+00
4 25 -1.000281199374763e+00 -1.889610627130761e-03 -9.401329859252080e-04 -1.007706638839290e+00
4 26 -1.000281149493453e+00 -1.889673043371983e-03 -9.399868488412686e-04 -1.007706802747601e+00
4 27 -1.000281154034160e+00 -1.889867016017022e-03 -9.397399264480144e-04 -1.007706526837464e+00
4 28 -1.000281212410212e+00 -1.890185075124563e-03 -9.394011179168363e-04 -1.007705822447031e+00
4 29 -1.000281321875231e+00 -1.890614544296158e-03 -9.389844863328519e-04 -1.007704718362021e+00
4 30 -1.000281477707694e+00 -1.891138106029816e-03 -9.385085333668024e-04 -1.007703259421236e+00
4 31 -1.000281673474238e+00 -1.891734601547808e-03 -9.379950798867817e-04 -1.007701504395704e+00
5 0 -1.000282223515830e+00 -1.892485698658189e-03 -9.375156409156172e-04 -1.007698919098053e+00
5 1 -1.000282476282088e+00 -1.893158492300458e-03 -9.369953728553893e-04 -1.007696777890603e+00
5 2 -1.000282742238780e+00 -1.893826929092065e-03 -9.365096901737583e-04 -1.007694575402830e+00
5 3 -1.000283011448853e+00 -1.894464954666790e-03 -9.360792326878891e-04 -1.007692396454611e+00
5 4 -1.000283273994179e+00 -1.895048088178617e-03 -9.357210711586998e-04 -1.007690323971882e+00
5 5 -1.000283520288966e+00 -1.895554350146367e-03 -9.354479962602674e-04 -1.007688435941823e+00
5 6 -1.000283741369727e+00 -1.895965039808249e-03 -9.352681865197582e-04 -1.007686802672710e+00
5 7 -1.000283929162761e+00 -1.896265342119629e-03 -9.351852407628888e-04 -1.007685484426240e+00
5 8 -1.000284076730406e+00 -1.896444755963218e-03 -9.351985240267940e-04 -1.007684529468317e+00
5 9 -1.000284178496273e+00 -1.896497346226595e-03 -9.353037466835057e-04 -1.007683972562895e+00
5 10 -1.000284230447081e+00 -1.896421831372021e-03 -9.354936785356527e-04 -1.007683833916851e+00
5 11 -1.000284230304882e+00 -1.896221523365317e-03 -9.357588953037384e-04 -1.007684118575647e+00
5 12 -1.000284177659636e+00 -1.895904138217722e-03 -9.360884634024931e-04 -1.007684816268550e+00
5 13 -1.000284074049378e+00 -1.895481493898342e-03 -9.364704880456921e-04 -1.007685901704678e+00
5 14 -1.000283922974589e+00 -1.894969108944384e-03 -9.368924784284798e-04 -1.007687335323298e+00
5 15 -1.000283729834931e+00 -1.894385710521189e-03 -9.373415208003605e-04 -1.007689064501524e+00
5 16 -1.000283501780433e+00 -1.893752656268526e-03 -9.378042910489316e-04 -1.007691025217488e+00
5 17 -1.000283247474858e+00 -1.893093271794631e-03 -9.382669746762726e-04 -1.007693144155180e+00
5 18 -1.000282976775854e+00 -1.892432106346462e-03 -9.387151856809696e-04 -1.007695341218693e+00
5 19 -1.000282700343155e+00 -1.891794112940448e-03 -9.391339825041084e-04 -1.007697532400947e+00
5 20 -1.000282429192096e+00 -1.891203765377856e-03 -9.395080678900354e-04 -1.007699632928250e+00
5 21 -1.000282174214474e+00 -1.890684132653805e-03 -9.398222307097590e-04 -1.007701560578120e+00
5 22 -1.000281945692258e+00 -1.890255941061010e-03 -9.400620437647727e-04 -1.007703239043613e+00
5 23 -1.000281752831523e+00 -1.889936664934168e-03 -9.402147786046575e-04 -1.007704601194087e+00
5 24 -1.000281603344135e+00 -1.889739696622688e-03 -9.402704467720890e-04 -1.007705592063203e+00
5 25 -1.000281503102948e+00 -1.889673652459016e-03 -9.402228376872239e-04 -1.007706171385547e+00
5 26 -1.000281455892253e+00 -1.889741871730315e-03 -9.400704048366733e-04 -1.007706315509997e+00
5 27 -1.000281463268604e+00 -1.889942158019922e-03 -9.398168582352665e-04 -1.007706018546579e+00
5 28 -1.000281524538083e+00 -1.890266796238935e-03 -9.394713523957245e-04 -1.007705292655128e+00
5 29 -1.000281636845812e+00 -1.890702856046536e-03 -9.390482106922744e-04 -1.007704167452026e+00
5 30 -1.000281795364256e+00 -1.891232767171244e-03 -9.385661896703201e-04 -1.007702688582880e+00
5 31 -1.000281993560088e+00 -1.891835128958287e-03 -9.380473487114755e-04 -1.007700915571238e+00
6 0 -1.000282553238904e+00 -1.892688569822495e-03 -9.370967164171231e-04 -1.007698175544351e+00
6 1 -1.000282807941079e+00 -1.893366094000385e-03 -9.365732726176423e-04 -1.007696020247927e+00
6 2 -1.000283075412563e+00 -1.894038402756214e-03 -9.360853936446774e-04 -1.007693806732924e+00
6 3 -1.000283345657573e+00 -1.894679297129008e-03 -9.356538029014104e-04 -1.007691620224189e+00
6 4 -1.000283608716154e+00 -1.895264188395600e-03 -9.352956120472695e-04 -1.007689543928348e+00
6 5 -1.000283854979475e+00 -1.895771029581358e-03 -9.350236088644827e-04 -1.007687655980163e+00
6 6 -1.000284075481138e+00 -1.896181095199612e-03 -9.348459264303917e-04 -1.007686026697120e+00
6 7 -1.000284262165334e+00 -1.896479589518159e-03 -9.347660783116438e-04 -1.007684716209602e+00
6 8 -1.000284408133071e+00 -1.896656074904678e-03 -9.347833080414380e-04 -1.007683772512894e+00
6 9 -1.000284507866592e+00 -1.896704722630594e-03 -9.348931726622334e-04 -1.007683229966549e+00
6 10 -1.000284557429496e+00 -1.896624397439576e-03 -9.350882626048601e-04 -1.007683108250042e+00
6 11 -1.000284554636281e+00 -1.896418592621099e-03 -9.353589554831270e-04 -1.007683411774849e+00
6 12 -1.000284499181259e+00 -1.896095233973454e-03 -9.356941090494593e-04 -1.007684129551713e+00
6 13 -1.000284392714252e+00 -1.895666369726103e-03 -9.360816173078280e-04 -1.007685235513751e+00
6 14 -1.000284238849981e+00 -1.895147760127951e-03 -9.365087829783395e-04 -1.007686689297707e+00
6 15 -1.000284043099714e+00 -1.894558375814374e-03 -9.369624974172608e-04 -1.007688437484865e+00
6 16 -1.000283812717511e+00 -1.893919809641565e-03 -9.374292601201961e-04 -1.007690415298027e+00
6 17 -1.000283556459046e+00 -1.893255604302333e-03 -9.378951055023617e-04 -1.007692548739139e+00
6 18 -1.000283284257806e+00 -1.892590498855165e-03 -9.383455275372294e-04 -1.007694757133431e+00
6 19 -1.000283006830243e+00 -1.891949601034510e-03 -9.387654997067322e-04 -1.007696956023246e+00
6 20 -1.000282735227361e+00 -1.891357498071259e-03 -9.391396774289079e-04 -1.007699060331513e+00
6 21 -1.000282480354725e+00 -1.890837326557689e-03 -9.394528418614620e-04 -1.007700987691875e+00
6 22 -1.000282252486210e+00 -1.890409831726823e-03 -9.396905992391927e-04 -1.007702661818703e+00
6 23 -1.000282060798751e+00 -1.890092457431096e-03 -9.398402958124016e-04 -1.007704015766360e+00
6 24 -1.000281912955638e+00 -1.889898517768444e-03 -9.398920567871378e-04 -1.007704994907799e+00
6 25 -1.000281814764117e+00 -1.889836507037514e-03 -9.398398196307924e-04 -1.007705559454191e+00
6 26 -1.000281769928827e+00 -1.889909604436156e-03 -9.396822145200572e-04 -1.007705686345568e+00
6 27 -1.000281779915851e+00 -1.890115422243646e-03 -9.394231506162022e-04 -1.007705370371538e+00
6 28 -1.000281843933239e+00 -1.890446030564894e-03 -9.390719969967777e-04 -1.007704624431720e+00
6 29 -1.000281959023851e+00 -1.890888269306413e-03 -9.386432984415074e-04 -1.007703478912770e+00
6 30 -1.000282120257117e+00 -1.891424332600892e-03 -9.381560299335617e-04 -1.007701980230871e+00
6 31 -1.000282320999389e+00 -1.892032587350497e-03 -9.376324566395316e-04 -1.007700188651717e+00
7 0 -1.000282877626460e+00 -1.892980521187278e-03 -9.362255466241058e-04 -1.007697323666834e+00
7 1 -1.000283134463574e+00 -1.893663048415132e-03 -9.356993354019919e-04 -1.007695152969214e+00
7 2 -1.000283403731973e+00 -1.894339734927155e-03 -9.352094063608756e-04 -1.007692926431837e+00
7 3 -1.000283675366297e+00 -1.894984218495585e-03 -9.347765585316738e-04 -1.007690729761380e+00
7 4 -1.000283939350899e+00 -1.895571774786760e-03 -9.344179474503814e-04 -1.007688646547581e+00
7 5 -1.000284186037555e+00 -1.896080253389215e-03 -9.341463727772984e-04 -1.007686755196934e+00
7 6 -1.000284406438718e+00 -1.896490861516463e-03 -9.339699480706419e-04 -1.007685126176503e+00
7 7 -1.000284592497190e+00 -1.896788775699257e-03 -9.338921367775023e-04 -1.007683819635163e+00
7 8 -1.000284737333289e+00 -1.896963572591505e-03 -9.339121031559182e-04 -1.007682883449627e+00
7 9 -1.000284835469413e+00 -1.897009480674133e-03 -9.340252987326735e-04 -1.007682351722520e+00
7 10 -1.000284883029225e+00 -1.896925463795837e-03 -9.342241866631972e-04 -1.007682243742789e+00
7 11 -1.000284877905072e+00 -1.896715153257101e-03 -9.344990007966585e-04 -1.007682563409110e+00
7 12 -1.000284819883684e+00 -1.896386646954092e-03 -9.348384438725587e-04 -1.007683299114893e+00
7 13 -1.000284710717840e+00 -1.895952192800835e-03 -9.352302487217024e-04 -1.007684424094987e+00
7 14 -1.000284554131146e+00 -1.895427770316088e-03 -9.356615561117694e-04 -1.007685897235472e+00
7 15 -1.000284355744716e+00 -1.894832579796576e-03 -9.361191006249334e-04 -1.007687664346730e+00
7 16 -1.000284122918349e+00 -1.894188444260738e-03 -9.365892363127326e-04 -1.007689659894449e+00
7 17 -1.000283864504532e+00 -1.893519127118805e-03 -9.370578690116756e-04 -1.007691809170975e+00
7 18 -1.000283590520459e+00 -1.892849569336702e-03 -9.375103853941851e-04 -1.007694030870672e+00
7 19 -1.000283311749936e+00 -1.892205053404563e-03 -9.379316764558411e-04 -1.007696240010701e+00
7 20 -1.000283039292690e+00 -1.891610307051450e-03 -9.383063432175993e-04 -1.007698351116175e+00
7 21 -1.000282784082994e+00 -1.891088567419699e-03 -9.386191436271120e-04 -1.007700281566167e+00
7 22 -1.000282556402859e+00 -1.890660636419419e-03 -9.388556940162426e-04 -1.007701954973002e+00
7 23 -1.000282365417121e+00 -1.890343968961437e-03 -9.390033842262762e-04 -1.007703304443327e+00
7 24 -1.000282218757933e+00 -1.890151845126906e-03 -9.390524147340892e-04 -1.007704275550890e+00
7 25 -1.000282122184283e+00 -1.890092682600892e-03 -9.389968269933858e-04 -1.007704828843800e+00
7 26 -1.000282079337719e+00 -1.890169545274346e-03 -9.388353804215206e-04 -1.007704941718099e+00
7 27 -1.000282091608871e+00 -1.890379896507276e-03 -9.385721343307263e-04 -1.007704609517949e+00
7 28 -1.000282158120599e+00 -1.890715630128228e-03 -9.382166228197380e-04 -1.007703845772728e+00
7 29 -1.000282275823714e+00 -1.891163389668245e-03 -9.377835629212836e-04 -1.007702681548577e+00
7 30 -1.000282439691804e+00 -1.891705160500948e-03 -9.372921011486906e-04 -1.007701163964801e+00
7 31 -1.000282642994701e+00 -1.892319095965163e-03 -9.367646664435116e-04 -1.007699353988815e+00
8 0 -1.000283184113707e+00 -1.893349916523561e-03 -9.349345657658744e-04 -1.007696398594570e+00
8 1 -1.000283443196662e+00 -1.894037512731454e-03 -9.344061361689685e-04 -1.007694211819447e+00
8 2 -1.000283714468902e+00 -1.894718900113585e-03 -9.339144159335384e-04 -1.007691970809714e+00
8 3 -1.000283987787671e+00 -1.895367541266183e-03 -9.334802677212826e-04 -1.007689761810517e+00
8 4 -1.000284253070145e+00 -1.895958553930448e-03 -9.331208921028579e-04 -1.007687668881372e+00
8 5 -1.000284500613942e+00 -1.896469652546822e-03 -9.328491146611270e-04 -1.007685770813238e+00
8 6 -1.000284721393030e+00 -1.896881937561694e-03 -9.326730549266557e-04 -1.007684138355922e+00
8 7 -1.000284907329764e+00 -1.897180512420910e-03 -9.325961616690374e-04 -1.007682831824151e+00
8 8 -1.000285051543889e+00 -1.897354918753159e-03 -9.326175642075061e-04 -1.007681899131289e+00
8 9 -1.000285148578056e+00 -1.897399390995949e-03 -9.327326605637903e-04 -1.007681374279715e+00
8 10 -1.000285194596809e+00 -1.897312941088203e-03 -9.329338440735671e-04 -1.007681276319624e+00
8 11 -1.000285187552592e+00 -1.897099289759207e-03 -9.332112645301276e-04 -1.007681608777855e+00
8 12 -1.000285127308967e+00 -1.896766662818176e-03 -9.335535284765490e-04 -1.007682359555497e+00
8 13 -1.000285015708876e+00 -1.896327469652298e-03 -9.339482633090597e-04 -1.007683501293951e+00
8 14 -1.000284856575252e+00 -1.895797877995686e-03 -9.343824991477283e-04 -1.007684992209974e+00
8 15 -1.000284655632950e+00 -1.895197294792298e-03 -9.348428592465126e-04 -1.007686777398702e+00
8 16 -1.000284420344911e+00 -1.894547758914591e-03 -9.353155898193370e-04 -1.007688790597383e+00
8 17 -1.000284159661401e+00 -1.893873249310212e-03 -9.357864959642962e-04 -1.007690956389843e+00
8 18 -1.000283883687873e+00 -1.893198912847956e-03 -9.362408742762846e-04 -1.007693192813128e+00
8 19 -1.000283603283469e+00 -1.892550219538512e-03 -9.366635402626195e-04 -1.007695414306365e+00
8 20 -1.000283329607633e+00 -1.891952058436135e-03 -9.370390379761756e-04 -1.007697534919858e+00
8 21 -1.000283073636844e+00 -1.891427795409825e-03 -9.373520899562901e-04 -1.007699471679634e+00
8 22 -1.000282845676838e+00 -1.890998323952385e-03 -9.375883002700635e-04 -1.007701147978502e+00
8 23 -1.000282654897691e+00 -1.890681150858871e-03 -9.377350700106715e-04 -1.007702496841674e+00
8 24 -1.000282508919069e+00 -1.890489567587120e-03 -9.377826342017967e-04 -1.007703463897807e+00
8 25 -1.000282413470891e+00 -1.890431963306909e-03 -9.377250914605190e-04 -1.007704009879781e+00
8 26 -1.000282372150458e+00 -1.890511335464938e-03 -9.375612792537019e-04 -1.007704112487690e+00
8 27 -1.000282386290681e+00 -1.890725046441560e-03 -9.372953524089154e-04 -1.007703767474476e+00
8 28 -1.000282454945300e+00 -1.891064859244109e-03 -9.369369530898722e-04 -1.007702988864927e+00
8 29 -1.000282574986952e+00 -1.891517262253830e-03 -9.365009135559184e-04 -1.007701808287097e+00
8 30 -1.000282741304461e+00 -1.892064067182853e-03 -9.360064977584292e-04 -1.007700273468151e+00
8 31 -1.000282947078805e+00 -1.892683241129756e-03 -9.354762497908024e-04 -1.007698446008966e+00
9 0 -1.000283460959275e+00 -1.893782096171825e-03 -9.332731003130050e-04 -1.007695437838915e+00
9 1 -1.000283722307258e+00 -1.894474620586960e-03 -9.327431137713004e-04 -1.007693234964595e+00
9 2 -1.000283995707690e+00 -1.895160838735508e-03 -9.322499590854259e-04 -1.007690978627656e+00
9 3 -1.000284270935747e+00 -1.895814032979240e-03 -9.318145479142388e-04 -1.007688755647017e+00
9 4 -1.000284537832639e+00 -1.896409147148635e-03 -9.314541247197410e-04 -1.007686650619638e+00
9 5 -1.000284786629335e+00 -1.896923734657013e-03 -9.311815524481445e-04 -1.007684742817074e+00
9 6 -1.000285008245749e+00 -1.897338754606585e-03 -9.310049799240234e-04 -1.007683103391967e+00
9 7 -1.000285194565818e+00 -1.897639195365328e-03 -9.309278761687138e-04 -1.007681792964094e+00
9 8 -1.000285338689023e+00 -1.897814515779668e-03 -9.309493812418370e-04 -1.007680859636214e+00
9 9 -1.000285435157586e+00 -1.897858904859068e-03 -9.310648938144141e-04 -1.007680337470371e+00
9 10 -1.000285480156083e+00 -1.897771369960478e-03 -9.312667967875097e-04 -1.007680245438508e+00
9 11 -1.000285471676942e+00 -1.897555669459556e-03 -9.315452175035368e-04 -1.007680586850575e+00
9 12 -1.000285409642014e+00 -1.897220108087550e-03 -9.318887279811478e-04 -1.007681349259199e+00
9 13 -1.000285295968143e+00 -1.896777212215315e-03 -9.322849101749556e-04 -1.007682504840120e+00
9 14 -1.000285134564128e+00 -1.896243299358500e-03 -9.327207397727454e-04 -1.007684011248222e+00
9 15 -1.000284931248286e+00 -1.895637952052252e-03 -9.331827786101948e-04 -1.007685812947075e+00
9 16 -1.000284693579991e+00 -1.894983402349177e-03 -9.336572064334413e-04 -1.007687843002800e+00
9 17 -1.000284430604444e+00 -1.894303831079610e-03 -9.341297592347697e-04 -1.007690025319819e+00
9 18 -1.000284152516473e+00 -1.893624586628278e-03 -9.345856652389733e-04 -1.007692277277987e+00
9 19 -1.000283870255438e+00 -1.892971331339745e-03 -9.350096762762220e-04 -1.007694512709841e+00
9 20 -1.000283595048864e+00 -1.892369129413049e-03 -9.353862808718869e-04 -1.007696645134593e+00
9 21 -1.000283337926998e+00 -1.891841498064217e-03 -9.357001564254822e-04 -1.007698591142331e+00
9 22 -1.000283109233862e+00 -1.891409453392029e-03 -9.359368736400362e-04 -1.007700273798431e+00
9 23 -1.000282918161922e+00 -1.891090592575093e-03 -9.360838134227454e-04 -1.007701625916760e+00
9 24 -1.000282772337399e+00 -1.890898262901665e-03 -9.361312053302715e-04 -1.007702593033977e+00
9 25 -1.000282677481215e+00 -1.890840873656647e-03 -9.360731579938600e-04 -1.007703135909871e+00
9 26 -1.000282637166746e+00 -1.890921406946395e-03 -9.359085334807954e-04 -1.007703232385932e+00
9 27 -1.000282652689083e+00 -1.891137176039167e-03 -9.356415235158780e-04 -1.007702878462432e+00
9 28 -1.000282723051658e+00 -1.891479863753239e-03 -9.352818168736871e-04 -1.007702088505845e+00
9 29 -1.000282845065882e+00 -1.891935850485978e-03 -9.348442999020910e-04 -1.007700894567001e+00
9 30 -1.000283013550132e+00 -1.892486815977037e-03 -9.343482958355084e-04 -1.007699344862478e+00
9 31 -1.000283221607625e+00 -1.893110575794429e-03 -9.338164103534884e-04 -1.007697501533385e+00
10 0 -1.000283697691306e+00 -1.894260012453624e-03 -9.313055122226279e-04 -1.007694479549721e+00
10 1 -1.000283961232687e+00 -1.894957127242749e-03 -9.307747058957509e-04 -1.007692261196820e+00
10 2 -1.000284236799697e+00 -1.895648111269927e-03 -9.302805494900066e-04 -1.007689989294816e+00
10 3 -1.000284514083970e+00 -1.896306068728581e-03 -9.298439865574719e-04 -1.007687751249132e+00
10 4 -1.000284782845033e+00 -1.896905760801249e-03 -9.294823009029529e-04 -1.007685632239744e+00
10 5 -1.000285033237595e+00 -1.897424560872084e-03 -9.292084009091105e-04 -1.007683712094543e+00
10 6 -1.000285256114372e+00 -1.897843258056598e-03 -9.290304858530151e-04 -1.007682062471881e+00
10 7 -1.000285443304615e+00 -1.898146688353897e-03 -9.289520790431448e-04 -1.007680744422766e+00
10 8 -1.000285587868698e+00 -1.898324183499683e-03 -9.289723763462799e-04 -1.007679806383742e+00
10 9 -1.000285684327751e+00 -1.898369837771858e-03 -9.290868301440399e-04 -1.007679282633139e+00
10 10 -1.000285728864794e+00 -1.898282601779450e-03 -9.292878711164592e-04 -1.007679192227388e+00
10 11 -1.000285719490636e+00 -1.898066218484044e-03 -9.295656655725392e-04 -1.007679538422416e+00
10 12 -1.000285656164648e+00 -1.897729019511719e-03 -9.299088138986267e-04 -1.007680308579518e+00
10 13 -1.000285540858389e+00 -1.897283599210249e-03 -9.303049144944771e-04 -1.007681474554417e+00
10 14 -1.000285377549615e+00 -1.896746380797411e-03 -9.307409463907167e-04 -1.007682993569024e+00
10 15 -1.000285172136177e+00 -1.896137084814201e-03 -9.312034610813477e-04 -1.007684809563047e+00
10 16 -1.000284932263505e+00 -1.895478106510123e-03 -9.316786149497614e-04 -1.007686855014474e+00
10 17 -1.000284667065261e+00 -1.894793806970280e-03 -9.321521095955802e-04 -1.007689053204088e+00
10 18 -1.000284386823165e+00 -1.894109723414358e-03 -9.326091305456243e-04 -1.007691320881399e+00
10 19 -1.000284102558294e+00 -1.893451707322329e-03 -9.330343813170761e-04 -1.007693571269099e+00
10 20 -1.000283825571729e+00 -1.892845004724989e-03 -9.334122987849038e-04 -1.007695717321069e+00
10 21 -1.000283566956936e+00 -1.892313300804938e-03 -9.337275074129569e-04 -1.007697675126148e+00
10 22 -1.000283337109356e+00 -1.891877760317819e-03 -9.339655259229580e-04 -1.007699367327494e+00
10 23 -1.000283145260079e+00 -1.891556105294680e-03 -9.341136866634821e-04 -1.007700726406995e+00
10 24 -1.000282999060418e+00 -1.891361780460543e-03 -9.341621761831168e-04 -1.007701697667689e+00
10 25 -1.000282904242449e+00 -1.891303262581283e-03 -9.341050667898300e-04 -1.007702241738933e+00
10 26 -1.000282864376748e+00 -1.891383569958030e-03 -9.339411911018256e-04 -1.007702336436189e+00
10 27 -1.000282880741986e+00 -1.891600020442413e-03 -9.336747182675866e-04 -1.007701977836280e+00
10 28 -1.000282952312048e+00 -1.891944270183265e-03 -9.333153216790076e-04 -1.007701180480876e+00
10 29 -1.000283075856317e+00 -1.892402642691754e-03 -9.328778797255317e-04 -1.007699976688746e+00
10 30 -1.000283246139639e+00 -1.892956732551601e-03 -9.323817145466716e-04 -1.007698415028644e+00
10 31 -1.000283456201627e+00 -1.893584244705049e-03 -9.318494364646289e-04 -1.007696558067099e+00
11 0 -1.000283885485550e+00 -1.894764953844839e-03 -9.291086427821128e-04 -1.007693560856742e+00
11 1 -1.000284151062830e+00 -1.895466142202110e-03 -9.285777887674618e-04 -1.007691328248056e+00
11 2 -1.000284428749272e+00 -1.896161639606637e-03 -9.280831117493675e-04 -1.007689041154367e+00
11 3 -1.000284708154812e+00 -1.896824381455723e-03 -9.276455674461496e-04 -1.007686787556800e+00
11 4 -1.000284978954969e+00 -1.897428945138643e-03 -9.272824713544651e-04 -1.007684653240057e+00
11 5 -1.000285231221775e+00 -1.897952512200669e-03 -9.270067829878357e-04 -1.007682718641731e+00
11 6 -1.000285455730343e+00 -1.898375679711824e-03 -9.268267714015892e-04 -1.007681056008744e+00
11 7 -1.000285644241159e+00 -1.898683100061125e-03 -9.267460458054843e-04 -1.007679726932088e+00
11 8 -1.000285789758237e+00 -1.898863938878293e-03 -9.267638994471601e-04 -1.007678780312371e+00
11 9 -1.000285886761890e+00 -1.898912150485139e-03 -9.268758877777306e-04 -1.007678250791356e+00
11 10 -1.000285931412180e+00 -1.898826578945389e-03 -9.270745447440781e-04 -1.007678157668761e+00
11 11 -1.000285921716047e+00 -1.898610899365181e-03 -9.273501354513374e-04 -1.007678504311019e+00
11 12 -1.000285857648131e+00 -1.898273417326061e-03 -9.276913502214343e-04 -1.007679278052010e+00
11 13 -1.000285741213331e+00 -1.897826743839895e-03 -9.280858640335983e-04 -1.007680450584624e+00
11 14 -1.000285576438795e+00 -1.897287360038454e-03 -9.285207152418442e-04 -1.007681978842582e+00
11 15 -1.000285369285000e+00 -1.896675081800058e-03 -9.289824952712251e-04 -1.007683806368999e+00
11 16 -1.000285127469812e+00 -1.896012431323086e-03 -9.294573809614648e-04 -1.007685865159155e+00
11 17 -1.000284860205394e+00 -1.895323921215861e-03 -9.299310759434769e-04 -1.007688077950351e+00
11 18 -1.000284577854325e+00 -1.894635257357509e-03 -9.303887504628789e-04 -1.007690360913750e+00
11 19 -1.000284291517589e+00 -1.893972469756131e-03 -9.308150764964149e-04 -1.007692626683195e+00
11 20 -1.000284012572497e+00 -1.893360985972041e-03 -9.311944447721978e-04 -1.007694787634965e+00
11 21 -1.000283752182866e+00 -1.892824669281936e-03 -9.315114216181801e-04 -1.007696759310613e+00
11 22 -1.000283520806714e+00 -1.892384853142169e-03 -9.317514586873701e-04 -1.007698463853137e+00
11 23 -1.000283327728303e+00 -1.892059413579625e-03 -9.319018149449319e-04 -1.007699833305992e+00
11 24 -1.000283180641389e+00 -1.891861930124513e-03 -9.319525991313464e-04 -1.007700812607486e+00
11 25 -1.000283085308829e+00 -1.891800991496889e-03 -9.318978030061727e-04 -1.007701362105206e+00
11 26 -1.000283045319644e+00 -1.891879702077970e-03 -9.317361780238996e-04 -1.007701459422872e+00
11 27 -1.000283061958040e+00 -1.892095437414083e-03 -9.314718141121916e-04 -1.007701100541134e+00
11 28 -1.000283134190060e+00 -1.892439881114111e-03 -9.311143097300142e-04 -1.007700300004731e+00
11 29 -1.000283258763731e+00 -1.892899352999090e-03 -9.306784742657393e-04 -1.007699090235579e+00
11 30 -1.000283430409371e+00 -1.893455412841637e-03 -9.301835680891675e-04 -1.007697520003304e+00
11 31 -1.000283642119696e+00 -1.894085700289662e-03 -9.296521488724606e-04 -1.007695652168291e+00
12 0 -1.000284017464057e+00 -1.895277318591935e-03 -9.267686700959153e-04 -1.007692716391902e+00
12 1 -1.000284284842257e+00 -1.895981909991703e-03 -9.262385331230654e-04 -1.007690471288294e+00
12 2 -1.000284564519578e+00 -1.896681496086926e-03 -9.257438329918312e-04 -1.007688169955490e+00
12 3 -1.000284846029371e+00 -1.897348859606564e-03 -9.253055165939091e-04 -1.007685900916844e+00
12 4 -1.000285118964232e+00 -1.897958400151505e-03 -9.249409222746916e-04 -1.007683750559890e+00
12 5 -1.000285373310311e+00 -1.898487102874796e-03 -9.246630649550349e-04 -1.007681799961922e+00
12 6 -1.000285599757683e+00 -1.898915358087269e-03 -9.244803000448472e-04 -1.007680122018636e+00
12 7 -1.000285789986661e+00 -1.899227610602091e-03 -9.243963497820970e-04 -1.007678778948488e+00
12 8 -1.000285936929966e+00 -1.899412827647454e-03 -9.244106411190203e-04 -1.007677820227812e+00
12 9 -1.000286035009114e+00 -1.899464783913790e-03 -9.245188772524634e-04 -1.007677280994324e+00
12 10 -1.000286080340785e+00 -1.899382171259630e-03 -9.247137470005961e-04 -1.007677180939927e+00
12 11 -1.000286070905966e+00 -1.899168547268241e-03 -9.249856700954018e-04 -1.007677523701006e+00
12 12 -1.000286006671745e+00 -1.898832139968882e-03 -9.253234835900506e-04 -1.007678296747719e+00
12 13 -1.000285889653804e+00 -1.898385525611757e-03 -9.257149942915202e-04 -1.007679471772146e+00
12 14 -1.000285723907357e+00 -1.897845193562312e-03 -9.261473522106579e-04 -1.007681005574621e+00
12 15 -1.000285515436248e+00 -1.897231008750773e-03 -9.266072371014709e-04 -1.007682841443730e+00
12 16 -1.000285272014299e+00 -1.896565579145082e-03 -9.270808891818364e-04 -1.007684911016023e+00
12 17 -1.000285002919058e+00 -1.895873534419936e-03 -9.275540495902755e-04 -1.007687136586370e+00
12 18 -1.000284718584793e+00 -1.895180722762958e-03 -9.280118997545529e-04 -1.007689433821384e+00
12 19 -1.000284430187657e+00 -1.894513335581651e-03 -9.284390969621816e-04 -1.007691714808880e+00
12 20 -1.000284149181129e+00 -1.893896974835657e-03 -9.288199931308635e-04 -1.007693891356801e+00
12 21 -1.000283886803840e+00 -1.893355685078514e-03 -9.291390943435580e-04 -1.007695878434443e+00
12 22 -1.000283653585019e+00 -1.892910981822074e-03 -9.293817733119017e-04 -1.007697597626611e+00
12 23 -1.000283458874478e+00 -1.892580918163202e-03 -9.295351936710367e-04 -1.007698980449513e+00
12 24 -1.000283310424143e+00 -1.892379240501517e-03 -9.295893547526401e-04 -1.007699971360200e+00
12 25 -1.000283214046150e+00 -1.892314689406327e-03 -9.295381278926788e-04 -1.007700530284621e+00
12 26 -1.000283173368429e+00 -1.892390501420934e-03 -9.293801369867957e-04 -1.007700634497578e+00
12 27 -1.000283189702242e+00 -1.892604160173979e-03 -9.291193412090423e-04 -1.007700279715914e+00
12 28 -1.000283262027603e+00 -1.892947429573449e-03 -9.287652084826101e-04 -1.007699480316020e+00
12 29 -1.000283387092639e+00 -1.893406679118658e-03 -9.283324211790314e-04 -1.007698268654247e+00
12 30 -1.000283559613529e+00 -1.893963485413378e-03 -9.278401203264452e-04 -1.007696693542121e+00
12 31 -1.000283772554550e+00 -1.894595470268980e-03 -9.273107572124880e-04 -1.007694817991994e+00
13 0 -1.000284088908713e+00 -1.895777399392668e-03 -9.243775297577688e-04 -1.007691977057923e+00
13 1 -1.000284357786690e+00 -1.896484600658508e-03 -9.238488254964515e-04 -1.007689721674363e+00
13 2 -1.000284639252401e+00 -1.897187700883345e-03 -9.233545831513344e-04 -1.007687407579389e+00
13 3 -1.000284922770644e+00 -1.897859351770928e-03 -9.229157210723452e-04 -1.007685123785252e+00
13 4 -1.000285197855241e+00 -1.898473787547530e-03 -9.225495919125891e-04 -1.007682957258331e+00
13 5 -1.000285454406462e+00 -1.899007799818052e-03 -9.222692684176967e-04 -1.007680989721517e+00
13 6 -1.000285683025140e+00 -1.899441565470980e-03 -9.220832048036144e-04 -1.007679294754510e+00
13 7 -1.000285875303160e+00 -1.899759305793817e-03 -9.219952582173710e-04 -1.007677935266662e+00
13 8 -1.000286024089835e+00 -1.899949764770892e-03 -9.220050203725581e-04 -1.007676961399937e+00
13 9 -1.000286123732215e+00 -1.900006504539545e-03 -9.221083815656446e-04 -1.007676408901541e+00
13 10 -1.000286170284892e+00 -1.899928025105910e-03 -9.222982309428692e-04 -1.007676297988646e+00
13 11 -1.000286161681901e+00 -1.899717721850445e-03 -9.225651915036689e-04 -1.007676632715218e+00
13 12 -1.000286097860422e+00 -1.899383697242204e-03 -9.228982965069970e-04 -1.007677400844557e+00
13 13 -1.000285980824160e+00 -1.898938443029606e-03 -9.232855336405662e-04 -1.007678574228666e+00
13 14 -1.000285814634107e+00 -1.898398406978227e-03 -9.237142122535266e-04 -1.007680109693494e+00
13 15 -1.000285605316520e+00 -1.897783455005721e-03 -9.241711450616759e-04 -1.007681950424406e+00
13 16 -1.000285360682433e+00 -1.897116236592853e-03 -9.246426749179152e-04 -1.007684027836538e+00
13 17 -1.000285090059178e+00 -1.896421459967940e-03 -9.251146125013557e-04 -1.007686263899464e+00
13 18 -1.000284803941004e+00 -1.895725084411920e-03 -9.255721746560713e-04 -1.007688573866830e+00
13 19 -1.000284513571892e+00 -1.895053439920532e-03 -9.260000206011472e-04 -1.007690869342525e+00
13 20 -1.000284230478611e+00 -1.894432289247302e-03 -9.263824722395567e-04 -1.007693061596367e+00
13 21 -1.000283965976148e+00 -1.893885854445265e-03 -9.267039754189672e-04 -1.007695065022475e+00
13 22 -1.000283730670785e+00 -1.893435839485819e-03 -9.269498143024085e-04 -1.007696800611112e+00
13 23 -1.000283533987850e+00 -1.893100490968594e-03 -9.271070382708782e-04 -1.007698199282500e+00
13 24 -1.000283383751074e+00 -1.892893747865193e-03 -9.271655103220085e-04 -1.007699204914223e+00
13 25 -1.000283285838495e+00 -1.892824536395767e-03 -9.271189477093158e-04 -1.007699776887457e+00
13 26 -1.000283243935763e+00 -1.892896265870547e-03 -9.269658069264185e-04 -1.007699891985368e+00
13 27 -1.000283259401540e+00 -1.893106574024151e-03 -9.267098707662313e-04 -1.007699545504222e+00
13 28 -1.000283331251075e+00 -1.893447354791656e-03 -9.263604265712030e-04 -1.007698751487292e+00
13 29 -1.000283456254057e+00 -1.893905078595617e-03 -9.259319778505982e-04 -1.007697542059685e+00
13 30 -1.000283629133312e+00 -1.894461389243552e-03 -9.254434955643534e-04 -1.007695965915818e+00
13 31 -1.000283842843897e+00 -1.895093938116111e-03 -9.249172771072783e-04 -1.007694086074384e+00
14 0 -1.000284097389103e+00 -1.896246144205145e-03 -9.220290761542156e-04 -1.007691369075125e+00
14 1 -1.000284367413130e+00 -1.896955074439729e-03 -9.215024338096268e-04 -1.007689105982357e+00
14 2 -1.000284650400882e+00 -1.897660991359500e-03 -9.210090843224508e-04 -1.007686781054777e+00
14 3 -1.000284935758967e+00 -1.898336441591633e-03 -9.205699006464816e-04 -1.007684483723508e+00
14 4 -1.000285212929314e+00 -1.898955512237116e-03 -9.202022414222028e-04 -1.007682301489271e+00
14 5 -1.000285471729476e+00 -1.899494811495187e-03 -9.199192370743090e-04 -1.007680316702442e+00
14 6 -1.000285702670297e+00 -1.899934304301504e-03 -9.197294489364195e-04 -1.007678603636128e+00
14 7 -1.000285897250383e+00 -1.900257980734866e-03 -9.196368863232073e-04 -1.007677225928316e+00
14 8 -1.000286048226658e+00 -1.900454344834804e-03 -9.196413314242504e-04 -1.007676234451912e+00
14 9 -1.000286149858843e+00 -1.900516721305058e-03 -9.197388939636839e-04 -1.007675665653958e+00
14 10 -1.000286198123199e+00 -1.900443386347514e-03 -9.199227000941251e-04 -1.007675540388898e+00
14 11 -1.000286190887830e+00 -1.900237535146011e-03 -9.201836155309184e-04 -1.007675863258488e+00
14 12 -1.000286128039034e+00 -1.899907101657864e-03 -9.205109110971147e-04 -1.007676622463699e+00
14 13 -1.000286011546363e+00 -1.899464446675361e-03 -9.208927975969034e-04 -1.007677790170330e+00
14 14 -1.000285845454087e+00 -1.898925928271458e-03 -9.213167850016525e-04 -1.007679323387217e+00
14 15 -1.000285635789052e+00 -1.898311365662400e-03 -9.217698570918614e-04 -1.007681165350681e+00
14 16 -1.000285390379442e+00 -1.897643404575114e-03 -9.222384925890022e-04 -1.007683247398806e+00
14 17 -1.000285118585085e+00 -1.896946790849337e-03 -9.227085993788057e-04 -1.007685491303745e+00
14 18 -1.000284830946471e+00 -1.896247559910995e-03 -9.231654516484259e-04 -1.007687812011774e+00
14 19 -1.000284538765610e+00 -1.895572152704238e-03 -9.235937262909732e-04 -1.007690120721945e+00
14 20 -1.000284253636920e+00 -1.894946473439815e-03 -9.239777238031414e-04 -1.007692328215762e+00
14 21 -1.000283986950403e+00 -1.894394911440025e-03 -9.243018304132933e-04 -1.007694348330684e+00
14 22 -1.000283749392443e+00 -1.893939358571490e-03 -9.245512343323690e-04 -1.007696101448332e+00
14 23 -1.000283550471135e+00 -1.893598264102488e-03 -9.247128560597668e-04 -1.007697517846523e+00
14 24 -1.000283398092995e+00 -1.893385777946667e-03 -9.247764012243919e-04 -1.007698540747102e+00
14 25 -1.000283298216009e+00 -1.893311038677375e-03 -9.247354057688313e-04 -1.007699128884242e+00
14 26 -1.000283254600133e+00 -1.893377662427255e-03 -9.245881253871007e-04 -1.007699258425556e+00
14 27 -1.000283268670036e+00 -1.893583481218327e-03 -9.243381278037875e-04 -1.007698924105898e+00
14 28 -1.000283339496188e+00 -1.893920563563448e-03 -9.239944778919935e-04 -1.007698139483756e+00
14 29 -1.000283463890345e+00 -1.894375527577899e-03 -9.235714576008592e-04 -1.007696936297674e+00
14 30 -1.000283636602144e+00 -1.894930131270255e-03 -9.230878258837693e-04 -1.007695362972751e+00
14 31 -1.000283850596642e+00 -1.895562101300009e-03 -9.225656858593161e-04 -1.007693482390075e+00
15 0 -1.000284042807966e+00 -1.896665863107768e-03 -9.198151787458462e-04 -1.007690913307629e+00
15 1 -1.000284313586629e+00 -1.897375590049885e-03 -9.192911123354799e-04 -1.007688645326130e+00
15 2 -1.000284597777884e+00 -1.898083532964120e-03 -9.187990227464822e-04 -1.007686311865415e+00
15 3 -1.000284884742369e+00 -1.898762162821578e-03 -9.183597234389712e-04 -1.007684002691274e+00
15 4 -1.000285163859495e+00 -1.899385443098169e-03 -9.179905706471988e-04 -1.007681805775378e+00
15 5 -1.000285424870295e+00 -1.899929815325055e-03 -9.177047504701819e-04 -1.007679804054996e+00
15 6 -1.000285658198218e+00 -1.900375041527571e-03 -9.175109367089773e-04 -1.007678072481075e+00
15 7 -1.000285855247187e+00 -1.900704881287252e-03 -9.174133036111080e-04 -1.007676675431268e+00
15 8 -1.000286008676202e+00 -1.900907591036154e-03 -9.174118427403956e-04 -1.007675664547176e+00
15 9 -1.000286112648158e+00 -1.900976242389683e-03 -9.175029065801430e-04 -1.007675077038958e+00
15 10 -1.000286163047884e+00 -1.900908864535907e-03 -9.176798851154538e-04 -1.007674934485435e+00
15 11 -1.000286157661288e+00 -1.900708422150880e-03 -9.179339169021187e-04 -1.007675242145016e+00
15 12 -1.000286096304856e+00 -1.900382644088554e-03 -9.182545431586903e-04 -1.007675988783867e+00
15 13 -1.000285980893111e+00 -1.899943718763153e-03 -9.186302316098936e-04 -1.007677147023078e+00
15 14 -1.000285815431768e+00 -1.899407870201588e-03 -9.190487253878255e-04 -1.007678674203782e+00
15 15 -1.000285605926583e+00 -1.898794825585152e-03 -9.194972091154477e-04 -1.007680513763940e+00
15 16 -1.000285360202461e+00 -1.898127182398126e-03 -9.199623239902795e-04 -1.007682597109872e+00
15 17 -1.000285087633459e+00 -1.897429682234788e-03 -9.204300983397919e-04 -1.007684845949815e+00
15 18 -1.000284798790904e+00 -1.896728399233586e-03 -9.208858826723095e-04 -1.007687175038538e+00
15 19 -1.000284505022859e+00 -1.896049853899112e-03 -9.213143849407978e-04 -1.007689495263585e+00
15 20 -1.000284217983281e+00 -1.895420067789017e-03 -9.216998912537764e-04 -1.007691716985240e+00
15 21 -1.000283949133231e+00 -1.894863581484134e-03 -9.220267291446263e-04 -1.007693753522566e+00
15 22 -1.000283709239420e+00 -1.894402467367000e-03 -9.222799863989347e-04 -1.007695524656552e+00
15 23 -1.000283507896907e+00 -1.894055378929457e-03 -9.224464449335083e-04 -1.007696960000219e+00
15 24 -1.000283353102797e+00 -1.893836687512138e-03 -9.225156376144633e-04 -1.007698002068059e+00
15 25 -1.000283250906108e+00 -1.893755763021616e-03 -9.224808977515483e-04 -1.007698608868871e+00
15 26 -1.000283205155047e+00 -1.893816454963611e-03 -9.223402538140470e-04 -1.007698755853249e+00
15 27 -1.000283217356547e+00 -1.894016822416088e-03 -9.220970286453323e-04 -1.007698437074967e+00
15 28 -1.000283286654109e+00 -1.894349145873585e-03 -9.217600330728742e-04 -1.007697665475620e+00
15 29 -1.000283409920174e+00 -1.894800231635197e-03 -9.213432949918594e-04 -1.007696472268428e+00
15 30 -1.000283581950040e+00 -1.895351994110128e-03 -9.208653283794942e-04 -1.007694905468795e+00
15 31 -1.000283795737427e+00 -1.895982277813993e-03 -9.203480096362401e-04 -1.007693027682570e+00
16 0 -1.000283927369618e+00 -1.897020857475435e-03 -9.178219490117128e-04 -1.007690624845104e+00
16 1 -1.000284198489021e+00 -1.897730433224996e-03 -9.173008395377816e-04 -1.007688354937326e+00
16 2 -1.000284483525575e+00 -1.898439549007495e-03 -9.168102942716209e-04 -1.007686015523467e+00
16 3 -1.000284771807685e+00 -1.899120632117084e-03 -9.163710557264205e-04 -1.007683696608297e+00
16 4 -1.000285052663827e+00 -1.899747550153334e-03 -9.160004702644651e-04 -1.007681486554629e+00
16 5 -1.000285315767383e+00 -1.900296600290633e-03 -9.157117772721671e-04 -1.007679468825923e+00
16 6 -1.000285551460037e+00 -1.900747357679417e-03 -9.155137658008143e-04 -1.007677719011699e+00
16 7 -1.000285751053060e+00 -1.901083360650222e-03 -9.154107820884446e-04 -1.007676302213034e+00
16 8 -1.000285907105751e+00 -1.901292619996851e-03 -9.154030375486348e-04 -1.007675270848378e+00
16 9 -1.000286013678521e+00 -1.901367948390744e-03 -9.154871412499784e-04 -1.007674662924807e+00
16 10 -1.000286066555260e+00 -1.901307114008076e-03 -9.156567645111369e-04 -1.007674500805303e+00
16 11 -1.000286063426534e+00 -1.901112829127868e-03 -9.159033396060605e-04 -1.007674790489431e+00
16 12 -1.000286004022696e+00 -1.900792588588795e-03 -9.162167010760557e-04 -1.007675521414807e+00
16 13 -1.000285890184490e+00 -1.900358373777847e-03 -9.165855968510086e-04 -1.007676666781502e+00
16 14 -1.000285725858870e+00 -1.899826235797400e-03 -9.169980257704289e-04 -1.007678184398676e+00
16 15 -1.000285517009901e+00 -1.899215768339248e-03 -9.174413948044632e-04 -1.007680018047538e+00
16 16 -1.000285271439147e+00 -1.898549478382873e-03 -9.179025278539216e-04 -1.007682099343723e+00
16 17 -1.000284998516212e+00 -1.897852062041704e-03 -9.183675917412656e-04 -1.007684350065896e+00
16 18 -1.000284708826731e+00 -1.897149593778047e-03 -9.188220278000000e-04 -1.007686684899115e+00
16 19 -1.000284413751198e+00 -1.896468639785454e-03 -9.192505850807342e-04 -1.007689014523333e+00
16 20 -1.000284124992966e+00 -1.895835310959584e-03 -9.196375410071806e-04 -1.007691248959214e+00
16 21 -1.000283854077751e+00 -1.895274277932589e-03 -9.199671664512771e-04 -1.007693301063718e+00
16 22 -1.000283611849913e+00 -1.894807779847930e-03 -9.202244472757196e-04 -1.007695090046626e+00
16 23 -1.000283407992413e+00 -1.894454668642234e-03 -9.203960210965848e-04 -1.007696544858015e+00
16 24 -1.000283250597430e+00 -1.894229539599476e-03 -9.204712374553557e-04 -1.007697607279303e+00
16 25 -1.000283145812861e+00 -1.894142004579444e-03 -9.204432120984029e-04 -1.007698234541955e+00
16 26 -1.000283097585977e+00 -1.894196164347351e-03 -9.203097284061138e-04 -1.007698401304534e+00
16 27 -1.000283107519109e+00 -1.894390329008892e-03 -9.200738447554166e-04 -1.007698100846180e+00
16 28 -1.000283174843644e+00 -1.894717020017644e-03 -9.197440968558431e-04 -1.007697345383982e+00
16 29 -1.000283296508839e+00 -1.895163264936037e-03 -9.193342358712881e-04 -1.007696165488015e+00
16 30 -1.000283467372715e+00 -1.895711170708278e-03 -9.188625072373351e-04 -1.007694608639720e+00
16 31 -1.000283680475178e+00 -1.896338737502990e-03 -9.183505379150451e-04 -1.007692737043312e+00
17 0 -1.000283755477900e+00 -1.897297955289281e-03 -9.161262785192759e-04 -1.007690512797538e+00
17 1 -1.000284026516546e+00 -1.898006450212336e-03 -9.156083662847998e-04 -1.007688243962276e+00
17 2 -1.000284312013543e+00 -1.898715854353022e-03 -9.151195600334574e-04 -1.007685901362696e+00
17 3 -1.000284601279868e+00 -1.899398584475766e-03 -9.146805236452588e-04 -1.007683575139223e+00
17 4 -1.000284883606353e+00 -1.900028443006386e-03 -9.143085884687209e-04 -1.007681353952987e+00
17 5 -1.000285148609839e+00 -1.900581609879385e-03 -9.140170446265623e-04 -1.007679321714854e+00
17 6 -1.000285386558695e+00 -1.901037496121071e-03 -9.138147955779544e-04 -1.007677554590761e+00
17 7 -1.000285588676991e+00 -1.901379436411440e-03 -9.137063598876905e-04 -1.007676118362017e+00
17 8 -1.000285747426410e+00 -1.901595207226267e-03 -9.136921709893156e-04 -1.007675066202674e+00
17 9 -1.000285856763202e+00 -1.901677366091800e-03 -9.137690996731525e-04 -1.007674436920567e+00
17 10 -1.000285912364611e+00 -1.901623415721541e-03 -9.139311069263604e-04 -1.007674253693610e+00
17 11 -1.000285911816220e+00 -1.901435803405670e-03 -9.141699292638683e-04 -1.007674523319706e+00
17 12 -1.000285854749149e+00 -1.901121769923845e-03 -9.144757060458066e-04 -1.007675235989006e+00
17 13 -1.000285742914552e+00 -1.900693063019251e-03 -9.148374775069183e-04 -1.007676365581913e+00
17 14 -1.000285580182885e+00 -1.900165528715939e-03 -9.152435111665615e-04 -1.007677870492837e+00
17 15 -1.000285372457663e+00 -1.899558590932559e-03 -9.156814500312004e-04 -1.007679694974013e+00
17 16 -1.000285127498004e+00 -1.898894627523187e-03 -9.161383140278016e-04 -1.007681770982636e+00
17 17 -1.000284854650605e+00 -1.898198250042796e-03 -9.166004200896477e-04 -1.007684020498322e+00
17 18 -1.000284564498503e+00 -1.897495495429622e-03 -9.170533096671621e-04 -1.007686358259468e+00
17 19 -1.000284268439992e+00 -1.896812940426500e-03 -9.174817801200782e-04 -1.007688694848849e+00
17 20 -1.000283978215974e+00 -1.896176754211905e-03 -9.178701056418987e-04 -1.007690940040783e+00
17 21 -1.000283705408046e+00 -1.895611711749785e-03 -9.182025038257082e-04 -1.007693006302692e+00
17 22 -1.000283460932677e+00 -1.895140199537526e-03 -9.184638591441326e-04 -1.007694812322587e+00
17 23 -1.000283254558534e+00 -1.894781255458099e-03 -9.186406621939745e-04 -1.007696286412655e+00
17 24 -1.000283094474020e+00 -1.894549693362415e-03 -9.187220737232180e-04 -1.007697369621722e+00
17 25 -1.000282986930211e+00 -1.894455368687237e-03 -9.187009846925769e-04 -1.007698018380727e+00
17 26 -1.000282935980497e+00 -1.894502641705865e-03 -9.185749250021880e-04 -1.007698206511371e+00
17 27 -1.000282943332019e+00 -1.894690087919851e-03 -9.183466788030269e-04 -1.007697926454326e+00
17 28 -1.000283008315513e+00 -1.895010489662776e-03 -9.180244952161274e-04 -1.007697189622095e+00
17 29 -1.000283127970323e+00 -1.895451120523473e-03 -9.176218359327990e-04 -1.007696025848091e+00
17 30 -1.000283297231914e+00 -1.895994308621475e-03 -9.171566651143478e-04 -1.007694481976113e+00
17 31 -1.000283509202038e+00 -1.896618241176178e-03 -9.166503486870667e-04 -1.007692619698652e+00
18 0 -1.000283533570596e+00 -1.897486943452593e-03 -9.147928416587069e-04 -1.007690580251529e+00
18 1 -1.000283804113700e+00 -1.898193477565321e-03 -9.142782272390880e-04 -1.007688315422627e+00
18 2 -1.000284089672847e+00 -1.898902284271535e-03 -9.137912659024509e-04 -1.007685972498256e+00
18 3 -1.000284379556830e+00 -1.899585802655937e-03 -9.133525400608222e-04 -1.007683641647796e+00
18 4 -1.000284663033247e+00 -1.900217802563046e-03 -9.129793631066381e-04 -1.007681411728141e+00
18 5 -1.000284929675432e+00 -1.900774378082813e-03 -9.126850719368350e-04 -1.007679367002483e+00
18 6 -1.000285169689594e+00 -1.901234805141870e-03 -9.124786791253900e-04 -1.007677584129311e+00
18 7 -1.000285374221327e+00 -1.901582239941982e-03 -9.123648698208396e-04 -1.007676129501732e+00
18 8 -1.000285535640423e+00 -1.901804244393494e-03 -9.123442946518349e-04 -1.007675057000683e+00
18 9 -1.000285647801103e+00 -1.901893133891308e-03 -9.124140828997484e-04 -1.007674406209475e+00
18 10 -1.000285706272182e+00 -1.901846151107350e-03 -9.125684832734408e-04 -1.007674201121560e+00
18 11 -1.000285708528572e+00 -1.901665475809160e-03 -9.127995354158775e-04 -1.007674449360411e+00
18 12 -1.000285654092929e+00 -1.901358084287195e-03 -9.130976834996089e-04 -1.007675141921485e+00
18 13 -1.000285544614522e+00 -1.900935472752834e-03 -9.134522619365499e-04 -1.007676253441263e+00
18 14 -1.000285383872548e+00 -1.900413257657967e-03 -9.138518109196580e-04 -1.007677742994421e+00
18 15 -1.000285177693428e+00 -1.899810663334290e-03 -9.142842147920710e-04 -1.007679555413873e+00
18 16 -1.000284933776361e+00 -1.899149904974828e-03 -9.147366949175935e-04 -1.007681623117209e+00
18 17 -1.000284661427686e+00 -1.898455473972649e-03 -9.151957233727223e-04 -1.007683868407198e+00
18 18 -1.000284371211235e+00 -1.897753333585675e-03 -9.156469467793697e-04 -1.007686206195650e+00
18 19 -1.000284074527948e+00 -1.897070035808061e-03 -9.160752162398446e-04 -1.007688547081272e+00
18 20 -1.000283783143031e+00 -1.896431775116990e-03 -9.164648079819652e-04 -1.007690800693751e+00
18 21 -1.000283508683077e+00 -1.895863401594719e-03 -9.167998902918047e-04 -1.007692879197208e+00
18 22 -1.000283262128541e+00 -1.895387424792528e-03 -9.170652483919798e-04 -1.007694700825430e+00
18 23 -1.000283053328639e+00 -1.895023049717998e-03 -9.172472267879781e-04 -1.007696193299960e+00
18 24 -1.000282890565720e+00 -1.894785295564511e-03 -9.173347981860832e-04 -1.007697296963871e+00
18 25 -1.000282780194433e+00 -1.894684253800277e-03 -9.173206296092303e-04 -1.007697967454480e+00
18 26 -1.000282726377214e+00 -1.894724542585102e-03 -9.172019977325802e-04 -1.007698177743828e+00
18 27 -1.000282730931436e+00 -1.894905007287095e-03 -9.169814114930672e-04 -1.007697919401982e+00
18 28 -1.000282793295015e+00 -1.895218701430031e-03 -9.166668315201626e-04 -1.007697202986637e+00
18 29 -1.000282910607368e+00 -1.895653160122769e-03 -9.162714282366146e-04 -1.007696057528574e+00
18 30 -1.000283077893160e+00 -1.896190952640662e-03 -9.158128833977237e-04 -1.007694529154851e+00
18 31 -1.000283288329141e+00 -1.896810477228165e-03 -9.153123009120931e-04 -1.007692678956282e+00
19 0 -1.000283269896722e+00 -1.897580892725131e-03 -9.138716835917458e-04 -1.007690824340546e+00
19 1 -1.000283539549823e+00 -1.898284663876074e-03 -9.133603367695801e-04 -1.007688566291717e+00
19 2 -1.000283824772436e+00 -1.898992014333807e-03 -9.128752462892486e-04 -1.007686225904641e+00
19 3 -1.000284114886271e+00 -1.899675437134386e-03 -9.124369144106825e-04 -1.007683893270787e+00
19 4 -1.000284399150819e+00 -1.900308703301291e-03 -9.120626343513608e-04 -1.007681657333201e+00
19 5 -1.000284667110578e+00 -1.900867855894026e-03 -9.117657836692602e-04 -1.007679602598715e+00
19 6 -1.000284908923149e+00 -1.901332069915057e-03 -9.115554750463138e-04 -1.007677806115709e+00
19 7 -1.000285115667300e+00 -1.901684354678108e-03 -9.114365496927280e-04 -1.007676334798210e+00
19 8 -1.000285279629886e+00 -1.901912084861863e-03 -9.114098640112848e-04 -1.007675243160052e+00
19 9 -1.000285394568853e+00 -1.902007355550609e-03 -9.114727933825079e-04 -1.007674571506765e+00
19 10 -1.000285455946829e+00 -1.901967164608105e-03 -9.116198611756310e-04 -1.007674344617699e+00
19 11 -1.000285461126677e+00 -1.901793431937410e-03 -9.118433976891043e-04 -1.007674570937931e+00
19 12 -1.000285409517578e+00 -1.901492868807156e-03 -9.121341415383832e-04 -1.007675242290671e+00
19 13 -1.000285302658499e+00 -1.901076711262639e-03 -9.124817136685172e-04 -1.007676334116097e+00
19 14 -1.000285144225994e+00 -1.900560330207367e-03 -9.128749215340713e-04 -1.007677806238924e+00
19 15 -1.000284939955745e+00 -1.899962728160095e-03 -9.133018869357451e-04 -1.007679604160555e+00
19 16 -1.000284697471939e+00 -1.899305930348749e-03 -9.137500303345589e-04 -1.007681660860237e+00
19 17 -1.000284426024765e+00 -1.898614276884686e-03 -9.142059787255012e-04 -1.007683899073774e+00
19 18 -1.000284136143019e+00 -1.897913623853216e-03 -9.146554860044127e-04 -1.007686233999896e+00
19 19 -1.000283839214993e+00 -1.897230464210167e-03 -9.150834607442704e-04 -1.007688576365440e+00
19 20 -1.000283547016040e+00 -1.896590984168931e-03 -9.154741854629019e-04 -1.007690835761778e+00
19 21 -1.000283271205278e+00 -1.896020077384409e-03 -9.158117834363010e-04 -1.007692924146190e+00
19 22 -1.000283022816790e+00 -1.895540347887813e-03 -9.160809454497722e-04 -1.007694759381826e+00
19 23 -1.000282811772227e+00 -1.895171142852735e-03 -9.162678759729182e-04 -1.007696268668439e+00
19 24 -1.000282646442019e+00 -1.894927665960043e-03 -9.163613669994397e-04 -1.007697391696483e+00
19 25 -1.000282533280787e+00 -1.894820228471363e-03 -9.163538694677212e-04 -1.007698083346211e+00
19 26 -1.000282476558821e+00 -1.894853695358426e-03 -9.162424145457422e-04 -1.007698315758936e+00
19 27 -1.000282478205087e+00 -1.895027176325298e-03 -9.160292437220223e-04 -1.007698079634541e+00
19 28 -1.000282537768574e+00 -1.895333996157051e-03 -9.157220376367134e-04 -1.007697384657854e+00
19 29 -1.000282652494993e+00 -1.895761957006409e-03 -9.153336848069997e-04 -1.007696259021353e+00
19 30 -1.000282817506539e+00 -1.896293880166424e-03 -9.148815938811964e-04 -1.007694748083191e+00
19 31 -1.000283026065278e+00 -1.896908391032016e-03 -9.143866147589175e-04 -1.007692912264918e+00
20 0 -1.000282974241844e+00 -1.897576373231704e-03 -9.133964765390189e-04 -1.007691236396975e+00
20 1 -1.000283242643430e+00 -1.898276681643170e-03 -9.128882518931265e-04 -1.007688987654115e+00
20 2 -1.000283527143045e+00 -1.898981770384888e-03 -9.124049921249150e-04 -1.007686652577458e+00
20 3 -1.000283817089936e+00 -1.899664216337256e-03 -9.119671229964879e-04 -1.007684321075823e+00
20 4 -1.000284101751021e+00 -1.900297825772747e-03 -9.115919152930114e-04 -1.007682082064594e+00
20 5 -1.000284370657810e+00 -1.900858627527816e-03 -9.112927797829944e-04 -1.007680020176021e+00
20 6 -1.000284613934672e+00 -1.901325733449938e-03 -9.110789176877286e-04 -1.007678212731293e+00
20 7 -1.000284822607563e+00 -1.901682042858063e-03 -9.109553110391463e-04 -1.007676727055359e+00
20 8 -1.000284988892315e+00 -1.901914777484229e-03 -9.109230031089717e-04 -1.007675618197666e+00
20 9 -1.000285106459865e+00 -1.902015842177015e-03 -9.109795934294497e-04 -1.007674927106133e+00
20 10 -1.000285170672908e+00 -1.901982014358475e-03 -9.111198568124085e-04 -1.007674679287331e+00
20 11 -1.000285178785157e+00 -1.901814971402856e-03 -9.113363918892077e-04 -1.007674883973308e+00
20 12 -1.000285130091627e+00 -1.901521168944279e-03 -9.116202116211888e-04 -1.007675533806308e+00
20 13 -1.000285026016679e+00 -1.901111584012510e-03 -9.119612058014898e-04 -1.007676605047678e+00
20 14 -1.000284870126693e+00 -1.900601335200046e-03 -9.123484337971919e-04 -1.007678058314073e+00
20 15 -1.000284668056454e+00 -1.900009189216165e-03 -9.127702424191147e-04 -1.007679839838502e+00
20 16 -1.000284427342940e+00 -1.899356960927527e-03 -9.132142426664339e-04 -1.007681883242488e+00
20 17 -1.000284157166495e+00 -1.898668813421059e-03 -9.136672121408160e-04 -1.007684111789053e+00
20 18 -1.000283868006240e+00 -1.897970465924242e-03 -9.141150111663867e-04 -1.007686441067138e+00
20 19 -1.000283571222929e+00 -1.897288320330874e-03 -9.145426072332710e-04 -1.007688782039149e+00
20 20 -1.000283278587607e+00 -1.896648521623089e-03 -9.149342924859872e-04 -1.007691044365197e+00
20 21 -1.000283001778387e+00 -1.896075974074499e-03 -9.152741509893302e-04 -1.007693139899126e+00
20 22 -1.000282751870601e+00 -1.895593343997513e-03 -9.155467879206670e-04 -1.007694986230899e+00
20 23 -1.000282538847318e+00 -1.895220090181237e-03 -9.157382792011916e-04 -1.007696510127648e+00
20 24 -1.000282371157666e+00 -1.894971572958834e-03 -9.158372491977690e-04 -1.007697650705363e+00
20 25 -1.000282255348850e+00 -1.894858299177283e-03 -9.158359468046369e-04 -1.007698362151883e+00
20 26 -1.000282195793878e+00 -1.894885360591729e-03 -9.157311730036926e-04 -1.007698615827254e+00
20 27 -1.000282194530537e+00 -1.895052115791644e-03 -9.155249190176340e-04 -1.007698401594231e+00
20 28 -1.000282251218539e+00 -1.895352150505463e-03 -9.152246042520399e-04 -1.007697728279986e+00
20 29 -1.000282363212041e+00 -1.895773529414520e-03 -9.148428543225774e-04 -1.007696623234568e+00
20 30 -1.000282525735522e+00 -1.896299327541041e-03 -9.143968226514307e-04 -1.007695131023132e+00
20 31 -1.000282732143664e+00 -1.896908405329775e-03 -9.139071213683675e-04 -1.007693311354558e+00
21 0 -1.000282657605379e+00 -1.897473559707121e-03 -9.133834859820032e-04 -1.007691802174464e+00
21 1 -1.000282924438355e+00 -1.898169829078650e-03 -9.128781416650090e-04 -1.007689564935654e+00
21 2 -1.000283207852978e+00 -1.898871928979012e-03 -9.123966209583376e-04 -1.007687237764976e+00
21 3 -1.000283497239887e+00 -1.899552547480779e-03 -9.119592783566699e-04 -1.007684910288875e+00
21 4 -1.000283781888914e+00 -1.900185559176992e-03 -9.115833606332159e-04 -1.007682671280995e+00
21 5 -1.000284051334969e+00 -1.900747015964545e-03 -9.112823038736156e-04 -1.007680605375775e+00
21 6 -1.000284295685698e+00 -1.901216006542542e-03 -9.110653835271726e-04 -1.007678790040098e+00
21 7 -1.000284505930154e+00 -1.901575361362881e-03 -9.109377015328383e-04 -1.007677292884347e+00
21 8 -1.000284674227746e+00 -1.901812189510027e-03 -9.109004613586058e-04 -1.007676169375773e+00
21 9 -1.000284794175015e+00 -1.901918242934217e-03 -9.109514563702242e-04 -1.007675461000514e+00
21 10 -1.000284861044729e+00 -1.901890111120990e-03 -9.110856812444923e-04 -1.007675193906679e+00
21 11 -1.000284871988375e+00 -1.901729255209501e-03 -9.112959716981490e-04 -1.007675378049501e+00
21 12 -1.000284826190323e+00 -1.901441894271412e-03 -9.115735849346570e-04 -1.007676006850806e+00
21 13 -1.000284724960393e+00 -1.901038757408599e-03 -9.119086515551677e-04 -1.007677057379482e+00
21 14 -1.000284571751521e+00 -1.900534713616003e-03 -9.122904583832289e-04 -1.007678491056373e+00
21 15 -1.000284372091274e+00 -1.899948288302260e-03 -9.127075579041126e-04 -1.007680254882547e+00
21 16 -1.000284133420412e+00 -1.899301072986780e-03 -9.131477380047686e-04 -1.007682283179510e+00
21 17 -1.000283864838192e+00 -1.898617034309196e-03 -9.135979183179213e-04 -1.007684499812908e+00
21 18 -1.000283576761190e+00 -1.897921729997195e-03 -9.140440611736832e-04 -1.007686820851042e+00
21 19 -1.000283280508797e+00 -1.897241442239957e-03 -9.144711924731389e-04 -1.007689157590630e+00
21 20 -1.000282987833515e+00 -1.896602243203071e-03 -9.148636178931823e-04 -1.007691419865180e+00
21 21 -1.000282710418142e+00 -1.896029014113323e-03 -9.152053909468955e-04 -1.007693519532909e+00
21 22 -1.000282459365120e+00 -1.895544448690416e-03 -9.154810440654447e-04 -1.007695374019206e+00
21 23 -1.000282244705355e+00 -1.895168082368109e-03 -9.156765405504697e-04 -1.007696909764970e+00
21 24 -1.000282074954205e+00 -1.894915398326047e-03 -9.157803554246473e-04 -1.007698065412112e+00
21 25 -1.000281956740583e+00 -1.894797067427163e-03 -9.157845563561603e-04 -1.007698794546945e+00
21 26 -1.000281894531219e+00 -1.894818379640364e-03 -9.156857378831216e-04 -1.007699067827064e+00
21 27 -1.000281890465783e+00 -1.894978917630453e-03 -9.154856671686367e-04 -1.007698874342593e+00
21 28 -1.000281944310118e+00 -1.895272508055522e-03 -9.151915296168828e-04 -1.007698222110340e+00
21 29 -1.000282053524963e+00 -1.895687464001280e-03 -9.148157147629691e-04 -1.007697137664993e+00
21 30 -1.000282213438157e+00 -1.896207106650450e-03 -9.143751466124817e-04 -1.007695664783742e+00
21 31 -1.000282417500987e+00 -1.896810530643032e-03 -9.138902241639474e-04 -1.007693862445717e+00
22 0 -1.000282331833940e+00 -1.897276226375485e-03 -9.138312469909531e-04 -1.007692502149323e+00
22 1 -1.000282596835991e+00 -1.897968022056408e-03 -9.133284626031226e-04 -1.007690278212117e+00
22 2 -1.000282878840122e+00 -1.898666508081069e-03 -9.128485503670752e-04 -1.007687961278404e+00
22 3 -1.000283167290960e+00 -1.899344507261196e-03 -9.124118009433687e-04 -1.007685640601636e+00
22 4 -1.000283451516038e+00 -1.899975993171561e-03 -9.120354367420380e-04 -1.007683404703948e+00
22 5 -1.000283721069960e+00 -1.900537077371902e-03 -9.117329102605639e-04 -1.007681338097814e+00
22 6 -1.000283966060790e+00 -1.901006866585258e-03 -9.115135531170173e-04 -1.007679518262506e+00
22 7 -1.000284177458030e+00 -1.901368166420781e-03 -9.113825606015172e-04 -1.007678012957036e+00
22 8 -1.000284347381515e+00 -1.901608018079774e-03 -9.113412633934379e-04 -1.007676877932324e+00
22 9 -1.000284469368895e+00 -1.901718063855043e-03 -9.113876117277999e-04 -1.007676155087635e+00
22 10 -1.000284538616385e+00 -1.901694744983602e-03 -9.115167809748218e-04 -1.007675871102327e+00
22 11 -1.000284552183906e+00 -1.901539340897169e-03 -9.117218037200859e-04 -1.007676036563804e+00
22 12 -1.000284509152838e+00 -1.901257862166090e-03 -9.119941416523817e-04 -1.007676645604897e+00
22 13 -1.000284410722913e+00 -1.900860810407083e-03 -9.123241292173047e-04 -1.007677676058151e+00
22 14 -1.000284260234710e+00 -1.900362816985343e-03 -9.127012489247333e-04 -1.007679090130833e+00
22 15 -1.000284063106226e+00 -1.899782169271875e-03 -9.131142336020673e-04 -1.007680835600399e+00
22 16 -1.000283826676434e+00 -1.899140230495219e-03 -9.135510289596298e-04 -1.007682847520919e+00
22 17 -1.000283559955190e+00 -1.898460758597409e-03 -9.139986832953203e-04 -1.007685050414363e+00
22 18 -1.000283273286042e+00 -1.897769131104552e-03 -9.144432533886800e-04 -1.007687360899953e+00
22 19 -1.000282977934780e+00 -1.897091486033264e-03 -9.148698224889474e-04 -1.007689690695485e+00
22 20 -1.000282685621666e+00 -1.896453793242946e-03 -9.152627154395041e-04 -1.007691949907435e+00
22 21 -1.000282408019361e+00 -1.895880877412261e-03 -9.156059666566019e-04 -1.007694050507991e+00
22 22 -1.000282156241972e+00 -1.895395423342105e-03 -9.158840518028160e-04 -1.007695909874223e+00
22 23 -1.000281940352751e+00 -1.895017005097518e-03 -9.160828414478674e-04 -1.007697454240171e+00
22 24 -1.000281768918271e+00 -1.894761190050103e-03 -9.161906853148172e-04 -1.007698621892577e+00
22 25 -1.000281648635062e+00 -1.894638774914248e-03 -9.161994981806227e-04 -1.007699365930865e+00
22 26 -1.000281584050837e+00 -1.894655211533916e-03 -9.161056998810872e-04 -1.007699656416339e+00
22 27 -1.000281577396283e+00 -1.894810273543880e-03 -9.159108670473716e-04 -1.007699481759861e+00
22 28 -1.000281628534877e+00 -1.895097999891220e-03 -9.156219851206856e-04 -1.007698849244649e+00
22 29 -1.000281735028207e+00 -1.895506928858042e-03 -9.152512416721112e-04 -1.007697784647137e+00
22 30 -1.000281892304723e+00 -1.896020610856551e-03 -9.148153651572162e-04 -1.007696330991487e+00
22 31 -1.000282093912643e+00 -1.896618364946715e-03 -9.143345737622216e-04 -1.007694546537680e+00
23 0 -1.000282009216155e+00 -1.896991631286383e-03 -9.147209167566348e-04 -1.007693311927164e+00
23 1 -1.000282272189059e+00 -1.897678675496081e-03 -9.142203084332231e-04 -1.007691102623840e+00
23 2 -1.000282552505277e+00 -1.898373046540530e-03 -9.137418452756004e-04 -1.007688797910291e+00
23 3 -1.000282839674159e+00 -1.899047720623054e-03 -9.133057638663782e-04 -1.007686486589401e+00
23 4 -1.000283123074401e+00 -1.899676797510948e-03 -9.129292621959629e-04 -1.007684256830444e+00
23 5 -1.000283392296000e+00 -1.900236483330291e-03 -9.126257981492411e-04 -1.007682192902823e+00
23 6 -1.000283637464780e+00 -1.900705943881737e-03 -9.124047378825901e-04 -1.007680372162874e+00
23 7 -1.000283849548961e+00 -1.901068005188028e-03 -9.122713395168280e-04 -1.007678862374847e+00
23 8 -1.000284020647215e+00 -1.901309688036299e-03 -9.122270234942008e-04 -1.007677719427801e+00
23 9 -1.000284144256055e+00 -1.901422572743005e-03 -9.122698540610204e-04 -1.007676985492414e+00
23 10 -1.000284215511446e+00 -1.901402998061970e-03 -9.123951404820944e-04 -1.007676687647704e+00
23 11 -1.000284231395931e+00 -1.901252103443127e-03 -9.125960636408417e-04 -1.007676836997683e+00
23 12 -1.000284190899479e+00 -1.900975726848192e-03 -9.128642422570062e-04 -1.007677428291025e+00
23 13 -1.000284095120295e+00 -1.900584171164959e-03 -9.131901710347683e-04 -1.007678440051982e+00
23 14 -1.000283947291815e+00 -1.900091850862717e-03 -9.135634901987456e-04 -1.007679835227411e+00
23 15 -1.000283752724140e+00 -1.899516827484956e-03 -9.139730812643353e-04 -1.007681562350577e+00
23 16 -1.000283518652677e+00 -1.898880239613904e-03 -9.144070228166344e-04 -1.007683557213495e+00
23 17 -1.000283253992982e+00 -1.898205631919123e-03 -9.148524742811618e-04 -1.007685745024030e+00
23 18 -1.000282969007842e+00 -1.897518189386988e-03 -9.152955776050289e-04 -1.007688043004041e+00
23 19 -1.000282674899070e+00 -1.896843886190617e-03 -9.157214725725062e-04 -1.007690363364767e+00
23 20 -1.000282383341876e+00 -1.896208563498948e-03 -9.161145100272614e-04 -1.007692616577064e+00
23 21 -1.000282105984010e+00 -1.895636957367151e-03 -9.164587184918584e-04 -1.007694714834660e+00
23 22 -1.000281853935164e+00 -1.895151707145791e-03 -9.167385357056904e-04 -1.007696575586110e+00
23 23 -1.000281637274135e+00 -1.894772385631180e-03 -9.169397640650503e-04 -1.007698124986860e+00
23 24 -1.000281464601616e+00 -1.894514602100650e-03 -9.170506582653837e-04 -1.007699301101852e+00
23 25 -1.000281342664845e+00 -1.894389235753951e-03 -9.170630151782998e-04 -1.007700056677912e+00
23 26 -1.000281276076517e+00 -1.894401857637817e-03 -9.169731178693446e-04 -1.007700361309607e+00
23 27 -1.000281267144010e+00 -1.894552392151615e-03 -9.167823919373489e-04 -1.007700202847491e+00
23 28 -1.000281315816371e+00 -1.894835054081965e-03 -9.164976635107844e-04 -1.007699587945115e+00
23 29 -1.000281419746543e+00 -1.895238575202731e-03 -9.161309596942960e-04 -1.007698541706300e+00
23 30 -1.000281574456951e+00 -1.895746709459740e-03 -9.156988543047745e-04 -1.007697106465924e+00
23 31 -1.000281773589384e+00 -1.896338982264714e-03 -9.152214224605802e-04 -1.007695339802335e+00
24 0 -1.000281702046711e+00 -1.896630289285186e-03 -9.160172458036160e-04 -1.007694202793068e+00
24 1 -1.000281962864284e+00 -1.897312472608936e-03 -9.155183789660331e-04 -1.007692008936578e+00
24 2 -1.000282241273868e+00 -1.898002370572423e-03 -9.150411840448457e-04 -1.007689718002398e+00
24 3 -1.000282526857964e+00 -1.898673126019055e-03 -9.146058542411323e-04 -1.007687418281036e+00
24 4 -1.000282809058147e+00 -1.899298987909705e-03 -9.142295621249912e-04 -1.007685197499378e+00
24 5 -1.000283077514440e+00 -1.899856288819715e-03 -9.139257581258650e-04 -1.007683139570261e+00
24 6 -1.000283322387371e+00 -1.900324292868053e-03 -9.137038194345301e-04 -1.007681321594899e+00
24 7 -1.000283534662366e+00 -1.900685891309431e-03 -9.135690341869490e-04 -1.007679811197743e+00
24 8 -1.000283706436215e+00 -1.900928133149646e-03 -9.135228713772581e-04 -1.007678664253843e+00
24 9 -1.000283831183662e+00 -1.901042587265732e-03 -9.135634608243636e-04 -1.007677923051949e+00
24 10 -1.000283903999136e+00 -1.901025540080760e-03 -9.136861924101652e-04 -1.007677614922763e+00
24 11 -1.000283921805087e+00 -1.900878038376266e-03 -9.138843406511295e-04 -1.007677751350900e+00
24 12 -1.000283883515137e+00 -1.900605789908236e-03 -9.141496284777429e-04 -1.007678327582273e+00
24 13 -1.000283790138230e+00 -1.900218934937752e-03 -9.144726618887831e-04 -1.007679322735256e+00
24 14 -1.000283644809735e+00 -1.899731699922107e-03 -9.148431948176443e-04 -1.007680700422091e+00
24 15 -1.000283452737574e+00 -1.899161941462847e-03 -9.152502196557321e-04 -1.007682409882801e+00
24 16 -1.000283221055831e+00 -1.898530585717277e-03 -9.156819180074096e-04 -1.007684387624687e+00
24 17 -1.000282958584469e+00 -1.897860967307133e-03 -9.161255400765787e-04 -1.007686559545612e+00
24 18 -1.000282675500675e+00 -1.897178073006083e-03 -9.165673025282505e-04 -1.007688843500500e+00
24 19 -1.000282382934015e+00 -1.896507698976813e-03 -9.169924003604353e-04 -1.007691152249802e+00
24 20 -1.000282092503284e+00 -1.895875535607822e-03 -9.173852172242352e-04 -1.007693396708294e+00
24 21 -1.000281815817351e+00 -1.895306201053696e-03 -9.177297902690341e-04 -1.007695489392126e+00
24 22 -1.000281563965439e+00 -1.894822253691814e-03 -9.180105415413288e-04 -1.007697347940271e+00
24 23 -1.000281347024255e+00 -1.894443224417629e-03 -9.182132347584950e-04 -1.007698898562763e+00
24 24 -1.000281173609943e+00 -1.894184719995991e-03 -9.183260650076344e-04 -1.007700079245971e+00
24 25 -1.000281050501449e+00 -1.894057655436208e-03 -9.183407508995476e-04 -1.007700842532426e+00
24 26 -1.000280982357925e+00 -1.894067673730239e-03 -9.182534814459263e-04 -1.007701157697571e+00
24 27 -1.000280971546181e+00 -1.894214803868971e-03 -9.180655765552276e-04 -1.007701012172637e+00
24 28 -1.000281018085403e+00 -1.894493392976110e-03 -9.177837504102560e-04 -1.007700412110383e+00
24 29 -1.000281119706788e+00 -1.894892327120800e-03 -9.174199173829382e-04 -1.007699382053687e+00
24 30 -1.000281272016524e+00 -1.895395530678493e-03 -9.169905422104528e-04 -1.007697963737403e+00
24 31 -1.000281468743231e+00 -1.895982710118961e-03 -9.165155980240425e-04 -1.007696214120214e+00
25 0 -1.000281422170339e+00 -1.896205633194601e-03 -9.176700949163831e-04 -1.007695142446126e+00
25 1 -1.000281680784402e+00 -1.896883021468130e-03 -9.171724950326807e-04 -1.007692964290204e+00
25 2 -1.000281957136499e+00 -1.897568247034418e-03 -9.166963691084928e-04 -1.007690688204222e+00
25 3 -1.000282240888143e+00 -1.898234626918887e-03 -9.162618772737209e-04 -1.007688401922360e+00
25 4 -1.000282521553417e+00 -1.898856577168143e-03 -9.158861650096033e-04 -1.007686192654815e+00
25 5 -1.000282788835348e+00 -1.899410584169908e-03 -9.155826622149081e-04 -1.007684143856831e+00
25 6 -1.000283032944957e+00 -1.899876046135557e-03 -9.153607331361669e-04 -1.007682332250784e+00
25 7 -1.000283244902874e+00 -1.900235962436474e-03 -9.152256612394109e-04 -1.007680825179695e+00
25 8 -1.000283416823542e+00 -1.900477458551064e-03 -9.151789194452571e-04 -1.007679678350910e+00
25 9 -1.000283542180300e+00 -1.900592143374021e-03 -9.152186507546699e-04 -1.007678934012061e+00
25 10 -1.000283616046466e+00 -1.900576303323168e-03 -9.153402688060361e-04 -1.007678619587333e+00
25 11 -1.000283635304007e+00 -1.900430943465804e-03 -9.155370836651410e-04 -1.007678746790877e+00
25 12 -1.000283598808154e+00 -1.900161688941233e-03 -9.158008655320483e-04 -1.007679311227577e+00
25 13 -1.000283507494174e+00 -1.899778559938100e-03 -9.161222776277001e-04 -1.007680292489289e+00
25 14 -1.000283364412147e+00 -1.899295631076942e-03 -9.164911382860055e-04 -1.007681654754173e+00
25 15 -1.000283174677440e+00 -1.898730582689485e-03 -9.168965085790522e-04 -1.007683347893288e+00
25 16 -1.000282945328936e+00 -1.898104148687663e-03 -9.173266401891643e-04 -1.007685309079529e+00
25 17 -1.000282685093237e+00 -1.897439464589392e-03 -9.177688514479360e-04 -1.007687464879258e+00
25 18 -1.000282404060099e+00 -1.896761320384384e-03 -9.182094212035601e-04 -1.007689733788254e+00
25 19 -1.000282113281109e+00 -1.896095326328509e-03 -9.186335966957228e-04 -1.007692029152851e+00
25 20 -1.000281824309351e+00 -1.895467005204897e-03 -9.190258008602668e-04 -1.007694262395858e+00
25 21 -1.000281548702266e+00 -1.894900831949546e-03 -9.193700955660983e-04 -1.007696346445710e+00
25 22 -1.000281297513145e+00 -1.894419250831629e-03 -9.196509124053432e-04 -1.007698199245158e+00
25 23 -1.000281080798737e+00 -1.894041711092322e-03 -9.198540092493619e-04 -1.007699747191926e+00
25 24 -1.000280907171155e+00 -1.893783772217185e-03 -9.199675601010581e-04 -1.007700928341422e+00
25 25 -1.000280783420803e+00 -1.893656336820405e-03 -9.199832483747514e-04 -1.007701695188446e+00
25 26 -1.000280714232997e+00 -1.893665069583288e-03 -9.198972163120214e-04 -1.007702016849674e+00
25 27 -1.000280702014239e+00 -1.893810053344748e-03 -9.197107290093005e-04 -1.007701880495579e+00
25 28 -1.000280746835434e+00 -1.894085718434465e-03 -9.194304412805669e-04 -1.007701291927996e+00
25 29 -1.000280846489797e+00 -1.894481060089750e-03 -9.190682063156033e-04 -1.007700275262432e+00
25 30 -1.000280996654018e+00 -1.894980134029867e-03 -9.186404280767218e-04 -1.007698871744634e+00
25 31 -1.000281191133779e+00 -1.895562796123023e-03 -9.181670216226380e-04 -1.007697137797657e+00
26 0 -1.000281180520287e+00 -1.895733565663306e-03 -9.196164148158222e-04 -1.007696095948198e+00
26 1 -1.000281436964177e+00 -1.896406401741351e-03 -9.191195754875464e-04 -1.007693933164395e+00
26 2 -1.000281711183156e+00 -1.897086926283976e-03 -9.186442989927840e-04 -1.007691672451313e+00
26 3 -1.000281992920820e+00 -1.897748631760990e-03 -9.182107226873491e-04 -1.007689400963172e+00
26 4 -1.000282271770831e+00 -1.898366113055489e-03 -9.178359639989054e-04 -1.007687205338005e+00
26 5 -1.000282537509922e+00 -1.898916032072304e-03 -9.175334199110794e-04 -1.007685168488944e+00
26 6 -1.000282780413589e+00 -1.899377952191152e-03 -9.173124173489095e-04 -1.007683366648878e+00
26 7 -1.000282991554523e+00 -1.899735020290838e-03 -9.171781988923215e-04 -1.007681866746643e+00
26 8 -1.000283163083965e+00 -1.899974484206695e-03 -9.171321951485940e-04 -1.007680724172865e+00
26 9 -1.000283288494453e+00 -1.900088042994656e-03 -9.171725090043743e-04 -1.007679980975458e+00
26 10 -1.000283362859437e+00 -1.900072035396201e-03 -9.172945202758966e-04 -1.007679664509955e+00
26 11 -1.000283383041489e+00 -1.899927477468569e-03 -9.174915147192380e-04 -1.007679786559698e+00
26 12 -1.000283347857627e+00 -1.899659962945994e-03 -9.177552495841519e-04 -1.007680342935466e+00
26 13 -1.000283258187972e+00 -1.899279439618740e-03 -9.180763873950005e-04 -1.007681313562573e+00
26 14 -1.000283117013478e+00 -1.898799872499042e-03 -9.184447584262708e-04 -1.007682663063250e+00
26 15 -1.000282929370127e+00 -1.898238800968043e-03 -9.188494479915130e-04 -1.007684341839807e+00
26 16 -1.000282702211206e+00 -1.897616794020218e-03 -9.192787427095099e-04 -1.007686287656187e+00
26 17 -1.000282444175572e+00 -1.896956806503506e-03 -9.197200035805424e-04 -1.007688427700861e+00
26 18 -1.000282165266964e+00 -1.896283440466972e-03 -9.201595562252524e-04 -1.007690681094502e+00
26 19 -1.000281876456217e+00 -1.895622119197228e-03 -9.205826954215393e-04 -1.007692961784540e+00
26 20 -1.000281589223873e+00 -1.894998186986234e-03 -9.209738898130996e-04 -1.007695181747676e+00
26 21 -1.000281315065233e+00 -1.894435955202586e-03 -9.213172430272669e-04 -1.007697254399959e+00
26 22 -1.000281064983374e+00 -1.893957724842421e-03 -9.215972224071870e-04 -1.007699098090764e+00
26 23 -1.000280848997855e+00 -1.893582826559736e-03 -9.217996137244565e-04 -1.007700639532428e+00
26 24 -1.000280675697379e+00 -1.893326729235704e-03 -9.219126101450092e-04 -1.007701816995419e+00
26 25 -1.000280551863054e+00 -1.893200274823030e-03 -9.219279061036081e-04 -1.007702583086509e+00
26 26 -1.000280482184858e+00 -1.893209097979249e-03 -9.218416483638761e-04 -1.007702906931597e+00
26 27 -1.000280469087449e+00 -1.893353282083744e-03 -9.216551016488638e-04 -1.007702775610462e+00
26 28 -1.000280512672834e+00 -1.893627288144339e-03 -9.213749164168853e-04 -1.007702194738296e+00
26 29 -1.000280610777617e+00 -1.894020171301807e-03 -9.210129381225594e-04 -1.007701188153414e+00
26 30 -1.000280759133146e+00 -1.894516074598968e-03 -9.205855605918004e-04 -1.007699796741853e+00
26 31 -1.000280951609522e+00 -1.895094965928831e-03 -9.201126875466960e-04 -1.007698076495363e+00
27 0 -1.000280986670017e+00 -1.895231909094221e-03 -9.217826020708420e-04 -1.007697026894035e+00
27 1 -1.000281241059407e+00 -1.895900609070064e-03 -9.212859907535962e-04 -1.007694878567845e+00
27 2 -1.000281513149997e+00 -1.896576581479451e-03 -9.208113190290433e-04 -1.007692633171122e+00
27 3 -1.000281792767430e+00 -1.897233488650230e-03 -9.203787129317346e-04 -1.007690377277030e+00
27 4 -1.000282069588982e+00 -1.897846109217976e-03 -9.200052620919223e-04 -1.007688196917705e+00
27 5 -1.000282333473061e+00 -1.898391295982754e-03 -9.197043185344880e-04 -1.007686174399224e+00
27 6 -1.000282574771348e+00 -1.898848802792924e-03 -9.194851472508658e-04 -1.007684385371553e+00
27 7 -1.000282784623692e+00 -1.899201958107892e-03 -9.193529140614199e-04 -1.007682896231409e+00
27 8 -1.000282955236011e+00 -1.899438173372598e-03 -9.193089624571477e-04 -1.007681761915297e+00
27 9 -1.000283080139987e+00 -1.899549284519474e-03 -9.193513036360976e-04 -1.007681024119912e+00
27 10 -1.000283154430424e+00 -1.899531733132404e-03 -9.194752267846748e-04 -1.007680709971870e+00
27 11 -1.000283174972330e+00 -1.899386598882144e-03 -9.196739329645462e-04 -1.007680831159869e+00
27 12 -1.000283140566239e+00 -1.899119496893728e-03 -9.199391051683935e-04 -1.007681383538684e+00
27 13 -1.000283052057932e+00 -1.898740353370293e-03 -9.202613464498387e-04 -1.007682347213066e+00
27 14 -1.000282912378181e+00 -1.898263070441956e-03 -9.206304458541522e-04 -1.007683687109222e+00
27 15 -1.000282726499762e+00 -1.897705087435168e-03 -9.210354671776196e-04 -1.007685354039936e+00
27 16 -1.000282501303127e+00 -1.897086842143933e-03 -9.214646945004435e-04 -1.007687286263106e+00
27 17 -1.000282245348306e+00 -1.896431134152663e-03 -9.219055032419376e-04 -1.007689411519418e+00
27 18 -1.000281968557790e+00 -1.895762393649090e-03 -9.223442481514123e-04 -1.007691649514610e+00
27 19 -1.000281681822025e+00 -1.895105862956585e-03 -9.227662655912104e-04 -1.007693914789564e+00
27 20 -1.000281396544859e+00 -1.894486703572265e-03 -9.231560755229592e-04 -1.007696119900192e+00
27 21 -1.000281124150961e+00 -1.893929048977941e-03 -9.234978392528733e-04 -1.007698178807646e+00
27 22 -1.000280875580804e+00 -1.893455033155026e-03 -9.237760847728690e-04 -1.007700010355592e+00
27 23 -1.000280660801039e+00 -1.893083835709418e-03 -9.239766590048283e-04 -1.007701541686000e+00
27 24 -1.000280488358485e+00 -1.892830794647613e-03 -9.240878155621686e-04 -1.007702711423120e+00
27 25 -1.000280365004322e+00 -1.892706644558657e-03 -9.241013081374655e-04 -1.007703472443102e+00
27 26 -1.000280295411198e+00 -1.892716938865698e-03 -9.240133409723355e-04 -1.007703794050643e+00
27 27 -1.000280281999550e+00 -1.892861707993476e-03 -9.238252335217829e-04 -1.007703663409038e+00
27 28 -1.000280324880732e+00 -1.893135390032193e-03 -9.235436873013177e-04 -1.007703086118081e+00
27 29 -1.000280421914477e+00 -1.893527048342681e-03 -9.231805946688975e-04 -1.007702085900003e+00
27 30 -1.000280568868710e+00 -1.894020865457978e-03 -9.227523918598409e-04 -1.007700703425608e+00
27 31 -1.000280759662624e+00 -1.894596879239615e-03 -9.222790194220523e-04 -1.007698994377371e+00
28 0 -1.000280848420178e+00 -1.894719766601094e-03 -9.240871487522894e-04 -1.007697898781260e+00
28 1 -1.000281100950976e+00 -1.895384909682951e-03 -9.235902128393082e-04 -1.007695763429840e+00
28 2 -1.000281371000540e+00 -1.896056656604521e-03 -9.231158721568662e-04 -1.007693532695898e+00
28 3 -1.000281648473227e+00 -1.896708827182747e-03 -9.226842539665299e-04 -1.007691292593506e+00
28 4 -1.000281923130685e+00 -1.897316381740855e-03 -9.223124208822307e-04 -1.007689128538418e+00
28 5 -1.000282184917953e+00 -1.897856372371712e-03 -9.220136683319912e-04 -1.007687122187235e+00
28 6 -1.000282424271876e+00 -1.898308761598587e-03 -9.217971762966869e-04 -1.007685348535248e+00
28 7 -1.000282632412066e+00 -1.898657086437299e-03 -9.216680010923816e-04 -1.007683873349622e+00
28 8 -1.000282801614874e+00 -1.898888956709309e-03 -9.216273580154380e-04 -1.007682750993026e+00
28 9 -1.000282925469532e+00 -1.898996386780390e-03 -9.216731179710353e-04 -1.007682022672535e+00
28 10 -1.000282999112698e+00 -1.898975968035026e-03 -9.218004247015483e-04 -1.007681715133264e+00
28 11 -1.000283019433711e+00 -1.898828894279722e-03 -9.220023360977707e-04 -1.007681839808008e+00
28 12 -1.000282985239107e+00 -1.898560854128266e-03 -9.222704019916842e-04 -1.007682392431266e+00
28 13 -1.000282897362498e+00 -1.898181803947379e-03 -9.225951094036883e-04 -1.007683353125599e+00
28 14 -1.000282758705340e+00 -1.897705632468206e-03 -9.229661537734061e-04 -1.007684686968237e+00
28 15 -1.000282574195850e+00 -1.897149724202790e-03 -9.233725306772500e-04 -1.007686345044597e+00
28 16 -1.000282350657291e+00 -1.896534424885066e-03 -9.238024824409062e-04 -1.007688265989631e+00
28 17 -1.000282096582907e+00 -1.895882410354641e-03 -9.242433691895303e-04 -1.007690378004812e+00
28 18 -1.000281821821875e+00 -1.895217961673423e-03 -9.246815560074555e-04 -1.007692601318446e+00
28 19 -1.000281537187681e+00 -1.894566153290507e-03 -9.251024132172461e-04 -1.007694851034095e+00
28 20 -1.000281254006237e+00 -1.893951966838037e-03 -9.254905150259867e-04 -1.007697040289627e+00
28 21 -1.000280983625838e+00 -1.893399350595258e-03 -9.258300932593613e-04 -1.007699083627700e+00
28 22 -1.000280736914487e+00 -1.892930254211368e-03 -9.261057591310223e-04 -1.007700900454974e+00
28 23 -1.000280523772308e+00 -1.892563679369066e-03 -9.263034528717140e-04 -1.007702418441962e+00
28 24 -1.000280352687254e+00 -1.892314797549751e-03 -9.264115293107523e-04 -1.007703576692804e+00
28 25 -1.000280230360890e+00 -1.892194192974128e-03 -9.264218487007825e-04 -1.007704328501429e+00
28 26 -1.000280161427082e+00 -1.892207289503396e-03 -9.263307241732100e-04 -1.007704643514971e+00
28 27 -1.000280148279886e+00 -1.892354013109677e-03 -9.261395836528466e-04 -1.007704509151390e+00
28 28 -1.000280191017991e+00 -1.892628726167261e-03 -9.258552346901543e-04 -1.007703931166839e+00
28 29 -1.000280287503022e+00 -1.893020447913181e-03 -9.254896714137451e-04 -1.007702933333722e+00
28 30 -1.000280433519717e+00 -1.893513350525113e-03 -9.250594248692462e-04 -1.007701556261834e+00
28 31 -1.000280623018889e+00 -1.894087496747833e-03 -9.245845195337028e-04 -1.007699855459692e+00
29 0 -1.000280771444150e+00 -1.894216812379791e-03 -9.264435112076066e-04 -1.007698676529600e+00
29 1 -1.000281022387141e+00 -1.894879123609547e-03 -9.259456877003216e-04 -1.007696552143572e+00
29 2 -1.000281290564488e+00 -1.895547142145130e-03 -9.254713742272730e-04 -1.007694334830767e+00
29 3 -1.000281565952792e+00 -1.896194826825001e-03 -9.250407116683440e-04 -1.007692110089968e+00
29 4 -1.000281838395595e+00 -1.896797310660231e-03 -9.246707367452698e-04 -1.007689962733910e+00
29 5 -1.000282097926221e+00 -1.897331845605875e-03 -9.243746787136058e-04 -1.007687973752822e+00
29 6 -1.000282335072362e+00 -1.897778612669463e-03 -9.241616134515873e-04 -1.007686217441646e+00
29 7 -1.000282541142839e+00 -1.898121376070250e-03 -9.240364598588742e-04 -1.007684758865434e+00
29 8 -1.000282708497408e+00 -1.898347971105114e-03 -9.240002684864835e-04 -1.007683651715535e+00
29 9 -1.000282830799078e+00 -1.898450625451955e-03 -9.240507255013274e-04 -1.007682936589448e+00
29 10 -1.000282903245407e+00 -1.898426121709754e-03 -9.241827789614950e-04 -1.007682639712164e+00
29 11 -1.000282922771211e+00 -1.898275814077436e-03 -9.243892904489497e-04 -1.007682772108300e+00
29 12 -1.000282888211367e+00 -1.898005513995274e-03 -9.246616230100100e-04 -1.007683329231677e+00
29 13 -1.000282800409915e+00 -1.897625258729641e-03 -9.249900949715494e-04 -1.007684291059686e+00
29 14 -1.000282662260986e+00 -1.897148973936320e-03 -9.253642577904912e-04 -1.007685622661004e+00
29 15 -1.000282478668722e+00 -1.896594037117985e-03 -9.257729928633553e-04 -1.007687275244142e+00
29 16 -1.000282256417241e+00 -1.895980745054769e-03 -9.262044619149501e-04 -1.007689187688370e+00
29 17 -1.000282003947721e+00 -1.895331686422151e-03 -9.266459800669341e-04 -1.007691288545757e+00
29 18 -1.000281731046780e+00 -1.894671021919592e-03 -9.270839027619001e-04 -1.007693498483830e+00
29 19 -1.000281448457348e+00 -1.894023678126106e-03 -9.275036237948994e-04 -1.007695733115469e+00
29 20 -1.000281167429334e+00 -1.893414467234862e-03 -9.278897706815733e-04 -1.007697906139533e+00
29 21 -1.000280899232099e+00 -1.892867152520728e-03 -9.282266550331910e-04 -1.007699932693153e+00
29 22 -1.000280654654192e+00 -1.892403489050634e-03 -9.284989911164977e-04 -1.007701732792980e+00
29 23 -1.000280443518051e+00 -1.892042280282869e-03 -9.286928420074178e-04 -1.007703234717410e+00
29 24 -1.000280274237937e+00 -1.891798501798294e-03 -9.287967010581553e-04 -1.007704378158684e+00
29 25 -1.000280153448050e+00 -1.891682550368405e-03 -9.288025781941753e-04 -1.007705116960663e+00
29 26 -1.000280085723673e+00 -1.891699677078908e-03 -9.287069430786876e-04 -1.007705421263022e+00
29 27 -1.000280073411420e+00 -1.891849655785718e-03 -9.285113833066552e-04 -1.007705278899992e+00
29 28 -1.000280116575684e+00 -1.892126722837797e-03 -9.282228656255166e-04 -1.007704695950709e+00
29 29 -1.000280213058492e+00 -1.892519802357833e-03 -9.278535385484607e-04 -1.007703696402918e+00
29 30 -1.000280358640829e+00 -1.893013006556332e-03 -9.274200773416334e-04 -1.007702320962605e+00
29 31 -1.000280547286334e+00 -1.893586376780769e-03 -9.269426347810700e-04 -1.007700625107302e+00
30 0 -1.000280759014434e+00 -1.893742535527718e-03 -9.287631285445195e-04 -1.007699328071738e+00
30 1 -1.000281008706368e+00 -1.894402861267048e-03 -9.282638582872459e-04 -1.007697212181949e+00
30 2 -1.000281275256930e+00 -1.895067803995592e-03 -9.277892403441833e-04 -1.007695006495632e+00
30 3 -1.000281548705653e+00 -1.895711437665622e-03 -9.273594409527096e-04 -1.007692796060456e+00
30 4 -1.000281818972306e+00 -1.896309051989248e-03 -9.269914736502054e-04 -1.007690665123720e+00
30 5 -1.000282076176594e+00 -1.896838090979159e-03 -9.266984958788675e-04 -1.007688694019900e+00
30 6 -1.000282310938984e+00 -1.897278954910236e-03 -9.264894653942451e-04 -1.007686956326649e+00
30 7 -1.000282514663373e+00 -1.897615644906979e-03 -9.263691409063157e-04 -1.007685516362167e+00
30 8 -1.000282679802694e+00 -1.897836240248268e-03 -9.263383771013964e-04 -1.007684427074814e+00
30 9 -1.000282800107242e+00 -1.897933208611442e-03 -9.263946375930666e-04 -1.007683728355940e+00
30 10 -1.000282870852276e+00 -1.897903557745657e-03 -9.265326324121058e-04 -1.007683445791763e+00
30 11 -1.000282889037527e+00 -1.897748842308361e-03 -9.267449816440362e-04 -1.007683589861709e+00
30 12 -1.000282853547497e+00 -1.897475041394165e-03 -9.270228145818887e-04 -1.007684155588379e+00
30 13 -1.000282765258915e+00 -1.897092321079099e-03 -9.273562333191797e-04 -1.007685122645728e+00
30 14 -1.000282627080957e+00 -1.896614693016631e-03 -9.277345992135141e-04 -1.007686455934120e+00
30 15 -1.000282443915202e+00 -1.896059575901923e-03 -9.281466372800709e-04 -1.007688106630330e+00
30 16 -1.000282222526257e+00 -1.895447262856305e-03 -9.285803924074803e-04 -1.007690013714654e+00
30 17 -1.000281971320040e+00 -1.894800295888107e-03 -9.290231054920759e-04 -1.007692105964428e+00
30 18 -1.000281700033871e+00 -1.894142749429108e-03 -9.294611005695376e-04 -1.007694304384405e+00
30 19 -1.000281419349467e+00 -1.893499428560880e-03 -9.298797812815775e-04 -1.007696525022153e+00
30 20 -1.000281140445865e+00 -1.892894993532938e-03 -9.302638241196917e-04 -1.007698682093420e+00
30 21 -1.000280874514153e+00 -1.892353030280967e-03 -9.305976263181178e-04 -1.007700691318774e+00
30 22 -1.000280632259526e+00 -1.891895096686531e-03 -9.308660209030859e-04 -1.007702473347986e+00
30 23 -1.000280423418521e+00 -1.891539785444322e-03 -9.310552179433389e-04 -1.007703957123245e+00
30 24 -1.000280256319803e+00 -1.891301854681046e-03 -9.311538803694853e-04 -1.007705083010016e+00
30 25 -1.000280137515300e+00 -1.891191484211315e-03 -9.311542048970643e-04 -1.007705805512034e+00
30 26 -1.000280071504362e+00 -1.891213715922972e-03 -9.310528603305907e-04 -1.007706095391921e+00
30 27 -1.000280060566894e+00 -1.891368129530203e-03 -9.308516406625404e-04 -1.007705941046096e+00
30 28 -1.000280104712497e+00 -1.891648789549679e-03 -9.305577201950444e-04 -1.007705349031851e+00
30 29 -1.000280201742741e+00 -1.892044477462229e-03 -9.301834491840941e-04 -1.007704343709841e+00
30 30 -1.000280347414446e+00 -1.892539198072639e-03 -9.297456918024490e-04 -1.007702966036118e+00
30 31 -1.000280535684717e+00 -1.893112925461077e-03 -9.292647702991227e-04 -1.007701271602437e+00
31 0 -1.000280811829009e+00 -1.893315466905796e-03 -9.309585211174834e-04 -1.007699825916450e+00
31 1 -1.000281060660346e+00 -1.893974743892711e-03 -9.304572666554254e-04 -1.007697715684104e+00
31 2 -1.000281325897815e+00 -1.894637396328510e-03 -9.299819910260794e-04 -1.007695519337958e+00
31 3 -1.000281597631964e+00 -1.895277584338466e-03 -9.295528978189481e-04 -1.007693321557965e+00
31 4 -1.000281865849940e+00 -1.895870731527768e-03 -9.291869828431221e-04 -1.007691206087524e+00
31 5 -1.000282120752273e+00 -1.896394458076702e-03 -9.288973302208172e-04 -1.007689252643267e+00
31 6 -1.000282353050323e+00 -1.896829375474002e-03 -9.286927703021581e-04 -1.007687534097744e+00
31 7 -1.000282554245170e+00 -1.897159722158001e-03 -9.285778845742794e-04 -1.007686114007212e+00
31 8 -1.000282716889178e+00 -1.897373830334959e-03 -9.285533083525178e-04 -1.007685044534502e+00
31 9 -1.000282834830123e+00 -1.897464424881375e-03 -9.286162543188158e-04 -1.007684364795804e+00
31 10 -1.000282903434750e+00 -1.897428763775217e-03 -9.287611620921689e-04 -1.007684099644700e+00
31 11 -1.000282919784614e+00 -1.897268634513061e-03 -9.289803741510611e-04 -1.007684258899204e+00
31 12 -1.000282882833273e+00 -1.896990222423041e-03 -9.292647469906574e-04 -1.007684837016173e+00
31 13 -1.000282793511315e+00 -1.896603865501300e-03 -9.296041263755015e-04 -1.007685813218925e+00
31 14 -1.000282654764866e+00 -1.896123707160040e-03 -9.299876446952262e-04 -1.007687152085868e+00
31 15 -1.000282471514564e+00 -1.895567253914935e-03 -9.304038345175225e-04 -1.007688804608092e+00
31 16 -1.000282250525882e+00 -1.894954840987378e-03 -9.308405913255132e-04 -1.007690709718782e+00
31 17 -1.000282000187761e+00 -1.894309006721962e-03 -9.312850533878981e-04 -1.007692796284627e+00
31 18 -1.000281730203687e+00 -1.893653777530706e-03 -9.317234904933410e-04 -1.007694985530268e+00
31 19 -1.000281451206161e+00 -1.893013868665620e-03 -9.321413006633412e-04 -1.007697193844679e+00
31 20 -1.000281174311357e+00 -1.892413812126604e-03 -9.325232024714179e-04 -1.007699335895381e+00
31 21 -1.000280910635799e+00 -1.891877031333835e-03 -9.328536804433683e-04 -1.007701327952061e+00
31 22 -1.000280670800708e+00 -1.891424892512195e-03 -9.331176958116700e-04 -1.007703091295185e+00
31 23 -1.000280464452048e+00 -1.891075773841820e-03 -9.333016222156333e-04 -1.007704555559512e+00
31 24 -1.000280299824577e+00 -1.890844203341386e-03 -9.333943157023132e-04 -1.007705661841483e+00
31 25 -1.000280183376411e+00 -1.890740122942557e-03 -9.333881899943645e-04 -1.007706365388375e+00
31 26 -1.000280119516580e+00 -1.890768337012663e-03 -9.332801487505920e-04 -1.007706637691801e+00
31 27 -1.000280110441542e+00 -1.890928196614587e-03 -9.330722314761633e-04 -1.007706467834467e+00
31 28 -1.000280156087709e+00 -1.891213555259135e-03 -9.327718604118760e-04 -1.007705862988671e+00
31 29 -1.000280254196896e+00 -1.891613009555625e-03 -9.323916278187098e-04 -1.007704848031804e+00
31 30 -1.000280400482194e+00 -1.892110413112735e-03 -9.319486260436652e-04 -1.007703464315443e+00
31 31 -1.000280588874861e+00 -1.892685628859578e-03 -9.314633837979520e-04 -1.007701767687835e+00
