3.897505067014410e-07
1.000000000000000e-12
1.000000000000000e-17
3.538955415034382e-01
1.941797088074453e-01
-7.340740740740737e-01
-1.500017464083440e+00
1.901109735892602e-07
32
32
-1.580246913580247e-02
1
0 0 -1.000279776977605e+00 -1.891512505458612e-03 -9.368491331232657e-04 -1.007704934915998e+00
0 1 -1.000280147785716e+00 -1.892507474404194e-03 -9.360623192585938e-04 -1.007701762245290e+00
0 2 -1.000280542308104e+00 -1.893503920565263e-03 -9.353245745574691e-04 -1.007698466190121e+00
0 3 -1.000280946073389e+00 -1.894462695629542e-03 -9.346687011096356e-04 -1.007695173963170e+00
0 4 -1.000281344613306e+00 -1.895347055815594e-03 -9.341209933574436e-04 -1.007692010240600e+00
0 5 -1.000281723851579e+00 -1.896124034564454e-03 -9.337001537152561e-04 -1.007689092707158e+00
0 6 -1.000282070451801e+00 -1.896765550505818e-03 -9.334169724347159e-04 -1.007686528130039e+00
0 7 -1.000282372140393e+00 -1.897249230576595e-03 -9.332747106644122e-04 -1.007684409032398e+00
0 8 -1.000282618020202e+00 -1.897558946928261e-03 -9.332700602802611e-04 -1.007682811001429e+00
0 9 -1.000282798885995e+00 -1.897685085673447e-03 -9.333945059433582e-04 -1.007681790626824e+00
0 10 -1.000282907545320e+00 -1.897624583390772e-03 -9.336358839775222e-04 -1.007681384031078e+00
0 11 -1.000282939137628e+00 -1.897380778849637e-03 -9.339799206216245e-04 -1.007681605937399e+00
0 12 -1.000282891432254e+00 -1.896963128200361e-03 -9.344115428425683e-04 -1.007682449233634e+00
0 13 -1.000282765074769e+00 -1.896386821123218e-03 -9.349157923526631e-04 -1.007683885027479e+00
0 14 -1.000282563744712e+00 -1.895672317094023e-03 -9.354782382536637e-04 -1.007685863231592e+00
0 15 -1.000282294188664e+00 -1.894844801607308e-03 -9.360848697489982e-04 -1.007688313745760e+00
0 16 -1.000281966101198e+00 -1.893933547683365e-03 -9.367215455090541e-04 -1.007691148304313e+00
0 17 -1.000281591840443e+00 -1.892971161007248e-03 -9.373731652843449e-04 -1.007694263031613e+00
0 18 -1.000281185981170e+00 -1.891992687403069e-03 -9.380227964335612e-04 -1.007697541707632e+00
0 19 -1.000280764723197e+00 -1.891034567476843e-03 -9.386510185889573e-04 -1.007700859702112e+00
0 20 -1.000280345184552e+00 -1.890133433940216e-03 -9.392357329985430e-04 -1.007704088496645e+00
0 21 -1.000279944616983e+00 -1.889324762426384e-03 -9.397526162172270e-04 -1.007707100677495e+00
0 22 -1.000279579587220e+00 -1.888641407634154e-03 -9.401762884667197e-04 -1.007709775238678e+00
0 23 -1.000279265172159e+00 -1.888112083796801e-03 -9.404821329533838e-04 -1.007712002976018e+00
0 24 -1.000279014219894e+00 -1.887759879057583e-03 -9.406485680856924e-04 -1.007713691681581e+00
0 25 -1.000278836729287e+00 -1.887600920342357e-03 -9.406594662109411e-04 -1.007714770783463e+00
0 26 -1.000278739395707e+00 -1.887643319147518e-03 -9.405063537292739e-04 -1.007715195048607e+00
0 27 -1.000278725357789e+00 -1.887886521101455e-03 -9.401900336399376e-04 -1.007714947001361e+00
0 28 -1.000278794160293e+00 -1.888321150340062e-03 -9.397213450558823e-04 -1.007714037814853e+00
0 29 -1.000278941924532e+00 -1.888929387882752e-03 -9.391209022703266e-04 -1.007712506589731e+00
0 30 -1.000279161695270e+00 -1.889685861683436e-03 -9.384178133997851e-04 -1.007710418111308e+00
0 31 -1.000279443916085e+00 -1.890558968385873e-03 -9.376475339257612e-04 -1.007707859330837e+00
1 0 -1.000280058265839e+00 -1.891102407086821e-03 -9.394337681442838e-04 -1.007705054510605e+00
1 1 -1.000280429078075e+00 -1.892099540953786e-03 -9.386402041037245e-04 -1.007701880603032e+00
1 2 -1.000280822302865e+00 -1.893094839717935e-03 -9.378993679730253e-04 -1.007698593619153e+00
1 3 -1.000281223519774e+00 -1.894049198096730e-03 -9.372442129111016e-04 -1.007695320375068e+00
1 4 -1.000281618360251e+00 -1.894926048144475e-03 -9.367010291722805e-04 -1.007692184756131e+00
1 5 -1.000281992892449e+00 -1.895692724497104e-03 -9.362883565299690e-04 -1.007689303301087e+00
1 6 -1.000282333963207e+00 -1.896321558981595e-03 -9.360166689982428e-04 -1.007686781329310e+00
1 7 -1.000282629513598e+00 -1.896790685278601e-03 -9.358887704727030e-04 -1.007684709678717e+00
1 8 -1.000282868883981e+00 -1.897084553418413e-03 -9.359007743772303e-04 -1.007683162085352e+00
1 9 -1.000283043120188e+00 -1.897194173416706e-03 -9.360434920106149e-04 -1.007682193196801e+00
1 10 -1.000283145284649e+00 -1.897117125254173e-03 -9.363040226985643e-04 -1.007681837178011e+00
1 11 -1.000283170765599e+00 -1.896857384081528e-03 -9.366673260139561e-04 -1.007682106852622e+00
1 12 -1.000283117565435e+00 -1.896425010448370e-03 -9.371175667191088e-04 -1.007682993335051e+00
1 13 -1.000282986538234e+00 -1.895835744394347e-03 -9.376390610133052e-04 -1.007684466145448e+00
1 14 -1.000282781539919e+00 -1.895110523272192e-03 -9.382167181382641e-04 -1.007686473844496e+00
1 15 -1.000282509455145e+00 -1.894274923185064e-03 -9.388359578157684e-04 -1.007688945255592e+00
1 16 -1.000282180073520e+00 -1.893358509120772e-03 -9.394821792678063e-04 -1.007691791343696e+00
1 17 -1.000281805801915e+00 -1.892394071948665e-03 -9.401399468160698e-04 -1.007694907794232e+00
1 18 -1.000281401215892e+00 -1.891416730858192e-03 -9.407921246357918e-04 -1.007698178293988e+00
1 19 -1.000280982468072e+00 -1.890462885892778e-03 -9.414192243272849e-04 -1.007701478472494e+00
1 20 -1.000280566582798e+00 -1.889569015984704e-03 -9.419992125340472e-04 -1.007704680423008e+00
1 21 -1.000280170674664e+00 -1.888770333517416e-03 -9.425079589237831e-04 -1.007707657684574e+00
1 22 -1.000279811134378e+00 -1.888099327741329e-03 -9.429203954019069e-04 -1.007710290522159e+00
1 23 -1.000279502830171e+00 -1.887584256415424e-03 -9.432123234157069e-04 -1.007712471283474e+00
1 24 -1.000279258376542e+00 -1.887247675214838e-03 -9.433626718945986e-04 -1.007714109541513e+00
1 25 -1.000279087522702e+00 -1.887105121111029e-03 -9.433558999039298e-04 -1.007715136669089e+00
1 26 -1.000278996707983e+00 -1.887164079626669e-03 -9.431841789888625e-04 -1.007715509465160e+00
1 27 -1.000278988818696e+00 -1.887423358158279e-03 -9.428489960929613e-04 -1.007715212488730e+00
1 28 -1.000279063161066e+00 -1.887872955427925e-03 -9.423618914512256e-04 -1.007714258861984e+00
1 29 -1.000279215641205e+00 -1.888494465007266e-03 -9.417441742591852e-04 -1.007712689463079e+00
1 30 -1.000279439120539e+00 -1.889261989394235e-03 -9.410256167259234e-04 -1.007710570605065e+00
1 31 -1.000279723898375e+00 -1.890143483737915e-03 -9.402422825110991e-04 -1.007707990450645e+00
2 0 -1.000280419829907e+00 -1.890829608170809e-03 -9.414878484436117e-04 -1.007704868675544e+00
2 1 -1.000280791732672e+00 -1.891831240848595e-03 -9.406866326524232e-04 -1.007701685812677e+00
2 2 -1.000281184709146e+00 -1.892827743767902e-03 -9.399418457590873e-04 -1.007698400336869e+00
2 3 -1.000281584348807e+00 -1.893779968284180e-03 -9.392866156772301e-04 -1.007695138950271e+00
2 4 -1.000281976343638e+00 -1.894651435778933e-03 -9.387472500222888e-04 -1.007692025022828e+00
2 5 -1.000282346870586e+00 -1.895409698557420e-03 -9.383421457766451e-04 -1.007689174204987e+00
2 6 -1.000282682929409e+00 -1.896027424604459e-03 -9.380814789749008e-04 -1.007686690596896e+00
2 7 -1.000282972652471e+00 -1.896483187415728e-03 -9.379676129130245e-04 -1.007684663539028e+00
2 8 -1.000283205602696e+00 -1.896761961609390e-03 -9.379960973760174e-04 -1.007683165052227e+00
2 9 -1.000283373071506e+00 -1.896855344717209e-03 -9.381570824527641e-04 -1.007682247916599e+00
2 10 -1.000283468380741e+00 -1.896761543355195e-03 -9.384369384528827e-04 -1.007681944345915e+00
2 11 -1.000283487181966e+00 -1.896485173628825e-03 -9.388198603089672e-04 -1.007682265199081e+00
2 12 -1.000283427734597e+00 -1.896036926752055e-03 -9.392892451851836e-04 -1.007683199681635e+00
2 13 -1.000283291133411e+00 -1.895433139988899e-03 -9.398286701316616e-04 -1.007684715526503e+00
2 14 -1.000283081449342e+00 -1.894695293683575e-03 -9.404223624341335e-04 -1.007686759688853e+00
2 15 -1.000282805748050e+00 -1.893849434553928e-03 -9.410551420715305e-04 -1.007689259621826e+00
2 16 -1.000282473959078e+00 -1.892925510324540e-03 -9.417119112624553e-04 -1.007692125202343e+00
2 17 -1.000282098582699e+00 -1.891956593971628e-03 -9.423768556584654e-04 -1.007695251349690e+00
2 18 -1.000281694237684e+00 -1.890977976396024e-03 -9.430325897138523e-04 -1.007698521337556e+00
2 19 -1.000281277067941e+00 -1.890026112343885e-03 -9.436595101299932e-04 -1.007701810756888e+00
2 20 -1.000280864037394e+00 -1.889137415137893e-03 -9.442356048513363e-04 -1.007704992047640e+00
2 21 -1.000280472150669e+00 -1.888346911666592e-03 -9.447368980916997e-04 -1.007707939478992e+00
2 22 -1.000280117643122e+00 -1.887686790594771e-03 -9.451386025627715e-04 -1.007710534412400e+00
2 23 -1.000279815188362e+00 -1.887184903537423e-03 -9.454169164106095e-04 -1.007712670624272e+00
2 24 -1.000279577174733e+00 -1.886863308508623e-03 -9.455512681467387e-04 -1.007714259397616e+00
2 25 -1.000279413102714e+00 -1.886736971263532e-03 -9.455267039400785e-04 -1.007715234030963e+00
2 26 -1.000279329150050e+00 -1.886812753895061e-03 -9.453360519244070e-04 -1.007715553386970e+00
2 27 -1.000279327938802e+00 -1.887088812332295e-03 -9.449815040125578e-04 -1.007715204139431e+00
2 28 -1.000279408518562e+00 -1.887554491851042e-03 -9.444753298269955e-04 -1.007714201484754e+00
2 29 -1.000279566556349e+00 -1.888190757119411e-03 -9.438395664108896e-04 -1.007712588244177e+00
2 30 -1.000279794701111e+00 -1.888971131836299e-03 -9.431046852925923e-04 -1.007710432459128e+00
2 31 -1.000280083074206e+00 -1.889863066037021e-03 -9.423073935907139e-04 -1.007707823733789e+00
3 0 -1.000280847103245e+00 -1.890705335996257e-03 -9.429297321912865e-04 -1.007704384025140e+00
3 1 -1.000281221145737e+00 -1.891713635757789e-03 -9.421202407174236e-04 -1.007701184812480e+00
3 2 -1.000281614939015e+00 -1.892713659166032e-03 -9.413707615275657e-04 -1.007697893190804e+00
3 3 -1.000282014040810e+00 -1.893666129008698e-03 -9.407146168116571e-04 -1.007694636036132e+00
3 4 -1.000282404161719e+00 -1.894534565447535e-03 -9.401781552688188e-04 -1.007691536499707e+00
3 5 -1.000282771547158e+00 -1.895286645844056e-03 -9.397796591551921e-04 -1.007688709637768e+00
3 6 -1.000283103313044e+00 -1.895895283596746e-03 -9.395290387151573e-04 -1.007686258609454e+00
3 7 -1.000283387751847e+00 -1.896339407487135e-03 -9.394282525004350e-04 -1.007684271505880e+00
3 8 -1.000283614625195e+00 -1.896604442750686e-03 -9.394723252360987e-04 -1.007682818836936e+00
3 9 -1.000283775454911e+00 -1.896682515026063e-03 -9.396507852932169e-04 -1.007681951663883e+00
3 10 -1.000283863816620e+00 -1.896572416183376e-03 -9.399493117234803e-04 -1.007681700333208e+00
3 11 -1.000283875629538e+00 -1.896279382590953e-03 -9.403513679808010e-04 -1.007682073752166e+00
3 12 -1.000283809424214e+00 -1.895814737533914e-03 -9.408396098157271e-04 -1.007683059157767e+00
3 13 -1.000283666559159e+00 -1.895195438830333e-03 -9.413968926051578e-04 -1.007684622366649e+00
3 14 -1.000283451350805e+00 -1.894443553422651e-03 -9.420067690732790e-04 -1.007686708538247e+00
3 15 -1.000283171081839e+00 -1.893585659855784e-03 -9.426534556591490e-04 -1.007689243515698e+00
3 16 -1.000282835861336e+00 -1.892652164054158e-03 -9.433213421768909e-04 -1.007692135811938e+00
3 17 -1.000282458324158e+00 -1.891676506878294e-03 -9.439942093926682e-04 -1.007695279282245e+00
3 18 -1.000282053173193e+00 -1.890694242685130e-03 -9.446543869314338e-04 -1.007698556482080e+00
3 19 -1.000281636582594e+00 -1.889741974329864e-03 -9.452821150343153e-04 -1.007701842665182e+00
3 20 -1.000281225491580e+00 -1.888856140792459e-03 -9.458553573998227e-04 -1.007705010337499e+00
3 21 -1.000280836826424e+00 -1.888071669398628e-03 -9.463502457761291e-04 -1.007707934244295e+00
3 22 -1.000280486694068e+00 -1.887420526058297e-03 -9.467422279728050e-04 -1.007710496622878e+00
3 23 -1.000280189595316e+00 -1.886930223586036e-03 -9.470078572490725e-04 -1.007712592496488e+00
3 24 -1.000279957708730e+00 -1.886622377372002e-03 -9.471270265249947e-04 -1.007714134718747e+00
3 25 -1.000279800296697e+00 -1.886511423523110e-03 -9.470853416362554e-04 -1.007715058418993e+00
3 26 -1.000279723280065e+00 -1.886603628078574e-03 -9.468762680205040e-04 -1.007715324474193e+00
3 27 -1.000279729015121e+00 -1.886896508150583e-03 -9.465026912432757e-04 -1.007714921670023e+00
3 28 -1.000279816286838e+00 -1.887378753213900e-03 -9.459776063297163e-04 -1.007713867321282e+00
3 29 -1.000279980508615e+00 -1.888030681902637e-03 -9.453237803673125e-04 -1.007712206282702e+00
3 30 -1.000280214096051e+00 -1.888825207970107e-03 -9.445723909791307e-04 -1.007710008458152e+00
3 31 -1.000280506965794e+00 -1.889729232151858e-03 -9.437607984646503e-04 -1.007707365067447e+00
4 0 -1.000281322862073e+00 -1.890734808485119e-03 -9.437000034952684e-04 -1.007703620821113e+00
4 1 -1.000281700008462e+00 -1.891751676090118e-03 -9.428819618176614e-04 -1.007700398529135e+00
4 2 -1.000282095651031e+00 -1.892757393132016e-03 -9.421272411653863e-04 -1.007697093369418e+00
4 3 -1.000282495275417e+00 -1.893712473920861e-03 -9.414693709089433e-04 -1.007693832671164e+00
4 4 -1.000282884568109e+00 -1.894580347069574e-03 -9.409347641758640e-04 -1.007690739671133e+00
4 5 -1.000283249799795e+00 -1.895328717494794e-03 -9.405416226152453e-04 -1.007687929148407e+00
4 6 -1.000283578161001e+00 -1.895930643476731e-03 -9.402996352690472e-04 -1.007685503636552e+00
4 7 -1.000283858066552e+00 -1.896365310391212e-03 -9.402104097383396e-04 -1.007683550275172e+00
4 8 -1.000284079444859e+00 -1.896618502344504e-03 -9.402685064434842e-04 -1.007682138327565e+00
4 9 -1.000284234023760e+00 -1.896682793062280e-03 -9.404628968228438e-04 -1.007681317352904e+00
4 10 -1.000284315617070e+00 -1.896557495516946e-03 -9.407786342247206e-04 -1.007681115988043e+00
4 11 -1.000284320405626e+00 -1.896248421388947e-03 -9.411985136057580e-04 -1.007681541278826e+00
4 12 -1.000284247194797e+00 -1.895767502525816e-03 -9.417045064414322e-04 -1.007682578512223e+00
4 13 -1.000284097619730e+00 -1.895132316042458e-03 -9.422787946709904e-04 -1.007684191535818e+00
4 14 -1.000283876263395e+00 -1.894365535792902e-03 -9.429042931081573e-04 -1.007686323594583e+00
4 15 -1.000283590653248e+00 -1.893494312171824e-03 -9.435646376676270e-04 -1.007688898745834e+00
4 16 -1.000283251110655e+00 -1.892549566366265e-03 -9.442437140221887e-04 -1.007691823916681e+00
4 17 -1.000282870441111e+00 -1.891565177947980e-03 -9.449248915341319e-04 -1.007694991642857e+00
4 18 -1.000282463469225e+00 -1.890577045626484e-03 -9.455901945829460e-04 -1.007698283485190e+00
4 19 -1.000282046437075e+00 -1.889622007590083e-03 -9.462196740937390e-04 -1.007701574075062e+00
4 20 -1.000281636295751e+00 -1.888736618604316e-03 -9.467912261376742e-04 -1.007704735700862e+00
4 21 -1.000281249927775e+00 -1.887955796392803e-03 -9.472810386305356e-04 -1.007707643310459e+00
4 22 -1.000280903343565e+00 -1.887311370969034e-03 -9.476647383086479e-04 -1.007710179761084e+00
4 23 -1.000280610899587e+00 -1.886830597276512e-03 -9.479191758776050e-04 -1.007712241091340e+00
4 24 -1.000280384588982e+00 -1.886534720648927e-03 -9.480246522141134e-04 -1.007713741524422e+00
4 25 -1.000280233455760e+00 -1.886437709916165e-03 -9.479672794403617e-04 -1.007714617854421e+00
4 26 -1.000280163178408e+00 -1.886545285803540e-03 -9.477411113446534e-04 -1.007714832845297e+00
4 27 -1.000280175856201e+00 -1.886854364348417e-03 -9.473496838093490e-04 -1.007714377309833e+00
4 28 -1.000280270011872e+00 -1.887353002693652e-03 -9.468066803686771e-04 -1.007713270642727e+00
4 29 -1.000280440800707e+00 -1.888020881791575e-03 -9.461355677669320e-04 -1.007711559742724e+00
4 30 -1.000280680393403e+00 -1.888830298420519e-03 -9.453682052951432e-04 -1.007709316436557e+00
4 31 -1.000280978483393e+00 -1.889747581650315e-03 -9.445425875973414e-04 -1.007706633669495e+00
5 0 -1.000281828005571e+00 -1.890916957030038e-03 -9.437643808627744e-04 -1.007702611972274e+00
5 1 -1.000282209090615e+00 -1.891943935459222e-03 -9.429379180602003e-04 -1.007699360847637e+00
5 2 -1.000282607535159e+00 -1.892957274843091e-03 -9.421776648090883e-04 -1.007696035358135e+00
5 3 -1.000283008715619e+00 -1.893917210194382e-03 -9.415173615432901e-04 -1.007692763544102e+00
5 4 -1.000283398252839e+00 -1.894786992553294e-03 -9.409835064312536e-04 -1.007689669025819e+00
5 5 -1.000283762398688e+00 -1.895534256331647e-03 -9.405942583454204e-04 -1.007686866630950e+00
5 6 -1.000284088373765e+00 -1.896132098783860e-03 -9.403591395303112e-04 -1.007684458606086e+00
5 7 -1.000284364672493e+00 -1.896559853188183e-03 -9.402794754719254e-04 -1.007682531474186e+00
5 8 -1.000284581351327e+00 -1.896803556647462e-03 -9.403494421982981e-04 -1.007681153565767e+00
5 9 -1.000284730311449e+00 -1.896856133454136e-03 -9.405575413999914e-04 -1.007680373214134e+00
5 10 -1.000284805579915e+00 -1.896717333364570e-03 -9.408882914089015e-04 -1.007680217571267e+00
5 11 -1.000284803582995e+00 -1.896393476103280e-03 -9.413239089950936e-04 -1.007680691984844e+00
5 12 -1.000284723393896e+00 -1.895897054683326e-03 -9.418457670465988e-04 -1.007681779887472e+00
5 13 -1.000284566926559e+00 -1.895246239716623e-03 -9.424354508011269e-04 -1.007683443183534e+00
5 14 -1.000284339041245e+00 -1.894464308181131e-03 -9.430753012736536e-04 -1.007685623161302e+00
5 15 -1.000284047528520e+00 -1.893578999576332e-03 -9.437484227879662e-04 -1.007688241987664e+00
5 16 -1.000283702946630e+00 -1.892621786616387e-03 -9.444382290190545e-04 -1.007691204845699e+00
5 17 -1.000283318301032e+00 -1.891627040286406e-03 -9.451276922391177e-04 -1.007694402749919e+00
5 18 -1.000282908570725e+00 -1.890631070012786e-03 -9.457985276326934e-04 -1.007697716031477e+00
5 19 -1.000282490100487e+00 -1.889671026423566e-03 -9.464305751565673e-04 -1.007701018440642e+00
5 20 -1.000282079889137e+00 -1.888783664887486e-03 -9.470016256319226e-04 -1.007704181774842e+00
5 21 -1.000281694811424e+00 -1.888003983060686e-03 -9.474878721300776e-04 -1.007707080904867e+00
5 22 -1.000281350816495e+00 -1.887363766462188e-03 -9.478650588127136e-04 -1.007709599029490e+00
5 23 -1.000281062150155e+00 -1.886890102661767e-03 -9.481102647432425e-04 -1.007711632932863e+00
5 24 -1.000280840651370e+00 -1.886603953754229e-03 -9.482041249217530e-04 -1.007713097954000e+00
5 25 -1.000280695173676e+00 -1.886518901762286e-03 -9.481331819180157e-04 -1.007713932321613e+00
5 26 -1.000280631176858e+00 -1.886640193859991e-03 -9.478920025075090e-04 -1.007714100487181e+00
5 27 -1.000280650521716e+00 -1.886964206037017e-03 -9.474847000560025e-04 -1.007713595128048e+00
5 28 -1.000280751481314e+00 -1.887478411528138e-03 -9.469255778943590e-04 -1.007712437599169e+00
5 29 -1.000280928958639e+00 -1.888161887629354e-03 -9.462387391120644e-04 -1.007710676772390e+00
5 30 -1.000281174877923e+00 -1.888986332192743e-03 -9.454566680311432e-04 -1.007708386380106e+00
5 31 -1.000281478700100e+00 -1.889917503515833e-03 -9.446179452519268e-04 -1.007705661132694e+00
6 0 -1.000282342409061e+00 -1.891244447195165e-03 -9.431157630611661e-04 -1.007701401254112e+00
6 1 -1.000282728099710e+00 -1.892282648772251e-03 -9.422814396250438e-04 -1.007698116782311e+00
6 2 -1.000283130175907e+00 -1.893305206313267e-03 -9.415156681346424e-04 -1.007694765077053e+00
6 3 -1.000283533872680e+00 -1.894272017017752e-03 -9.408523933223858e-04 -1.007691475115039e+00
6 4 -1.000283924706790e+00 -1.895146076411554e-03 -9.403182143853333e-04 -1.007688371178729e+00
6 5 -1.000284288868261e+00 -1.895894854026961e-03 -9.399312863589926e-04 -1.007685568464589e+00
6 6 -1.000284613562161e+00 -1.896491379397936e-03 -9.397010253317463e-04 -1.007683169279357e+00
6 7 -1.000284887316581e+00 -1.896915019702797e-03 -9.396285543869897e-04 -1.007681259886788e+00
6 8 -1.000285100272100e+00 -1.897151949459159e-03 -9.397077602249801e-04 -1.007679908034447e+00
6 9 -1.000285244463623e+00 -1.897195332345795e-03 -9.399267808358003e-04 -1.007679161154046e+00
6 10 -1.000285314098021e+00 -1.897045253616129e-03 -9.402697118855323e-04 -1.007679045195661e+00
6 11 -1.000285305821155e+00 -1.896708454106811e-03 -9.407183056980814e-04 -1.007679564038563e+00
6 12 -1.000285218956618e+00 -1.896197918793685e-03 -9.412534466024842e-04 -1.007680699429595e+00
6 13 -1.000285055688457e+00 -1.895532362702664e-03 -9.418562245380230e-04 -1.007682411432797e+00
6 14 -1.000284821154214e+00 -1.894735638244016e-03 -9.425084953629934e-04 -1.007684639415616e+00
6 15 -1.000284523415675e+00 -1.893836067680251e-03 -9.431929045753633e-04 -1.007687303625969e+00
6 16 -1.000284173283231e+00 -1.892865689112186e-03 -9.438924483449926e-04 -1.007690307415628e+00
6 17 -1.000283783983632e+00 -1.891859397303038e-03 -9.445897361202530e-04 -1.007693540138998e+00
6 18 -1.000283370676637e+00 -1.890853961384159e-03 -9.452661867201618e-04 -1.007696880714236e+00
6 19 -1.000282949840170e+00 -1.889886907892451e-03 -9.459014206236038e-04 -1.007700201789894e+00
6 20 -1.000282538554311e+00 -1.888995268242158e-03 -9.464730949639891e-04 -1.007703374422094e+00
6 21 -1.000282153721737e+00 -1.888214204786578e-03 -9.469573616373268e-04 -1.007706273131973e+00
6 22 -1.000281811267289e+00 -1.887575550107805e-03 -9.473300200956071e-04 -1.007708781172103e+00
6 23 -1.000281525363483e+00 -1.887106320199949e-03 -9.475683021293967e-04 -1.007710795776498e+00
6 24 -1.000281307731860e+00 -1.886827291013496e-03 -9.476530906977445e-04 -1.007712233104886e+00
6 25 -1.000281167070393e+00 -1.886751752839208e-03 -9.475712655665821e-04 -1.007713032536075e+00
6 26 -1.000281108651963e+00 -1.886884569168302e-03 -9.473178093424650e-04 -1.007713159945161e+00
6 27 -1.000281134126447e+00 -1.887221657893783e-03 -9.468973143170724e-04 -1.007712609639773e+00
6 28 -1.000281241539479e+00 -1.887749979902274e-03 -9.463246059265509e-04 -1.007711404738830e+00
6 29 -1.000281425557639e+00 -1.888448067353182e-03 -9.456243295252192e-04 -1.007709595937533e+00
6 30 -1.000281677867260e+00 -1.889287061898064e-03 -9.448295073340926e-04 -1.007707258779132e+00
6 31 -1.000281987697261e+00 -1.890232175635883e-03 -9.439792291543477e-04 -1.007704489705797e+00
7 0 -1.000282845801255e+00 -1.891704003569618e-03 -9.417752168158210e-04 -1.007700040883927e+00
7 1 -1.000283236566677e+00 -1.892754059274168e-03 -9.409340196267740e-04 -1.007696719987225e+00
7 2 -1.000283642944530e+00 -1.893787027432434e-03 -9.401630718670117e-04 -1.007693337340617e+00
7 3 -1.000284050002698e+00 -1.894762423741716e-03 -9.394965044717449e-04 -1.007690023040229e+00
7 4 -1.000284443120239e+00 -1.895642921747698e-03 -9.389610272419250e-04 -1.007686902278101e+00
7 5 -1.000284808385241e+00 -1.896395739422371e-03 -9.385748284917908e-04 -1.007684090920742e+00
7 6 -1.000285132942554e+00 -1.896993735551847e-03 -9.383472812027277e-04 -1.007681691676206e+00
7 7 -1.000285405306843e+00 -1.897416196727114e-03 -9.382793923209626e-04 -1.007679790913747e+00
7 8 -1.000285615655646e+00 -1.897649314522353e-03 -9.383648649484238e-04 -1.007678456168516e+00
7 9 -1.000285756112625e+00 -1.897686371726964e-03 -9.385915937024247e-04 -1.007677734329186e+00
7 10 -1.000285821023811e+00 -1.897527674743441e-03 -9.389433807458850e-04 -1.007677650473890e+00
7 11 -1.000285807220034e+00 -1.897180282265349e-03 -9.394016459184526e-04 -1.007678207300840e+00
7 12 -1.000285714247989e+00 -1.896657583121862e-03 -9.399469140989939e-04 -1.007679385105466e+00
7 13 -1.000285544542631e+00 -1.895978766625588e-03 -9.405599011997416e-04 -1.007681142286328e+00
7 14 -1.000285303507922e+00 -1.895168210235045e-03 -9.412220869679293e-04 -1.007683416402323e+00
7 15 -1.000284999474222e+00 -1.894254789186065e-03 -9.419157510088316e-04 -1.007686125831611e+00
7 16 -1.000284643509243e+00 -1.893271097809777e-03 -9.426235455507378e-04 -1.007689172082471e+00
7 17 -1.000284249073475e+00 -1.892252565461882e-03 -9.433277690721780e-04 -1.007692442778960e+00
7 18 -1.000283831526445e+00 -1.891236450584589e-03 -9.440095729414489e-04 -1.007695815302434e+00
7 19 -1.000283407504007e+00 -1.890260702522160e-03 -9.446483639274873e-04 -1.007699161027423e+00
7 20 -1.000282994197256e+00 -1.889362691222971e-03 -9.452216485952094e-04 -1.007702350053153e+00
7 21 -1.000282608570684e+00 -1.888577819926324e-03 -9.457054990695513e-04 -1.007705256297786e+00
7 22 -1.000282266562011e+00 -1.887938056027258e-03 -9.460757111690860e-04 -1.007707762782941e+00
7 23 -1.000281982309970e+00 -1.887470440747890e-03 -9.463095922280694e-04 -1.007709766883905e+00
7 24 -1.000281767459323e+00 -1.887195666770140e-03 -9.463881805388881e-04 -1.007711185257971e+00
7 25 -1.000281630592893e+00 -1.887126838180330e-03 -9.462985882464574e-04 -1.007711958107228e+00
7 26 -1.000281576835377e+00 -1.887268539331789e-03 -9.460361000282613e-04 -1.007712052411923e+00
7 27 -1.000281607661291e+00 -1.887616329993883e-03 -9.456056675818161e-04 -1.007711463812071e+00
7 28 -1.000281720919889e+00 -1.888156750644813e-03 -9.450225166727147e-04 -1.007710216925001e+00
7 29 -1.000281911066615e+00 -1.888867868791603e-03 -9.443117150537960e-04 -1.007708364047153e+00
7 30 -1.000282169568190e+00 -1.889720335502828e-03 -9.435067095403634e-04 -1.007705982364273e+00
7 31 -1.000282485431776e+00 -1.890678864225055e-03 -9.426469970053490e-04 -1.007703169944782e+00
8 0 -1.000283318617675e+00 -1.892277022381990e-03 -9.397917555977576e-04 -1.007698588651289e+00
8 1 -1.000283714709724e+00 -1.893339056672364e-03 -9.389450575885717e-04 -1.007695229809762e+00
8 2 -1.000284125871669e+00 -1.894383176168614e-03 -9.381695957552286e-04 -1.007691812846032e+00
8 3 -1.000284536985967e+00 -1.895368487981721e-03 -9.374996578136242e-04 -1.007688469109369e+00
8 4 -1.000284933266589e+00 -1.896257291466351e-03 -9.369620657032770e-04 -1.007685324907644e+00
8 5 -1.000285300664282e+00 -1.897016477633208e-03 -9.365750735765682e-04 -1.007682497047454e+00
8 6 -1.000285626221870e+00 -1.897618639341010e-03 -9.363480734458456e-04 -1.007680088959405e+00
8 7 -1.000285898394393e+00 -1.898042872275157e-03 -9.362820450322737e-04 -1.007678187475043e+00
8 8 -1.000286107347933e+00 -1.898275264928215e-03 -9.363706194277675e-04 -1.007676860292664e+00
8 9 -1.000286245246480e+00 -1.898309094879731e-03 -9.366015767591783e-04 -1.007676154135496e+00
8 10 -1.000286306528957e+00 -1.898144766990366e-03 -9.369585654982775e-04 -1.007676093572845e+00
8 11 -1.000286288169134e+00 -1.897789542349750e-03 -9.374228171605143e-04 -1.007676680455016e+00
8 12 -1.000286189900698e+00 -1.897257110089406e-03 -9.379746396711899e-04 -1.007677893916638e+00
8 13 -1.000286014380428e+00 -1.896567045486097e-03 -9.385945105140873e-04 -1.007679690930440e+00
8 14 -1.000285767257289e+00 -1.895744180163589e-03 -9.392636572657246e-04 -1.007682007430519e+00
8 15 -1.000285457116831e+00 -1.894817890508750e-03 -9.399641015352294e-04 -1.007684760049807e+00
8 16 -1.000285095278945e+00 -1.893821295444726e-03 -9.406782399075538e-04 -1.007687848516176e+00
8 17 -1.000284695440888e+00 -1.892790347813122e-03 -9.413881263285049e-04 -1.007691158724593e+00
8 18 -1.000284273172779e+00 -1.891762804365270e-03 -9.420746881124113e-04 -1.007694566460693e+00
8 19 -1.000283845286480e+00 -1.890777065608941e-03 -9.427171379222551e-04 -1.007697941708372e+00
8 20 -1.000283429108864e+00 -1.889870886984200e-03 -9.432928269810718e-04 -1.007701153438156e+00
8 21 -1.000283041697065e+00 -1.889079977141904e-03 -9.437777184885080e-04 -1.007704074741506e+00
8 22 -1.000282699037699e+00 -1.888436518637099e-03 -9.441475520901055e-04 -1.007706588138955e+00
8 23 -1.000282415275793e+00 -1.887967671631992e-03 -9.443796365399084e-04 -1.007708590838440e+00
8 24 -1.000282202022196e+00 -1.887694149770500e-03 -9.444550718779547e-04 -1.007709999657233e+00
8 25 -1.000282067788840e+00 -1.887628982493205e-03 -9.443610919879499e-04 -1.007710755265124e+00
8 26 -1.000282017596344e+00 -1.887776590088943e-03 -9.440931590801899e-04 -1.007710825387060e+00
8 27 -1.000282052786098e+00 -1.888132288346232e-03 -9.436564500054223e-04 -1.007710206645289e+00
8 28 -1.000282171049636e+00 -1.888682305998144e-03 -9.430664517763764e-04 -1.007708924830985e+00
8 29 -1.000282366664830e+00 -1.889404344943902e-03 -9.423485156995802e-04 -1.007707033556410e+00
8 30 -1.000282630905929e+00 -1.890268651308641e-03 -9.415363796951653e-04 -1.007704611415278e+00
8 31 -1.000282952577840e+00 -1.891239508360989e-03 -9.406698249337211e-04 -1.007701757929449e+00
9 0 -1.000283742786662e+00 -1.892940433001019e-03 -9.372408284438567e-04 -1.007697104846387e+00
9 1 -1.000284144232070e+00 -1.894014065666208e-03 -9.363903149077709e-04 -1.007693708135249e+00
9 2 -1.000284560455498e+00 -1.895069601831517e-03 -9.356112835797019e-04 -1.007690254942702e+00
9 3 -1.000284976143806e+00 -1.896065730479083e-03 -9.349381389681683e-04 -1.007686877951058e+00
9 4 -1.000285376325793e+00 -1.896964340718853e-03 -9.343978079515482e-04 -1.007683704741810e+00
9 5 -1.000285746785646e+00 -1.897731935418355e-03 -9.340086367376658e-04 -1.007680853290097e+00
9 6 -1.000286074427046e+00 -1.898340757996226e-03 -9.337800948673378e-04 -1.007678428037389e+00
9 7 -1.000286347602047e+00 -1.898769611454481e-03 -9.337132225904207e-04 -1.007676516612061e+00
9 8 -1.000286556417607e+00 -1.899004366040446e-03 -9.338016913847529e-04 -1.007675187241168e+00
9 9 -1.000286693028181e+00 -1.899038170873798e-03 -9.340332982188824e-04 -1.007674486863463e+00
9 10 -1.000286751915730e+00 -1.898871403466511e-03 -9.343916818042600e-04 -1.007674439919930e+00
9 11 -1.000286730149267e+00 -1.898511404434059e-03 -9.348580353148170e-04 -1.007675047777659e+00
9 12 -1.000286627605841e+00 -1.897972048222848e-03 -9.354125994178349e-04 -1.007676288745780e+00
9 13 -1.000286447126044e+00 -1.897273192925034e-03 -9.360357567630260e-04 -1.007678118666457e+00
9 14 -1.000286194572631e+00 -1.896440035980698e-03 -9.367086151418146e-04 -1.007680472096302e+00
9 15 -1.000285878762823e+00 -1.895502383644542e-03 -9.374130551116841e-04 -1.007683264116348e+00
9 16 -1.000285511253502e+00 -1.894493826957594e-03 -9.381313159317292e-04 -1.007686392808628e+00
9 17 -1.000285105972145e+00 -1.893450809755152e-03 -9.388452845046123e-04 -1.007689742411406e+00
9 18 -1.000284678701615e+00 -1.892411575218293e-03 -9.395357191359024e-04 -1.007693187122786e+00
9 19 -1.000284246440500e+00 -1.891414984051110e-03 -9.401816695783636e-04 -1.007696595479031e+00
9 20 -1.000283826670436e+00 -1.890499207180062e-03 -9.407603379667628e-04 -1.007699835199748e+00
9 21 -1.000283436567888e+00 -1.889700309170470e-03 -9.412475595279040e-04 -1.007702778364016e+00
9 22 -1.000283092201880e+00 -1.889050757496655e-03 -9.416189738763880e-04 -1.007705306746545e+00
9 23 -1.000282807762904e+00 -1.888577918260312e-03 -9.418518234868104e-04 -1.007707317091258e+00
9 24 -1.000282594871413e+00 -1.888302627740984e-03 -9.419271798112077e-04 -1.007708726036112e+00
9 25 -1.000282462014892e+00 -1.888237953929337e-03 -9.418322873811710e-04 -1.007709474348197e+00
9 26 -1.000282414157592e+00 -1.888388273760675e-03 -9.415626573641065e-04 -1.007709530109884e+00
9 27 -1.000282452554926e+00 -1.888748782427358e-03 -9.411235504315822e-04 -1.007708890538108e+00
9 28 -1.000282574785394e+00 -1.889305517847475e-03 -9.405305662027139e-04 -1.007707582227338e+00
9 29 -1.000282774989782e+00 -1.890035929970928e-03 -9.398091890693734e-04 -1.007705659768084e+00
9 30 -1.000283044284655e+00 -1.890909961958709e-03 -9.389933013408952e-04 -1.007703202871431e+00
9 31 -1.000283371300376e+00 -1.891891552958336e-03 -9.381228316285599e-04 -1.007700312281447e+00
10 0 -1.000284102411914e+00 -1.893667751084146e-03 -9.342215238563833e-04 -1.007695649240678e+00
10 1 -1.000284509016541e+00 -1.894752125612741e-03 -9.333690912258733e-04 -1.007692216283610e+00
10 2 -1.000284930367559e+00 -1.895818870266027e-03 -9.325876516492755e-04 -1.007688726449641e+00
10 3 -1.000285350954391e+00 -1.896826263884049e-03 -9.319116778792718e-04 -1.007685313778579e+00
10 4 -1.000285755608560e+00 -1.897735766435622e-03 -9.313681865863413e-04 -1.007682107230122e+00
10 5 -1.000286129925756e+00 -1.898513447829994e-03 -9.309756352178313e-04 -1.007679226126720e+00
10 6 -1.000286460639577e+00 -1.899131133428335e-03 -9.307436232966322e-04 -1.007676776165099e+00
10 7 -1.000286735960346e+00 -1.899567244284762e-03 -9.306733342903385e-04 -1.007674846069832e+00
10 8 -1.000286945890952e+00 -1.899807326648044e-03 -9.307585883515250e-04 -1.007673504938250e+00
10 9 -1.000287082527128e+00 -1.899844283835549e-03 -9.309873275261011e-04 -1.007672800293794e+00
10 10 -1.000287140342538e+00 -1.899678342225842e-03 -9.313433227708110e-04 -1.007672756831139e+00
10 11 -1.000287116450032e+00 -1.899316796758365e-03 -9.318078782412127e-04 -1.007673375814969e+00
10 12 -1.000287010820574e+00 -1.898773585392125e-03 -9.323613174693170e-04 -1.007674635095191e+00
10 13 -1.000286826433063e+00 -1.898068735138401e-03 -9.329840730778404e-04 -1.007676489722368e+00
10 14 -1.000286569324280e+00 -1.897227707111063e-03 -9.336572674800762e-04 -1.007678873175970e+00
10 15 -1.000286248510482e+00 -1.896280649936108e-03 -9.343627604282182e-04 -1.007681699238077e+00
10 16 -1.000285875760984e+00 -1.895261556035160e-03 -9.350827371776632e-04 -1.007684864543843e+00
10 17 -1.000285465217694e+00 -1.894207308092412e-03 -9.357990016357101e-04 -1.007688251813959e+00
10 18 -1.000285032869743e+00 -1.893156603938387e-03 -9.364922057154575e-04 -1.007691733732475e+00
10 19 -1.000284595905588e+00 -1.892148754475578e-03 -9.371412757355302e-04 -1.007695177391135e+00
10 20 -1.000284171974300e+00 -1.891222358596518e-03 -9.377232800525872e-04 -1.007698449189224e+00
10 21 -1.000283778393329e+00 -1.890413871699527e-03 -9.382139165448858e-04 -1.007701420052107e+00
10 22 -1.000283431343915e+00 -1.889756102927717e-03 -9.385886903933215e-04 -1.007703970798270e+00
10 23 -1.000283145098938e+00 -1.889276701629047e-03 -9.388247182693601e-04 -1.007705997433514e+00
10 24 -1.000282931331202e+00 -1.888996722312865e-03 -9.389029590806568e-04 -1.007707416087563e+00
10 25 -1.000282798550712e+00 -1.888929382021601e-03 -9.388105615837095e-04 -1.007708167253728e+00
10 26 -1.000282751714794e+00 -1.889079135533595e-03 -9.385429602860239e-04 -1.007708218973846e+00
10 27 -1.000282792042930e+00 -1.889441184628037e-03 -9.381053591427719e-04 -1.007707568651332e+00
10 28 -1.000282917049409e+00 -1.890001504494422e-03 -9.375133199673561e-04 -1.007706243282962e+00
10 29 -1.000283120783673e+00 -1.890737416768676e-03 -9.367923057298782e-04 -1.007704298061545e+00
10 30 -1.000283394245493e+00 -1.891618675567936e-03 -9.359761909502321e-04 -1.007701813481393e+00
10 31 -1.000283725925190e+00 -1.892608975402956e-03 -9.351049085551265e-04 -1.007698891230394e+00
11 0 -1.000284384325826e+00 -1.894430254912556e-03 -9.308525857548394e-04 -1.007694278351071e+00
11 1 -1.000284795690197e+00 -1.895524090592413e-03 -9.300002219454449e-04 -1.007690812196850e+00
11 2 -1.000285222028487e+00 -1.896601388025744e-03 -9.292176650578859e-04 -1.007687286766676e+00
11 3 -1.000285647638928e+00 -1.897620040444493e-03 -9.285394023707324e-04 -1.007683837428172e+00
11 4 -1.000286057151882e+00 -1.898541077179700e-03 -9.279925191145047e-04 -1.007680594568146e+00
11 5 -1.000286435960560e+00 -1.899330108064049e-03 -9.275955961077119e-04 -1.007677678979993e+00
11 6 -1.000286770604804e+00 -1.899958489028463e-03 -9.273584073345410e-04 -1.007675197808006e+00
11 7 -1.000287049120591e+00 -1.900404185736032e-03 -9.272823537128911e-04 -1.007673241126265e+00
11 8 -1.000287261366381e+00 -1.900652328125784e-03 -9.273615040182291e-04 -1.007671879206734e+00
11 9 -1.000287399332678e+00 -1.900695466703066e-03 -9.275840657275666e-04 -1.007671160500722e+00
11 10 -1.000287457434072e+00 -1.900533559611527e-03 -9.279340766460259e-04 -1.007671110325500e+00
11 11 -1.000287432774199e+00 -1.900173733501104e-03 -9.283930942971888e-04 -1.007671730225146e+00
11 12 -1.000287325364763e+00 -1.899629866288880e-03 -9.289416689325585e-04 -1.007672997972039e+00
11 13 -1.000287138271950e+00 -1.898922034065684e-03 -9.295604227491538e-04 -1.007674868193007e+00
11 14 -1.000286877659906e+00 -1.898075849868481e-03 -9.302306234320039e-04 -1.007677273630915e+00
11 15 -1.000286552703458e+00 -1.897121704584325e-03 -9.309342280817229e-04 -1.007680127070655e+00
11 16 -1.000286175351474e+00 -1.896093906286051e-03 -9.316534708643673e-04 -1.007683323954345e+00
11 17 -1.000285759936128e+00 -1.895029707643933e-03 -9.323701579645609e-04 -1.007686745682657e+00
11 18 -1.000285322638290e+00 -1.893968211669960e-03 -9.330649004210996e-04 -1.007690263558432e+00
11 19 -1.000284880831990e+00 -1.892949151589088e-03 -9.337165453164714e-04 -1.007693743289770e+00
11 20 -1.000284452339744e+00 -1.892011549364176e-03 -9.343020490657789e-04 -1.007697049940127e+00
11 21 -1.000284054635929e+00 -1.891192269914612e-03 -9.347969707320262e-04 -1.007700053187943e+00
11 22 -1.000283704039201e+00 -1.890524506370619e-03 -9.351766552726555e-04 -1.007702632725656e+00
11 23 -1.000283414938352e+00 -1.890036256545769e-03 -9.354180428845571e-04 -1.007704683578575e+00
11 24 -1.000283199099061e+00 -1.889748879270797e-03 -9.355019050181400e-04 -1.007706121061744e+00
11 25 -1.000283065099706e+00 -1.889675844218588e-03 -9.354151974339807e-04 -1.007706885037095e+00
11 26 -1.000283017939999e+00 -1.889821800916217e-03 -9.351531611909334e-04 -1.007706943112736e+00
11 27 -1.000283058854499e+00 -1.890182083500686e-03 -9.347208105353670e-04 -1.007706292466172e+00
11 28 -1.000283185344203e+00 -1.890742734167653e-03 -9.341335247472277e-04 -1.007704960082177e+00
11 29 -1.000283391416184e+00 -1.891481074393253e-03 -9.334165948552006e-04 -1.007703001358114e+00
11 30 -1.000283667998576e+00 -1.892366790104587e-03 -9.326037381605006e-04 -1.007700497208461e+00
11 31 -1.000284003481317e+00 -1.893363439694100e-03 -9.317347503167153e-04 -1.007697549951626e+00
12 0 -1.000284578499810e+00 -1.895198213300095e-03 -9.272674262721039e-04 -1.007693043165330e+00
12 1 -1.000284994044123e+00 -1.896299876055477e-03 -9.264170843674967e-04 -1.007689548102279e+00
12 2 -1.000285425037706e+00 -1.897386669548754e-03 -9.256347326806114e-04 -1.007685989471284e+00
12 3 -1.000285855601225e+00 -1.898416140651450e-03 -9.249548182269431e-04 -1.007682503887964e+00
12 4 -1.000286270168016e+00 -1.899348903446102e-03 -9.244044696640567e-04 -1.007679223159624e+00
12 5 -1.000286653923042e+00 -1.900150098770101e-03 -9.240023966885856e-04 -1.007676269616321e+00
12 6 -1.000286993196669e+00 -1.900790580381560e-03 -9.237585832955569e-04 -1.007673751984817e+00
12 7 -1.000287275825209e+00 -1.901247803332971e-03 -9.236747114718747e-04 -1.007671761887644e+00
12 8 -1.000287491488475e+00 -1.901506405754663e-03 -9.237451869109928e-04 -1.007670371027476e+00
12 9 -1.000287632029719e+00 -1.901558492609006e-03 -9.239585906625729e-04 -1.007669629088024e+00
12 10 -1.000287691756190e+00 -1.901403647608283e-03 -9.242993494898462e-04 -1.007669562351598e+00
12 11 -1.000287667709760e+00 -1.901048713667664e-03 -9.247494041923469e-04 -1.007670173009996e+00
12 12 -1.000287559888291e+00 -1.900507388374663e-03 -9.252896636874230e-04 -1.007671439139269e+00
12 13 -1.000287371391015e+00 -1.899799676209757e-03 -9.259010687060100e-04 -1.007673315323032e+00
12 14 -1.000287108457869e+00 -1.898951225395763e-03 -9.265651538976380e-04 -1.007675733933598e+00
12 15 -1.000286780375576e+00 -1.897992560396584e-03 -9.272640845593207e-04 -1.007678607096677e+00
12 16 -1.000286399232771e+00 -1.896958207986912e-03 -9.279802409219870e-04 -1.007681829358664e+00
12 17 -1.000285979520582e+00 -1.895885708835502e-03 -9.286955127859048e-04 -1.007685281045611e+00
12 18 -1.000285537589938e+00 -1.894814506968746e-03 -9.293905342719593e-04 -1.007688832262862e+00
12 19 -1.000285090989089e+00 -1.893784714134633e-03 -9.300441184692093e-04 -1.007692347448498e+00
12 20 -1.000284657713288e+00 -1.892835754068523e-03 -9.306331350168394e-04 -1.007695690367019e+00
12 21 -1.000284255403713e+00 -1.892004903896637e-03 -9.311330078815313e-04 -1.007698729405989e+00
12 22 -1.000283900536402e+00 -1.891325767967638e-03 -9.315189030346004e-04 -1.007701343006566e+00
12 23 -1.000283607645155e+00 -1.890826743776186e-03 -9.317675426430174e-04 -1.007703425010755e+00
12 24 -1.000283388625421e+00 -1.890529567915354e-03 -9.318594468868456e-04 -1.007704889646376e+00
12 25 -1.000283252167021e+00 -1.890448055493276e-03 -9.317812937034189e-04 -1.007705675813333e+00
12 26 -1.000283203359559e+00 -1.890587159210554e-03 -9.315280267711823e-04 -1.007705750311819e+00
12 27 -1.000283243502817e+00 -1.890942465199497e-03 -9.311043504677749e-04 -1.007705109692294e+00
12 28 -1.000283370135494e+00 -1.891500208579738e-03 -9.305253293777733e-04 -1.007703780517092e+00
12 29 -1.000283577272349e+00 -1.892237837556293e-03 -9.298159439425014e-04 -1.007701817986261e+00
12 30 -1.000283855817234e+00 -1.893125092344753e-03 -9.290096152966271e-04 -1.007699303058307e+00
12 31 -1.000284194102733e+00 -1.894125508267064e-03 -9.281458687075350e-04 -1.007696338347022e+00
13 0 -1.000284678309538e+00 -1.895942097503437e-03 -9.236083950011556e-04 -1.007691987433945e+00
13 1 -1.000285097305468e+00 -1.897049683036413e-03 -9.227618732486822e-04 -1.007688468761411e+00
13 2 -1.000285532453250e+00 -1.898144576714166e-03 -9.219809832386385e-04 -1.007684880516309e+00
13 3 -1.000285967715918e+00 -1.899184030569851e-03 -9.213000797631310e-04 -1.007681360438440e+00
13 4 -1.000286387341293e+00 -1.900128274302276e-03 -9.207463082095066e-04 -1.007678041696593e+00
13 5 -1.000286776308390e+00 -1.900941988659913e-03 -9.203385071313672e-04 -1.007675048165224e+00
13 6 -1.000287120730671e+00 -1.901595511691944e-03 -9.200868972532045e-04 -1.007672490228029e+00
13 7 -1.000287408227487e+00 -1.902065752354570e-03 -9.199934935567166e-04 -1.007670461194870e+00
13 8 -1.000287628273056e+00 -1.902336800746097e-03 -9.200531127685090e-04 -1.007669034398661e+00
13 9 -1.000287772527419e+00 -1.902400241142106e-03 -9.202548016477132e-04 -1.007668261010686e+00
13 10 -1.000287835146658e+00 -1.902255191432059e-03 -9.205834811324401e-04 -1.007668168581686e+00
13 11 -1.000287813061014e+00 -1.901908106787940e-03 -9.210215883215072e-04 -1.007668760292141e+00
13 12 -1.000287706200811e+00 -1.901372392004776e-03 -9.215505065279225e-04 -1.007670014887638e+00
13 13 -1.000287517643139e+00 -1.900667863205043e-03 -9.221516088789887e-04 -1.007671887286228e+00
13 14 -1.000287253649473e+00 -1.899820086902525e-03 -9.228068050085725e-04 -1.007674309865651e+00
13 15 -1.000286923567600e+00 -1.898859608445230e-03 -9.234985672140785e-04 -1.007677194452050e+00
13 16 -1.000286539580944e+00 -1.897821069246044e-03 -9.242095087593522e-04 -1.007680435023984e+00
13 17 -1.000286116302492e+00 -1.896742206498049e-03 -9.249216764202771e-04 -1.007683911115087e+00
13 18 -1.000285670225372e+00 -1.895662729581610e-03 -9.256157859195110e-04 -1.007687491858494e+00
13 19 -1.000285219054308e+00 -1.894623071715556e-03 -9.262706587899834e-04 -1.007691040581388e+00
13 20 -1.000284780950196e+00 -1.893663022601829e-03 -9.268631028140030e-04 -1.007694419834046e+00
13 21 -1.000284373724776e+00 -1.892820259134559e-03 -9.273684130295016e-04 -1.007697496717438e+00
13 22 -1.000284014025700e+00 -1.892128808765181e-03 -9.277615632324879e-04 -1.007700148343500e+00
13 23 -1.000283716555553e+00 -1.891617504504898e-03 -9.280190249385184e-04 -1.007702267213869e+00
13 24 -1.000283493371563e+00 -1.891308519143716e-03 -9.281210151121157e-04 -1.007703766239765e+00
13 25 -1.000283353313828e+00 -1.891216092108259e-03 -9.280538630138136e-04 -1.007704583067048e+00
13 26 -1.000283301605922e+00 -1.891345575417835e-03 -9.278121265575660e-04 -1.007704683346312e+00
13 27 -1.000283339660393e+00 -1.891692916305065e-03 -9.274000971188729e-04 -1.007704062625904e+00
13 28 -1.000283465102803e+00 -1.892244659976939e-03 -9.268324105979707e-04 -1.007702746654942e+00
13 29 -1.000283672004693e+00 -1.892978501740771e-03 -9.261336164201919e-04 -1.007700790046450e+00
13 30 -1.000283951293158e+00 -1.893864355019794e-03 -9.253367174481149e-04 -1.007698273429592e+00
13 31 -1.000284291287930e+00 -1.894865844842002e-03 -9.244808500877278e-04 -1.007695299370912e+00
14 0 -1.000284680662726e+00 -1.896633719209524e-03 -9.200206179846312e-04 -1.007691146555725e+00
14 1 -1.000285102269080e+00 -1.897745141810214e-03 -9.191794578485588e-04 -1.007687610332593e+00
14 2 -1.000285540928509e+00 -1.898846471896905e-03 -9.184011337483312e-04 -1.007683997059337e+00
14 3 -1.000285980471461e+00 -1.899894727732990e-03 -9.177198624643906e-04 -1.007680445439259e+00
14 4 -1.000286404978179e+00 -1.900849798781210e-03 -9.171627805344506e-04 -1.007677089896744e+00
14 5 -1.000286799231561e+00 -1.901675931224293e-03 -9.167488515958182e-04 -1.007674055802853e+00
14 6 -1.000287149128952e+00 -1.902342952979842e-03 -9.164885515506848e-04 -1.007671455211368e+00
14 7 -1.000287442063824e+00 -1.902827211952442e-03 -9.163842678682975e-04 -1.007669383194888e+00
14 8 -1.000287667285930e+00 -1.903112214836929e-03 -9.164312863632421e-04 -1.007667914853930e+00
14 9 -1.000287816243490e+00 -1.903188970165092e-03 -9.166191929239659e-04 -1.007667103044727e+00
14 10 -1.000287882903853e+00 -1.903056056818805e-03 -9.169334878191508e-04 -1.007666976839411e+00
14 11 -1.000287864040504e+00 -1.902719453555586e-03 -9.173571972558568e-04 -1.007667540707789e+00
14 12 -1.000287759465511e+00 -1.902192171771188e-03 -9.178722750123310e-04 -1.007668774402208e+00
14 13 -1.000287572179884e+00 -1.901493730648930e-03 -9.184606217182656e-04 -1.007670633536100e+00
14 14 -1.000287308411992e+00 -1.900649502536755e-03 -9.191046125534279e-04 -1.007673050863493e+00
14 15 -1.000286977517958e+00 -1.899689941675171e-03 -9.197871100339652e-04 -1.007675938276779e+00
14 16 -1.000286591727757e+00 -1.898649697188616e-03 -9.204910341747868e-04 -1.007679189531364e+00
14 17 -1.000286165734747e+00 -1.897566605403481e-03 -9.211986512449015e-04 -1.007682683676298e+00
14 18 -1.000285716141301e+00 -1.896480557087613e-03 -9.218908085098419e-04 -1.007686289129952e+00
14 19 -1.000285260785360e+00 -1.895432239629350e-03 -9.225463721822315e-04 -1.007689868304764e+00
14 20 -1.000284817980610e+00 -1.894461760824300e-03 -9.231421098439914e-04 -1.007693282662954e+00
14 21 -1.000284405707133e+00 -1.893607171098744e-03 -9.236531941179323e-04 -1.007696398068731e+00
14 22 -1.000284040792330e+00 -1.892902917698414e-03 -9.240543976825158e-04 -1.007699090275445e+00
14 23 -1.000283738125279e+00 -1.892378288932125e-03 -9.243219167452993e-04 -1.007701250337202e+00
14 24 -1.000283509951175e+00 -1.892055935822436e-03 -9.244356244578224e-04 -1.007702789668923e+00
14 25 -1.000283365293762e+00 -1.891950584696428e-03 -9.243814450830155e-04 -1.007703644418509e+00
14 26 -1.000283309549689e+00 -1.892068067314496e-03 -9.241534799447822e-04 -1.007703778790292e+00
14 27 -1.000283344287469e+00 -1.892404786524615e-03 -9.237555244056955e-04 -1.007703186995538e+00
14 28 -1.000283467265111e+00 -1.892947701849996e-03 -9.232016934541224e-04 -1.007701893612997e+00
14 29 -1.000283672657342e+00 -1.893674865237017e-03 -9.225160072929196e-04 -1.007699952305034e+00
14 30 -1.000283951460371e+00 -1.894556473951367e-03 -9.217309500166427e-04 -1.007697443015547e+00
14 31 -1.000284292025144e+00 -1.895556350281919e-03 -9.208851708696412e-04 -1.007694467928625e+00
15 0 -1.000284586003758e+00 -1.897247250243868e-03 -9.166457464157256e-04 -1.007690547012697e+00
15 1 -1.000285009303207e+00 -1.898360331413721e-03 -9.158111572740851e-04 -1.007686999800463e+00
15 2 -1.000285450720396e+00 -1.899466241099303e-03 -9.150362851067501e-04 -1.007683366876106e+00
15 3 -1.000285893982179e+00 -1.900521831676074e-03 -9.143551719268518e-04 -1.007679787716026e+00
15 4 -1.000286323024498e+00 -1.901486707356179e-03 -9.137949236321437e-04 -1.007676397853601e+00
15 5 -1.000286722450658e+00 -1.902324720137866e-03 -9.133746232178613e-04 -1.007673324057443e+00
15 6 -1.000287077950454e+00 -1.903005211728581e-03 -9.131050123882635e-04 -1.007670680004706e+00
15 7 -1.000287376691000e+00 -1.903503974701499e-03 -9.129888774925998e-04 -1.007668562541382e+00
15 8 -1.000287607687328e+00 -1.903803918717236e-03 -9.130220142266510e-04 -1.007667048607108e+00
15 9 -1.000287762155592e+00 -1.903895443271768e-03 -9.131946008224968e-04 -1.007666192876446e+00
15 10 -1.000287833844516e+00 -1.903776535823866e-03 -9.134927800259975e-04 -1.007666026136558e+00
15 11 -1.000287819332194e+00 -1.903452628644132e-03 -9.139002372274375e-04 -1.007666554395878e+00
15 12 -1.000287718266691e+00 -1.902936254564707e-03 -9.143995702559082e-04 -1.007667758710102e+00
15 13 -1.000287533522315e+00 -1.902246539152249e-03 -9.149732809069983e-04 -1.007669595719784e+00
15 14 -1.000287271241449e+00 -1.901408556551133e-03 -9.156042806973373e-04 -1.007671998907701e+00
15 15 -1.000286940736065e+00 -1.900452562824179e-03 -9.162758879755278e-04 -1.007674880590466e+00
15 16 -1.000286554233117e+00 -1.899413109164216e-03 -9.169713880253732e-04 -1.007678134648151e+00
15 17 -1.000286126462106e+00 -1.898328031448976e-03 -9.176733162500082e-04 -1.007681639966710e+00
15 18 -1.000285674097870e+00 -1.897237312806580e-03 -9.183626907371125e-04 -1.007685264529324e+00
15 19 -1.000285215083799e+00 -1.896181820108829e-03 -9.190184504632642e-04 -1.007688870058495e+00
15 20 -1.000284767868416e+00 -1.895201921710219e-03 -9.196173395214853e-04 -1.007692317089405e+00
15 21 -1.000284350592195e+00 -1.894336003224541e-03 -9.201344134718778e-04 -1.007695470340894e+00
15 22 -1.000283980264152e+00 -1.893618914021219e-03 -9.205442376536160e-04 -1.007698204226050e+00
15 23 -1.000283671971029e+00 -1.893080401458713e-03 -9.208227148200165e-04 -1.007700408296223e+00
15 24 -1.000283438165597e+00 -1.892743619639613e-03 -9.209493441885670e-04 -1.007701992344655e+00
15 25 -1.000283288082092e+00 -1.892623826310404e-03 -9.209096034281597e-04 -1.007702890833057e+00
15 26 -1.000283227322986e+00 -1.892727394937599e-03 -9.206970851509848e-04 -1.007703066278222e+00
15 27 -1.000283257650030e+00 -1.893051260569402e-03 -9.203150273497000e-04 -1.007702511271576e+00
15 28 -1.000283376994120e+00 -1.893582884809042e-03 -9.197769552896553e-04 -1.007701248910427e+00
15 29 -1.000283579675359e+00 -1.894300771245556e-03 -9.191062861840216e-04 -1.007699331581350e+00
15 30 -1.000283856801703e+00 -1.895175499236801e-03 -9.183349097954475e-04 -1.007696838217480e+00
15 31 -1.000284196797230e+00 -1.896171186222254e-03 -9.175009143001114e-04 -1.007693870306102e+00
16 0 -1.000284398212603e+00 -1.897760095132596e-03 -9.136159531627979e-04 -1.007690206253401e+00
16 1 -1.000284822247336e+00 -1.898872647312768e-03 -9.127887686016973e-04 -1.007686654867427e+00
16 2 -1.000285265587512e+00 -1.899981160405055e-03 -9.120179767252288e-04 -1.007683008249545e+00
16 3 -1.000285711888201e+00 -1.901042392989499e-03 -9.113374192469114e-04 -1.007679406436002e+00
16 4 -1.000286144968662e+00 -1.902015727653932e-03 -9.107741551701920e-04 -1.007675985887427e+00
16 5 -1.000286549274878e+00 -1.902864675550221e-03 -9.103473802256861e-04 -1.007672874624532e+00
16 6 -1.000286910304794e+00 -1.903558133042294e-03 -9.100681050433219e-04 -1.007670187844744e+00
16 7 -1.000287215006908e+00 -1.904071363182389e-03 -9.099395279092114e-04 -1.007668024114255e+00
16 8 -1.000287452160141e+00 -1.904386686980287e-03 -9.099579773610715e-04 -1.007666462215644e+00
16 9 -1.000287612737326e+00 -1.904493884330375e-03 -9.101142561202752e-04 -1.007665558707210e+00
16 10 -1.000287690247297e+00 -1.904390321223467e-03 -9.103951892583089e-04 -1.007665346219565e+00
16 11 -1.000287681042006e+00 -1.904080834314710e-03 -9.107851669725882e-04 -1.007665832489513e+00
16 12 -1.000287584566490e+00 -1.903577411158912e-03 -9.112674804541150e-04 -1.007667000121603e+00
16 13 -1.000287403522997e+00 -1.902898702240003e-03 -9.118252834778067e-04 -1.007668807074587e+00
16 14 -1.000287143918717e+00 -1.902069391218322e-03 -9.124420739589622e-04 -1.007671187882590e+00
16 15 -1.000286814971062e+00 -1.901119437301603e-03 -9.131016731974210e-04 -1.007674055624873e+00
16 16 -1.000286428854959e+00 -1.900083193158454e-03 -9.137877739483565e-04 -1.007677304644613e+00
16 17 -1.000286000290894e+00 -1.898998396265420e-03 -9.144832163976366e-04 -1.007680813987196e+00
16 18 -1.000285545987102e+00 -1.897905031369201e-03 -9.151692173907857e-04 -1.007684451491491e+00
16 19 -1.000285083961162e+00 -1.896844065388679e-03 -9.158248083376704e-04 -1.007688078435431e+00
16 20 -1.000284632773975e+00 -1.895856062196844e-03 -9.164267212093189e-04 -1.007691554616960e+00
16 21 -1.000284210713077e+00 -1.894979694036415e-03 -9.169498977279438e-04 -1.007694743737717e+00
16 22 -1.000283834964792e+00 -1.894250181772107e-03 -9.173686910987952e-04 -1.007697518933723e+00
16 23 -1.000283520817886e+00 -1.893697720029668e-03 -9.176586979786413e-04 -1.007699768250576e+00
16 24 -1.000283280945054e+00 -1.893345973155772e-03 -9.177990235516734e-04 -1.007701399792429e+00
16 25 -1.000283124810400e+00 -1.893210755562975e-03 -9.177746718419386e-04 -1.007702346208100e+00
16 26 -1.000283058247484e+00 -1.893299024189799e-03 -9.175786931376358e-04 -1.007702568148460e+00
16 27 -1.000283083241406e+00 -1.893608302573366e-03 -9.172137283123499e-04 -1.007702056363871e+00
16 28 -1.000283197929841e+00 -1.894126622676312e-03 -9.166926680449744e-04 -1.007700832216292e+00
16 29 -1.000283396814816e+00 -1.894833016814930e-03 -9.160382785095152e-04 -1.007698946541601e+00
16 30 -1.000283671154026e+00 -1.895698528892865e-03 -9.152818062894613e-04 -1.007696476978251e+00
16 31 -1.000284009483095e+00 -1.896687656333196e-03 -9.144607309477058e-04 -1.007693524033848e+00
17 0 -1.000284124415351e+00 -1.898153602661695e-03 -9.110484875266176e-04 -1.007690132889579e+00
17 1 -1.000284548220171e+00 -1.899263504642162e-03 -9.102291547679822e-04 -1.007686584167723e+00
17 2 -1.000284992597044e+00 -1.900372594715039e-03 -9.094628038683421e-04 -1.007682930189803e+00
17 3 -1.000285441162755e+00 -1.901437611487660e-03 -9.087830629254899e-04 -1.007679311322787e+00
17 4 -1.000285877650885e+00 -1.902417786221394e-03 -9.082169337034694e-04 -1.007675864742969e+00
17 5 -1.000286286377327e+00 -1.903276353688473e-03 -9.077837173526954e-04 -1.007672719536064e+00
17 6 -1.000286652670267e+00 -1.903981820970560e-03 -9.074946894185628e-04 -1.007669992264733e+00
17 7 -1.000286963275066e+00 -1.904508966224139e-03 -9.073534601341664e-04 -1.007667783101313e+00
17 8 -1.000287206741866e+00 -1.904839551736844e-03 -9.073568957871159e-04 -1.007666172607994e+00
17 9 -1.000287373798124e+00 -1.904962750214978e-03 -9.074964339013289e-04 -1.007665219222608e+00
17 10 -1.000287457700753e+00 -1.904875299289435e-03 -9.077595974987493e-04 -1.007664957479072e+00
17 11 -1.000287454553686e+00 -1.904581413199923e-03 -9.081315020313207e-04 -1.007665396967308e+00
17 12 -1.000287363568019e+00 -1.904092488097200e-03 -9.085961566335224e-04 -1.007666522027187e+00
17 13 -1.000287187235494e+00 -1.903426635847239e-03 -9.091373947194522e-04 -1.007668292176244e+00
17 14 -1.000286931384272e+00 -1.902608072025906e-03 -9.097393296683316e-04 -1.007670643282373e+00
17 15 -1.000286605090601e+00 -1.901666371695332e-03 -9.103863141019140e-04 -1.007673489496019e+00
17 16 -1.000286220430705e+00 -1.900635596685119e-03 -9.110624740045137e-04 -1.007676725941519e+00
17 17 -1.000285792071775e+00 -1.899553293196106e-03 -9.117509761957031e-04 -1.007680232135645e+00
17 18 -1.000285336715629e+00 -1.898459358398560e-03 -9.124332534629074e-04 -1.007683876064269e+00
17 19 -1.000284872420392e+00 -1.897394777751606e-03 -9.130884416354819e-04 -1.007687518818041e+00
17 20 -1.000284417833088e+00 -1.896400240233144e-03 -9.136932670421797e-04 -1.007691019669944e+00
17 21 -1.000283991370031e+00 -1.895514647756140e-03 -9.142225587245623e-04 -1.007694241464571e+00
17 22 -1.000283610384565e+00 -1.894773550522489e-03 -9.146504543252487e-04 -1.007697056165665e+00
17 23 -1.000283290364850e+00 -1.894207563832852e-03 -9.149522372871243e-04 -1.007699350361558e+00
17 24 -1.000283044208059e+00 -1.893840851700129e-03 -9.151066085170203e-04 -1.007701030459864e+00
17 25 -1.000282881619277e+00 -1.893689790601906e-03 -9.150980851375430e-04 -1.007702027235325e+00
17 26 -1.000282808680105e+00 -1.893761941564051e-03 -9.149191588390983e-04 -1.007702299362601e+00
17 27 -1.000282827620967e+00 -1.894055451036707e-03 -9.145718543689553e-04 -1.007701835598239e+00
17 28 -1.000282936812511e+00 -1.894558967770390e-03 -9.140684067967374e-04 -1.007700655381180e+00
17 29 -1.000283130968283e+00 -1.895252109158911e-03 -9.134309092119096e-04 -1.007698807782056e+00
17 30 -1.000283401527846e+00 -1.896106447619874e-03 -9.126899429299361e-04 -1.007696368911718e+00
17 31 -1.000283737172166e+00 -1.897086929877696e-03 -9.118823575267240e-04 -1.007693438054970e+00
18 0 -1.000283774720681e+00 -1.898413614849924e-03 -9.090410495377336e-04 -1.007690327063330e+00
18 1 -1.000284197352897e+00 -1.899518877043712e-03 -9.082296498136028e-04 -1.007686787656201e+00
18 2 -1.000284641856298e+00 -1.900626530513703e-03 -9.074678509304693e-04 -1.007683132832325e+00
18 3 -1.000285091843519e+00 -1.901693367082513e-03 -9.067890658476636e-04 -1.007679503051594e+00
18 4 -1.000285530995946e+00 -1.902678541542462e-03 -9.062202341424716e-04 -1.007676035970707e+00
18 5 -1.000285943530796e+00 -1.903545086005481e-03 -9.057807541438165e-04 -1.007672861516683e+00
18 6 -1.000286314634271e+00 -1.904261187713233e-03 -9.054821553467797e-04 -1.007670097415093e+00
18 7 -1.000286630871098e+00 -1.904801201658818e-03 -9.053284471514232e-04 -1.007667845273896e+00
18 8 -1.000286880578168e+00 -1.905146381606582e-03 -9.053170203688043e-04 -1.007666187307594e+00
18 9 -1.000287054244596e+00 -1.905285327882548e-03 -9.054399354140721e-04 -1.007665183760657e+00
18 10 -1.000287144872859e+00 -1.905214166079736e-03 -9.056854044027264e-04 -1.007664871060261e+00
18 11 -1.000287148306469e+00 -1.904936484137043e-03 -9.060392634781419e-04 -1.007665260706085e+00
18 12 -1.000287063500701e+00 -1.904463062462499e-03 -9.064862399380245e-04 -1.007666338895681e+00
18 13 -1.000286892706508e+00 -1.903811430672936e-03 -9.070108515218399e-04 -1.007668066887980e+00
18 14 -1.000286641536142e+00 -1.903005275943595e-03 -9.075978351612419e-04 -1.007670382117368e+00
18 15 -1.000286318883588e+00 -1.902073716100816e-03 -9.082320847491011e-04 -1.007673200073995e+00
18 16 -1.000285936683676e+00 -1.901050440848427e-03 -9.088981697730259e-04 -1.007676416951312e+00
18 17 -1.000285509508401e+00 -1.899972720089052e-03 -9.095795931200366e-04 -1.007679913029233e+00
18 18 -1.000285054014029e+00 -1.898880278677858e-03 -9.102580112919196e-04 -1.007683556722531e+00
18 19 -1.000284588264464e+00 -1.897814039840985e-03 -9.109126700093120e-04 -1.007687209194545e+00
18 20 -1.000284130963706e+00 -1.896814744137479e-03 -9.115202928197011e-04 -1.007690729420869e+00
18 21 -1.000283700634099e+00 -1.895921459359250e-03 -9.120555967085964e-04 -1.007693979576685e+00
18 22 -1.000283314779878e+00 -1.895170012463970e-03 -9.124925031574857e-04 -1.007696830597199e+00
18 23 -1.000282989078901e+00 -1.894591398904792e-03 -9.128059815878768e-04 -1.007699167711866e+00
18 24 -1.000282736649278e+00 -1.894210254617979e-03 -9.129743280473883e-04 -1.007700895684095e+00
18 25 -1.000282567439461e+00 -1.894043503742412e-03 -9.129815723915888e-04 -1.007701943420712e+00
18 26 -1.000282487787058e+00 -1.894099310303339e-03 -9.128196476847809e-04 -1.007702267581851e+00
18 27 -1.000282500180870e+00 -1.894376455187818e-03 -9.124899632861865e-04 -1.007701854851199e+00
18 28 -1.000282603242116e+00 -1.894864227094608e-03 -9.120041004731584e-04 -1.007700722629441e+00
18 29 -1.000282791917513e+00 -1.895542862364567e-03 -9.113834819867549e-04 -1.007698918074879e+00
18 30 -1.000283057853736e+00 -1.896384505464525e-03 -9.106580271249039e-04 -1.007696515596400e+00
18 31 -1.000283389905362e+00 -1.897354604247174e-03 -9.098639589906028e-04 -1.007693613059850e+00
19 0 -1.000283361891783e+00 -1.898530859794998e-03 -9.076681792514531e-04 -1.007690780860136e+00
19 1 -1.000283782457981e+00 -1.899629679432228e-03 -9.068644727751507e-04 -1.007687257042161e+00
19 2 -1.000284226179839e+00 -1.900733952525222e-03 -9.061071274937305e-04 -1.007683607880419e+00
19 3 -1.000284676699724e+00 -1.901800594525586e-03 -9.054293500684821e-04 -1.007679973688173e+00
19 4 -1.000285117681828e+00 -1.902788760800335e-03 -9.048580175610271e-04 -1.007676492350893e+00
19 5 -1.000285533279395e+00 -1.903661361606371e-03 -9.044126158584215e-04 -1.007673294382945e+00
19 6 -1.000285908569289e+00 -1.904386345236009e-03 -9.041049101219845e-04 -1.007670498428572e+00
19 7 -1.000286229964331e+00 -1.904937720418839e-03 -9.039392831769809e-04 -1.007668207309658e+00
19 8 -1.000286485611195e+00 -1.905296300962678e-03 -9.039136191927923e-04 -1.007666504706717e+00
19 9 -1.000286665776337e+00 -1.905450170552915e-03 -9.040205678708133e-04 -1.007665452532629e+00
19 10 -1.000286763214725e+00 -1.905394881546723e-03 -9.042489977392709e-04 -1.007665089028816e+00
19 11 -1.000286773506769e+00 -1.905133414553057e-03 -9.045854366391569e-04 -1.007665427592079e+00
19 12 -1.000286695339591e+00 -1.904675932233051e-03 -9.050153062847201e-04 -1.007666456332929e+00
19 13 -1.000286530702183e+00 -1.904039359523624e-03 -9.055237907221157e-04 -1.007668138370943e+00
19 14 -1.000286284962329e+00 -1.903246814263695e-03 -9.060962379724603e-04 -1.007670412882003e+00
19 15 -1.000285966797746e+00 -1.902326900681558e-03 -9.067180756695015e-04 -1.007673196915000e+00
19 16 -1.000285587964635e+00 -1.901312868564645e-03 -9.073743131309649e-04 -1.007676387981247e+00
19 17 -1.000285162901584e+00 -1.900241636673560e-03 -9.080487881334428e-04 -1.007679867387056e+00
19 18 -1.000284708182114e+00 -1.899152679702559e-03 -9.087233810086533e-04 -1.007683504240187e+00
19 19 -1.000284241841252e+00 -1.898086781138535e-03 -9.093774481551868e-04 -1.007687160030707e+00
19 20 -1.000283782608953e+00 -1.897084658667898e-03 -9.099877118342122e-04 -1.007690693672398e+00
19 21 -1.000283349086970e+00 -1.896185476842428e-03 -9.105287796337833e-04 -1.007693966881326e+00
19 22 -1.000282958908657e+00 -1.895425277442806e-03 -9.109743612569888e-04 -1.007696849743946e+00
19 23 -1.000282627924868e+00 -1.894835382672573e-03 -9.112991186989187e-04 -1.007699226276801e+00
19 24 -1.000282369463035e+00 -1.894440856454251e-03 -9.114809523723610e-04 -1.007700999709451e+00
19 25 -1.000282193708418e+00 -1.894259136846452e-03 -9.115034171433210e-04 -1.007702097154403e+00
19 26 -1.000282107253140e+00 -1.894298967919209e-03 -9.113579031838698e-04 -1.007702473293164e+00
19 27 -1.000282112847890e+00 -1.894559753196290e-03 -9.110452238154155e-04 -1.007702112734439e+00
19 28 -1.000282209372846e+00 -1.895031420808540e-03 -9.105763291493446e-04 -1.007701030801132e+00
19 29 -1.000282392020998e+00 -1.895694836808817e-03 -9.099719966398270e-04 -1.007699272663440e+00
19 30 -1.000282652663773e+00 -1.896522739650172e-03 -9.092615099999169e-04 -1.007696910917795e+00
19 31 -1.000282980351285e+00 -1.897481111099955e-03 -9.084804925532331e-04 -1.007694041868046e+00
20 0 -1.000282900957973e+00 -1.898501198031713e-03 -9.069787797119322e-04 -1.007691478683731e+00
20 1 -1.000283318638383e+00 -1.899592005827249e-03 -9.061822655882863e-04 -1.007687976180662e+00
20 2 -1.000283760697637e+00 -1.900691076498236e-03 -9.054291194872258e-04 -1.007684339002291e+00
20 3 -1.000284210840725e+00 -1.901755514973099e-03 -9.047523590585108e-04 -1.007680707080032e+00
20 4 -1.000284652750213e+00 -1.902744554089010e-03 -9.041788020370478e-04 -1.007677218267675e+00
20 5 -1.000285070552295e+00 -1.903621067622936e-03 -9.037280100803153e-04 -1.007674003390679e+00
20 6 -1.000285449251004e+00 -1.904352854866541e-03 -9.034119577625066e-04 -1.007671181733073e+00
20 7 -1.000285775141355e+00 -1.904913668067528e-03 -9.032353624905462e-04 -1.007668857064161e+00
20 8 -1.000286036209586e+00 -1.905283965718641e-03 -9.031965534145841e-04 -1.007667114291086e+00
20 9 -1.000286222523149e+00 -1.905451389412192e-03 -9.032887155516113e-04 -1.007666016796795e+00
20 10 -1.000286326605401e+00 -1.905410978020472e-03 -9.035013185572611e-04 -1.007665604492340e+00
20 11 -1.000286343780591e+00 -1.905165145987467e-03 -9.038215292184103e-04 -1.007665892590438e+00
20 12 -1.000286272465264e+00 -1.904723458705216e-03 -9.042354162880390e-04 -1.007666871100883e+00
20 13 -1.000286114375091e+00 -1.904102235987269e-03 -9.047287898955350e-04 -1.007668505055881e+00
20 14 -1.000285874614148e+00 -1.903324006158376e-03 -9.052875770393368e-04 -1.007670735484274e+00
20 15 -1.000285561618169e+00 -1.902416822148687e-03 -9.058977152658892e-04 -1.007673481155723e+00
20 16 -1.000285186934255e+00 -1.901413441794435e-03 -9.065446374369477e-04 -1.007676641100470e+00
20 17 -1.000284764834356e+00 -1.900350370281917e-03 -9.072125060543575e-04 -1.007680097877778e+00
20 18 -1.000284311775160e+00 -1.899266763214636e-03 -9.078834199016132e-04 -1.007683721527354e+00
20 19 -1.000283845729322e+00 -1.898203191986219e-03 -9.085368448597533e-04 -1.007687374107403e+00
20 20 -1.000283385420778e+00 -1.897200277875494e-03 -9.091495049039470e-04 -1.007690914707009e+00
20 21 -1.000282949500918e+00 -1.896297209496915e-03 -9.096959054544930e-04 -1.007694204810221e+00
20 22 -1.000282555705353e+00 -1.895530173677017e-03 -9.101495557313095e-04 -1.007697113865952e+00
20 23 -1.000282220034545e+00 -1.894930754302096e-03 -9.104848257034171e-04 -1.007699524868127e+00
20 24 -1.000281956005701e+00 -1.894524384117192e-03 -9.106792402245143e-04 -1.007701339678669e+00
20 25 -1.000281774025403e+00 -1.894328962780981e-03 -9.107159046789782e-04 -1.007702483755440e+00
20 26 -1.000281680929160e+00 -1.894353770162038e-03 -9.105856975697968e-04 -1.007702909910954e+00
20 27 -1.000281679723238e+00 -1.894598797742817e-03 -9.102888727196415e-04 -1.007702600754096e+00
20 28 -1.000281769545629e+00 -1.895054589231275e-03 -9.098357901767218e-04 -1.007701569567080e+00
20 29 -1.000281945839803e+00 -1.895702628153519e-03 -9.092466268901575e-04 -1.007699859529148e+00
20 30 -1.000282200711536e+00 -1.896516246965661e-03 -9.085500781446839e-04 -1.007697541380366e+00
20 31 -1.000282523421453e+00 -1.897461974355064e-03 -9.077812148775656e-04 -1.007694709776625e+00
21 0 -1.000282408765918e+00 -1.898325730455721e-03 -9.069948126788619e-04 -1.007692397564709e+00
21 1 -1.000282822837206e+00 -1.899407230809721e-03 -9.062047931159471e-04 -1.007688921392703e+00
21 2 -1.000283262404406e+00 -1.900499447257627e-03 -9.054554925372574e-04 -1.007685302152987e+00
21 3 -1.000283711266308e+00 -1.901559733968974e-03 -9.047797630534319e-04 -1.007681679169989e+00
21 4 -1.000284153159064e+00 -1.902547475938199e-03 -9.042043680834406e-04 -1.007678190003697e+00
21 5 -1.000284572219839e+00 -1.903425597701560e-03 -9.037489301050725e-04 -1.007674965501007e+00
21 6 -1.000284953419044e+00 -1.904161845552365e-03 -9.034255987087199e-04 -1.007672125281506e+00
21 7 -1.000285282972348e+00 -1.904729815040136e-03 -9.032393745631189e-04 -1.007669773758824e+00
21 8 -1.000285548741168e+00 -1.905109707395097e-03 -9.031889674312547e-04 -1.007667996781351e+00
21 9 -1.000285740624716e+00 -1.905288812977232e-03 -9.032680247635219e-04 -1.007666858950018e+00
21 10 -1.000285850938907e+00 -1.905261735783882e-03 -9.034665407503286e-04 -1.007666401640445e+00
21 11 -1.000285874768099e+00 -1.905030386183072e-03 -9.037722456005791e-04 -1.007666641733914e+00
21 12 -1.000285810265870e+00 -1.904603774905789e-03 -9.041717849529167e-04 -1.007667571056293e+00
21 13 -1.000285658873450e+00 -1.903997638458901e-03 -9.046515335603999e-04 -1.007669156534633e+00
21 14 -1.000285425421841e+00 -1.903233916928447e-03 -9.051979466827698e-04 -1.007671341095089e+00
21 15 -1.000285118088152e+00 -1.902340094163128e-03 -9.057974325757708e-04 -1.007674045327922e+00
21 16 -1.000284748187783e+00 -1.901348401638578e-03 -9.064358196595821e-04 -1.007677169928530e+00
21 17 -1.000284329799028e+00 -1.900294883016200e-03 -9.070975774422581e-04 -1.007680598891159e+00
21 18 -1.000283879231844e+00 -1.899218316546843e-03 -9.077650145935878e-04 -1.007684203394628e+00
21 19 -1.000283414365032e+00 -1.898158995784950e-03 -9.084177061111075e-04 -1.007687846288649e+00
21 20 -1.000282953884397e+00 -1.897157374625580e-03 -9.090323847203064e-04 -1.007691387070517e+00
21 21 -1.000282516459003e+00 -1.896252591477876e-03 -9.095834673810212e-04 -1.007694687229411e+00
21 22 -1.000282119895633e+00 -1.895480902535415e-03 -9.100442826943231e-04 -1.007697615812953e+00
21 23 -1.000281780314897e+00 -1.894874078065822e-03 -9.103889346098624e-04 -1.007700055022603e+00
21 24 -1.000281511396633e+00 -1.894457846327480e-03 -9.105946049972776e-04 -1.007701905571680e+00
21 25 -1.000281323744553e+00 -1.894250498903111e-03 -9.106439892556025e-04 -1.007703091466022e+00
21 26 -1.000281224417054e+00 -1.894261787378111e-03 -9.105275004724710e-04 -1.007703563828978e+00
21 27 -1.000281216659974e+00 -1.894492234932369e-03 -9.102448853928590e-04 -1.007703303419352e+00
21 28 -1.000281299858414e+00 -1.894932954511948e-03 -9.098059718873887e-04 -1.007702321591317e+00
21 29 -1.000281469701451e+00 -1.895566012453791e-03 -9.092303987872054e-04 -1.007700659603141e+00
21 30 -1.000281718530518e+00 -1.896365313815703e-03 -9.085463379715710e-04 -1.007698386361507e+00
21 31 -1.000282035824436e+00 -1.897297927659942e-03 -9.077883725042984e-04 -1.007695594846839e+00
22 0 -1.000281903467961e+00 -1.898010770587708e-03 -9.077111330035153e-04 -1.007693507436290e+00
22 1 -1.000282313324935e+00 -1.899081976934844e-03 -9.069267724822457e-04 -1.007690061749910e+00
22 2 -1.000282749647060e+00 -1.900165904327310e-03 -9.061809152152089e-04 -1.007686465857815e+00
22 3 -1.000283196355506e+00 -1.901220208338382e-03 -9.055062748935249e-04 -1.007682858268843e+00
22 4 -1.000283637273963e+00 -1.902204496608460e-03 -9.049295655532978e-04 -1.007679375992720e+00
22 5 -1.000284056588619e+00 -1.903081830798743e-03 -9.044704517338983e-04 -1.007676149603742e+00
22 6 -1.000284439276962e+00 -1.903820002908759e-03 -9.041412161838913e-04 -1.007673298737785e+00
22 7 -1.000284771516870e+00 -1.904392558108850e-03 -9.039470804555011e-04 -1.007670928123379e+00
22 8 -1.000285041085220e+00 -1.904779548647445e-03 -9.038870560674038e-04 -1.007669124227764e+00
22 9 -1.000285237749868e+00 -1.904968018015632e-03 -9.039551625222449e-04 -1.007667952571599e+00
22 10 -1.000285353650976e+00 -1.904952230383445e-03 -9.041418221663109e-04 -1.007667455735556e+00
22 11 -1.000285383658090e+00 -1.904733673187479e-03 -9.044352320581165e-04 -1.007667652060080e+00
22 12 -1.000285325679258e+00 -1.904320866096707e-03 -9.048225235007746e-04 -1.007668535036101e+00
22 13 -1.000285180890403e+00 -1.903729005965788e-03 -9.052905545466699e-04 -1.007670073397618e+00
22 14 -1.000284953850211e+00 -1.902979467540522e-03 -9.058262403264616e-04 -1.007672211943393e+00
22 15 -1.000284652470109e+00 -1.902099168431150e-03 -9.064164059283429e-04 -1.007674873118469e+00
22 16 -1.000284287819843e+00 -1.901119798190094e-03 -9.070472365030224e-04 -1.007677959369786e+00
22 17 -1.000283873764195e+00 -1.900076907040177e-03 -9.077034845652055e-04 -1.007681356257980e+00
22 18 -1.000283426441640e+00 -1.899008849914752e-03 -9.083676585327103e-04 -1.007684936270155e+00
22 19 -1.000282963608559e+00 -1.897955585022216e-03 -9.090194446134908e-04 -1.007688563246921e+00
22 20 -1.000282503881312e+00 -1.896957332238026e-03 -9.096355967993667e-04 -1.007692097316356e+00
22 21 -1.000282065913499e+00 -1.896053105926727e-03 -9.101904651841464e-04 -1.007695400213212e+00
22 22 -1.000281667548805e+00 -1.895279152096585e-03 -9.106572278037417e-04 -1.007698340838205e+00
22 23 -1.000281324993354e+00 -1.894667343724921e-03 -9.110097608911835e-04 -1.007700800864060e+00
22 24 -1.000281052055578e+00 -1.894243618922686e-03 -9.112249496173865e-04 -1.007702680121645e+00
22 25 -1.000280859504079e+00 -1.894026576112361e-03 -9.112851332201398e-04 -1.007703901424598e+00
22 26 -1.000280754590877e+00 -1.894026356738193e-03 -9.111803203006671e-04 -1.007704414451346e+00
22 27 -1.000280740776212e+00 -1.894243939681949e-03 -9.109098181691955e-04 -1.007704198329943e+00
22 28 -1.000280817672260e+00 -1.894670939760985e-03 -9.104829961437312e-04 -1.007703262671292e+00
22 29 -1.000280981199799e+00 -1.895289950257838e-03 -9.099190329339477e-04 -1.007701646953296e+00
22 30 -1.000281223928863e+00 -1.896075407142546e-03 -9.092456566595060e-04 -1.007699418337698e+00
22 31 -1.000281535556695e+00 -1.896994894557166e-03 -9.084970401791434e-04 -1.007696668160259e+00
23 0 -1.000281403945481e+00 -1.897567677309187e-03 -9.090963680655523e-04 -1.007694771465366e+00
23 1 -1.000281809121632e+00 -1.898627943362300e-03 -9.083167404908554e-04 -1.007691359415068e+00
23 2 -1.000282241547123e+00 -1.899702409683029e-03 -9.075739126382050e-04 -1.007687791551341e+00
23 3 -1.000282685290514e+00 -1.900749076091317e-03 -9.069004882081118e-04 -1.007684205382908e+00
23 4 -1.000283124294679e+00 -1.901727836897745e-03 -9.063231354592418e-04 -1.007680737126937e+00
23 5 -1.000283542831855e+00 -1.902601973611572e-03 -9.058615384861159e-04 -1.007677516795837e+00
23 6 -1.000283925927571e+00 -1.903339422017593e-03 -9.055280649952402e-04 -1.007674663717858e+00
23 7 -1.000284259765132e+00 -1.903913786012935e-03 -9.053280856517355e-04 -1.007672282592090e+00
23 8 -1.000284532080438e+00 -1.904305083637451e-03 -9.052608222411678e-04 -1.007670460156283e+00
23 9 -1.000284732551863e+00 -1.904500226055124e-03 -9.053205604878567e-04 -1.007669262515559e+00
23 10 -1.000284853182128e+00 -1.904493246238454e-03 -9.054980371024993e-04 -1.007668733148883e+00
23 11 -1.000284888659114e+00 -1.904285306399726e-03 -9.057818009425208e-04 -1.007668891590326e+00
23 12 -1.000284836671937e+00 -1.903884517716692e-03 -9.061593590036799e-04 -1.007669732781658e+00
23 13 -1.000284698150223e+00 -1.903305601637254e-03 -9.066179531380291e-04 -1.007671227108088e+00
23 14 -1.000284477391249e+00 -1.902569411693986e-03 -9.071448734223448e-04 -1.007673321146876e+00
23 15 -1.000284182043576e+00 -1.901702322915558e-03 -9.077272941971534e-04 -1.007675939164392e+00
23 16 -1.000283822926398e+00 -1.900735486746111e-03 -9.083517086324189e-04 -1.007678985382887e+00
23 17 -1.000283413678847e+00 -1.899703945069280e-03 -9.090031226591829e-04 -1.007682347006263e+00
23 18 -1.000282970249139e+00 -1.898645597436096e-03 -9.096642329115179e-04 -1.007685897955308e+00
23 19 -1.000282510246653e+00 -1.897600019494452e-03 -9.103148412945196e-04 -1.007689503229779e+00
23 20 -1.000282052188932e+00 -1.896607136871498e-03 -9.109317413495822e-04 -1.007693023793669e+00
23 21 -1.000281614680833e+00 -1.895705768394853e-03 -9.114892466853950e-04 -1.007696321864498e+00
23 22 -1.000281215566555e+00 -1.894932068529245e-03 -9.119604261186145e-04 -1.007699266461594e+00
23 23 -1.000280871099083e+00 -1.894317923435366e-03 -9.123189794712015e-04 -1.007701739017787e+00
23 24 -1.000280595175776e+00 -1.893889385879269e-03 -9.125415553952656e-04 -1.007703638785526e+00
23 25 -1.000280398690974e+00 -1.893665263335087e-03 -9.126102051319200e-04 -1.007704887694648e+00
23 26 -1.000280289053228e+00 -1.893655989895104e-03 -9.125146084421717e-04 -1.007705434279827e+00
23 27 -1.000280269903572e+00 -1.893862906707960e-03 -9.122537157754513e-04 -1.007705256320536e+00
23 28 -1.000280341052499e+00 -1.894278044323853e-03 -9.118365260437546e-04 -1.007704361935078e+00
23 29 -1.000280498629913e+00 -1.894884447916337e-03 -9.112818491113077e-04 -1.007702789027440e+00
23 30 -1.000280735419147e+00 -1.895657023888299e-03 -9.106170605600697e-04 -1.007700603165717e+00
23 31 -1.000281041328496e+00 -1.896563828324492e-03 -9.098760106499690e-04 -1.007697894129585e+00
24 0 -1.000280929169238e+00 -1.897012539277236e-03 -9.110947071397528e-04 -1.007696146561562e+00
24 1 -1.000281329355534e+00 -1.898061585930013e-03 -9.103188268271857e-04 -1.007692770164255e+00
24 2 -1.000281757359041e+00 -1.899125726609616e-03 -9.095786210973591e-04 -1.007689234101521e+00
24 3 -1.000282197416152e+00 -1.900163337095396e-03 -9.089066118947395e-04 -1.007685674729405e+00
24 4 -1.000282633617115e+00 -1.901134653411418e-03 -9.083294236526405e-04 -1.007682227253868e+00
24 5 -1.000283050354990e+00 -1.902003253120848e-03 -9.078667342599688e-04 -1.007679020850899e+00
24 6 -1.000283432743257e+00 -1.902737309989175e-03 -9.075309429183049e-04 -1.007676174223147e+00
24 7 -1.000283767014128e+00 -1.903310594754727e-03 -9.073274900257537e-04 -1.007673791692797e+00
24 8 -1.000284040907898e+00 -1.903703208408729e-03 -9.072557061469221e-04 -1.007671959906054e+00
24 9 -1.000284244058958e+00 -1.903902050520878e-03 -9.073100252570478e-04 -1.007670745191484e+00
24 10 -1.000284368376322e+00 -1.903901041477559e-03 -9.074813707546104e-04 -1.007670191581969e+00
24 11 -1.000284408406288e+00 -1.903701129326384e-03 -9.077585130545433e-04 -1.007670319491831e+00
24 12 -1.000284361653850e+00 -1.903310115541106e-03 -9.081292089279947e-04 -1.007671125043180e+00
24 13 -1.000284228830573e+00 -1.902742328950584e-03 -9.085809686655012e-04 -1.007672580053579e+00
24 14 -1.000284013993075e+00 -1.902018166029534e-03 -9.091013577311503e-04 -1.007674632717334e+00
24 15 -1.000283724539694e+00 -1.901163503192796e-03 -9.096778198643413e-04 -1.007677209021126e+00
24 16 -1.000283371043323e+00 -1.900208977008409e-03 -9.102970983403398e-04 -1.007680214922509e+00
24 17 -1.000282966913352e+00 -1.899189123843030e-03 -9.109444170129123e-04 -1.007683539288218e+00
24 18 -1.000282527895669e+00 -1.898141371235671e-03 -9.116026467060127e-04 -1.007687057549072e+00
24 19 -1.000282071433155e+00 -1.897104877471744e-03 -9.122517106883448e-04 -1.007690635993885e+00
24 20 -1.000281615918263e+00 -1.896119222325495e-03 -9.128684653597471e-04 -1.007694136602676e+00
24 21 -1.000281179874847e+00 -1.895222962121390e-03 -9.134272266884104e-04 -1.007697422302346e+00
24 22 -1.000280781110299e+00 -1.894452079127957e-03 -9.139010065183160e-04 -1.007700362499196e+00
24 23 -1.000280435883275e+00 -1.893838380438310e-03 -9.142633919101933e-04 -1.007702838689840e+00
24 24 -1.000280158136390e+00 -1.893407932202870e-03 -9.144908684988797e-04 -1.007704749878654e+00
24 25 -1.000279958845173e+00 -1.893179643732772e-03 -9.145652818533626e-04 -1.007706017457689e+00
24 26 -1.000279845531034e+00 -1.893164132188264e-03 -9.144760731082527e-04 -1.007706589166253e+00
24 27 -1.000279821974816e+00 -1.893362993082802e-03 -9.142219324903540e-04 -1.007706441771089e+00
24 28 -1.000279888148788e+00 -1.893768570795685e-03 -9.138115893208402e-04 -1.007705582205805e+00
24 29 -1.000280040361438e+00 -1.894364270751433e-03 -9.132635868227284e-04 -1.007704047065839e+00
24 30 -1.000280271586168e+00 -1.895125392313173e-03 -9.126050485531108e-04 -1.007701900535817e+00
24 31 -1.000280571927357e+00 -1.896020403608790e-03 -9.118695974588471e-04 -1.007699230984336e+00
25 0 -1.000280497506463e+00 -1.896365701547257e-03 -9.136284436457014e-04 -1.007697584191987e+00
25 1 -1.000280892567427e+00 -1.897403638056743e-03 -9.128552795784738e-04 -1.007694244221039e+00
25 2 -1.000281315773280e+00 -1.898456937614927e-03 -9.121172943104899e-04 -1.007690742653122e+00
25 3 -1.000281751543208e+00 -1.899484370941302e-03 -9.114469554809947e-04 -1.007687214578049e+00
25 4 -1.000282184138354e+00 -1.900446559437990e-03 -9.108708440680859e-04 -1.007683794005023e+00
25 5 -1.000282598103724e+00 -1.901307443437517e-03 -9.104086032938133e-04 -1.007680609024759e+00
25 6 -1.000282978678192e+00 -1.902035521587266e-03 -9.100726064051883e-04 -1.007677777413928e+00
25 7 -1.000283312185180e+00 -1.902604834746134e-03 -9.098682789562966e-04 -1.007675402779291e+00
25 8 -1.000283586415085e+00 -1.902995682129696e-03 -9.097949524191912e-04 -1.007673571312466e+00
25 9 -1.000283791005832e+00 -1.903195074109753e-03 -9.098470832580310e-04 -1.007672349191830e+00
25 10 -1.000283917820250e+00 -1.903196942652527e-03 -9.100156444145860e-04 -1.007671780634757e+00
25 11 -1.000283961308661e+00 -1.903002142064207e-03 -9.102894865205353e-04 -1.007671886585521e+00
25 12 -1.000283918833785e+00 -1.902618275717231e-03 -9.106564779933571e-04 -1.007672664028626e+00
25 13 -1.000283790925674e+00 -1.902059378351673e-03 -9.111042697149556e-04 -1.007674085938965e+00
25 14 -1.000283581430149e+00 -1.901345471436118e-03 -9.116205910675787e-04 -1.007676101904149e+00
25 15 -1.000283297517327e+00 -1.900501995765922e-03 -9.121930646392584e-04 -1.007678639465291e+00
25 16 -1.000282949527092e+00 -1.899559115379010e-03 -9.128086168632966e-04 -1.007681606211473e+00
25 17 -1.000282550643340e+00 -1.898550882267471e-03 -9.134526471441794e-04 -1.007684892632003e+00
25 18 -1.000282116404877e+00 -1.897514252028745e-03 -9.141081824257789e-04 -1.007688375690715e+00
25 19 -1.000281664074509e+00 -1.896487944958765e-03 -9.147552724480206e-04 -1.007691923051188e+00
25 20 -1.000281211897529e+00 -1.895511154251450e-03 -9.153708628721306e-04 -1.007695397857109e+00
25 21 -1.000280778286851e+00 -1.894622114064043e-03 -9.159293171336207e-04 -1.007698663951672e+00
25 22 -1.000280380976370e+00 -1.893856557736174e-03 -9.164036510258489e-04 -1.007701591388902e+00
25 23 -1.000280036188347e+00 -1.893246121792780e-03 -9.167674130593407e-04 -1.007704062036292e+00
25 24 -1.000279757864711e+00 -1.892816782041092e-03 -9.169970114994510e-04 -1.007705974994741e+00
25 25 -1.000279557013962e+00 -1.892587436739039e-03 -9.170741817480162e-04 -1.007707251489511e+00
25 26 -1.000279441221760e+00 -1.892568768032130e-03 -9.169882297130415e-04 -1.007707838847420e+00
25 27 -1.000279414361880e+00 -1.892762507245791e-03 -9.167376941644369e-04 -1.007707713199973e+00
25 28 -1.000279476525277e+00 -1.893161198404698e-03 -9.163311462161807e-04 -1.007706880650696e+00
25 29 -1.000279624161486e+00 -1.893748501882185e-03 -9.157869737063044e-04 -1.007705376802343e+00
25 30 -1.000279850403419e+00 -1.894500017820536e-03 -9.151321562148824e-04 -1.007703264719128e+00
25 31 -1.000280145529185e+00 -1.895384551393523e-03 -9.144001903085110e-04 -1.007700631556516e+00
26 0 -1.000280125994953e+00 -1.895651129384514e-03 -9.166011105965629e-04 -1.007699031602353e+00
26 1 -1.000280515980738e+00 -1.896678466224363e-03 -9.158295874505269e-04 -1.007695727506303e+00
26 2 -1.000280934183732e+00 -1.897720793913993e-03 -9.150934096518857e-04 -1.007692261897015e+00
26 3 -1.000281365214558e+00 -1.898737283154117e-03 -9.144250170240142e-04 -1.007688768529395e+00
26 4 -1.000281793522965e+00 -1.899688970970880e-03 -9.138509459808589e-04 -1.007685380071990e+00
26 5 -1.000282203831968e+00 -1.900540214745437e-03 -9.133907747650820e-04 -1.007682223318255e+00
26 6 -1.000282581539276e+00 -1.901259913987134e-03 -9.130567913024588e-04 -1.007679414848712e+00
26 7 -1.000282913099136e+00 -1.901822474094764e-03 -9.128543198618545e-04 -1.007677057238065e+00
26 8 -1.000283186396468e+00 -1.902208501513877e-03 -9.127825828154479e-04 -1.007675235872689e+00
26 9 -1.000283391120502e+00 -1.902405236701554e-03 -9.128359303269088e-04 -1.007674016408795e+00
26 10 -1.000283519137387e+00 -1.902406747978653e-03 -9.130052433114604e-04 -1.007673442868272e+00
26 11 -1.000283564850912e+00 -1.902213921027715e-03 -9.132793053525381e-04 -1.007673536351287e+00
26 12 -1.000283525529010e+00 -1.901834281423013e-03 -9.136459512160802e-04 -1.007674294350423e+00
26 13 -1.000283401563795e+00 -1.901281680540791e-03 -9.140928364538139e-04 -1.007675690676040e+00
26 14 -1.000283196628146e+00 -1.900575861890056e-03 -9.146077341705989e-04 -1.007677676030698e+00
26 15 -1.000282917694519e+00 -1.899741910720141e-03 -9.151783461702545e-04 -1.007680179284240e+00
26 16 -1.000282574891846e+00 -1.898809579206266e-03 -9.157917062650617e-04 -1.007683109491240e+00
26 17 -1.000282181191259e+00 -1.897812474583168e-03 -9.164333394118390e-04 -1.007686358662224e+00
26 18 -1.000281751927406e+00 -1.896787098040303e-03 -9.170864051323404e-04 -1.007689805260783e+00
26 19 -1.000281304175955e+00 -1.895771726816424e-03 -9.177310819439886e-04 -1.007693318362304e+00
26 20 -1.000280856018141e+00 -1.894805139962975e-03 -9.183444310834046e-04 -1.007696762382078e+00
26 21 -1.000280425729812e+00 -1.893925200290149e-03 -9.189009111020112e-04 -1.007700002256546e+00
26 22 -1.000280030937045e+00 -1.893167323001461e-03 -9.193736078659750e-04 -1.007702908928747e+00
26 23 -1.000279687784545e+00 -1.892562886936304e-03 -9.197361133127300e-04 -1.007705364935552e+00
26 24 -1.000279410167088e+00 -1.892137675166277e-03 -9.199648536847695e-04 -1.007707269820681e+00
26 25 -1.000279209076136e+00 -1.891910460608392e-03 -9.200415602252110e-04 -1.007708545024515e+00
26 26 -1.000279092110050e+00 -1.891891868452284e-03 -9.199555172654764e-04 -1.007709137863522e+00
26 27 -1.000279063184640e+00 -1.892083641071338e-03 -9.197052303583117e-04 -1.007709024238683e+00
26 28 -1.000279122461456e+00 -1.892478399508256e-03 -9.192992323397132e-04 -1.007708209812528e+00
26 29 -1.000279266487718e+00 -1.893059943442204e-03 -9.187558742465063e-04 -1.007706729551302e+00
26 30 -1.000279488518888e+00 -1.893804069872174e-03 -9.181021052817029e-04 -1.007704645706230e+00
26 31 -1.000279778977663e+00 -1.894679833315256e-03 -9.173713999582069e-04 -1.007702044464456e+00
27 0 -1.000279829615567e+00 -1.894895613028847e-03 -9.199010631096225e-04 -1.007700433491975e+00
27 1 -1.000280214768435e+00 -1.895913262959431e-03 -9.191300556314139e-04 -1.007697163353312e+00
27 2 -1.000280627950126e+00 -1.896944898525435e-03 -9.183952339954767e-04 -1.007693733817463e+00
27 3 -1.000281053964286e+00 -1.897950080671077e-03 -9.177290356431666e-04 -1.007690277285551e+00
27 4 -1.000281477460166e+00 -1.898890277130812e-03 -9.171579503730909e-04 -1.007686924990809e+00
27 5 -1.000281883358521e+00 -1.899730301446016e-03 -9.167014609733011e-04 -1.007683802264679e+00
27 6 -1.000282257243812e+00 -1.900439515493924e-03 -9.163717116729013e-04 -1.007681024264082e+00
27 7 -1.000282585736339e+00 -1.900992770687172e-03 -9.161738409377252e-04 -1.007678692250624e+00
27 8 -1.000282856856935e+00 -1.901371078988920e-03 -9.161068542771707e-04 -1.007676890481393e+00
27 9 -1.000283060392373e+00 -1.901562022322828e-03 -9.161648687325064e-04 -1.007675683734778e+00
27 10 -1.000283188261791e+00 -1.901559925696675e-03 -9.163385328993729e-04 -1.007675115461584e+00
27 11 -1.000283234873921e+00 -1.901365830900317e-03 -9.166164162886045e-04 -1.007675206534733e+00
27 12 -1.000283197453220e+00 -1.900987309916424e-03 -9.169861735029389e-04 -1.007675954577793e+00
27 13 -1.000283076302831e+00 -1.900438149449780e-03 -9.174353257469771e-04 -1.007677333879727e+00
27 14 -1.000282874967163e+00 -1.899737923653198e-03 -9.179515645054288e-04 -1.007679295934613e+00
27 15 -1.000282600259143e+00 -1.898911456863298e-03 -9.185225643088341e-04 -1.007681770662309e+00
27 16 -1.000282262126967e+00 -1.897988166786637e-03 -9.191353828437445e-04 -1.007684668358640e+00
27 17 -1.000281873349967e+00 -1.897001273260726e-03 -9.197756130083641e-04 -1.007687882394355e+00
27 18 -1.000281449069314e+00 -1.895986858208978e-03 -9.204265165814625e-04 -1.007691292642318e+00
27 19 -1.000281006173449e+00 -1.894982767443226e-03 -9.210683976250997e-04 -1.007694769574376e+00
27 20 -1.000280562568769e+00 -1.894027353638610e-03 -9.216784553716419e-04 -1.007698178938854e+00
27 21 -1.000280136373107e+00 -1.893158072535630e-03 -9.222312894883009e-04 -1.007701386902866e+00
27 22 -1.000279745074422e+00 -1.892409962983105e-03 -9.227001231076884e-04 -1.007704265508865e+00
27 23 -1.000279404701374e+00 -1.891814067223714e-03 -9.230586771835957e-04 -1.007706698240346e+00
27 24 -1.000279129056509e+00 -1.891395878810385e-03 -9.232834965760851e-04 -1.007708585417896e+00
27 25 -1.000278929064510e+00 -1.891173934371088e-03 -9.233564204120747e-04 -1.007709849074421e+00
27 26 -1.000278812284114e+00 -1.891158681256258e-03 -9.232668313948168e-04 -1.007710436921287e+00
27 27 -1.000278782620324e+00 -1.891351746619254e-03 -9.230133264907630e-04 -1.007710325045195e+00
27 28 -1.000278840254001e+00 -1.891745701780374e-03 -9.226045262298344e-04 -1.007709519076970e+00
27 29 -1.000278981782390e+00 -1.892324363735510e-03 -9.220588682911905e-04 -1.007708053730194e+00
27 30 -1.000279200541391e+00 -1.893063614263436e-03 -9.214033881269811e-04 -1.007705990784118e+00
27 31 -1.000279487063297e+00 -1.893932659672952e-03 -9.206716438063401e-04 -1.007703415741197e+00
28 0 -1.000279620603675e+00 -1.894127828498617e-03 -9.234053855723131e-04 -1.007701734121865e+00
28 1 -1.000280001357289e+00 -1.895137092393356e-03 -9.226337138346923e-04 -1.007698494667469e+00
28 2 -1.000280409695799e+00 -1.896158737602691e-03 -9.218997290273939e-04 -1.007695099898603e+00
28 3 -1.000280830609863e+00 -1.897152690310718e-03 -9.212358908140180e-04 -1.007691680897281e+00
28 4 -1.000281248951491e+00 -1.898080847425520e-03 -9.206686407872302e-04 -1.007688367422504e+00
28 5 -1.000281649851486e+00 -1.898908500297869e-03 -9.202173381044188e-04 -1.007685283234977e+00
28 6 -1.000282019102072e+00 -1.899605517128640e-03 -9.198939290483457e-04 -1.007682541894466e+00
28 7 -1.000282343518771e+00 -1.900147260083214e-03 -9.197032873491661e-04 -1.007680243117280e+00
28 8 -1.000282611294907e+00 -1.900515229895928e-03 -9.196441005455445e-04 -1.007678469748167e+00
28 9 -1.000282812357754e+00 -1.900697448791578e-03 -9.197101330912486e-04 -1.007677285362920e+00
28 10 -1.000282938727475e+00 -1.900688609438284e-03 -9.198916684561130e-04 -1.007676732484858e+00
28 11 -1.000282984869282e+00 -1.900490028920916e-03 -9.201769217550721e-04 -1.007676831382798e+00
28 12 -1.000282948017256e+00 -1.900109448599187e-03 -9.205532257597356e-04 -1.007677579426754e+00
28 13 -1.000282828438031e+00 -1.899560712483394e-03 -9.210078304790715e-04 -1.007678951006190e+00
28 14 -1.000282629597093e+00 -1.898863341595906e-03 -9.215282196793581e-04 -1.007680898049409e+00
28 15 -1.000282358192295e+00 -1.898042005343013e-03 -9.221019307581651e-04 -1.007683351203496e+00
28 16 -1.000282024028453e+00 -1.897125878533913e-03 -9.227159563570768e-04 -1.007686221730162e+00
28 17 -1.000281639721577e+00 -1.896147867024607e-03 -9.233558927982021e-04 -1.007689404144387e+00
28 18 -1.000281220237606e+00 -1.895143685708176e-03 -9.240050659351525e-04 -1.007692779581712e+00
28 19 -1.000280782285009e+00 -1.894150777983638e-03 -9.246438940654512e-04 -1.007696219840124e+00
28 20 -1.000280343591468e+00 -1.893207074843223e-03 -9.252497295318820e-04 -1.007699592010536e+00
28 21 -1.000279922102085e+00 -1.892349604992805e-03 -9.257973534593218e-04 -1.007702763581100e+00
28 22 -1.000279535141778e+00 -1.891612986787044e-03 -9.262601897512969e-04 -1.007705607863099e+00
28 23 -1.000279198589112e+00 -1.891027859150454e-03 -9.266121719932343e-04 -1.007708009529567e+00
28 24 -1.000278926112777e+00 -1.890619339584536e-03 -9.268300636690380e-04 -1.007709869984513e+00
28 25 -1.000278728523393e+00 -1.890405625669889e-03 -9.268959244062028e-04 -1.007711112210277e+00
28 26 -1.000278613289127e+00 -1.890396871915677e-03 -9.267993569400799e-04 -1.007711684705383e+00
28 27 -1.000278584251501e+00 -1.890594467346075e-03 -9.265391766781368e-04 -1.007711564153769e+00
28 28 -1.000278641558285e+00 -1.890990807614491e-03 -9.261242200357517e-04 -1.007710756567822e+00
28 29 -1.000278781806697e+00 -1.891569603341917e-03 -9.255731360854141e-04 -1.007709296805003e+00
28 30 -1.000278998367362e+00 -1.892306704818997e-03 -9.249131634208326e-04 -1.007707246534794e+00
28 31 -1.000279281842480e+00 -1.893171365857386e-03 -9.241780488453284e-04 -1.007704690888007e+00
29 0 -1.000279507845311e+00 -1.893377281279990e-03 -9.269840277719400e-04 -1.007702879764804e+00
29 1 -1.000279884815533e+00 -1.894379816061284e-03 -9.262104601014043e-04 -1.007699666437484e+00
29 2 -1.000280288686994e+00 -1.895392587835943e-03 -9.254767001793598e-04 -1.007696303696602e+00
29 3 -1.000280704623552e+00 -1.896375847814303e-03 -9.248152544277184e-04 -1.007692921394893e+00
29 4 -1.000281117675021e+00 -1.897291903061018e-03 -9.242525169281669e-04 -1.007689647838432e+00
29 5 -1.000281513186282e+00 -1.898106525319862e-03 -9.238076997700404e-04 -1.007686605171239e+00
29 6 -1.000281877170277e+00 -1.898790113167951e-03 -9.234925040360775e-04 -1.007683905245261e+00
29 7 -1.000282196659491e+00 -1.899318584377548e-03 -9.233114689362296e-04 -1.007681646059487e+00
29 8 -1.000282460049914e+00 -1.899673992845175e-03 -9.232628741642760e-04 -1.007679908817328e+00
29 9 -1.000282657447234e+00 -1.899844883090779e-03 -9.233400250080525e-04 -1.007678755612117e+00
29 10 -1.000282781017168e+00 -1.899826412422992e-03 -9.235327205088304e-04 -1.007678227717129e+00
29 11 -1.000282825330993e+00 -1.899620281951465e-03 -9.238286937830486e-04 -1.007678344441808e+00
29 12 -1.000282787685245e+00 -1.899234519115127e-03 -9.242148247812364e-04 -1.007679102526138e+00
29 13 -1.000282668364040e+00 -1.898683145623919e-03 -9.246779633104111e-04 -1.007680476075497e+00
29 14 -1.000282470806769e+00 -1.897985748721399e-03 -9.252052639530057e-04 -1.007682417074538e+00
29 15 -1.000282201645371e+00 -1.897166956195014e-03 -9.257840183505511e-04 -1.007684856542410e+00
29 16 -1.000281870584381e+00 -1.896255802332976e-03 -9.264010629381700e-04 -1.007687706390058e+00
29 17 -1.000281490111476e+00 -1.895284966050778e-03 -9.270419274337770e-04 -1.007690862012804e+00
29 18 -1.000281075042696e+00 -1.894289863246223e-03 -9.276899555282692e-04 -1.007694205609649e+00
29 19 -1.000280641921188e+00 -1.893307581062449e-03 -9.283256589785713e-04 -1.007697610179454e+00
29 20 -1.000280208299358e+00 -1.892375651074054e-03 -9.289265485576710e-04 -1.007700944110651e+00
29 21 -1.000279791941824e+00 -1.891530672324062e-03 -9.294676176975006e-04 -1.007704076250284e+00
29 22 -1.000279409992087e+00 -1.890806815312619e-03 -9.299225456308737e-04 -1.007706881298038e+00
29 23 -1.000279078150634e+00 -1.890234264868165e-03 -9.302655540587948e-04 -1.007709245312747e+00
29 24 -1.000278809916121e+00 -1.889837690530265e-03 -9.304737182552878e-04 -1.007711071046202e+00
29 25 -1.000278615942386e+00 -1.889634860836654e-03 -9.305294257650621e-04 -1.007712282751043e+00
29 26 -1.000278503559549e+00 -1.889635533066871e-03 -9.304226172384097e-04 -1.007712830076295e+00
29 27 -1.000278476495313e+00 -1.889840743598077e-03 -9.301524504972961e-04 -1.007712690693250e+00
29 28 -1.000278534813059e+00 -1.890242592461847e-03 -9.297281031104209e-04 -1.007711871396031e+00
29 29 -1.000278675059633e+00 -1.890824563393113e-03 -9.291685574209209e-04 -1.007710407579175e+00
29 30 -1.000278890592869e+00 -1.891562358926453e-03 -9.285013694323430e-04 -1.007708361172131e+00
29 31 -1.000279172041867e+00 -1.892425172833431e-03 -9.277605774749587e-04 -1.007705817265594e+00
30 0 -1.000279496403448e+00 -1.892673170084188e-03 -9.305040975915877e-04 -1.007703821346255e+00
30 1 -1.000279870369993e+00 -1.893670937438817e-03 -9.297273667859107e-04 -1.007700628442674e+00
30 2 -1.000280270340288e+00 -1.894676339531138e-03 -9.289931154070027e-04 -1.007697293618759e+00
30 3 -1.000280681630019e+00 -1.895649898058302e-03 -9.283339219648449e-04 -1.007693945641406e+00
30 4 -1.000281089473459e+00 -1.896554293848378e-03 -9.277761373427095e-04 -1.007690711446635e+00
30 5 -1.000281479424798e+00 -1.897355761866101e-03 -9.273388096739598e-04 -1.007687711582598e+00
30 6 -1.000281837721860e+00 -1.898025233712068e-03 -9.270333572305508e-04 -1.007685056151932e+00
30 7 -1.000282151627384e+00 -1.898539205445633e-03 -9.268639277541485e-04 -1.007682841332873e+00
30 8 -1.000282409762467e+00 -1.898880326637803e-03 -9.268283189632074e-04 -1.007681146523186e+00
30 9 -1.000282602442429e+00 -1.899037725616109e-03 -9.269192882062792e-04 -1.007680032111438e+00
30 10 -1.000282722017655e+00 -1.899007103208342e-03 -9.271260494077853e-04 -1.007679537846081e+00
30 11 -1.000282763211187e+00 -1.898790638403650e-03 -9.274357441879434e-04 -1.007679681757963e+00
30 12 -1.000282723432632e+00 -1.898396750503396e-03 -9.278346851483022e-04 -1.007680459603349e+00
30 13 -1.000282603037113e+00 -1.897839752864370e-03 -9.283092067735511e-04 -1.007681844827600e+00
30 14 -1.000282405491972e+00 -1.897139416498834e-03 -9.288460234450572e-04 -1.007683789088505e+00
30 15 -1.000282137415158e+00 -1.896320443573000e-03 -9.294320786402159e-04 -1.007686223403941e+00
30 16 -1.000281808458143e+00 -1.895411837071190e-03 -9.300539629424967e-04 -1.007689059988071e+00
30 17 -1.000281431020576e+00 -1.894446146535871e-03 -9.306970664395837e-04 -1.007692194813871e+00
30 18 -1.000281019800209e+00 -1.893458570452158e-03 -9.313446977181580e-04 -1.007695510898317e+00
30 19 -1.000280591196451e+00 -1.892485901619891e-03 -9.319774317872300e-04 -1.007698882264437e+00
30 20 -1.000280162597164e+00 -1.891565311698961e-03 -9.325729317246471e-04 -1.007702178498650e+00
30 21 -1.000279751586186e+00 -1.890732985677685e-03 -9.331064211613720e-04 -1.007705269788588e+00
30 22 -1.000279375114725e+00 -1.890022637681326e-03 -9.335518754383726e-04 -1.007708032284883e+00
30 23 -1.000279048684650e+00 -1.889463966537458e-03 -9.338838662529444e-04 -1.007710353571700e+00
30 24 -1.000278785595499e+00 -1.889081140088371e-03 -9.340798612762049e-04 -1.007712137958468e+00
30 25 -1.000278596308021e+00 -1.888891424707686e-03 -9.341226721128288e-04 -1.007713311238748e+00
30 26 -1.000278487972343e+00 -1.888904091301063e-03 -9.340026849324622e-04 -1.007713824530843e+00
30 27 -1.000278464156495e+00 -1.889119722420827e-03 -9.337195144311748e-04 -1.007713656845703e+00
30 28 -1.000278524791444e+00 -1.889530013467777e-03 -9.332827960253697e-04 -1.007712816129853e+00
30 29 -1.000278666325140e+00 -1.890118108693424e-03 -9.327119598610396e-04 -1.007711338688953e+00
30 30 -1.000278882055205e+00 -1.890859451015135e-03 -9.320349874351365e-04 -1.007709287075149e+00
30 31 -1.000279162592913e+00 -1.891723067341303e-03 -9.312863059960234e-04 -1.007706746676447e+00
31 0 -1.000279587213738e+00 -1.892043215710647e-03 -9.338342524708912e-04 -1.007704517083975e+00
31 1 -1.000279959092699e+00 -1.893038411893487e-03 -9.330530894230380e-04 -1.007701337958720e+00
31 2 -1.000280355898982e+00 -1.894038284073046e-03 -9.323175328092772e-04 -1.007698025705387e+00
31 3 -1.000280763071802e+00 -1.895003557393325e-03 -9.316602595725794e-04 -1.007694708197193e+00
31 4 -1.000281166008488e+00 -1.895897233817495e-03 -9.311075858969999e-04 -1.007691511142280e+00
31 5 -1.000281550458959e+00 -1.896685974922129e-03 -9.306783869756489e-04 -1.007688553581019e+00
31 6 -1.000281902880941e+00 -1.897341226078605e-03 -9.303837727868294e-04 -1.007685943897360e+00
31 7 -1.000282210771627e+00 -1.897840060893067e-03 -9.302274588882471e-04 -1.007683776419102e+00
31 8 -1.000282462990885e+00 -1.898165743254119e-03 -9.302067063900950e-04 -1.007682128646401e+00
31 9 -1.000282650086761e+00 -1.898308023620760e-03 -9.303136575712548e-04 -1.007681059108454e+00
31 10 -1.000282764626365e+00 -1.898263203822086e-03 -9.305368633341282e-04 -1.007680605813858e+00
31 11 -1.000282801524546e+00 -1.898034015950836e-03 -9.308627872866961e-04 -1.007680785244650e+00
31 12 -1.000282758350496e+00 -1.897629361819137e-03 -9.312770821779709e-04 -1.007681591856428e+00
31 13 -1.000282635581342e+00 -1.897063949238269e-03 -9.317654716934920e-04 -1.007682998082480e+00
31 14 -1.000282436765476e+00 -1.896357843760227e-03 -9.323141348632071e-04 -1.007684954881220e+00
31 15 -1.000282168559490e+00 -1.895535935759797e-03 -9.329095756962717e-04 -1.007687392893166e+00
31 16 -1.000281840611387e+00 -1.894627308564886e-03 -9.335380552190066e-04 -1.007690224273910e+00
31 17 -1.000281465276938e+00 -1.893664486582175e-03 -9.341847517155893e-04 -1.007693345244007e+00
31 18 -1.000281057172286e+00 -1.892682542797361e-03 -9.348328818017131e-04 -1.007696639355922e+00
31 19 -1.000280632580745e+00 -1.891718051014627e-03 -9.354630452090362e-04 -1.007699981435156e+00
31 20 -1.000280208743288e+00 -1.890807878570480e-03 -9.360530390012909e-04 -1.007703242114759e+00
31 21 -1.000279803070322e+00 -1.889987830268235e-03 -9.365783196909070e-04 -1.007706292847227e+00
31 22 -1.000279432318044e+00 -1.889291175139501e-03 -9.370131824483370e-04 -1.007709011235322e+00
31 23 -1.000279111777519e+00 -1.888747114731959e-03 -9.373325930639691e-04 -1.007711286464539e+00
31 24 -1.000278854528382e+00 -1.888379282256276e-03 -9.375144743944104e-04 -1.007713024547887e+00
31 25 -1.000278670809986e+00 -1.888204389206563e-03 -9.375421406909850e-04 -1.007714153028001e+00
31 26 -1.000278567557914e+00 -1.888231150371583e-03 -9.374065142695228e-04 -1.007714624752480e+00
31 27 -1.000278548141138e+00 -1.888459611002603e-03 -9.371077653311775e-04 -1.007714420371591e+00
31 28 -1.000278612315442e+00 -1.888880968181186e-03 -9.366560896947495e-04 -1.007713549310591e+00
31 29 -1.000278756385098e+00 -1.889477926442607e-03 -9.360714674844995e-04 -1.007712049126324e+00
31 30 -1.000278973542098e+00 -1.890225566131815e-03 -9.353824029323997e-04 -1.007709983334682e+00
31 31 -1.000279254335239e+00 -1.891092645428011e-03 -9.346238001974373e-04 -1.007707437950834e+00
