6.216068589115971e-07
1.000000000000000e-12
1.000000000000000e-17
3.539333378589172e-01
1.942552027065197e-01
-8.960607687942901e-01
-1.500017464083440e+00
1.901109735892602e-07
32
32
-6.928788322292365e-03
1
0 0 -1.000281016772598e+00 -1.893064315843103e-03 -9.326440030398922e-04 -1.007699779141969e+00
0 1 -1.000281255458558e+00 -1.893697231944256e-03 -9.321616554785929e-04 -1.007697755158925e+00
0 2 -1.000281509415386e+00 -1.894332171044177e-03 -9.317052838646580e-04 -1.007695652419425e+00
0 3 -1.000281769144017e+00 -1.894944386264107e-03 -9.312942243430209e-04 -1.007693551976615e+00
0 4 -1.000282025058171e+00 -1.895510374254799e-03 -9.309447509307983e-04 -1.007691533878675e+00
0 5 -1.000282267790279e+00 -1.896008768324087e-03 -9.306694001113995e-04 -1.007689674211563e+00
0 6 -1.000282488478689e+00 -1.896421098947032e-03 -9.304766357907734e-04 -1.007688042404388e+00
0 7 -1.000282679036481e+00 -1.896732401828211e-03 -9.303708417481510e-04 -1.007686698866247e+00
0 8 -1.000282832402463e+00 -1.896931664201209e-03 -9.303525956323940e-04 -1.007685693002668e+00
0 9 -1.000282942773748e+00 -1.897012109703386e-03 -9.304191530932287e-04 -1.007685061641180e+00
0 10 -1.000283005816727e+00 -1.896971329967166e-03 -9.305650547231937e-04 -1.007684827881103e+00
0 11 -1.000283018849755e+00 -1.896811276152783e-03 -9.307827636493474e-04 -1.007685000374038e+00
0 12 -1.000282980987474e+00 -1.896538125647456e-03 -9.310632484891197e-04 -1.007685573038414e+00
0 13 -1.000282893234351e+00 -1.896162038221853e-03 -9.313964444868976e-04 -1.007686525212289e+00
0 14 -1.000282758514376e+00 -1.895696812740992e-03 -9.317715533024176e-04 -1.007687822250691e+00
0 15 -1.000282581625273e+00 -1.895159451362422e-03 -9.321771760010848e-04 -1.007689416573688e+00
0 16 -1.000282369109173e+00 -1.894569634661283e-03 -9.326013095339577e-04 -1.007691249165682e+00
0 17 -1.000282129037168e+00 -1.893949109605188e-03 -9.330312684849968e-04 -1.007693251513961e+00
0 18 -1.000281870711738e+00 -1.893320993258642e-03 -9.334536152311855e-04 -1.007695347956506e+00
0 19 -1.000281604297513e+00 -1.892708998457047e-03 -9.338541882718390e-04 -1.007697458388208e+00
0 20 -1.000281340396567e+00 -1.892136593343097e-03 -9.342183077988479e-04 -1.007699501252277e+00
0 21 -1.000281089589015e+00 -1.891626114500611e-03 -9.345312098474398e-04 -1.007701396720255e+00
0 22 -1.000280861963196e+00 -1.891197862932410e-03 -9.347787191552069e-04 -1.007703069939985e+00
0 23 -1.000280666661735e+00 -1.890869222118963e-03 -9.349481228994553e-04 -1.007704454208156e+00
0 24 -1.000280511470097e+00 -1.890653846179816e-03 -9.350291614639219e-04 -1.007705493905852e+00
0 25 -1.000280402472499e+00 -1.890560971777367e-03 -9.350150171340606e-04 -1.007706147026450e+00
0 26 -1.000280343796097e+00 -1.890594907700784e-03 -9.349031644714579e-04 -1.007706387131009e+00
0 27 -1.000280337458157e+00 -1.890754749169516e-03 -9.346959515875782e-04 -1.007706204592051e+00
0 28 -1.000280383322682e+00 -1.891034349274031e-03 -9.344008100551102e-04 -1.007705607033223e+00
0 29 -1.000280479163606e+00 -1.891422559328046e-03 -9.340300383074262e-04 -1.007704618934138e+00
0 30 -1.000280620823014e+00 -1.891903726813592e-03 -9.336001604051486e-04 -1.007703280435653e+00
0 31 -1.000280802446293e+00 -1.892458418051743e-03 -9.331309184435652e-04 -1.007701645439758e+00
1 0 -1.000281183888882e+00 -1.892790127883084e-03 -9.342796502981077e-04 -1.007699910848986e+00
1 1 -1.000281422593644e+00 -1.893423916557523e-03 -9.337946281567254e-04 -1.007697886237418e+00
1 2 -1.000281676063586e+00 -1.894058447819862e-03 -9.333369900200314e-04 -1.007695786853584e+00
1 3 -1.000281934818527e+00 -1.894668990286290e-03 -9.329261290189822e-04 -1.007693693609710e+00
1 4 -1.000282189309928e+00 -1.895232106471752e-03 -9.325783174928660e-04 -1.007691686262072e+00
1 5 -1.000282430225329e+00 -1.895726543267226e-03 -9.323060306691465e-04 -1.007689840466984e+00
1 6 -1.000282648773400e+00 -1.896133987658705e-03 -9.321176134949010e-04 -1.007688225104972e+00
1 7 -1.000282836949989e+00 -1.896439668119751e-03 -9.320172778414915e-04 -1.007686899940848e+00
1 8 -1.000282987785882e+00 -1.896632792733185e-03 -9.320053839457536e-04 -1.007685913666645e+00
1 9 -1.000283095575761e+00 -1.896706824786224e-03 -9.320789341563247e-04 -1.007685302355854e+00
1 10 -1.000283156085315e+00 -1.896659604460584e-03 -9.322321909994088e-04 -1.007685088342812e+00
1 11 -1.000283166730062e+00 -1.896493330408459e-03 -9.324573268132231e-04 -1.007685279532066e+00
1 12 -1.000283126715998e+00 -1.896214416957318e-03 -9.327450191152743e-04 -1.007685869139773e+00
1 13 -1.000283037129714e+00 -1.895833241556798e-03 -9.330849238560850e-04 -1.007686835870776e+00
1 14 -1.000282900965023e+00 -1.895363793731358e-03 -9.334659863077582e-04 -1.007688144537575e+00
1 15 -1.000282723074534e+00 -1.894823232654527e-03 -9.338765836106578e-04 -1.007689747126970e+00
1 16 -1.000282510038305e+00 -1.894231357032140e-03 -9.343045290465778e-04 -1.007691584314016e+00
1 17 -1.000282269947087e+00 -1.893609989375963e-03 -9.347369997278200e-04 -1.007693587410755e+00
1 18 -1.000282012104097e+00 -1.892982277489815e-03 -9.351604707218634e-04 -1.007695680719962e+00
1 19 -1.000281746655769e+00 -1.892371919242699e-03 -9.355607453079070e-04 -1.007697784243500e+00
1 20 -1.000281484167646e+00 -1.891802322469851e-03 -9.359231606210336e-04 -1.007699816672017e+00
1 21 -1.000281235166255e+00 -1.891295719858249e-03 -9.362330203545943e-04 -1.007701698558717e+00
1 22 -1.000281009671207e+00 -1.890872268206404e-03 -9.364762648326879e-04 -1.007703355555909e+00
1 23 -1.000280816743790e+00 -1.890549171307922e-03 -9.366403405872510e-04 -1.007704721570901e+00
1 24 -1.000280664078566e+00 -1.890339874361581e-03 -9.367151855939979e-04 -1.007705741679944e+00
1 25 -1.000280557662748e+00 -1.890253383363579e-03 -9.366942113056812e-04 -1.007706374630193e+00
1 26 -1.000280501524156e+00 -1.890293763183727e-03 -9.365751455391255e-04 -1.007706594765720e+00
1 27 -1.000280497582239e+00 -1.890459861061896e-03 -9.363606055258175e-04 -1.007706393239857e+00
1 28 -1.000280545608468e+00 -1.890745287607578e-03 -9.360582987759805e-04 -1.007705778422876e+00
1 29 -1.000280643293136e+00 -1.891138666750928e-03 -9.356807966632141e-04 -1.007704775475633e+00
1 30 -1.000280786406890e+00 -1.891624142966035e-03 -9.352448829738147e-04 -1.007703425125793e+00
1 31 -1.000280969038764e+00 -1.892182112434945e-03 -9.347705361842608e-04 -1.007701781742477e+00
2 0 -1.000281400739623e+00 -1.892602048354205e-03 -9.355798093607060e-04 -1.007699855054617e+00
2 1 -1.000281639879332e+00 -1.893237605256624e-03 -9.350918115414431e-04 -1.007697826850878e+00
2 2 -1.000281893262355e+00 -1.893872628482438e-03 -9.346326159828221e-04 -1.007695727930831e+00
2 3 -1.000282151411925e+00 -1.894482368557385e-03 -9.342216820856220e-04 -1.007693639174662e+00
2 4 -1.000282404802668e+00 -1.895043420701283e-03 -9.338752891890539e-04 -1.007691640151148e+00
2 5 -1.000282644164152e+00 -1.895534613820674e-03 -9.336058593164133e-04 -1.007689806183082e+00
2 6 -1.000282860764362e+00 -1.895937762749677e-03 -9.334216257526025e-04 -1.007688205686094e+00
2 7 -1.000283046673575e+00 -1.896238264321230e-03 -9.333266347554877e-04 -1.007686897847793e+00
2 8 -1.000283195009360e+00 -1.896425528536445e-03 -9.333210341616844e-04 -1.007685930693540e+00
2 9 -1.000283300162248e+00 -1.896493245884880e-03 -9.334015764995594e-04 -1.007685339566574e+00
2 10 -1.000283357999142e+00 -1.896439499878837e-03 -9.335622479209264e-04 -1.007685146035165e+00
2 11 -1.000283366038237e+00 -1.896266739107492e-03 -9.337949295466367e-04 -1.007685357230247e+00
2 12 -1.000283323585738e+00 -1.895981624993923e-03 -9.340900049010737e-04 -1.007685965614433e+00
2 13 -1.000283231822163e+00 -1.895594770148091e-03 -9.344368451005067e-04 -1.007686949185524e+00
2 14 -1.000283093825320e+00 -1.895120378776129e-03 -9.348241309282709e-04 -1.007688272120461e+00
2 15 -1.000282914518580e+00 -1.894575796508885e-03 -9.352400052319765e-04 -1.007689885864849e+00
2 16 -1.000282700536732e+00 -1.893980973640945e-03 -9.356720853836499e-04 -1.007691730666749e+00
2 17 -1.000282460007090e+00 -1.893357844093451e-03 -9.361073974114166e-04 -1.007693737541322e+00
2 18 -1.000282202249871e+00 -1.892729622999016e-03 -9.365323147783798e-04 -1.007695830636229e+00
2 19 -1.000281937408287e+00 -1.892120028980309e-03 -9.369325914204580e-04 -1.007697929947236e+00
2 20 -1.000281676024537e+00 -1.891552443014862e-03 -9.372935683099222e-04 -1.007699954310428e+00
2 21 -1.000281428582568e+00 -1.891049023872562e-03 -9.376006053954983e-04 -1.007701824573138e+00
2 22 -1.000281205041816e+00 -1.890629809630624e-03 -9.378397494244799e-04 -1.007703466821840e+00
2 23 -1.000281014388135e+00 -1.890311844537579e-03 -9.379985998229079e-04 -1.007704815523435e+00
2 24 -1.000280864228327e+00 -1.890108379060804e-03 -9.380672887573189e-04 -1.007705816418888e+00
2 25 -1.000280760452971e+00 -1.890028196432896e-03 -9.380394566136045e-04 -1.007706428999693e+00
2 26 -1.000280706988159e+00 -1.890075119162534e-03 -9.379130871852066e-04 -1.007706628404182e+00
2 27 -1.000280705650487e+00 -1.890247741898607e-03 -9.376910720720910e-04 -1.007706406597384e+00
2 28 -1.000280756111416e+00 -1.890539422322110e-03 -9.373814020154902e-04 -1.007705772745144e+00
2 29 -1.000280855967880e+00 -1.890938541115400e-03 -9.369969302004573e-04 -1.007704752754736e+00
2 30 -1.000281000907379e+00 -1.891429018945321e-03 -9.365547101062112e-04 -1.007703388020146e+00
2 31 -1.000281184949177e+00 -1.891991056713091e-03 -9.360749671437198e-04 -1.007701733469342e+00
3 0 -1.000281658733972e+00 -1.892507613214022e-03 -9.364933870446619e-04 -1.007699613645504e+00
3 1 -1.000281898709259e+00 -1.893145767968442e-03 -9.360022237589140e-04 -1.007697579018232e+00
3 2 -1.000282152410262e+00 -1.893782166984632e-03 -9.355412323418420e-04 -1.007695477643168e+00
3 3 -1.000282410347951e+00 -1.894392009665561e-03 -9.351299456126605e-04 -1.007693390479002e+00
3 4 -1.000282663004570e+00 -1.894951889431959e-03 -9.347846587450168e-04 -1.007691397018923e+00
3 5 -1.000282901136924e+00 -1.895440682390941e-03 -9.345177511582187e-04 -1.007689572361461e+00
3 6 -1.000283116058940e+00 -1.895840297481547e-03 -9.343373566979683e-04 -1.007687984559408e+00
3 7 -1.000283299904016e+00 -1.896136268780397e-03 -9.342473693907732e-04 -1.007686692313185e+00
3 8 -1.000283445867854e+00 -1.896318181258708e-03 -9.342477385657477e-04 -1.007685743054859e+00
3 9 -1.000283548431320e+00 -1.896379931192971e-03 -9.343349806859160e-04 -1.007685171450191e+00
3 10 -1.000283603560481e+00 -1.896319830666127e-03 -9.345028185033001e-04 -1.007684998330512e+00
3 11 -1.000283608877741e+00 -1.896140570907221e-03 -9.347428533744201e-04 -1.007685230056815e+00
3 12 -1.000283563794543e+00 -1.895849060976536e-03 -9.350451839591768e-04 -1.007685858316204e+00
3 13 -1.000283469593534e+00 -1.895456156923825e-03 -9.353989026898136e-04 -1.007686860353250e+00
3 14 -1.000283329447461e+00 -1.894976293174123e-03 -9.357924286674017e-04 -1.007688199641390e+00
3 15 -1.000283148363588e+00 -1.894427023865036e-03 -9.362136697659534e-04 -1.007689826998547e+00
3 16 -1.000282933046135e+00 -1.893828478413736e-03 -9.366500432666134e-04 -1.007691682144759e+00
3 17 -1.000282691674532e+00 -1.893202733793062e-03 -9.370884166318977e-04 -1.007693695687776e+00
3 18 -1.000282433601673e+00 -1.892573106591668e-03 -9.375150514806534e-04 -1.007695791505658e+00
3 19 -1.000282168982695e+00 -1.891963371207965e-03 -9.379156402008670e-04 -1.007697889474773e+00
3 20 -1.000281908350575e+00 -1.891396916334453e-03 -9.382755141993654e-04 -1.007699908468625e+00
3 21 -1.000281662159368e+00 -1.890895859809908e-03 -9.385800756747266e-04 -1.007701769529270e+00
3 22 -1.000281440319261e+00 -1.890480151302906e-03 -9.388154637475018e-04 -1.007703399089573e+00
3 23 -1.000281251749548e+00 -1.890166702099344e-03 -9.389694173252949e-04 -1.007704732102663e+00
3 24 -1.000281103975877e+00 -1.889968589901293e-03 -9.390322506946218e-04 -1.007705714917444e+00
3 25 -1.000281002796344e+00 -1.889894391918633e-03 -9.389978229090405e-04 -1.007706307730973e+00
3 26 -1.000280952036912e+00 -1.889947699442154e-03 -9.388643654064248e-04 -1.007706486455845e+00
3 27 -1.000280953410313e+00 -1.890126859853385e-03 -9.386350377127041e-04 -1.007706243867888e+00
3 28 -1.000281006484395e+00 -1.890424977322071e-03 -9.383181092167605e-04 -1.007705589946519e+00
3 29 -1.000281108756638e+00 -1.890830182854995e-03 -9.379267121834370e-04 -1.007704551381685e+00
3 30 -1.000281255822931e+00 -1.891326161209620e-03 -9.374781688468718e-04 -1.007703170287283e+00
3 31 -1.000281441622069e+00 -1.891892900473869e-03 -9.369929523092907e-04 -1.007701502219966e+00
4 0 -1.000281947643783e+00 -1.892510631656372e-03 -9.369836463018756e-04 -1.007699196518222e+00
4 1 -1.000282188822421e+00 -1.893152111115490e-03 -9.364892583999069e-04 -1.007697152892032e+00
4 2 -1.000282443233779e+00 -1.893790714984476e-03 -9.360263058881762e-04 -1.007695046243177e+00
4 3 -1.000282701361326e+00 -1.894401560462434e-03 -9.356143994237126e-04 -1.007692957716362e+00
4 4 -1.000282953679031e+00 -1.894961204700443e-03 -9.352698584453934e-04 -1.007690966844148e+00
4 5 -1.000283190955043e+00 -1.895448534376653e-03 -9.350050322565408e-04 -1.007689148618717e+00
4 6 -1.000283404534052e+00 -1.895845515177066e-03 -9.348279716549462e-04 -1.007687570846024e+00
4 7 -1.000283586598798e+00 -1.896137781970049e-03 -9.347424381792264e-04 -1.007686291848221e+00
4 8 -1.000283730411400e+00 -1.896315060882908e-03 -9.347482048166361e-04 -1.007685358560741e+00
4 9 -1.000283830533980e+00 -1.896371424477731e-03 -9.348415754541809e-04 -1.007684805051372e+00
4 10 -1.000283883025817e+00 -1.896305389698712e-03 -9.350160331481965e-04 -1.007684651472668e+00
4 11 -1.000283885611013e+00 -1.896119873648888e-03 -9.352629222920436e-04 -1.007684903449577e+00
4 12 -1.000283837807213e+00 -1.895822023907673e-03 -9.355720774421485e-04 -1.007685551902087e+00
4 13 -1.000283741003478e+00 -1.895422938724275e-03 -9.359323300127266e-04 -1.007686573304813e+00
4 14 -1.000283598474768e+00 -1.894937289232442e-03 -9.363318511533705e-04 -1.007687930387378e+00
4 15 -1.000283415322115e+00 -1.894382851875007e-03 -9.367583229752893e-04 -1.007689573278348e+00
4 16 -1.000283198331147e+00 -1.893779955587417e-03 -9.371989670211981e-04 -1.007691441089755e+00
4 17 -1.000282955746924e+00 -1.893150846316552e-03 -9.376404916321999e-04 -1.007693463927658e+00
4 18 -1.000282696969420e+00 -1.892518972193407e-03 -9.380690414001932e-04 -1.007695565296671e+00
4 19 -1.000282432180401e+00 -1.891908196221540e-03 -9.384702378822899e-04 -1.007697664844978e+00
4 20 -1.000282171918109e+00 -1.891341949098235e-03 -9.388293901320253e-04 -1.007699681373798e+00
4 21 -1.000281926620556e+00 -1.890842342325891e-03 -9.391319268974190e-04 -1.007701536012762e+00
4 22 -1.000281706161499e+00 -1.890429270915806e-03 -9.393640617390717e-04 -1.007703155439859e+00
4 23 -1.000281519405099e+00 -1.890119544945831e-03 -9.395136537086039e-04 -1.007704475002247e+00
4 24 -1.000281373805560e+00 -1.889926098073611e-03 -9.395711793224485e-04 -1.007705441576398e+00
4 25 -1.000281275076217e+00 -1.889857326332426e-03 -9.395306965496311e-04 -1.007706015998616e+00
4 26 -1.000281226948388e+00 -1.889916610064407e-03 -9.393906653702230e-04 -1.007706174905394e+00
4 27 -1.000281231033989e+00 -1.890102064441807e-03 -9.391544952520696e-04 -1.007705911850642e+00
4 28 -1.000281286797702e+00 -1.890406549447993e-03 -9.388307178488734e-04 -1.007705237613604e+00
4 29 -1.000281391635325e+00 -1.890817949685634e-03 -9.384327301279938e-04 -1.007704179672784e+00
4 30 -1.000281541046221e+00 -1.891319711088338e-03 -9.379781109764213e-04 -1.007702780887584e+00
4 31 -1.000281728881202e+00 -1.891891599789098e-03 -9.374875716173638e-04 -1.007701097488379e+00
5 0 -1.000282256043872e+00 -1.892611011044887e-03 -9.370298692765932e-04 -1.007698621107947e+00
5 1 -1.000282498744786e+00 -1.893256406887509e-03 -9.365323411910378e-04 -1.007696566276124e+00
5 2 -1.000282754229349e+00 -1.893897953417391e-03 -9.360673529046906e-04 -1.007694451757357e+00
5 3 -1.000283012939436e+00 -1.894510657918675e-03 -9.356545939876664e-04 -1.007692358981983e+00
5 4 -1.000283265325163e+00 -1.895071008260007e-03 -9.353104155617526e-04 -1.007690367635123e+00
5 5 -1.000283502149699e+00 -1.895557864718619e-03 -9.350471504918472e-04 -1.007688552724411e+00
5 6 -1.000283714772144e+00 -1.895953210314774e-03 -9.348727861873470e-04 -1.007686981934080e+00
5 7 -1.000283895408911e+00 -1.896242740489395e-03 -9.347909767316406e-04 -1.007685713331189e+00
5 8 -1.000284037374224e+00 -1.896416283284921e-03 -9.348013480963632e-04 -1.007684793470308e+00
5 9 -1.000284135299208e+00 -1.896468051181537e-03 -9.349000237444339e-04 -1.007684255924069e+00
5 10 -1.000284185326771e+00 -1.896396734287994e-03 -9.350802804321504e-04 -1.007684120250989e+00
5 11 -1.000284185276229e+00 -1.896205450006814e-03 -9.353332387368617e-04 -1.007684391402780e+00
5 12 -1.000284134768261e+00 -1.895901565986020e-03 -9.356485006001617e-04 -1.007685059570930e+00
5 13 -1.000284035298477e+00 -1.895496411945054e-03 -9.360146648593757e-04 -1.007686100473665e+00
5 14 -1.000283890247376e+00 -1.895004892959695e-03 -9.364196788302254e-04 -1.007687476085578e+00
5 15 -1.000283704815999e+00 -1.894445012844262e-03 -9.368510176879632e-04 -1.007689135811259e+00
5 16 -1.000283485880169e+00 -1.893837312457217e-03 -9.372957201925730e-04 -1.007691018099075e+00
5 17 -1.000283241761453e+00 -1.893204225696675e-03 -9.377403423533547e-04 -1.007693052479720e+00
5 18 -1.000282981919396e+00 -1.892569356856725e-03 -9.381709122485546e-04 -1.007695161995987e+00
5 19 -1.000282716576024e+00 -1.891956686750606e-03 -9.385729749609032e-04 -1.007697265968351e+00
5 20 -1.000282456289112e+00 -1.891389720674079e-03 -9.389318058309131e-04 -1.007699283018868e+00
5 21 -1.000282211495060e+00 -1.890890598512454e-03 -9.392328437963334e-04 -1.007701134254435e+00
5 22 -1.000281992045328e+00 -1.890479196257170e-03 -9.394623563155915e-04 -1.007702746488013e+00
5 23 -1.000281806762395e+00 -1.890172258238723e-03 -9.396082986572559e-04 -1.007704055353956e+00
5 24 -1.000281663041410e+00 -1.889982608305814e-03 -9.396612830639881e-04 -1.007705008155767e+00
5 25 -1.000281566521897e+00 -1.889918493242056e-03 -9.396155382380834e-04 -1.007705566277862e+00
5 26 -1.000281520849664e+00 -1.889983110965257e-03 -9.394697238185454e-04 -1.007705707002087e+00
5 27 -1.000281527542765e+00 -1.890174368558449e-03 -9.392274705883384e-04 -1.007705424597427e+00
5 28 -1.000281585967196e+00 -1.890484900694437e-03 -9.388975449477433e-04 -1.007704730597947e+00
5 29 -1.000281693418829e+00 -1.890902358523479e-03 -9.384935828956217e-04 -1.007703653245681e+00
5 30 -1.000281845299379e+00 -1.891409955648377e-03 -9.380333968329830e-04 -1.007702236141874e+00
5 31 -1.000282035367648e+00 -1.891987235900459e-03 -9.375379162194587e-04 -1.007700536209021e+00
6 0 -1.000282571799192e+00 -1.892804754873119e-03 -9.366284429880169e-04 -1.007697911509655e+00
6 1 -1.000282816278701e+00 -1.893454497520582e-03 -9.361280070866706e-04 -1.007695843729258e+00
6 2 -1.000283073154185e+00 -1.894099601163506e-03 -9.356610105454772e-04 -1.007693719078539e+00
6 3 -1.000283332813621e+00 -1.894714940132679e-03 -9.352472190818146e-04 -1.007691619360606e+00
6 4 -1.000283585668761e+00 -1.895276902940093e-03 -9.349030212441210e-04 -1.007689624519445e+00
6 5 -1.000283822461730e+00 -1.895764287680759e-03 -9.346407475501013e-04 -1.007687809698696e+00
6 6 -1.000284034549169e+00 -1.896159054806845e-03 -9.344683439610947e-04 -1.007686242590157e+00
6 7 -1.000284214164208e+00 -1.896446917971429e-03 -9.343893861370121e-04 -1.007684981138282e+00
6 8 -1.000284354656872e+00 -1.896617764114718e-03 -9.344033879936115e-04 -1.007684071646827e+00
6 9 -1.000284450712385e+00 -1.896665903947879e-03 -9.345063318080789e-04 -1.007683547314935e+00
6 10 -1.000284498544470e+00 -1.896590162367025e-03 -9.346913296384449e-04 -1.007683427214790e+00
6 11 -1.000284496057446e+00 -1.896393823695861e-03 -9.349493203477821e-04 -1.007683715714059e+00
6 12 -1.000284442967787e+00 -1.896084448571938e-03 -9.352697141395980e-04 -1.007684402343145e+00
6 13 -1.000284340873612e+00 -1.895673578375307e-03 -9.356409152472068e-04 -1.007685462107307e+00
6 14 -1.000284193260174e+00 -1.895176340204750e-03 -9.360506806347435e-04 -1.007686856244520e+00
6 15 -1.000284005430893e+00 -1.894610961380517e-03 -9.364863062668949e-04 -1.007688533429216e+00
6 16 -1.000283784357034e+00 -1.893998198611448e-03 -9.369346692457202e-04 -1.007690431416944e+00
6 17 -1.000283538444472e+00 -1.893360685014274e-03 -9.373821871876461e-04 -1.007692479112910e+00
6 18 -1.000283277222386e+00 -1.892722199154504e-03 -9.378147779441911e-04 -1.007694599028937e+00
6 19 -1.000283010965027e+00 -1.892106863929298e-03 -9.382179085661980e-04 -1.007696710071959e+00
6 20 -1.000282750263133e+00 -1.891538288649500e-03 -9.385768115947947e-04 -1.007698730585709e+00
6 21 -1.000282505565865e+00 -1.891038674883531e-03 -9.388769202819224e-04 -1.007700581545780e+00
6 22 -1.000282286717237e+00 -1.890627915599928e-03 -9.391045341257035e-04 -1.007702189785746e+00
6 23 -1.000282102512952e+00 -1.890322727061347e-03 -9.392476774700445e-04 -1.007703491110088e+00
6 24 -1.000281960303668e+00 -1.890135861610010e-03 -9.392970666545075e-04 -1.007704433132784e+00
6 25 -1.000281865668829e+00 -1.890075454408326e-03 -9.392470661187423e-04 -1.007704977674267e+00
6 26 -1.000281822181115e+00 -1.890144556490287e-03 -9.390964981305937e-04 -1.007705102558407e+00
6 27 -1.000281831275285e+00 -1.890340899025022e-03 -9.388491769661707e-04 -1.007704802678613e+00
6 28 -1.000281892226973e+00 -1.890656919095754e-03 -9.385140662341487e-04 -1.007704090249235e+00
6 29 -1.000282002237828e+00 -1.891080056635923e-03 -9.381050048141500e-04 -1.007702994220591e+00
6 30 -1.000282156614686e+00 -1.891593308679737e-03 -9.376400051142702e-04 -1.007701558902648e+00
6 31 -1.000282349023987e+00 -1.892176005270428e-03 -9.371401852586017e-04 -1.007699841900922e+00
7 0 -1.000282882573151e+00 -1.893084135301676e-03 -9.357932806516644e-04 -1.007697097255898e+00
7 1 -1.000283129014204e+00 -1.893738475674161e-03 -9.352903116781898e-04 -1.007695015320005e+00
7 2 -1.000283387539857e+00 -1.894387601689091e-03 -9.348214406789751e-04 -1.007692878703260e+00
7 3 -1.000283648474234e+00 -1.895006237345813e-03 -9.344065027771717e-04 -1.007690769652524e+00
7 4 -1.000283902177934e+00 -1.895570646049687e-03 -9.340619274330321e-04 -1.007688768465247e+00
7 5 -1.000284139356953e+00 -1.896059530682614e-03 -9.338000564247840e-04 -1.007686950535142e+00
7 6 -1.000284351348766e+00 -1.896454790316280e-03 -9.336288173665366e-04 -1.007685383689874e+00
7 7 -1.000284530385650e+00 -1.896742113949425e-03 -9.335517391341983e-04 -1.007684125887979e+00
7 8 -1.000284669835795e+00 -1.896911402376390e-03 -9.335682624779995e-04 -1.007683223321417e+00
7 9 -1.000284764421594e+00 -1.896957019298634e-03 -9.336742729203510e-04 -1.007682708951215e+00
7 10 -1.000284810412036e+00 -1.896877880935101e-03 -9.338627657442334e-04 -1.007682601489376e+00
7 11 -1.000284805782896e+00 -1.896677398674753e-03 -9.341245473677315e-04 -1.007682904831471e+00
7 12 -1.000284750335419e+00 -1.896363291506013e-03 -9.344488848003200e-04 -1.007683607940252e+00
7 13 -1.000284645762161e+00 -1.895947284367906e-03 -9.348240335335177e-04 -1.007684685179523e+00
7 14 -1.000284495648249e+00 -1.895444705744143e-03 -9.352376015706431e-04 -1.007686097098107e+00
7 15 -1.000284305397830e+00 -1.894873993751576e-03 -9.356767410858630e-04 -1.007687791663066e+00
7 16 -1.000284082079092e+00 -1.894256116261727e-03 -9.361281958225206e-04 -1.007689705935641e+00
7 17 -1.000283834186681e+00 -1.893613908852330e-03 -9.365782653092157e-04 -1.007691768170571e+00
7 18 -1.000283571326668e+00 -1.892971335330383e-03 -9.370127688390828e-04 -1.007693900301246e+00
7 19 -1.000283303835321e+00 -1.892352678950108e-03 -9.374170981589986e-04 -1.007696020752727e+00
7 20 -1.000283042348309e+00 -1.891781677864664e-03 -9.377764369458552e-04 -1.007698047503707e+00
7 21 -1.000282797341246e+00 -1.891280625725205e-03 -9.380761984093516e-04 -1.007699901296458e+00
7 22 -1.000282578665678e+00 -1.890869467418484e-03 -9.383026920697837e-04 -1.007701508871088e+00
7 23 -1.000282395106347e+00 -1.890564929577519e-03 -9.384439823680573e-04 -1.007702806079367e+00
7 24 -1.000282253985562e+00 -1.890379733784080e-03 -9.384908547281290e-04 -1.007703740718014e+00
7 25 -1.000282160838614e+00 -1.890321945227740e-03 -9.384377695208515e-04 -1.007704274915344e+00
7 26 -1.000282119180179e+00 -1.890394509103764e-03 -9.382836684329353e-04 -1.007704386913470e+00
7 27 -1.000282130375467e+00 -1.890595019653717e-03 -9.380325039612113e-04 -1.007704072115480e+00
7 28 -1.000282193621590e+00 -1.890915751898564e-03 -9.376933909389361e-04 -1.007703343314787e+00
7 29 -1.000282306035400e+00 -1.891343965214212e-03 -9.372803260021955e-04 -1.007702230086704e+00
7 30 -1.000282462835420e+00 -1.891862464505556e-03 -9.368114790962667e-04 -1.007700777388544e+00
7 31 -1.000282657599108e+00 -1.892450383139893e-03 -9.363081189452255e-04 -1.007699043472350e+00
8 0 -1.000283176331591e+00 -1.893438031589945e-03 -9.345555183191636e-04 -1.007696211841074e+00
8 1 -1.000283424836517e+00 -1.894097031591431e-03 -9.340505177457835e-04 -1.007694115124777e+00
8 2 -1.000283685202803e+00 -1.894750477823734e-03 -9.335800079712308e-04 -1.007691965207408e+00
8 3 -1.000283947683454e+00 -1.895372932835831e-03 -9.331638830799615e-04 -1.007689844831958e+00
8 4 -1.000284202577367e+00 -1.895940514576009e-03 -9.328186143109845e-04 -1.007687834728415e+00
8 5 -1.000284440540951e+00 -1.896431801867810e-03 -9.325565669324270e-04 -1.007686010643301e+00
8 6 -1.000284652876681e+00 -1.896828596284357e-03 -9.323856732629702e-04 -1.007684440662111e+00
8 7 -1.000284831798527e+00 -1.897116520473096e-03 -9.323094482194525e-04 -1.007683182892899e+00
8 8 -1.000284970674581e+00 -1.897285443760574e-03 -9.323273005223478e-04 -1.007682283558368e+00
8 9 -1.000285064246088e+00 -1.897329735847816e-03 -9.324350665895020e-04 -1.007681775525141e+00
8 10 -1.000285108819631e+00 -1.897248357496100e-03 -9.326256770234831e-04 -1.007681677284520e+00
8 11 -1.000285102426100e+00 -1.897044802459756e-03 -9.328898600703650e-04 -1.007681992390018e+00
8 12 -1.000285044937175e+00 -1.896726907296838e-03 -9.332167936688773e-04 -1.007682709352211e+00
8 13 -1.000284938128073e+00 -1.896306545245204e-03 -9.335946363257488e-04 -1.007683801990035e+00
8 14 -1.000284785674975e+00 -1.895799217616343e-03 -9.340108945043192e-04 -1.007685230237872e+00
8 15 -1.000284593077106e+00 -1.895223552249985e-03 -9.344526179967126e-04 -1.007686941406430e+00
8 16 -1.000284367497218e+00 -1.894600715102334e-03 -9.349064512017933e-04 -1.007688871888829e+00
8 17 -1.000284117519701e+00 -1.893953739417578e-03 -9.353586011181237e-04 -1.007690949290180e+00
8 18 -1.000283852831716e+00 -1.893306777743958e-03 -9.357948048815842e-04 -1.007693094941264e+00
8 19 -1.000283583838774e+00 -1.892684285231922e-03 -9.362003858291222e-04 -1.007695226737182e+00
8 20 -1.000283321231459e+00 -1.892110148038361e-03 -9.365604760840918e-04 -1.007697262221047e+00
8 21 -1.000283075524301e+00 -1.891606778134862e-03 -9.368604566928683e-04 -1.007699121810580e+00
8 22 -1.000282856590921e+00 -1.891194204853928e-03 -9.370866260701846e-04 -1.007700732043021e+00
8 23 -1.000282673221224e+00 -1.890889202898139e-03 -9.372270593777555e-04 -1.007702028693607e+00
8 24 -1.000282532726273e+00 -1.890704504604043e-03 -9.372725745406501e-04 -1.007702959608085e+00
8 25 -1.000282440614673e+00 -1.890648149104852e-03 -9.372176852555377e-04 -1.007703487083791e+00
8 26 -1.000282400360338e+00 -1.890723020637596e-03 -9.370614052619783e-04 -1.007703589641881e+00
8 27 -1.000282413275322e+00 -1.890926620788294e-03 -9.368077745821253e-04 -1.007703263060765e+00
8 28 -1.000282478493095e+00 -1.891251104433295e-03 -9.364660069806313e-04 -1.007702520589074e+00
8 29 -1.000282593058455e+00 -1.891683588191847e-03 -9.360502049685491e-04 -1.007701392319299e+00
8 30 -1.000282752111693e+00 -1.892206716945384e-03 -9.355786466527898e-04 -1.007699923769026e+00
8 31 -1.000282949148252e+00 -1.892799452464375e-03 -9.350727064730459e-04 -1.007698173774243e+00
9 0 -1.000283441818874e+00 -1.893852415741742e-03 -9.329624628189053e-04 -1.007695291099125e+00
9 1 -1.000283692406007e+00 -1.894515947755581e-03 -9.324560340380140e-04 -1.007693179577690e+00
9 2 -1.000283954727730e+00 -1.895173834717763e-03 -9.319842103733376e-04 -1.007691015571002e+00
9 3 -1.000284218961578e+00 -1.895800473169872e-03 -9.315669312235193e-04 -1.007688882350440e+00
9 4 -1.000284475336791e+00 -1.896371821331717e-03 -9.312207077887371e-04 -1.007686861139506e+00
9 5 -1.000284714448863e+00 -1.896866310433455e-03 -9.309579390431764e-04 -1.007685028124995e+00
9 6 -1.000284927551002e+00 -1.897265612635428e-03 -9.307865839190178e-04 -1.007683451760763e+00
9 7 -1.000285106822270e+00 -1.897555245402535e-03 -9.307101759805657e-04 -1.007682190432926e+00
9 8 -1.000285245612478e+00 -1.897725002712106e-03 -9.307281336521085e-04 -1.007681290535519e+00
9 9 -1.000285338662708e+00 -1.897769213263325e-03 -9.308362931903012e-04 -1.007680784987462e+00
9 10 -1.000285382298028e+00 -1.897686834086063e-03 -9.310275745646906e-04 -1.007680692206723e+00
9 11 -1.000285374585996e+00 -1.897481393611080e-03 -9.312926847219363e-04 -1.007681015547409e+00
9 12 -1.000285315451674e+00 -1.897160800758863e-03 -9.316207698118219e-04 -1.007681743200488e+00
9 13 -1.000285206737944e+00 -1.896737036095523e-03 -9.319999466718497e-04 -1.007682848557665e+00
9 14 -1.000285052199614e+00 -1.896225738453516e-03 -9.324176714513937e-04 -1.007684291037721e+00
9 15 -1.000284857421555e+00 -1.895645696862357e-03 -9.328609369121975e-04 -1.007686017371995e+00
9 16 -1.000284629654992e+00 -1.895018254483150e-03 -9.333163261234781e-04 -1.007687963338119e+00
9 17 -1.000284377571487e+00 -1.894366629613636e-03 -9.337699830959733e-04 -1.007690055918181e+00
9 18 -1.000284110940261e+00 -1.893715159463654e-03 -9.342075830945701e-04 -1.007692215840391e+00
9 19 -1.000283840240462e+00 -1.893088475532053e-03 -9.346143915977028e-04 -1.007694360443647e+00
9 20 -1.000283576225268e+00 -1.892510624869002e-03 -9.349754897208447e-04 -1.007696406783412e+00
9 21 -1.000283329458904e+00 -1.892004158890089e-03 -9.352762168286061e-04 -1.007698274875710e+00
9 22 -1.000283109850630e+00 -1.891589220173977e-03 -9.355028409291616e-04 -1.007699890954644e+00
9 23 -1.000282926211308e+00 -1.891282666917495e-03 -9.356434195041560e-04 -1.007701190599158e+00
9 24 -1.000282785858156e+00 -1.891097282898419e-03 -9.356887664341679e-04 -1.007702121569525e+00
9 25 -1.000282694291458e+00 -1.891041125741726e-03 -9.356334051220361e-04 -1.007702646187733e+00
9 26 -1.000282654963071e+00 -1.891117065700378e-03 -9.354763718990151e-04 -1.007702743104725e+00
9 27 -1.000282669150258e+00 -1.891322559428558e-03 -9.352217405982175e-04 -1.007702408325791e+00
9 28 -1.000282735940148e+00 -1.891649688182068e-03 -9.348787679450411e-04 -1.007701655413538e+00
9 29 -1.000282852321009e+00 -1.892085469183734e-03 -9.344616063051476e-04 -1.007700514849797e+00
9 30 -1.000283013368046e+00 -1.892612425746288e-03 -9.339885880639179e-04 -1.007699032603264e+00
9 31 -1.000283212504954e+00 -1.893209380053118e-03 -9.334811437568092e-04 -1.007697268007866e+00
10 0 -1.000283668985807e+00 -1.894310957850083e-03 -9.310758100424976e-04 -1.007694371548101e+00
10 1 -1.000283921590058e+00 -1.894978713028957e-03 -9.305686261650358e-04 -1.007692245787284e+00
10 2 -1.000284185903121e+00 -1.895640982406651e-03 -9.300958827288142e-04 -1.007690067468941e+00
10 3 -1.000284452025752e+00 -1.896271998619728e-03 -9.296775482211259e-04 -1.007687920404031e+00
10 4 -1.000284710112386e+00 -1.896847552329302e-03 -9.293301695273521e-04 -1.007685886350771e+00
10 5 -1.000284950688802e+00 -1.897345909687767e-03 -9.290661872997560e-04 -1.007684042005622e+00
10 6 -1.000285164946781e+00 -1.897748586948250e-03 -9.288936070566121e-04 -1.007682456285661e+00
10 7 -1.000285345015411e+00 -1.898040962000910e-03 -9.288160120887656e-04 -1.007681187971534e+00
10 8 -1.000285484208835e+00 -1.898212712730171e-03 -9.288328712052432e-04 -1.007680283761734e+00
10 9 -1.000285577248990e+00 -1.898258081540612e-03 -9.289400688488192e-04 -1.007679776771707e+00
10 10 -1.000285620459644e+00 -1.898175973767538e-03 -9.291305681956380e-04 -1.007679685495722e+00
10 11 -1.000285611925215e+00 -1.897969903753219e-03 -9.293951119197470e-04 -1.007680013237992e+00
10 12 -1.000285551605079e+00 -1.897647805043530e-03 -9.297228722227929e-04 -1.007680748013986e+00
10 13 -1.000285441392155e+00 -1.897221720573376e-03 -9.301019805939998e-04 -1.007681862921912e+00
10 14 -1.000285285104360e+00 -1.896707386125395e-03 -9.305198955298724e-04 -1.007683316983667e+00
10 15 -1.000285088399416e+00 -1.896123717155880e-03 -9.309635999372503e-04 -1.007685056450701e+00
10 16 -1.000284858607447e+00 -1.895492206251018e-03 -9.314196557643887e-04 -1.007687016561865e+00
10 17 -1.000284604481157e+00 -1.894836236849518e-03 -9.318741761065657e-04 -1.007689123727526e+00
10 18 -1.000284335869512e+00 -1.894180319369499e-03 -9.323127973979338e-04 -1.007691298097524e+00
10 19 -1.000284063326752e+00 -1.893549259028585e-03 -9.327207406287498e-04 -1.007693456450649e+00
10 20 -1.000283797673841e+00 -1.892967270153991e-03 -9.330830392286499e-04 -1.007695515322289e+00
10 21 -1.000283549533474e+00 -1.892457058965035e-03 -9.333849840444766e-04 -1.007697394266165e+00
10 22 -1.000283328862590e+00 -1.892038905231403e-03 -9.336127958512460e-04 -1.007699019126052e+00
10 23 -1.000283144507850e+00 -1.891729782369459e-03 -9.337544880793046e-04 -1.007700325173837e+00
10 24 -1.000283003809672e+00 -1.891542563957168e-03 -9.338008353759038e-04 -1.007701259954092e+00
10 25 -1.000282912278630e+00 -1.891485369724852e-03 -9.337463278745125e-04 -1.007701785668713e+00
10 26 -1.000282873364001e+00 -1.891561103232756e-03 -9.335899751047941e-04 -1.007701880944754e+00
10 27 -1.000282888327866e+00 -1.891767225386995e-03 -9.333358306030723e-04 -1.007701541857961e+00
10 28 -1.000282956230000e+00 -1.892095792959999e-03 -9.329931371983077e-04 -1.007700782132245e+00
10 29 -1.000283074019801e+00 -1.892533770905144e-03 -9.325760396319701e-04 -1.007699632496154e+00
10 30 -1.000283236723060e+00 -1.893063604193770e-03 -9.321028687002252e-04 -1.007698139242762e+00
10 31 -1.000283437704805e+00 -1.893664012960486e-03 -9.315950590871204e-04 -1.007696362098378e+00
11 0 -1.000283849353405e+00 -1.894795717229496e-03 -9.289691978655987e-04 -1.007693488809281e+00
11 1 -1.000284103830635e+00 -1.895467221892590e-03 -9.284619645192699e-04 -1.007691349929388e+00
11 2 -1.000284370092424e+00 -1.896133643173982e-03 -9.279887390608168e-04 -1.007689157638299e+00
11 3 -1.000284638164489e+00 -1.896769058412638e-03 -9.275695011253702e-04 -1.007686996276484e+00
11 4 -1.000284898124281e+00 -1.897349089455851e-03 -9.272208270387172e-04 -1.007684948157199e+00
11 5 -1.000285140421835e+00 -1.897851826376739e-03 -9.269552049206428e-04 -1.007683090535969e+00
11 6 -1.000285356177847e+00 -1.898258609280222e-03 -9.267807044037059e-04 -1.007681492869288e+00
11 7 -1.000285537458443e+00 -1.898554647805883e-03 -9.267009869413324e-04 -1.007680214432439e+00
11 8 -1.000285677526219e+00 -1.898729467745188e-03 -9.267156097718169e-04 -1.007679302348784e+00
11 9 -1.000285771065806e+00 -1.898777183374300e-03 -9.268205514026486e-04 -1.007678790066368e+00
11 10 -1.000285814379982e+00 -1.898696602476039e-03 -9.270088697531917e-04 -1.007678696301970e+00
11 11 -1.000285805549622e+00 -1.898491177311180e-03 -9.272713980765664e-04 -1.007679024460573e+00
11 12 -1.000285744548067e+00 -1.898168817688889e-03 -9.275973905273979e-04 -1.007679762532072e+00
11 13 -1.000285633298738e+00 -1.897741581838145e-03 -9.279750480896046e-04 -1.007680883465407e+00
11 14 -1.000285475664717e+00 -1.897225258362638e-03 -9.283918834116127e-04 -1.007682346019078e+00
11 15 -1.000285277360961e+00 -1.896638849598425e-03 -9.288349164919266e-04 -1.007684096082354e+00
11 16 -1.000285045783824e+00 -1.896003964042173e-03 -9.292907287028472e-04 -1.007686068452769e+00
11 17 -1.000284789757923e+00 -1.895344123951727e-03 -9.297454351607046e-04 -1.007688189042617e+00
11 18 -1.000284519206506e+00 -1.894683994737525e-03 -9.301846578719976e-04 -1.007690377470303e+00
11 19 -1.000284244757442e+00 -1.894048545937937e-03 -9.305935885101996e-04 -1.007692549972495e+00
11 20 -1.000283977302076e+00 -1.893462159020001e-03 -9.309572183129884e-04 -1.007694622552280e+00
11 21 -1.000283727528078e+00 -1.892947704216570e-03 -9.312607852581771e-04 -1.007696514258766e+00
11 22 -1.000283505450179e+00 -1.892525616795972e-03 -9.314904487499267e-04 -1.007698150474306e+00
11 23 -1.000283319964164e+00 -1.892213012275719e-03 -9.316341544940963e-04 -1.007699466066044e+00
11 24 -1.000283178449709e+00 -1.892022888642544e-03 -9.316826052453644e-04 -1.007700408241837e+00
11 25 -1.000283086445848e+00 -1.891963468786558e-03 -9.316302172244281e-04 -1.007700938943814e+00
11 26 -1.000283047418809e+00 -1.892037735394300e-03 -9.314759259693258e-04 -1.007701036622852e+00
11 27 -1.000283062635587e+00 -1.892243202345783e-03 -9.312237126554397e-04 -1.007700697266815e+00
11 28 -1.000283131148532e+00 -1.892571951699013e-03 -9.308827510469527e-04 -1.007699934602889e+00
11 29 -1.000283249887248e+00 -1.893010945086524e-03 -9.304671219362078e-04 -1.007698779454780e+00
11 30 -1.000283413845649e+00 -1.893542595302477e-03 -9.299950992911066e-04 -1.007697278301013e+00
11 31 -1.000283616345404e+00 -1.894145561835590e-03 -9.294880702167522e-04 -1.007695491139905e+00
12 0 -1.000283976301569e+00 -1.895287882384080e-03 -9.267252006187474e-04 -1.007692676190587e+00
12 1 -1.000284232436319e+00 -1.895962521316957e-03 -9.262186167035954e-04 -1.007690525807539e+00
12 2 -1.000284500529483e+00 -1.896632705783650e-03 -9.257453617489791e-04 -1.007688320414981e+00
12 3 -1.000284770536397e+00 -1.897272372436273e-03 -9.253254080636703e-04 -1.007686144852417e+00
12 4 -1.000285032458331e+00 -1.897856979524968e-03 -9.249753538787111e-04 -1.007684081987218e+00
12 5 -1.000285276666483e+00 -1.898364436757755e-03 -9.247077385337353e-04 -1.007682209662074e+00
12 6 -1.000285494203572e+00 -1.898775894643972e-03 -9.245307104974511e-04 -1.007680597928305e+00
12 7 -1.000285677062297e+00 -1.899076372533483e-03 -9.244480343134436e-04 -1.007679306636358e+00
12 8 -1.000285818439955e+00 -1.899255214223654e-03 -9.244593896939560e-04 -1.007678383437641e+00
12 9 -1.000285912967268e+00 -1.899306369167391e-03 -9.245608908498335e-04 -1.007677862235247e+00
12 10 -1.000285956907215e+00 -1.899228505631157e-03 -9.247457376662805e-04 -1.007677762105505e+00
12 11 -1.000285948316891e+00 -1.899024968347737e-03 -9.250049045438122e-04 -1.007678086700398e+00
12 12 -1.000285887162757e+00 -1.898703596193260e-03 -9.253277794073284e-04 -1.007678824134337e+00
12 13 -1.000285775378096e+00 -1.898276415342607e-03 -9.257026839510207e-04 -1.007679947355970e+00
12 14 -1.000285616851520e+00 -1.897759221341435e-03 -9.261172338206135e-04 -1.007681415003095e+00
12 15 -1.000285417337422e+00 -1.897171060718221e-03 -9.265585308175313e-04 -1.007683172733786e+00
12 16 -1.000285184283172e+00 -1.896533620056770e-03 -9.270132147361829e-04 -1.007685155018299e+00
12 17 -1.000284926573296e+00 -1.895870528912085e-03 -9.274674348020520e-04 -1.007687287363335e+00
12 18 -1.000284654197025e+00 -1.895206583645479e-03 -9.279068229190010e-04 -1.007689488922950e+00
12 19 -1.000284377851600e+00 -1.894566902516002e-03 -9.283165573308140e-04 -1.007691675430254e+00
12 20 -1.000284108498676e+00 -1.893976027647187e-03 -9.286815940048622e-04 -1.007693762364103e+00
12 21 -1.000283856894935e+00 -1.893456996201819e-03 -9.289871157326271e-04 -1.007695668246100e+00
12 22 -1.000283633120776e+00 -1.893030411181161e-03 -9.292192090095086e-04 -1.007697317944152e+00
12 23 -1.000283446132501e+00 -1.892713551419377e-03 -9.293657312985593e-04 -1.007698645839178e+00
12 24 -1.000283303363536e+00 -1.892519568889416e-03 -9.294172844292196e-04 -1.007699598694979e+00
12 25 -1.000283210398401e+00 -1.892456826508689e-03 -9.293681739903159e-04 -1.007700138064875e+00
12 26 -1.000283170739109e+00 -1.892528428682034e-03 -9.292172183776794e-04 -1.007700242078551e+00
12 27 -1.000283185677423e+00 -1.892731988748174e-03 -9.289682783648825e-04 -1.007699906481540e+00
12 28 -1.000283254278405e+00 -1.893059662591838e-03 -9.286304073817675e-04 -1.007699144846816e+00
12 29 -1.000283373471604e+00 -1.893498457303871e-03 -9.282175695875949e-04 -1.007697987938839e+00
12 30 -1.000283538237703e+00 -1.894030800602285e-03 -9.277479301112618e-04 -1.007696482276439e+00
12 31 -1.000283741871872e+00 -1.894635334791908e-03 -9.272427794180618e-04 -1.007694688000047e+00
13 0 -1.000284045276918e+00 -1.895768523165316e-03 -9.244319081355046e-04 -1.007691963497111e+00
13 1 -1.000284302792840e+00 -1.896445568141236e-03 -9.239266279289729e-04 -1.007689803645301e+00
13 2 -1.000284572532019e+00 -1.897118988927888e-03 -9.234537817402722e-04 -1.007687586505669e+00
13 3 -1.000284844386669e+00 -1.897762601284147e-03 -9.230333168380786e-04 -1.007685397367849e+00
13 4 -1.000285108285557e+00 -1.898351711176070e-03 -9.226818452645494e-04 -1.007683319631710e+00
13 5 -1.000285354520942e+00 -1.898864050431485e-03 -9.224119594504485e-04 -1.007681431733172e+00
13 6 -1.000285574053662e+00 -1.899280573671527e-03 -9.222318983373527e-04 -1.007679804351374e+00
13 7 -1.000285758795368e+00 -1.899586095180012e-03 -9.221455503379651e-04 -1.007678497970508e+00
13 8 -1.000285901866895e+00 -1.899769753946467e-03 -9.221527466195538e-04 -1.007677560852554e+00
13 9 -1.000285997830645e+00 -1.899825304449262e-03 -9.222497729898198e-04 -1.007677027459843e+00
13 10 -1.000286042892618e+00 -1.899751239046118e-03 -9.224300124363753e-04 -1.007676917350697e+00
13 11 -1.000286035066859e+00 -1.899550753762825e-03 -9.226846249981557e-04 -1.007677234560266e+00
13 12 -1.000285974292412e+00 -1.899231572186413e-03 -9.230031783706384e-04 -1.007677967472282e+00
13 13 -1.000285862491453e+00 -1.898805642522891e-03 -9.233741607714192e-04 -1.007679089183302e+00
13 14 -1.000285703557595e+00 -1.898288721431395e-03 -9.237853348323290e-04 -1.007680558356682e+00
13 15 -1.000285503265435e+00 -1.897699855612478e-03 -9.242239247069120e-04 -1.007682320558040e+00
13 16 -1.000285269096262e+00 -1.897060769259133e-03 -9.246766642867514e-04 -1.007684310055916e+00
13 17 -1.000285009980287e+00 -1.896395163898675e-03 -9.251297666190404e-04 -1.007686452058538e+00
13 18 -1.000284735961986e+00 -1.895727938076868e-03 -9.255688964577817e-04 -1.007688665339632e+00
13 19 -1.000284457801137e+00 -1.895084337739422e-03 -9.259792341299887e-04 -1.007690865185917e+00
13 20 -1.000284186526984e+00 -1.894489053248234e-03 -9.263457078314394e-04 -1.007692966579720e+00
13 21 -1.000283932966653e+00 -1.893965285399645e-03 -9.266534443568519e-04 -1.007694887512120e+00
13 22 -1.000283707271646e+00 -1.893533810870120e-03 -9.268884482431896e-04 -1.007696552302956e+00
13 23 -1.000283518467917e+00 -1.893212086795597e-03 -9.270384717147865e-04 -1.007697894783943e+00
13 24 -1.000283374055084e+00 -1.893013442687959e-03 -9.270939911036711e-04 -1.007698861184823e+00
13 25 -1.000283279678397e+00 -1.892946412773948e-03 -9.270491697614501e-04 -1.007699412556597e+00
13 26 -1.000283238893063e+00 -1.893014260907828e-03 -9.269026712449346e-04 -1.007699526575653e+00
13 27 -1.000283253034502e+00 -1.893214742424848e-03 -9.266581935208217e-04 -1.007699198600398e+00
13 28 -1.000283321200102e+00 -1.893540132575800e-03 -9.263246241992224e-04 -1.007698441898421e+00
13 29 -1.000283440338998e+00 -1.893977530628249e-03 -9.259157639333280e-04 -1.007697287023664e+00
13 30 -1.000283605437625e+00 -1.894509425313648e-03 -9.254496225190955e-04 -1.007695780389874e+00
13 31 -1.000283809782329e+00 -1.895114485446063e-03 -9.249473495646220e-04 -1.007693982145616e+00
14 0 -1.000284053918705e+00 -1.896219321440634e-03 -9.221792588870405e-04 -1.007691376101105e+00
14 1 -1.000284312490923e+00 -1.896897963018770e-03 -9.216758588693990e-04 -1.007689209143629e+00
14 2 -1.000284583631747e+00 -1.897573979567707e-03 -9.212038193981314e-04 -1.007686982029518e+00
14 3 -1.000284857179753e+00 -1.898221089945569e-03 -9.207830468247084e-04 -1.007684780433798e+00
14 4 -1.000285122997515e+00 -1.898814464642355e-03 -9.204301590012499e-04 -1.007682688247927e+00
14 5 -1.000285371301202e+00 -1.899331666685675e-03 -9.201578016631546e-04 -1.007680784485092e+00
14 6 -1.000285592968973e+00 -1.899753455838037e-03 -9.199743126245110e-04 -1.007679140461766e+00
14 7 -1.000285779826877e+00 -1.900064434206394e-03 -9.198837203215044e-04 -1.007677817330802e+00
14 8 -1.000285924911043e+00 -1.900253520899453e-03 -9.198860304959869e-04 -1.007676864024222e+00
14 9 -1.000286022703814e+00 -1.900314252824799e-03 -9.199777295873143e-04 -1.007676315646050e+00
14 10 -1.000286069339333e+00 -1.900244916990856e-03 -9.201524173983128e-04 -1.007676192339785e+00
14 11 -1.000286062771086e+00 -1.900048525392419e-03 -9.204014765983912e-04 -1.007676498644540e+00
14 12 -1.000286002891260e+00 -1.899732646429878e-03 -9.207146933904662e-04 -1.007677223347489e+00
14 13 -1.000285891590424e+00 -1.899309107488307e-03 -9.210807614018014e-04 -1.007678339835215e+00
14 14 -1.000285732746560e+00 -1.898793582283203e-03 -9.214876277504702e-04 -1.007679806940941e+00
14 15 -1.000285532134600e+00 -1.898205074133220e-03 -9.219226736983132e-04 -1.007681570278620e+00
14 16 -1.000285297251509e+00 -1.897565303428720e-03 -9.223727581201152e-04 -1.007683564046812e+00
14 17 -1.000285037057361e+00 -1.896898006026330e-03 -9.228241839698991e-04 -1.007685713272444e+00
14 18 -1.000284761639144e+00 -1.896228150369852e-03 -9.232626693247126e-04 -1.007687936446306e+00
14 19 -1.000284481810037e+00 -1.895581084558421e-03 -9.236734107512111e-04 -1.007690148481936e+00
14 20 -1.000284208661653e+00 -1.894981629467703e-03 -9.240413160119100e-04 -1.007692263910980e+00
14 21 -1.000283953090374e+00 -1.894453140288485e-03 -9.243514562334805e-04 -1.007694200210575e+00
14 22 -1.000283725321628e+00 -1.894016566952121e-03 -9.245897474063586e-04 -1.007695881139121e+00
14 23 -1.000283534457629e+00 -1.893689553298277e-03 -9.247438232315508e-04 -1.007697239936447e+00
14 24 -1.000283388074203e+00 -1.893485623259194e-03 -9.248040148082635e-04 -1.007698222228233e+00
14 25 -1.000283291890270e+00 -1.893413507045624e-03 -9.247643174408572e-04 -1.007698788469026e+00
14 26 -1.000283249529591e+00 -1.893476659422993e-03 -9.246232086868248e-04 -1.007698915767677e+00
14 27 -1.000283262388421e+00 -1.893673014656999e-03 -9.243841883488173e-04 -1.007698598965973e+00
14 28 -1.000283329614834e+00 -1.893995008176966e-03 -9.240559400898548e-04 -1.007697850887045e+00
14 29 -1.000283448196354e+00 -1.894429874366914e-03 -9.236520616389804e-04 -1.007696701731785e+00
14 30 -1.000283613143746e+00 -1.894960206320136e-03 -9.231903682155655e-04 -1.007695197668700e+00
14 31 -1.000283817752317e+00 -1.895564741553606e-03 -9.226918310303903e-04 -1.007693398721699e+00
15 0 -1.000284002105327e+00 -1.896623251497993e-03 -9.200553109154772e-04 -1.007690934274674e+00
15 1 -1.000284261373928e+00 -1.897302632181223e-03 -9.195542639948076e-04 -1.007688762806506e+00
15 2 -1.000284533623612e+00 -1.897980517389996e-03 -9.190833683309167e-04 -1.007686527832999e+00
15 3 -1.000284808650595e+00 -1.898630556249703e-03 -9.186624760689827e-04 -1.007684315336832e+00
15 4 -1.000285076259902e+00 -1.899227805340871e-03 -9.183082034890184e-04 -1.007682209642718e+00
15 5 -1.000285326597260e+00 -1.899749674128025e-03 -9.180332484787768e-04 -1.007680290304012e+00
15 6 -1.000285550460416e+00 -1.900176735747914e-03 -9.178460528704437e-04 -1.007678629260454e+00
15 7 -1.000285739588451e+00 -1.900493380864670e-03 -9.177507963160390e-04 -1.007677288343771e+00
15 8 -1.000285886927706e+00 -1.900688301799342e-03 -9.177476758199305e-04 -1.007676317190661e+00
15 9 -1.000285986871797e+00 -1.900754803513065e-03 -9.178333999101971e-04 -1.007675751605022e+00
15 10 -1.000286035470959e+00 -1.900690946142871e-03 -9.180018106188823e-04 -1.007675612396002e+00
15 11 -1.000286030603035e+00 -1.900499529483621e-03 -9.182445416597714e-04 -1.007675904707626e+00
15 12 -1.000285972095795e+00 -1.900187932857297e-03 -9.185516279572465e-04 -1.007676617848771e+00
15 13 -1.000285861788979e+00 -1.899767824673394e-03 -9.189119991907895e-04 -1.007677725626668e+00
15 14 -1.000285703524994e+00 -1.899254755033498e-03 -9.193138167351522e-04 -1.007679187181451e+00
15 15 -1.000285503059376e+00 -1.898667642374352e-03 -9.197446468066157e-04 -1.007680948313055e+00
15 16 -1.000285267886097e+00 -1.898028162508791e-03 -9.201914983281644e-04 -1.007682943282895e+00
15 17 -1.000285006978279e+00 -1.897360047164935e-03 -9.206407856298320e-04 -1.007685097059158e+00
15 18 -1.000284730451209e+00 -1.896688300213646e-03 -9.210782971987139e-04 -1.007687327956475e+00
15 19 -1.000284449160424e+00 -1.896038342952934e-03 -9.214892579334183e-04 -1.007689550601334e+00
15 20 -1.000284174252420e+00 -1.895435104509516e-03 -9.218585619242520e-04 -1.007691679136583e+00
15 21 -1.000283916689129e+00 -1.894902079725899e-03 -9.221712259341171e-04 -1.007693630560623e+00
15 22 -1.000283686770030e+00 -1.894460385131222e-03 -9.224130732215667e-04 -1.007695328077505e+00
15 23 -1.000283493677455e+00 -1.894127852942566e-03 -9.225716093391167e-04 -1.007696704314007e+00
15 24 -1.000283345070702e+00 -1.893918211321123e-03 -9.226370053048501e-04 -1.007697704243826e+00
15 25 -1.000283246752600e+00 -1.893840403814893e-03 -9.226030687360510e-04 -1.007698287653207e+00
15 26 -1.000283202428226e+00 -1.893898100199004e-03 -9.224680673801310e-04 -1.007698430991077e+00
15 27 -1.000283213569502e+00 -1.894089443569301e-03 -9.222352756838670e-04 -1.007698128473395e+00
15 28 -1.000283279391546e+00 -1.894407064028646e-03 -9.219131437732331e-04 -1.007697392357326e+00
15 29 -1.000283396937523e+00 -1.894838368662147e-03 -9.215150356376014e-04 -1.007696252362257e+00
15 30 -1.000283561260052e+00 -1.895366094005427e-03 -9.210585411563661e-04 -1.007694754281490e+00
15 31 -1.000283765680658e+00 -1.895969085426432e-03 -9.205644237043620e-04 -1.007692957887433e+00
16 0 -1.000283891926368e+00 -1.896965187634770e-03 -9.181426346639493e-04 -1.007690652763977e+00
16 1 -1.000284151510334e+00 -1.897644434725943e-03 -9.176442933124788e-04 -1.007688479512969e+00
16 2 -1.000284424539243e+00 -1.898323403336633e-03 -9.171748040589524e-04 -1.007686239055329e+00
16 3 -1.000284700779604e+00 -1.898975702156470e-03 -9.167539546926940e-04 -1.007684017593591e+00
16 4 -1.000284969989527e+00 -1.899576299339748e-03 -9.163983535754421e-04 -1.007681899812223e+00
16 5 -1.000285222252442e+00 -1.900102471514473e-03 -9.161207484809905e-04 -1.007679965748247e+00
16 6 -1.000285448290868e+00 -1.900534620208495e-03 -9.159296871837575e-04 -1.007678287927917e+00
16 7 -1.000285639758753e+00 -1.900856933146587e-03 -9.158295065918411e-04 -1.007676928847102e+00
16 8 -1.000285789510932e+00 -1.901057877351802e-03 -9.158206048895847e-04 -1.007675938855686e+00
16 9 -1.000285891846971e+00 -1.901130520097863e-03 -9.158999261427577e-04 -1.007675354489538e+00
16 10 -1.000285942724357e+00 -1.901072681644024e-03 -9.160615711534228e-04 -1.007675197278879e+00
16 11 -1.000285939933159e+00 -1.900886929503120e-03 -9.162974437073276e-04 -1.007675473050438e+00
16 12 -1.000285883221737e+00 -1.900580427367132e-03 -9.165978481452267e-04 -1.007676171732631e+00
16 13 -1.000285774361851e+00 -1.900164652763965e-03 -9.169519716206797e-04 -1.007677267667196e+00
16 14 -1.000285617141862e+00 -1.899654996390048e-03 -9.173482110229787e-04 -1.007678720425868e+00
16 15 -1.000285417279014e+00 -1.899070253708491e-03 -9.177743378375684e-04 -1.007680476124477e+00
16 16 -1.000285182245828e+00 -1.898432017166508e-03 -9.182175296630939e-04 -1.007682469216777e+00
16 17 -1.000284921011308e+00 -1.897763976522634e-03 -9.186643284005689e-04 -1.007684624735621e+00
16 18 -1.000284643703897e+00 -1.897091135813653e-03 -9.191006060812840e-04 -1.007686860931337e+00
16 19 -1.000284361208998e+00 -1.896438958330726e-03 -9.195116256213811e-04 -1.007689092238891e+00
16 20 -1.000284084718576e+00 -1.895832455531933e-03 -9.198822734641037e-04 -1.007691232487675e+00
16 21 -1.000283825254056e+00 -1.895295242291157e-03 -9.201975141637936e-04 -1.007693198249542e+00
16 22 -1.000283593186428e+00 -1.894848589202637e-03 -9.204430763108376e-04 -1.007694912201153e+00
16 23 -1.000283397779096e+00 -1.894510511842324e-03 -9.206063312493298e-04 -1.007696306357211e+00
16 24 -1.000283246779063e+00 -1.894294945050382e-03 -9.206772800378559e-04 -1.007697325015292e+00
16 25 -1.000283146080244e+00 -1.894211055215081e-03 -9.206495294247179e-04 -1.007697927246173e+00
16 26 -1.000283099478776e+00 -1.894262743114340e-03 -9.205211213391530e-04 -1.007698088771278e+00
16 27 -1.000283108534195e+00 -1.894448382524278e-03 -9.202950864389205e-04 -1.007697803095607e+00
16 28 -1.000283172542394e+00 -1.894760825099295e-03 -9.199796209930337e-04 -1.007697081811032e+00
16 29 -1.000283288617221e+00 -1.895187681410456e-03 -9.195878338863027e-04 -1.007695954046006e+00
16 30 -1.000283451868995e+00 -1.895711864831740e-03 -9.191370682819040e-04 -1.007694465103534e+00
16 31 -1.000283655661606e+00 -1.896312363329575e-03 -9.186478592932279e-04 -1.007692674387979e+00
17 0 -1.000283727586383e+00 -1.897232423074756e-03 -9.165149989005478e-04 -1.007690540566810e+00
17 1 -1.000283987097386e+00 -1.897910679960783e-03 -9.160195875038664e-04 -1.007688368296265e+00
17 2 -1.000284260551109e+00 -1.898589917046418e-03 -9.155516865704732e-04 -1.007686124904261e+00
17 3 -1.000284537697906e+00 -1.899243732943205e-03 -9.151310129189755e-04 -1.007683896718432e+00
17 4 -1.000284808261180e+00 -1.899847035810820e-03 -9.147741619706711e-04 -1.007681768697100e+00
17 5 -1.000285062272364e+00 -1.900376994818506e-03 -9.144939281379075e-04 -1.007679821287379e+00
17 6 -1.000285290386603e+00 -1.900813861056865e-03 -9.142989638552016e-04 -1.007678127544216e+00
17 7 -1.000285484177676e+00 -1.901141635254206e-03 -9.141937641107881e-04 -1.007676750588476e+00
17 8 -1.000285636410630e+00 -1.901348568989197e-03 -9.141789312656775e-04 -1.007675741465184e+00
17 9 -1.000285741289201e+00 -1.901427494919046e-03 -9.142516500924001e-04 -1.007675137447097e+00
17 10 -1.000285794672765e+00 -1.901375989286445e-03 -9.144062874142460e-04 -1.007674960814329e+00
17 11 -1.000285794254817e+00 -1.901196375940274e-03 -9.146350261952545e-04 -1.007675218128591e+00
17 12 -1.000285739692447e+00 -1.900895584688787e-03 -9.149284508006544e-04 -1.007675900011755e+00
17 13 -1.000285632675023e+00 -1.900484877748878e-03 -9.152760175591507e-04 -1.007676981432790e+00
17 14 -1.000285476920566e+00 -1.899979456809289e-03 -9.156663712265333e-04 -1.007678422502758e+00
17 15 -1.000285278090631e+00 -1.899397960947966e-03 -9.160875010179098e-04 -1.007680169771152e+00
17 16 -1.000285043618688e+00 -1.898761863700044e-03 -9.165267651125687e-04 -1.007682158005963e+00
17 17 -1.000284782452702e+00 -1.898094776912354e-03 -9.169708436904281e-04 -1.007684312424727e+00
17 18 -1.000284504718791e+00 -1.897421670002870e-03 -9.174057014086275e-04 -1.007686551326337e+00
17 19 -1.000284221318758e+00 -1.896768015960801e-03 -9.178166464384298e-04 -1.007688789055541e+00
17 20 -1.000283943479055e+00 -1.896158880005579e-03 -9.181885627657278e-04 -1.007690939214112e+00
17 21 -1.000283682272455e+00 -1.895617973360046e-03 -9.185063655709320e-04 -1.007692918014291e+00
17 22 -1.000283448136362e+00 -1.895166702811626e-03 -9.187556889964537e-04 -1.007694647650950e+00
17 23 -1.000283250413241e+00 -1.894823255753611e-03 -9.189237678116049e-04 -1.007696059549871e+00
17 24 -1.000283096938795e+00 -1.894601768636649e-03 -9.190004284872675e-04 -1.007697097333298e+00
17 25 -1.000282993701840e+00 -1.894511632004932e-03 -9.189790703933909e-04 -1.007697719335841e+00
17 26 -1.000282944595964e+00 -1.894556985098483e-03 -9.188575014976010e-04 -1.007697900510768e+00
17 27 -1.000282951276980e+00 -1.894736445567557e-03 -9.186384990778068e-04 -1.007697633593665e+00
17 28 -1.000283013132185e+00 -1.895043104965820e-03 -9.183299948278839e-04 -1.007696929437397e+00
17 29 -1.000283127358393e+00 -1.895464800147111e-03 -9.179448311829230e-04 -1.007695816493231e+00
17 30 -1.000283289137204e+00 -1.895984647759657e-03 -9.175000931618623e-04 -1.007694339478001e+00
17 31 -1.000283491889355e+00 -1.896581807504033e-03 -9.170160765602292e-04 -1.007692557325891e+00
18 0 -1.000283515246863e+00 -1.897415090416104e-03 -9.152344971515558e-04 -1.007690600868275e+00
18 1 -1.000283774302557e+00 -1.898091545463986e-03 -9.147421128875676e-04 -1.007688432283522e+00
18 2 -1.000284047814084e+00 -1.898770234149584e-03 -9.142759024410458e-04 -1.007686188594814e+00
18 3 -1.000284325529645e+00 -1.899424775402937e-03 -9.138555086599047e-04 -1.007683956156301e+00
18 4 -1.000284597151254e+00 -1.900030047716683e-03 -9.134975104066430e-04 -1.007681820105026e+00
18 5 -1.000284852670413e+00 -1.900563141877716e-03 -9.132147445513148e-04 -1.007679861210277e+00
18 6 -1.000285082685148e+00 -1.901004185102300e-03 -9.130159637225731e-04 -1.007678152978823e+00
18 7 -1.000285278696988e+00 -1.901337013941376e-03 -9.129058165898819e-04 -1.007676759094327e+00
18 8 -1.000285433386265e+00 -1.901549682391664e-03 -9.128851056919797e-04 -1.007675731253018e+00
18 9 -1.000285540862687e+00 -1.901634800271413e-03 -9.129512532263212e-04 -1.007675107442152e+00
18 10 -1.000285596885827e+00 -1.901589704693727e-03 -9.130988897758737e-04 -1.007674910692923e+00
18 11 -1.000285599047450e+00 -1.901416473530180e-03 -9.133204764885045e-04 -1.007675148327039e+00
18 12 -1.000285546905021e+00 -1.901121793286399e-03 -9.136068781853277e-04 -1.007675811707559e+00
18 13 -1.000285442054325e+00 -1.900716694668958e-03 -9.139478222904631e-04 -1.007676876499352e+00
18 14 -1.000285288129498e+00 -1.900216167980913e-03 -9.143322047606829e-04 -1.007678303439796e+00
18 15 -1.000285090721176e+00 -1.899638668437955e-03 -9.147482370138945e-04 -1.007680039613244e+00
18 16 -1.000284857207711e+00 -1.899005519635542e-03 -9.151834629753099e-04 -1.007682020211789e+00
18 17 -1.000284596499966e+00 -1.898340222617034e-03 -9.156247065004758e-04 -1.007684170750311e+00
18 18 -1.000284318706420e+00 -1.897667678925918e-03 -9.160580301599612e-04 -1.007686409686618e+00
18 19 -1.000284034731302e+00 -1.897013338926201e-03 -9.164687923119378e-04 -1.007688651378948e+00
18 20 -1.000283755823400e+00 -1.896402291444173e-03 -9.168418788085244e-04 -1.007690809294595e+00
18 21 -1.000283493096896e+00 -1.895858317226812e-03 -9.171621589302623e-04 -1.007692799365312e+00
18 22 -1.000283257048116e+00 -1.895402936669757e-03 -9.174151748958364e-04 -1.007694543366808e+00
18 23 -1.000283057093656e+00 -1.895054491236485e-03 -9.175880265557063e-04 -1.007695972180648e+00
18 24 -1.000282901155592e+00 -1.894827306492933e-03 -9.176703667117711e-04 -1.007697028779650e+00
18 25 -1.000282795317910e+00 -1.894730990206138e-03 -9.176553875940506e-04 -1.007697670768904e+00
18 26 -1.000282743574425e+00 -1.894769918806224e-03 -9.175406628083348e-04 -1.007697872321213e+00
18 27 -1.000282747682325e+00 -1.894942958004987e-03 -9.173287153695993e-04 -1.007697625372796e+00
18 28 -1.000282807127507e+00 -1.895243448536584e-03 -9.170272112639329e-04 -1.007696939991686e+00
18 29 -1.000282919198861e+00 -1.895659467588028e-03 -9.166487252145892e-04 -1.007695843891768e+00
18 30 -1.000283079160098e+00 -1.896174353591660e-03 -9.162100826307365e-04 -1.007694381130602e+00
18 31 -1.000283280501073e+00 -1.896767460439963e-03 -9.157313382056156e-04 -1.007692610088295e+00
19 0 -1.000283262812206e+00 -1.897506478382783e-03 -9.143492303953698e-04 -1.007690831092848e+00
19 1 -1.000283521048799e+00 -1.898180391053181e-03 -9.138598511930862e-04 -1.007688668753021e+00
19 2 -1.000283794250567e+00 -1.898857738937351e-03 -9.133953606658662e-04 -1.007686427407155e+00
19 3 -1.000284072177573e+00 -1.899512190803112e-03 -9.129753279751330e-04 -1.007684193336513e+00
19 4 -1.000284344524437e+00 -1.900118626682934e-03 -9.126163130373013e-04 -1.007682051755631e+00
19 5 -1.000284601256181e+00 -1.900654090753297e-03 -9.123311900626257e-04 -1.007680083656638e+00
19 6 -1.000284832926033e+00 -1.901098617409815e-03 -9.121288042780176e-04 -1.007678362904718e+00
19 7 -1.000285030973843e+00 -1.901435907927023e-03 -9.120139484223208e-04 -1.007676953663274e+00
19 8 -1.000285188003433e+00 -1.901653843934770e-03 -9.119876141815605e-04 -1.007675908211682e+00
19 9 -1.000285298035786e+00 -1.901744832491418e-03 -9.120474494346898e-04 -1.007675265202802e+00
19 10 -1.000285356732733e+00 -1.901705985396813e-03 -9.121883368356806e-04 -1.007675048392125e+00
19 11 -1.000285361583010e+00 -1.901539141413064e-03 -9.124030048201833e-04 -1.007675265858043e+00
19 12 -1.000285312039852e+00 -1.901250743364740e-03 -9.126825891778511e-04 -1.007675909725061e+00
19 13 -1.000285209597787e+00 -1.900851582844472e-03 -9.130170807907937e-04 -1.007676956396838e+00
19 14 -1.000285057796717e+00 -1.900356424323798e-03 -9.133956212749560e-04 -1.007678367300548e+00
19 15 -1.000284862143905e+00 -1.899783518685123e-03 -9.138066408546399e-04 -1.007680090136108e+00
19 16 -1.000284629948692e+00 -1.899154014282315e-03 -9.142378678275062e-04 -1.007682060613224e+00
19 17 -1.000284370070224e+00 -1.898491272613530e-03 -9.146762701208946e-04 -1.007684204645553e+00
19 18 -1.000284092584695e+00 -1.897820096593251e-03 -9.151080100469182e-04 -1.007686440954300e+00
19 19 -1.000283808384715e+00 -1.897165882574669e-03 -9.155184990553474e-04 -1.007688684014155e+00
19 20 -1.000283528728487e+00 -1.896553712234491e-03 -9.158926285775285e-04 -1.007690847255336e+00
19 21 -1.000283264760180e+00 -1.896007406759196e-03 -9.162152264205433e-04 -1.007692846417808e+00
19 22 -1.000283027025380e+00 -1.895548573553484e-03 -9.164717480583596e-04 -1.007694602935826e+00
19 23 -1.000282825007098e+00 -1.895195684745635e-03 -9.166491643619453e-04 -1.007696047211568e+00
19 24 -1.000282666708197e+00 -1.894963235517387e-03 -9.167369610206407e-04 -1.007697121618550e+00
19 25 -1.000282558304520e+00 -1.894861035906426e-03 -9.167281300864747e-04 -1.007697783066161e+00
19 26 -1.000282503889129e+00 -1.894893689515946e-03 -9.166200180839430e-04 -1.007698004963480e+00
19 27 -1.000282505321906e+00 -1.895060305128230e-03 -9.164149014403015e-04 -1.007697778447153e+00
19 28 -1.000282562190890e+00 -1.895354472658785e-03 -9.161201885318567e-04 -1.007697112783766e+00
19 29 -1.000282671882718e+00 -1.895764514636683e-03 -9.157481946405063e-04 -1.007696034917275e+00
19 30 -1.000282829750942e+00 -1.896274001327745e-03 -9.153154935058731e-04 -1.007694588197944e+00
19 31 -1.000283029364144e+00 -1.896862495781348e-03 -9.148419058197437e-04 -1.007692830389283e+00
20 0 -1.000282979664640e+00 -1.897503242547037e-03 -9.138916250321906e-04 -1.007691223043465e+00
20 1 -1.000283236748646e+00 -1.898173966588208e-03 -9.134051225716138e-04 -1.007689069279144e+00
20 2 -1.000283509284344e+00 -1.898849230680127e-03 -9.129423197616992e-04 -1.007686832832865e+00
20 3 -1.000283787057282e+00 -1.899502781208323e-03 -9.125227150889297e-04 -1.007684599815769e+00
20 4 -1.000284059768974e+00 -1.900109530910735e-03 -9.121628480133711e-04 -1.007682455415516e+00
20 5 -1.000284317372383e+00 -1.900646510825396e-03 -9.118756239176786e-04 -1.007680480739353e+00
20 6 -1.000284550389915e+00 -1.901093697027568e-03 -9.116699699315094e-04 -1.007678749904046e+00
20 7 -1.000284750212580e+00 -1.901434689474398e-03 -9.115508081219246e-04 -1.007677327451834e+00
20 8 -1.000284909378704e+00 -1.901657229094121e-03 -9.115193014071540e-04 -1.007676266155552e+00
20 9 -1.000285021829151e+00 -1.901753547880602e-03 -9.115733034148073e-04 -1.007675605259947e+00
20 10 -1.000285083133769e+00 -1.901720554636411e-03 -9.117079281590217e-04 -1.007675369190749e+00
20 11 -1.000285090680858e+00 -1.901559864858287e-03 -9.119161510288042e-04 -1.007675566751327e+00
20 12 -1.000285043818719e+00 -1.901277686328363e-03 -9.121893598164859e-04 -1.007676190819776e+00
20 13 -1.000284943936698e+00 -1.900884572683630e-03 -9.125177920709375e-04 -1.007677218554497e+00
20 14 -1.000284794473652e+00 -1.900395056459861e-03 -9.128908210514889e-04 -1.007678612110531e+00
20 15 -1.000284600844223e+00 -1.899827171424644e-03 -9.132970849263833e-04 -1.007680319860844e+00
20 16 -1.000284370277539e+00 -1.899201872028492e-03 -9.137244888051686e-04 -1.007682278106506e+00
20 17 -1.000284111568404e+00 -1.898542356673215e-03 -9.141601403539095e-04 -1.007684413246443e+00
20 18 -1.000283834747270e+00 -1.897873302437659e-03 -9.145903002652897e-04 -1.007686644360268e+00
20 19 -1.000283550681473e+00 -1.897220022178553e-03 -9.150004343663656e-04 -1.007688886138072e+00
20 20 -1.000283270625326e+00 -1.896607559914928e-03 -9.153754433501898e-04 -1.007691052071865e+00
20 21 -1.000283005740411e+00 -1.896059746712607e-03 -9.157001195196750e-04 -1.007693057805622e+00
20 22 -1.000282766610021e+00 -1.895598247162720e-03 -9.159598398045206e-04 -1.007694824522579e+00
20 23 -1.000282562773333e+00 -1.895241635796530e-03 -9.161414563838326e-04 -1.007696282228265e+00
20 24 -1.000282402305341e+00 -1.895004551613603e-03 -9.162342999404077e-04 -1.007697372769389e+00
20 25 -1.000282291466946e+00 -1.894896984426011e-03 -9.162311759767830e-04 -1.007698052419579e+00
20 26 -1.000282234445702e+00 -1.894923746468681e-03 -9.161292188510350e-04 -1.007698293869782e+00
20 27 -1.000282233201633e+00 -1.895084175506318e-03 -9.159304743800171e-04 -1.007698087486958e+00
20 28 -1.000282287424661e+00 -1.895372101418095e-03 -9.156421100332872e-04 -1.007697441749386e+00
20 29 -1.000282394601265e+00 -1.895776088065705e-03 -9.152761985728505e-04 -1.007696382826869e+00
20 30 -1.000282550179231e+00 -1.896279938982347e-03 -9.148490785736907e-04 -1.007694953340634e+00
20 31 -1.000282747812521e+00 -1.896863433408321e-03 -9.143803521019979e-04 -1.007693210398387e+00
21 0 -1.000282676352479e+00 -1.897405509189660e-03 -9.138774263709014e-04 -1.007691763115840e+00
21 1 -1.000282931991539e+00 -1.898072512819858e-03 -9.133935817782439e-04 -1.007689619953322e+00
21 2 -1.000283203527650e+00 -1.898745022986666e-03 -9.129323855875521e-04 -1.007687390797581e+00
21 3 -1.000283480784640e+00 -1.899396888827850e-03 -9.125132708392200e-04 -1.007685161497782e+00
21 4 -1.000283753485081e+00 -1.900003086001105e-03 -9.121527555096112e-04 -1.007683017110289e+00
21 5 -1.000284011584849e+00 -1.900540666584069e-03 -9.118637686842067e-04 -1.007681038744585e+00
21 6 -1.000284245590682e+00 -1.900989585139989e-03 -9.116553055807838e-04 -1.007679300652342e+00
21 7 -1.000284446859400e+00 -1.901333378122932e-03 -9.115323979901632e-04 -1.007677867639430e+00
21 8 -1.000284607877277e+00 -1.901559682754994e-03 -9.114963557636055e-04 -1.007676792863935e+00
21 9 -1.000284722516666e+00 -1.901660590320977e-03 -9.115452107722695e-04 -1.007676116066402e+00
21 10 -1.000284786264655e+00 -1.901632836669148e-03 -9.116742792886956e-04 -1.007675862263339e+00
21 11 -1.000284796415498e+00 -1.901477838311033e-03 -9.118767544827765e-04 -1.007676040924070e+00
21 12 -1.000284752215787e+00 -1.901201585397868e-03 -9.121442482808273e-04 -1.007676645644378e+00
21 13 -1.000284654949699e+00 -1.900814403556592e-03 -9.124672195343508e-04 -1.007677654325569e+00
21 14 -1.000284507952005e+00 -1.900330595808982e-03 -9.128352512515763e-04 -1.007679029861936e+00
21 15 -1.000284316538948e+00 -1.899767974020164e-03 -9.132371717754810e-04 -1.007680721332221e+00
21 16 -1.000284087851271e+00 -1.899147287244767e-03 -9.136610497231541e-04 -1.007682665680730e+00
21 17 -1.000283830609241e+00 -1.898491553271565e-03 -9.140941237577062e-04 -1.007684789860115e+00
21 18 -1.000283554785823e+00 -1.897825300732874e-03 -9.145227487206661e-04 -1.007687013390230e+00
21 19 -1.000283271210316e+00 -1.897173732410376e-03 -9.149324449400335e-04 -1.007689251268012e+00
21 20 -1.000282991119865e+00 -1.896561825249005e-03 -9.153081266041025e-04 -1.007691417144673e+00
21 21 -1.000282725680099e+00 -1.896013388941024e-03 -9.156345585381815e-04 -1.007693426668518e+00
21 22 -1.000282485498925e+00 -1.895550113091195e-03 -9.158970506124788e-04 -1.007695200872236e+00
21 23 -1.000282280159246e+00 -1.895190642470337e-03 -9.160823509602368e-04 -1.007696669462552e+00
21 24 -1.000282117796765e+00 -1.894949728691409e-03 -9.161796528023260e-04 -1.007697773851729e+00
21 25 -1.000282004747364e+00 -1.894837512024937e-03 -9.161815952227633e-04 -1.007698469761750e+00
21 26 -1.000281945284698e+00 -1.894858986834072e-03 -9.160851226701581e-04 -1.007698729238502e+00
21 27 -1.000281941462547e+00 -1.895013697115052e-03 -9.158920741161583e-04 -1.007698541938407e+00
21 28 -1.000281993068642e+00 -1.895295694583281e-03 -9.156094007184088e-04 -1.007697915594059e+00
21 29 -1.000282097687709e+00 -1.895693771593068e-03 -9.152489574852143e-04 -1.007696875625373e+00
21 30 -1.000282250862729e+00 -1.896191957849163e-03 -9.148268720610258e-04 -1.007695463929466e+00
21 31 -1.000282446336571e+00 -1.896770247834345e-03 -9.143625506688674e-04 -1.007693736943160e+00
22 0 -1.000282364236232e+00 -1.897216871911885e-03 -9.143053707353347e-04 -1.007692432595182e+00
22 1 -1.000282618188873e+00 -1.897879754837320e-03 -9.138238907200036e-04 -1.007690301688567e+00
22 2 -1.000282888425847e+00 -1.898548935660447e-03 -9.133641832192005e-04 -1.007688081968064e+00
22 3 -1.000283164820783e+00 -1.899198387824590e-03 -9.129456228562931e-04 -1.007685858937856e+00
22 4 -1.000283437130861e+00 -1.899803178155158e-03 -9.125847052567454e-04 -1.007683717422143e+00
22 5 -1.000283695329892e+00 -1.900340413576736e-03 -9.122943742155395e-04 -1.007681738418305e+00
22 6 -1.000283929924793e+00 -1.900790065063078e-03 -9.120836761755291e-04 -1.007679996190204e+00
22 7 -1.000284132254172e+00 -1.901135645935452e-03 -9.119577286805120e-04 -1.007678555681703e+00
22 8 -1.000284294767672e+00 -1.901364730727108e-03 -9.119179586497050e-04 -1.007677470313047e+00
22 9 -1.000284411283338e+00 -1.901469309807222e-03 -9.119625420157681e-04 -1.007676780205437e+00
22 10 -1.000284477217840e+00 -1.901445982768007e-03 -9.120869606385179e-04 -1.007676510864165e+00
22 11 -1.000284489781306e+00 -1.901295999007930e-03 -9.122845882254825e-04 -1.007676672340289e+00
22 12 -1.000284448125703e+00 -1.901025156698917e-03 -9.125472248398182e-04 -1.007677258884335e+00
22 13 -1.000284353434030e+00 -1.900643571970440e-03 -9.128655174581053e-04 -1.007678249100797e+00
22 14 -1.000284208937840e+00 -1.900165329265742e-03 -9.132292297368315e-04 -1.007679606607222e+00
22 15 -1.000284019852830e+00 -1.899608021859396e-03 -9.136273560880395e-04 -1.007681281195183e+00
22 16 -1.000283793226417e+00 -1.898992189351208e-03 -9.140481101116765e-04 -1.007683210480894e+00
22 17 -1.000283537696898e+00 -1.898340657967693e-03 -9.144788488324070e-04 -1.007685322019039e+00
22 18 -1.000283263170155e+00 -1.897677790693480e-03 -9.149060146071804e-04 -1.007687535835345e+00
22 19 -1.000282980426067e+00 -1.897028657527539e-03 -9.153151815841252e-04 -1.007689767314082e+00
22 20 -1.000282700671824e+00 -1.896418140985387e-03 -9.156912824635821e-04 -1.007691930358322e+00
22 21 -1.000282435063374e+00 -1.895869998380747e-03 -9.160190648322326e-04 -1.007693940722434e+00
22 22 -1.000282194219033e+00 -1.895405910767139e-03 -9.162837863882869e-04 -1.007695719396015e+00
22 23 -1.000281987751216e+00 -1.895044558091310e-03 -9.164721102673435e-04 -1.007697195896833e+00
22 24 -1.000281823842516e+00 -1.894800768991941e-03 -9.165731150732674e-04 -1.007698311311882e+00
22 25 -1.000281708890797e+00 -1.894684799073461e-03 -9.165792996998979e-04 -1.007699020916863e+00
22 26 -1.000281647244067e+00 -1.894701791310296e-03 -9.164874476502811e-04 -1.007699296210529e+00
22 27 -1.000281641039863e+00 -1.894851465311676e-03 -9.162992218902962e-04 -1.007699126225137e+00
22 28 -1.000281690155924e+00 -1.895128068152372e-03 -9.160213890863487e-04 -1.007698518018469e+00
22 29 -1.000281792269949e+00 -1.895520599360356e-03 -9.156656184425235e-04 -1.007697496312835e+00
22 30 -1.000281943017576e+00 -1.896013299445786e-03 -9.152478578006504e-04 -1.007696102312732e+00
22 31 -1.000282136230914e+00 -1.896586369416083e-03 -9.147873466243859e-04 -1.007694391793192e+00
23 0 -1.000282055098159e+00 -1.896944280435255e-03 -9.151575073508113e-04 -1.007693208059290e+00
23 1 -1.000282307182305e+00 -1.897602787516871e-03 -9.146780389769948e-04 -1.007691090631717e+00
23 2 -1.000282575865151e+00 -1.898268178223303e-03 -9.142196750297646e-04 -1.007688882168732e+00
23 3 -1.000282851079910e+00 -1.898914567454416e-03 -9.138017400836027e-04 -1.007686667758604e+00
23 4 -1.000283122630791e+00 -1.899517138392754e-03 -9.134407065076113e-04 -1.007684531900048e+00
23 5 -1.000283380524073e+00 -1.900053085020515e-03 -9.131495223586705e-04 -1.007682555366755e+00
23 6 -1.000283615282852e+00 -1.900502432468746e-03 -9.129372657657570e-04 -1.007680812310194e+00
23 7 -1.000283818244309e+00 -1.900848712492359e-03 -9.128091123722726e-04 -1.007679367680260e+00
23 8 -1.000283981838345e+00 -1.901079480544173e-03 -9.127665716622019e-04 -1.007678275025550e+00
23 9 -1.000284099844988e+00 -1.901186669874406e-03 -9.128079238255500e-04 -1.007677574717783e+00
23 10 -1.000284167625511e+00 -1.901166785843663e-03 -9.129287731579215e-04 -1.007677292630168e+00
23 11 -1.000284182319021e+00 -1.901020949071274e-03 -9.131226296725221e-04 -1.007677439289068e+00
23 12 -1.000284142993520e+00 -1.900754798770435e-03 -9.133814384796613e-04 -1.007678009511878e+00
23 13 -1.000284050738673e+00 -1.900378268082730e-03 -9.136959946054636e-04 -1.007678982539824e+00
23 14 -1.000283908687584e+00 -1.899905242060627e-03 -9.140562067910521e-04 -1.007680322670462e+00
23 15 -1.000283721956992e+00 -1.899353106788236e-03 -9.144512056964675e-04 -1.007681980388981e+00
23 16 -1.000283497499458e+00 -1.898742195931668e-03 -9.148693267682029e-04 -1.007683893987934e+00
23 17 -1.000283243866844e+00 -1.898095140049592e-03 -9.152980294752318e-04 -1.007685991650804e+00
23 18 -1.000282970890807e+00 -1.897436125171074e-03 -9.157238351247023e-04 -1.007688193956668e+00
23 19 -1.000282689292194e+00 -1.896790070455485e-03 -9.161323703640394e-04 -1.007690416743881e+00
23 20 -1.000282410236463e+00 -1.896181739737457e-03 -9.165085920844481e-04 -1.007692574251732e+00
23 21 -1.000282144856312e+00 -1.895634808342939e-03 -9.168372428780948e-04 -1.007694582440015e+00
23 22 -1.000281903765657e+00 -1.895170914932176e-03 -9.171035464221542e-04 -1.007696362366023e+00
23 23 -1.000281696590894e+00 -1.894808737747378e-03 -9.172941041656765e-04 -1.007697843476941e+00
23 24 -1.000281531545769e+00 -1.894563143627948e-03 -9.173979079028060e-04 -1.007698966656916e+00
23 25 -1.000281415074656e+00 -1.894444463825566e-03 -9.174073480410079e-04 -1.007699686858243e+00
23 26 -1.000281351585263e+00 -1.894457950650051e-03 -9.173190820261640e-04 -1.007699975151636e+00
23 27 -1.000281343285629e+00 -1.894603461945978e-03 -9.171346339669202e-04 -1.007699820055604e+00
23 28 -1.000281390132214e+00 -1.894875406188018e-03 -9.168606243678886e-04 -1.007699228049924e+00
23 29 -1.000281489886866e+00 -1.895262960915090e-03 -9.165085749626178e-04 -1.007698223238130e+00
23 30 -1.000281638271892e+00 -1.895750554278071e-03 -9.160942908061162e-04 -1.007696846189388e+00
23 31 -1.000281829205768e+00 -1.896318577672582e-03 -9.156368788021305e-04 -1.007695152049932e+00
24 0 -1.000281760722842e+00 -1.896597820988249e-03 -9.164001166635200e-04 -1.007694061922661e+00
24 1 -1.000282010822894e+00 -1.897251852351002e-03 -9.159222596101499e-04 -1.007691958718094e+00
24 2 -1.000282277750837e+00 -1.897913124320783e-03 -9.154650729377973e-04 -1.007689762942893e+00
24 3 -1.000282551507185e+00 -1.898555905407284e-03 -9.150478403675971e-04 -1.007687559213141e+00
24 4 -1.000282821953972e+00 -1.899155516271030e-03 -9.146870100220788e-04 -1.007685431620047e+00
24 5 -1.000283079143415e+00 -1.899689267252928e-03 -9.143955227486680e-04 -1.007683460609270e+00
24 6 -1.000283313630360e+00 -1.900137273781029e-03 -9.141824668614706e-04 -1.007681720098089e+00
24 7 -1.000283516767577e+00 -1.900483127351961e-03 -9.140530455891151e-04 -1.007680274908745e+00
24 8 -1.000283680982994e+00 -1.900714409037049e-03 -9.140088127859219e-04 -1.007679178578248e+00
24 9 -1.000283800036456e+00 -1.900823041202926e-03 -9.140481086597101e-04 -1.007678471588306e+00
24 10 -1.000283869250997e+00 -1.900805480779275e-03 -9.141666117259132e-04 -1.007678180044646e+00
24 11 -1.000283885710503e+00 -1.900662762991488e-03 -9.143579185421032e-04 -1.007678314824115e+00
24 12 -1.000283848412856e+00 -1.900400407297611e-03 -9.146140703931704e-04 -1.007678871201317e+00
24 13 -1.000283758365772e+00 -1.900028197444363e-03 -9.149259644888336e-04 -1.007679828963326e+00
24 14 -1.000283618612414e+00 -1.899559845942501e-03 -9.152836135826132e-04 -1.007681153018503e+00
24 15 -1.000283434175885e+00 -1.899012550923320e-03 -9.156762498709747e-04 -1.007682794500264e+00
24 16 -1.000283211915880e+00 -1.898406451234646e-03 -9.160923035554747e-04 -1.007684692357004e+00
24 17 -1.000282960296510e+00 -1.897763984668775e-03 -9.165193177933062e-04 -1.007686775405188e+00
24 18 -1.000282689070702e+00 -1.897109155186382e-03 -9.169438825580344e-04 -1.007688964805268e+00
24 19 -1.000282408892759e+00 -1.896466718269008e-03 -9.173516750139116e-04 -1.007691176900647e+00
24 20 -1.000282130876076e+00 -1.895861298863230e-03 -9.177276823301036e-04 -1.007693326339678e+00
24 21 -1.000281866117292e+00 -1.895316463330060e-03 -9.180566559092990e-04 -1.007695329380419e+00
24 22 -1.000281625211091e+00 -1.894853775143968e-03 -9.183238062666280e-04 -1.007697107257588e+00
24 23 -1.000281417781573e+00 -1.894491873430975e-03 -9.185157001338352e-04 -1.007698589470523e+00
24 24 -1.000281252056509e+00 -1.894245622447914e-03 -9.186212746199392e-04 -1.007699716832124e+00
24 25 -1.000281134509397e+00 -1.894125386202246e-03 -9.186328481235112e-04 -1.007700444107436e+00
24 26 -1.000281069590619e+00 -1.894136482728620e-03 -9.185469920764801e-04 -1.007700742075034e+00
24 27 -1.000281059562704e+00 -1.894278865352035e-03 -9.183651343258823e-04 -1.007700598869990e+00
24 28 -1.000281104446486e+00 -1.894547063732480e-03 -9.180937930516009e-04 -1.007700020513256e+00
24 29 -1.000281202075879e+00 -1.894930397419911e-03 -9.177443860883318e-04 -1.007699030592297e+00
24 30 -1.000281348250595e+00 -1.895413451989653e-03 -9.173326174128730e-04 -1.007697669122315e+00
24 31 -1.000281536969428e+00 -1.895976786146138e-03 -9.168774995783903e-04 -1.007695990676909e+00
25 0 -1.000281492459404e+00 -1.896190388721822e-03 -9.179851552889508e-04 -1.007694963157144e+00
25 1 -1.000281740531590e+00 -1.896840005970448e-03 -9.175084712556888e-04 -1.007692874404411e+00
25 2 -1.000282005566467e+00 -1.897496977227567e-03 -9.170522765790381e-04 -1.007690692294704e+00
25 3 -1.000282277637208e+00 -1.898135731358759e-03 -9.166358237871566e-04 -1.007688500932269e+00
25 4 -1.000282546672456e+00 -1.898731742742083e-03 -9.162755357887808e-04 -1.007686383933177e+00
25 5 -1.000282802782238e+00 -1.899262463236706e-03 -9.159843343145044e-04 -1.007684421322232e+00
25 6 -1.000283036567666e+00 -1.899708131605424e-03 -9.157712952762230e-04 -1.007682686668501e+00
25 7 -1.000283239413702e+00 -1.900052438562627e-03 -9.156416171012579e-04 -1.007681244536273e+00
25 8 -1.000283403764332e+00 -1.900283034989232e-03 -9.155968572610094e-04 -1.007680148309953e+00
25 9 -1.000283523377943e+00 -1.900391879378570e-03 -9.156353687182481e-04 -1.007679438435349e+00
25 10 -1.000283593558002e+00 -1.900375428097561e-03 -9.157528526069295e-04 -1.007679141105729e+00
25 11 -1.000283611351095e+00 -1.900234677785005e-03 -9.159429384693803e-04 -1.007679267409746e+00
25 12 -1.000283575701495e+00 -1.899975072098164e-03 -9.161977106906501e-04 -1.007679812951672e+00
25 13 -1.000283487549472e+00 -1.899606284864007e-03 -9.165081184172194e-04 -1.007680757952368e+00
25 14 -1.000283349860179e+00 -1.899141889610080e-03 -9.168642331149963e-04 -1.007682067838266e+00
25 15 -1.000283167571969e+00 -1.898598922962115e-03 -9.172553499730994e-04 -1.007683694320852e+00
25 16 -1.000282947457170e+00 -1.897997347416365e-03 -9.176699635492306e-04 -1.007685576959070e+00
25 17 -1.000282697894076e+00 -1.897359417991502e-03 -9.180956792879416e-04 -1.007687645183230e+00
25 18 -1.000282428555221e+00 -1.896708957949257e-03 -9.185191437438400e-04 -1.007689820742507e+00
25 19 -1.000282150023191e+00 -1.896070551941387e-03 -9.189260817672037e-04 -1.007692020518806e+00
25 20 -1.000281873350834e+00 -1.895468670628474e-03 -9.193015169669012e-04 -1.007694159628200e+00
25 21 -1.000281609587201e+00 -1.894926748208857e-03 -9.196302242811715e-04 -1.007696154709419e+00
25 22 -1.000281369293543e+00 -1.894466242655858e-03 -9.198974236782391e-04 -1.007697927278540e+00
25 23 -1.000281162075299e+00 -1.894105717531219e-03 -9.200896767563266e-04 -1.007699407009264e+00
25 24 -1.000280996156374e+00 -1.893859993212132e-03 -9.201959014573193e-04 -1.007700534779351e+00
25 25 -1.000280878020699e+00 -1.893739421808993e-03 -9.202083845987463e-04 -1.007701265311379e+00
25 26 -1.000280812142562e+00 -1.893749340664301e-03 -9.201236558765256e-04 -1.007701569239658e+00
25 27 -1.000280800820825e+00 -1.893889752046935e-03 -9.199430937570373e-04 -1.007701434461129e+00
25 28 -1.000280844123825e+00 -1.894155261875620e-03 -9.196731620805185e-04 -1.007700866674906e+00
25 29 -1.000280939942672e+00 -1.894535290224807e-03 -9.193252222098405e-04 -1.007699889075084e+00
25 30 -1.000281084142251e+00 -1.895014543873843e-03 -9.189149222075687e-04 -1.007698541225569e+00
25 31 -1.000281270792601e+00 -1.895573719495845e-03 -9.184612214718988e-04 -1.007696877205134e+00
26 0 -1.000281260779625e+00 -1.895737255266005e-03 -9.198521490152812e-04 -1.007695878214180e+00
26 1 -1.000281506855274e+00 -1.896382683209620e-03 -9.193761688322783e-04 -1.007693803605761e+00
26 2 -1.000281769928263e+00 -1.897035329140198e-03 -9.189207606754541e-04 -1.007691635637993e+00
26 3 -1.000282040147191e+00 -1.897669783289000e-03 -9.185051559176809e-04 -1.007689457881983e+00
26 4 -1.000282307513727e+00 -1.898261684469208e-03 -9.181457515202736e-04 -1.007687353428014e+00
26 5 -1.000282562205523e+00 -1.898788646054969e-03 -9.178554382792387e-04 -1.007685401802436e+00
26 6 -1.000282794882840e+00 -1.899231058698428e-03 -9.176432569044194e-04 -1.007683676124585e+00
26 7 -1.000282996978356e+00 -1.899572748349881e-03 -9.175143679855818e-04 -1.007682240579263e+00
26 8 -1.000283160969694e+00 -1.899801477637769e-03 -9.174702908151396e-04 -1.007681148261755e+00
26 9 -1.000283280632681e+00 -1.899909287176968e-03 -9.175093425454038e-04 -1.007680439436269e+00
26 10 -1.000283351270712e+00 -1.899892680916984e-03 -9.176271937770598e-04 -1.007680140234419e+00
26 11 -1.000283369912461e+00 -1.899752665406366e-03 -9.178174515528598e-04 -1.007680261809148e+00
26 12 -1.000283335467197e+00 -1.899494655589937e-03 -9.180721879330981e-04 -1.007680799953520e+00
26 13 -1.000283248824837e+00 -1.899128259268691e-03 -9.183823511305264e-04 -1.007681735192965e+00
26 14 -1.000283112887421e+00 -1.898666949988242e-03 -9.187380233373272e-04 -1.007683033359196e+00
26 15 -1.000282932520656e+00 -1.898127635552363e-03 -9.191285215194939e-04 -1.007684646649399e+00
26 16 -1.000282714418339e+00 -1.897530127360915e-03 -9.195423715412848e-04 -1.007686515164331e+00
26 17 -1.000282466878147e+00 -1.896896514623056e-03 -9.199672172649352e-04 -1.007688568905655e+00
26 18 -1.000282199493549e+00 -1.896250447982814e-03 -9.203897477827249e-04 -1.007690730196839e+00
26 19 -1.000281922772835e+00 -1.895616340255488e-03 -9.207957315896531e-04 -1.007692916472471e+00
26 20 -1.000281647701996e+00 -1.895018497897715e-03 -9.211702343973057e-04 -1.007695043358419e+00
26 21 -1.000281385272702e+00 -1.894480204487857e-03 -9.214980694707386e-04 -1.007697027942779e+00
26 22 -1.000281145999794e+00 -1.894022785952768e-03 -9.217644894928530e-04 -1.007698792116807e+00
26 23 -1.000280939454302e+00 -1.893664696345956e-03 -9.219560819080162e-04 -1.007700265845146e+00
26 24 -1.000280773838343e+00 -1.893420671994069e-03 -9.220617831959195e-04 -1.007701390205594e+00
26 25 -1.000280655627008e+00 -1.893301008346588e-03 -9.220738917446238e-04 -1.007702120026256e+00
26 26 -1.000280589298663e+00 -1.893311014496702e-03 -9.219889426635067e-04 -1.007702425951691e+00
26 27 -1.000280577168869e+00 -1.893450693045107e-03 -9.218083146834389e-04 -1.007702295795730e+00
26 28 -1.000280619334741e+00 -1.893714678236050e-03 -9.215384678900094e-04 -1.007701735085248e+00
26 29 -1.000280713727490e+00 -1.894092445283919e-03 -9.211907570405678e-04 -1.007700766758942e+00
26 30 -1.000280856262420e+00 -1.894568781275531e-03 -9.207808216749673e-04 -1.007699430049531e+00
26 31 -1.000281041068992e+00 -1.895124486207507e-03 -9.203276111515875e-04 -1.007697778637921e+00
27 0 -1.000281074849892e+00 -1.895255538695504e-03 -9.219304531886831e-04 -1.007696772153694e+00
27 1 -1.000281319036215e+00 -1.895897161767374e-03 -9.214546829868891e-04 -1.007694710842275e+00
27 2 -1.000281580152433e+00 -1.896545621073368e-03 -9.209998326243542e-04 -1.007692556958227e+00
27 3 -1.000281848422539e+00 -1.897175663221749e-03 -9.205851227864480e-04 -1.007690393538100e+00
27 4 -1.000282113924976e+00 -1.897763096118890e-03 -9.202269242296309e-04 -1.007688303115104e+00
27 5 -1.000282366912375e+00 -1.898285708678405e-03 -9.199380855701363e-04 -1.007686364657897e+00
27 6 -1.000282598114888e+00 -1.898724066358395e-03 -9.197275902131599e-04 -1.007684650751153e+00
27 7 -1.000282799026711e+00 -1.899062161362932e-03 -9.196005286682318e-04 -1.007683225092558e+00
27 8 -1.000282962175471e+00 -1.899287905932172e-03 -9.195583410495039e-04 -1.007682140362137e+00
27 9 -1.000283081372748e+00 -1.899393465893314e-03 -9.195992608011385e-04 -1.007681436502933e+00
27 10 -1.000283151941447e+00 -1.899375439378302e-03 -9.197188752518909e-04 -1.007681139437108e+00
27 11 -1.000283170912505e+00 -1.899234891259134e-03 -9.199107135419441e-04 -1.007681260230858e+00
27 12 -1.000283137180212e+00 -1.898977256227143e-03 -9.201667797073115e-04 -1.007681794716975e+00
27 13 -1.000283051603191e+00 -1.898612122676781e-03 -9.204779675137847e-04 -1.007682723583925e+00
27 14 -1.000282917037670e+00 -1.898152907129415e-03 -9.208343208442562e-04 -1.007684012940049e+00
27 15 -1.000282738291578e+00 -1.897616426303216e-03 -9.212251357357957e-04 -1.007685615357007e+00
27 16 -1.000282521992042e+00 -1.897022371703181e-03 -9.216389344399346e-04 -1.007687471387521e+00
27 17 -1.000282276364443e+00 -1.896392690211873e-03 -9.220633733173688e-04 -1.007689511539843e+00
27 18 -1.000282010927550e+00 -1.895750874634292e-03 -9.224851679869672e-04 -1.007691658675173e+00
27 19 -1.000281736115598e+00 -1.895121171465034e-03 -9.228901248545699e-04 -1.007693830774082e+00
27 20 -1.000281462843885e+00 -1.894527719142979e-03 -9.232633560623982e-04 -1.007695943995448e+00
27 21 -1.000281202039027e+00 -1.893993637695271e-03 -9.235897270628822e-04 -1.007697915929017e+00
27 22 -1.000280964158204e+00 -1.893540099260322e-03 -9.238545460692806e-04 -1.007699668921438e+00
27 23 -1.000280758723550e+00 -1.893185418362205e-03 -9.240444574569923e-04 -1.007701133334427e+00
27 24 -1.000280593898265e+00 -1.892944210005851e-03 -9.241484545525860e-04 -1.007702250574122e+00
27 25 -1.000280476129555e+00 -1.892826670012376e-03 -9.241588913866082e-04 -1.007702975719090e+00
27 26 -1.000280409879758e+00 -1.892838032367070e-03 -9.240723566681441e-04 -1.007703279579364e+00
27 27 -1.000280397460750e+00 -1.892978251063806e-03 -9.238902800838743e-04 -1.007703150044835e+00
27 28 -1.000280438978520e+00 -1.893241939467819e-03 -9.236191695819784e-04 -1.007702592626943e+00
27 29 -1.000280532385709e+00 -1.893618580358145e-03 -9.232704241732189e-04 -1.007701630156963e+00
27 30 -1.000280673631313e+00 -1.894092997092377e-03 -9.228597231539736e-04 -1.007700301669433e+00
27 31 -1.000280856890032e+00 -1.894646054255463e-03 -9.224060496841704e-04 -1.007698660560077e+00
28 0 -1.000280942137655e+00 -1.894763588296856e-03 -9.241418024135174e-04 -1.007697609958791e+00
28 1 -1.000281184615656e+00 -1.895401940896636e-03 -9.236657305986744e-04 -1.007695560574421e+00
28 2 -1.000281443856129e+00 -1.896046515683477e-03 -9.232111830601274e-04 -1.007693420166980e+00
28 3 -1.000281710155479e+00 -1.896672204559192e-03 -9.227973806861617e-04 -1.007691271257978e+00
28 4 -1.000281973669744e+00 -1.897254982705677e-03 -9.224406685154203e-04 -1.007689195813695e+00
28 5 -1.000282224731087e+00 -1.897772821969829e-03 -9.221538429247338e-04 -1.007687272206910e+00
28 6 -1.000282454147698e+00 -1.898206478940799e-03 -9.219458096680382e-04 -1.007685572422781e+00
28 7 -1.000282653486779e+00 -1.898540136753095e-03 -9.218215592550374e-04 -1.007684159582727e+00
28 8 -1.000282815340421e+00 -1.898761889368059e-03 -9.217824142978855e-04 -1.007683085841264e+00
28 9 -1.000282933572930e+00 -1.898864066181638e-03 -9.218264793458642e-04 -1.007682390692698e+00
28 10 -1.000283003545663e+00 -1.898843402729800e-03 -9.219492082403210e-04 -1.007682099709086e+00
28 11 -1.000283022312038e+00 -1.898701068701041e-03 -9.221439990723530e-04 -1.007682223721012e+00
28 12 -1.000282988772051e+00 -1.898442566488949e-03 -9.224027340649444e-04 -1.007682758449456e+00
28 13 -1.000282903773325e+00 -1.898077512607207e-03 -9.227162003935742e-04 -1.007683684597516e+00
28 14 -1.000282770145359e+00 -1.897619311858507e-03 -9.230743552110967e-04 -1.007684968410357e+00
28 15 -1.000282592655422e+00 -1.897084731332538e-03 -9.234664307321999e-04 -1.007686562707903e+00
28 16 -1.000282377878416e+00 -1.896493378708256e-03 -9.238809098224560e-04 -1.007688408387009e+00
28 17 -1.000282133978564e+00 -1.895867087754655e-03 -9.243054340587623e-04 -1.007690436377668e+00
28 18 -1.000281870407242e+00 -1.895229214546435e-03 -9.247267277876671e-04 -1.007692570020881e+00
28 19 -1.000281597527780e+00 -1.894603851405677e-03 -9.251306274928902e-04 -1.007694727814872e+00
28 20 -1.000281326183706e+00 -1.894014971503391e-03 -9.255022939152818e-04 -1.007696826454070e+00
28 21 -1.000281067231362e+00 -1.893485524561595e-03 -9.258266566177543e-04 -1.007698784063396e+00
28 22 -1.000280831061154e+00 -1.893036512864419e-03 -9.260891005458102e-04 -1.007700523508429e+00
28 23 -1.000280627133713e+00 -1.892686086575276e-03 -9.262763566833185e-04 -1.007701975639314e+00
28 24 -1.000280463557725e+00 -1.892448706717609e-03 -9.263775121782679e-04 -1.007703082306212e+00
28 25 -1.000280346734572e+00 -1.892334430271748e-03 -9.263850195429915e-04 -1.007703798973558e+00
28 26 -1.000280281091009e+00 -1.892348371897289e-03 -9.262955682684938e-04 -1.007704096766423e+00
28 27 -1.000280268914864e+00 -1.892490389542656e-03 -9.261106889439125e-04 -1.007703963808111e+00
28 28 -1.000280310300651e+00 -1.892755026983334e-03 -9.258369883891744e-04 -1.007703405752903e+00
28 29 -1.000280403202872e+00 -1.893131726528823e-03 -9.254859601145932e-04 -1.007702445477232e+00
28 30 -1.000280543586114e+00 -1.893605302251406e-03 -9.250733708153933e-04 -1.007701121958464e+00
28 31 -1.000280725654292e+00 -1.894156641902657e-03 -9.246182807310747e-04 -1.007699488431482e+00
29 0 -1.000280868074235e+00 -1.894280302119143e-03 -9.264030759633457e-04 -1.007698357987784e+00
29 1 -1.000281109093552e+00 -1.894916052436986e-03 -9.259261825682460e-04 -1.007696318677372e+00
29 2 -1.000281366614096e+00 -1.895557201513502e-03 -9.254716555162247e-04 -1.007694190598899e+00
29 3 -1.000281630998779e+00 -1.896178769541118e-03 -9.250587271321490e-04 -1.007692055799368e+00
29 4 -1.000281892478959e+00 -1.896756890489856e-03 -9.247037183152314e-04 -1.007689995690962e+00
29 5 -1.000282141467798e+00 -1.897269719398865e-03 -9.244193651149360e-04 -1.007688088035678e+00
29 6 -1.000282368856676e+00 -1.897698212927607e-03 -9.242144782000897e-04 -1.007686404177414e+00
29 7 -1.000282566294476e+00 -1.898026762399424e-03 -9.240939219243195e-04 -1.007685006594482e+00
29 8 -1.000282726449729e+00 -1.898243668509275e-03 -9.240588674418089e-04 -1.007683946826071e+00
29 9 -1.000282843254460e+00 -1.898341456260412e-03 -9.241072498860874e-04 -1.007683263807356e+00
29 10 -1.000282912126022e+00 -1.898317036648731e-03 -9.242343440973357e-04 -1.007682982632540e+00
29 11 -1.000282930159760e+00 -1.898171726837609e-03 -9.244333684885682e-04 -1.007683113755996e+00
29 12 -1.000282896281907e+00 -1.897911142453851e-03 -9.246960337572734e-04 -1.007683652638949e+00
29 13 -1.000282811349861e+00 -1.897544974743363e-03 -9.250129716809683e-04 -1.007684579849508e+00
29 14 -1.000282678186568e+00 -1.897086662777815e-03 -9.253740066340866e-04 -1.007685861623777e+00
29 15 -1.000282501537390e+00 -1.896552967690759e-03 -9.257682654735233e-04 -1.007687450893250e+00
29 16 -1.000282287941517e+00 -1.895963452952892e-03 -9.261841563049916e-04 -1.007689288776973e+00
29 17 -1.000282045515543e+00 -1.895339873110312e-03 -9.266092781116550e-04 -1.007691306524788e+00
29 18 -1.000281783653433e+00 -1.894705474253552e-03 -9.270303447283361e-04 -1.007693427880097e+00
29 19 -1.000281512653642e+00 -1.894084213033132e-03 -9.274332126664445e-04 -1.007695571809332e+00
29 20 -1.000281243289731e+00 -1.893499906796137e-03 -9.278030907385442e-04 -1.007697655523512e+00
29 21 -1.000280986345302e+00 -1.892975334888239e-03 -9.281249816542050e-04 -1.007699597695466e+00
29 22 -1.000280752137447e+00 -1.892531320190700e-03 -9.283843652939658e-04 -1.007701321753518e+00
29 23 -1.000280550055078e+00 -1.892185830012511e-03 -9.285680857430723e-04 -1.007702759108855e+00
29 24 -1.000280388138954e+00 -1.891953144782431e-03 -9.286653575899732e-04 -1.007703852153894e+00
29 25 -1.000280272728546e+00 -1.891843148878248e-03 -9.286687713553972e-04 -1.007704556859125e+00
29 26 -1.000280208196859e+00 -1.891860797939703e-03 -9.285751614705954e-04 -1.007704844802239e+00
29 27 -1.000280196788172e+00 -1.892005809869784e-03 -9.283862066911902e-04 -1.007704704488990e+00
29 28 -1.000280238565510e+00 -1.892272612495759e-03 -9.281086612386802e-04 -1.007704141870149e+00
29 29 -1.000280331465482e+00 -1.892650560882916e-03 -9.277541609783532e-04 -1.007703180019001e+00
29 30 -1.000280471449442e+00 -1.893124414347733e-03 -9.273386054092143e-04 -1.007701857999810e+00
29 31 -1.000280652733245e+00 -1.893675041215006e-03 -9.268811732305814e-04 -1.007700229018020e+00
30 0 -1.000280855795000e+00 -1.893824400828376e-03 -9.286292088724235e-04 -1.007698985489630e+00
30 1 -1.000281095665626e+00 -1.894458328194064e-03 -9.281509783183974e-04 -1.007696953979006e+00
30 2 -1.000281351692405e+00 -1.895096653086526e-03 -9.276961643006751e-04 -1.007694836574357e+00
30 3 -1.000281614296074e+00 -1.895714501558027e-03 -9.272840220985985e-04 -1.007692714908595e+00
30 4 -1.000281873777944e+00 -1.896288151329328e-03 -9.269308515467606e-04 -1.007690669875464e+00
30 5 -1.000282120630369e+00 -1.896795933504635e-03 -9.266493230306548e-04 -1.007688778635925e+00
30 6 -1.000282345829769e+00 -1.897219005803703e-03 -9.264481386535752e-04 -1.007687111876371e+00
30 7 -1.000282541112204e+00 -1.897541976804210e-03 -9.263320154594464e-04 -1.007685731390430e+00
30 8 -1.000282699231707e+00 -1.897753370882047e-03 -9.263019450325297e-04 -1.007684688036024e+00
30 9 -1.000282814200450e+00 -1.897845933105580e-03 -9.263556590186199e-04 -1.007684020100307e+00
30 10 -1.000282881507211e+00 -1.897816781199671e-03 -9.264882144950586e-04 -1.007683752090188e+00
30 11 -1.000282898307117e+00 -1.897667416769633e-03 -9.266926082267528e-04 -1.007683893957610e+00
30 12 -1.000282863572196e+00 -1.897403609912759e-03 -9.269603358151263e-04 -1.007684440765763e+00
30 13 -1.000282778190096e+00 -1.897035170539934e-03 -9.272818301278098e-04 -1.007685372802570e+00
30 14 -1.000282644997753e+00 -1.896575616957756e-03 -9.276467409707003e-04 -1.007686656148491e+00
30 15 -1.000282468738309e+00 -1.896041748566410e-03 -9.280440514018813e-04 -1.007688243704526e+00
30 16 -1.000282255933184e+00 -1.895453126265911e-03 -9.284620611971803e-04 -1.007690076680477e+00
30 17 -1.000282014666784e+00 -1.894831462679327e-03 -9.288882993705740e-04 -1.007692086530847e+00
30 18 -1.000281754287971e+00 -1.894199925330532e-03 -9.293094491291558e-04 -1.007694197307347e+00
30 19 -1.000281485038993e+00 -1.893582359404634e-03 -9.297113749562805e-04 -1.007696328375823e+00
30 20 -1.000281217628111e+00 -1.893002442327030e-03 -9.300793302648176e-04 -1.007698397423768e+00
30 21 -1.000280962766676e+00 -1.892482789953572e-03 -9.303983961922641e-04 -1.007700323662493e+00
30 22 -1.000280730694874e+00 -1.892044043453307e-03 -9.306541613170040e-04 -1.007702031104375e+00
30 23 -1.000280530722536e+00 -1.891703976087004e-03 -9.308336043998157e-04 -1.007703451772066e+00
30 24 -1.000280370811782e+00 -1.891476668210277e-03 -9.309260959557592e-04 -1.007704528677209e+00
30 25 -1.000280257226534e+00 -1.891371804600532e-03 -9.309243989112598e-04 -1.007705218396756e+00
30 26 -1.000280194270018e+00 -1.891394148371957e-03 -9.308255317869590e-04 -1.007705493080899e+00
30 27 -1.000280184125171e+00 -1.891543238743685e-03 -9.306313639419021e-04 -1.007705341752070e+00
30 28 -1.000280226804679e+00 -1.891813345500525e-03 -9.303488409553864e-04 -1.007704770800221e+00
30 29 -1.000280320208067e+00 -1.892193692678610e-03 -9.299897846704038e-04 -1.007703803640653e+00
30 30 -1.000280460274602e+00 -1.892668941052802e-03 -9.295702689868556e-04 -1.007702479566527e+00
30 31 -1.000280641214200e+00 -1.893219897322651e-03 -9.291096291553062e-04 -1.007700851887436e+00
31 0 -1.000280905974933e+00 -1.893413686183683e-03 -9.307361796405897e-04 -1.007699466089557e+00
31 1 -1.000281145055999e+00 -1.894046652476082e-03 -9.302561173126440e-04 -1.007697439766759e+00
31 2 -1.000281399877700e+00 -1.894682876185334e-03 -9.298006905590850e-04 -1.007695330931216e+00
31 3 -1.000281660907453e+00 -1.895297562176924e-03 -9.293891893163788e-04 -1.007693220879774e+00
31 4 -1.000281918508225e+00 -1.895867110810464e-03 -9.290378972118718e-04 -1.007691190045068e+00
31 5 -1.000282163246481e+00 -1.896370014858395e-03 -9.287594169323186e-04 -1.007689315021560e+00
31 6 -1.000282386182093e+00 -1.896787625947400e-03 -9.285623332553278e-04 -1.007687665848573e+00
31 7 -1.000282579140370e+00 -1.897104770348193e-03 -9.284512007730235e-04 -1.007686303620668e+00
31 8 -1.000282734966626e+00 -1.897310204328634e-03 -9.284268105171192e-04 -1.007685278475080e+00
31 9 -1.000282847762552e+00 -1.897396908921244e-03 -9.284866645693938e-04 -1.007684627987114e+00
31 10 -1.000282913101029e+00 -1.897362231743728e-03 -9.286255719747318e-04 -1.007684375989896e+00
31 11 -1.000282928212488e+00 -1.897207888542852e-03 -9.288362743930178e-04 -1.007684531826470e+00
31 12 -1.000282892132574e+00 -1.896939839136229e-03 -9.291100168183365e-04 -1.007685090039016e+00
31 13 -1.000282805798580e+00 -1.896568051625852e-03 -9.294369969366517e-04 -1.007686030500207e+00
31 14 -1.000282672081534e+00 -1.896106165753887e-03 -9.298066543538248e-04 -1.007687318993208e+00
31 15 -1.000282495742228e+00 -1.895571062228663e-03 -9.302077947204820e-04 -1.007688908246622e+00
31 16 -1.000282283303034e+00 -1.894982341402115e-03 -9.306285791835361e-04 -1.007690739425119e+00
31 17 -1.000282042832949e+00 -1.894361713233633e-03 -9.310564409987742e-04 -1.007692744063732e+00
31 18 -1.000281783649901e+00 -1.893732301553776e-03 -9.314780125752042e-04 -1.007694846415321e+00
31 19 -1.000281515950910e+00 -1.893117869066345e-03 -9.318791527311731e-04 -1.007696966159657e+00
31 20 -1.000281250386281e+00 -1.892541975096802e-03 -9.322451529726703e-04 -1.007699021400802e+00
31 21 -1.000280997598587e+00 -1.892027085783614e-03 -9.325611737429828e-04 -1.007700931856718e+00
31 22 -1.000280767750698e+00 -1.891593665862483e-03 -9.328129205631945e-04 -1.007702622121007e+00
31 23 -1.000280570069220e+00 -1.891259291277051e-03 -9.329875222235107e-04 -1.007704024853483e+00
31 24 -1.000280412430024e+00 -1.891037830776170e-03 -9.330745270837130e-04 -1.007705083737622e+00
31 25 -1.000280301010812e+00 -1.890938750346225e-03 -9.330668980930864e-04 -1.007705756033645e+00
31 26 -1.000280240031763e+00 -1.890966594621461e-03 -9.329618700494328e-04 -1.007706014561629e+00
31 27 -1.000280231599134e+00 -1.891120692512878e-03 -9.327615383710700e-04 -1.007705848974494e+00
31 28 -1.000280275658388e+00 -1.891395119717446e-03 -9.324730772758725e-04 -1.007705266227139e+00
31 29 -1.000280370054126e+00 -1.891778930206497e-03 -9.321085321178575e-04 -1.007704290209668e+00
31 30 -1.000280510685366e+00 -1.892256645783472e-03 -9.316841873729081e-04 -1.007702960578553e+00
31 31 -1.000280691738282e+00 -1.892808971298635e-03 -9.312195681750531e-04 -1.007701330878237e+00
