5.764367955883259e-07
1.000000000000000e-12
1.000000000000000e-17
3.539295108406648e-01
1.942475586750769e-01
-8.796590276876136e-01
-1.500017464083440e+00
1.901109735892602e-07
32
32
-8.769247720401276e-03
1
0 0 -1.000280859164982e+00 -1.892865842700161e-03 -9.331804439249451e-04 -1.007700434683910e+00
0 1 -1.000281115062150e+00 -1.893545395511467e-03 -9.326601011627414e-04 -1.007698262338811e+00
0 2 -1.000281387335701e+00 -1.894226982417667e-03 -9.321683472562571e-04 -1.007696005443831e+00
0 3 -1.000281665825104e+00 -1.894884011080418e-03 -9.317261531706983e-04 -1.007693751009920e+00
0 4 -1.000281940287573e+00 -1.895491262135181e-03 -9.313510569920348e-04 -1.007691584889714e+00
0 5 -1.000282200718992e+00 -1.896025845831436e-03 -9.310564353106060e-04 -1.007689588617976e+00
0 6 -1.000282437653751e+00 -1.896468011409767e-03 -9.308511605235221e-04 -1.007687836543840e+00
0 7 -1.000282642445040e+00 -1.896801788671480e-03 -9.307396267855966e-04 -1.007686393326332e+00
0 8 -1.000282807527513e+00 -1.897015452820420e-03 -9.307220906169687e-04 -1.007685311841474e+00
0 9 -1.000282926662893e+00 -1.897101814831315e-03 -9.307952438203036e-04 -1.007684631526992e+00
0 10 -1.000282995165801e+00 -1.897058348488496e-03 -9.309529183632675e-04 -1.007684377174486e+00
0 11 -1.000283010102706e+00 -1.896887170413938e-03 -9.311868173442287e-04 -1.007684558171679e+00
0 12 -1.000282970452695e+00 -1.896594890915507e-03 -9.314871740220634e-04 -1.007685168196472e+00
0 13 -1.000282877215918e+00 -1.896192352033615e-03 -9.318432615657905e-04 -1.007686185366669e+00
0 14 -1.000282733454629e+00 -1.895694265214168e-03 -9.322437079034056e-04 -1.007687572852722e+00
0 15 -1.000282544252961e+00 -1.895118755474597e-03 -9.326766095664311e-04 -1.007689279963571e+00
0 16 -1.000282316585326e+00 -1.894486813866757e-03 -9.331294802558662e-04 -1.007691243712589e+00
0 17 -1.000282059089739e+00 -1.893821657812793e-03 -9.335891068119156e-04 -1.007693390857431e+00
0 18 -1.000281781750059e+00 -1.893148000237436e-03 -9.340414104371811e-04 -1.007695640385683e+00
0 19 -1.000281495498659e+00 -1.892491232430541e-03 -9.344714193587071e-04 -1.007697906393964e+00
0 20 -1.000281211757132e+00 -1.891876531511392e-03 -9.348634477433555e-04 -1.007700101284827e+00
0 21 -1.000280941937643e+00 -1.891327911663058e-03 -9.352015441969985e-04 -1.007702139181841e+00
0 22 -1.000280696931421e+00 -1.890867249274842e-03 -9.354702249909953e-04 -1.007703939435747e+00
0 23 -1.000280486613522e+00 -1.890513324391582e-03 -9.356554503437890e-04 -1.007705430066360e+00
0 24 -1.000280319393470e+00 -1.890280931718291e-03 -9.357457476793816e-04 -1.007706550962007e+00
0 25 -1.000280201839513e+00 -1.890180121339443e-03 -9.357333443857167e-04 -1.007707256646687e+00
0 26 -1.000280138399934e+00 -1.890215630320081e-03 -9.356151521000420e-04 -1.007707518429669e+00
0 27 -1.000280131238063e+00 -1.890386559507095e-03 -9.353934498005905e-04 -1.007707325778321e+00
0 28 -1.000280180188367e+00 -1.890686333827000e-03 -9.350761452288724e-04 -1.007706686806290e+00
0 29 -1.000280282830210e+00 -1.891102960471580e-03 -9.346765492094155e-04 -1.007705627840877e+00
0 30 -1.000280434665761e+00 -1.891619572132250e-03 -9.342126648888171e-04 -1.007704192111305e+00
0 31 -1.000280629381004e+00 -1.892215217525057e-03 -9.337060600934467e-04 -1.007702437667137e+00
1 0 -1.000281040171424e+00 -1.892573212207843e-03 -9.349378070051286e-04 -1.007700568718540e+00
1 1 -1.000281296088029e+00 -1.893253771681864e-03 -9.344143720123095e-04 -1.007698395666244e+00
1 2 -1.000281567795042e+00 -1.893934880560005e-03 -9.339211601299363e-04 -1.007696142683673e+00
1 3 -1.000281845153856e+00 -1.894589964506114e-03 -9.334792083307429e-04 -1.007693896617197e+00
1 4 -1.000282117965564e+00 -1.895193880817462e-03 -9.331060525078820e-04 -1.007691742979177e+00
1 5 -1.000282376290139e+00 -1.895723872000815e-03 -9.328149979689614e-04 -1.007689762803759e+00
1 6 -1.000282610743632e+00 -1.896160369399593e-03 -9.326147788030966e-04 -1.007688029801756e+00
1 7 -1.000282812775215e+00 -1.896487626863131e-03 -9.325095890344149e-04 -1.007686607883874e+00
1 8 -1.000282974926165e+00 -1.896694176105489e-03 -9.324994317627405e-04 -1.007685549098464e+00
1 9 -1.000283091071322e+00 -1.896773106287002e-03 -9.325807036491012e-04 -1.007684892009219e+00
1 10 -1.000283156640368e+00 -1.896722179361675e-03 -9.327469133213866e-04 -1.007684660522019e+00
1 11 -1.000283168812176e+00 -1.896543798402606e-03 -9.329894264315128e-04 -1.007684863161129e+00
1 12 -1.000283126671371e+00 -1.896244847645024e-03 -9.332981385477044e-04 -1.007685492793786e+00
1 13 -1.000283031313042e+00 -1.895836420825967e-03 -9.336619985219394e-04 -1.007686526806674e+00
1 14 -1.000282885880327e+00 -1.895333449947614e-03 -9.340693366018765e-04 -1.007687927743095e+00
1 15 -1.000282695520988e+00 -1.894754241461199e-03 -9.345079901859660e-04 -1.007689644411078e+00
1 16 -1.000282467253284e+00 -1.894119922471131e-03 -9.349652615821470e-04 -1.007691613467103e+00
1 17 -1.000282209737776e+00 -1.893453797086996e-03 -9.354277800254994e-04 -1.007693761467217e+00
1 18 -1.000281932959021e+00 -1.892780613437049e-03 -9.358813666518576e-04 -1.007696007358398e+00
1 19 -1.000281647828298e+00 -1.892125745515308e-03 -9.363110095451998e-04 -1.007698265360017e+00
1 20 -1.000281365724917e+00 -1.891514300712457e-03 -9.367010435173691e-04 -1.007700448159811e+00
1 21 -1.000281097998932e+00 -1.890970172905758e-03 -9.370355971099783e-04 -1.007702470322367e+00
1 22 -1.000280855461916e+00 -1.890515071630651e-03 -9.372993218101063e-04 -1.007704251781615e+00
1 23 -1.000280647894761e+00 -1.890167569293262e-03 -9.374783627586624e-04 -1.007705721263067e+00
1 24 -1.000280483601794e+00 -1.889942219128158e-03 -9.375614758317063e-04 -1.007706819459157e+00
1 25 -1.000280369038915e+00 -1.889848804145560e-03 -9.375411535209945e-04 -1.007707501767639e+00
1 26 -1.000280308539209e+00 -1.889891778546325e-03 -9.374146008771067e-04 -1.007707740407088e+00
1 27 -1.000280304152536e+00 -1.890069955589328e-03 -9.371844085795839e-04 -1.007707525751848e+00
1 28 -1.000280355606121e+00 -1.890376479258508e-03 -9.368588033803913e-04 -1.007706866782024e+00
1 29 -1.000280460382486e+00 -1.890799093412109e-03 -9.364514113262856e-04 -1.007705790614943e+00
1 30 -1.000280613901125e+00 -1.891320695463160e-03 -9.359805359397029e-04 -1.007704341160419e+00
1 31 -1.000280809782810e+00 -1.891920136715123e-03 -9.354680192689870e-04 -1.007702577009853e+00
2 0 -1.000281274758657e+00 -1.892373205945371e-03 -9.363346949045746e-04 -1.007700500503460e+00
2 1 -1.000281531177650e+00 -1.893055811433027e-03 -9.358078117808737e-04 -1.007698323304965e+00
2 2 -1.000281802782585e+00 -1.893737486812685e-03 -9.353127982342531e-04 -1.007696070877589e+00
2 3 -1.000282079438895e+00 -1.894391636925958e-03 -9.348707683101724e-04 -1.007693830028976e+00
2 4 -1.000282350974581e+00 -1.894993157284690e-03 -9.344992661702535e-04 -1.007691686052246e+00
2 5 -1.000282607498333e+00 -1.895519385922937e-03 -9.342115351248656e-04 -1.007689719592999e+00
2 6 -1.000282839694927e+00 -1.895950902861912e-03 -9.340161789268822e-04 -1.007688003821728e+00
2 7 -1.000283039099769e+00 -1.896272157468550e-03 -9.339171984877457e-04 -1.007686601979497e+00
2 8 -1.000283198354700e+00 -1.896471915693065e-03 -9.339143497559672e-04 -1.007685565342192e+00
2 9 -1.000283311445586e+00 -1.896543530037193e-03 -9.340037391933134e-04 -1.007684931628140e+00
2 10 -1.000283373919247e+00 -1.896485044274897e-03 -9.341785545608993e-04 -1.007684723857164e+00
2 11 -1.000283383073344e+00 -1.896299150798088e-03 -9.344298232716130e-04 -1.007684949659257e+00
2 12 -1.000283338108518e+00 -1.895993019850090e-03 -9.347470992552506e-04 -1.007685601030522e+00
2 13 -1.000283240228745e+00 -1.895578017403338e-03 -9.351190004945713e-04 -1.007686654539742e+00
2 14 -1.000283092674602e+00 -1.895069323921143e-03 -9.355335505177849e-04 -1.007688071994664e+00
2 15 -1.000282900675849e+00 -1.894485461427061e-03 -9.359783156550109e-04 -1.007689801577168e+00
2 16 -1.000282671314030e+00 -1.893847732077353e-03 -9.364403719358136e-04 -1.007691779450000e+00
2 17 -1.000282413291936e+00 -1.893179568618492e-03 -9.369061741782872e-04 -1.007693931825673e+00
2 18 -1.000282136613771e+00 -1.892505797045853e-03 -9.373614263646950e-04 -1.007696177470841e+00
2 19 -1.000281852187084e+00 -1.891851815476275e-03 -9.377910602218379e-04 -1.007698430596434e+00
2 20 -1.000281571364104e+00 -1.891242700337438e-03 -9.381794160981602e-04 -1.007700604057141e+00
2 21 -1.000281305445469e+00 -1.890702260125779e-03 -9.385106885803636e-04 -1.007702612756781e+00
2 22 -1.000281065173011e+00 -1.890252067276601e-03 -9.387696525968581e-04 -1.007704377130664e+00
2 23 -1.000280860240278e+00 -1.889910509851843e-03 -9.389426300165228e-04 -1.007705826551316e+00
2 24 -1.000280698849977e+00 -1.889691915703023e-03 -9.390186014483544e-04 -1.007706902481183e+00
2 25 -1.000280587345983e+00 -1.889605809568545e-03 -9.389903249016511e-04 -1.007707561181871e+00
2 26 -1.000280529943386e+00 -1.889656364514999e-03 -9.388553023689560e-04 -1.007707775794451e+00
2 27 -1.000280528572813e+00 -1.889842101013421e-03 -9.386164422276809e-04 -1.007707537635560e+00
2 28 -1.000280582845693e+00 -1.890155870106166e-03 -9.382822987141682e-04 -1.007706856608044e+00
2 29 -1.000280690136558e+00 -1.890585133887886e-03 -9.378668240286164e-04 -1.007705760694615e+00
2 30 -1.000280845768732e+00 -1.891112530289107e-03 -9.373886347122138e-04 -1.007704294577687e+00
2 31 -1.000281043282228e+00 -1.891716684035999e-03 -9.368698600919586e-04 -1.007702517496577e+00
3 0 -1.000281553612658e+00 -1.892273863945107e-03 -9.373161302164918e-04 -1.007700232370417e+00
3 1 -1.000281810999157e+00 -1.892959478460953e-03 -9.367855713888605e-04 -1.007698047739448e+00
3 2 -1.000282082972415e+00 -1.893642746655288e-03 -9.362884723272385e-04 -1.007695792477828e+00
3 3 -1.000282359383707e+00 -1.894297014422349e-03 -9.358460327677812e-04 -1.007693553482107e+00
3 4 -1.000282630069786e+00 -1.894897175449663e-03 -9.354758154738507e-04 -1.007691415956179e+00
3 5 -1.000282885170741e+00 -1.895420622695979e-03 -9.351910139025967e-04 -1.007689460284786e+00
3 6 -1.000283115424438e+00 -1.895848045457749e-03 -9.350001155818392e-04 -1.007687759217514e+00
3 7 -1.000283312439328e+00 -1.896164052256922e-03 -9.349069441955379e-04 -1.007686375431093e+00
3 8 -1.000283468947644e+00 -1.896357611651291e-03 -9.349110253617478e-04 -1.007685359515151e+00
3 9 -1.000283579039696e+00 -1.896422314249422e-03 -9.350081917773586e-04 -1.007684748405115e+00
3 10 -1.000283638377011e+00 -1.896356468392205e-03 -9.351913252066110e-04 -1.007684564269055e+00
3 11 -1.000283644377991e+00 -1.896163047558048e-03 -9.354511275990125e-04 -1.007684813846250e+00
3 12 -1.000283596365389e+00 -1.895849508916945e-03 -9.357768217758537e-04 -1.007685488235007e+00
3 13 -1.000283495661707e+00 -1.895427500296941e-03 -9.361567025737542e-04 -1.007686563132112e+00
3 14 -1.000283345617599e+00 -1.894912468507677e-03 -9.365784905324695e-04 -1.007687999531091e+00
3 15 -1.000283151560017e+00 -1.894323176832846e-03 -9.370294797117842e-04 -1.007689744887098e+00
3 16 -1.000282920650955e+00 -1.893681134853764e-03 -9.374965140033108e-04 -1.007691734750884e+00
3 17 -1.000282661653619e+00 -1.893009941031770e-03 -9.379658645451305e-04 -1.007693894862168e+00
3 18 -1.000282384610078e+00 -1.892334538849320e-03 -9.384231064941346e-04 -1.007696143674259e+00
3 19 -1.000282100441638e+00 -1.891680391095367e-03 -9.388531012383056e-04 -1.007698395258368e+00
3 20 -1.000281820489773e+00 -1.891072583512676e-03 -9.392401783725323e-04 -1.007700562510496e+00
3 21 -1.000281556020457e+00 -1.890534877799381e-03 -9.395685809177336e-04 -1.007702560557775e+00
3 22 -1.000281317718448e+00 -1.890088744470788e-03 -9.398231900841462e-04 -1.007704310235321e+00
3 23 -1.000281115200120e+00 -1.889752417681188e-03 -9.399904890319504e-04 -1.007705741478917e+00
3 24 -1.000280956574036e+00 -1.889540024989469e-03 -9.400596694892853e-04 -1.007706796456424e+00
3 25 -1.000280848076810e+00 -1.889460852290495e-03 -9.400237428852052e-04 -1.007707432248416e+00
3 26 -1.000280793807481e+00 -1.889518804691758e-03 -9.398804979117392e-04 -1.007707622894546e+00
3 27 -1.000280795576410e+00 -1.889712116108025e-03 -9.396331531348399e-04 -1.007707360652306e+00
3 28 -1.000280852875144e+00 -1.890033343732475e-03 -9.392905858767724e-04 -1.007706656368403e+00
3 29 -1.000280962963198e+00 -1.890469660226451e-03 -9.388670725792055e-04 -1.007705538933138e+00
3 30 -1.000281121057915e+00 -1.891003430026606e-03 -9.383815424316664e-04 -1.007704053863346e+00
3 31 -1.000281320606173e+00 -1.891613031096647e-03 -9.378564128906331e-04 -1.007702261126820e+00
4 0 -1.000281865653934e+00 -1.892279211075663e-03 -9.378425201461210e-04 -1.007699775344699e+00
4 1 -1.000282124435067e+00 -1.892968678430323e-03 -9.373082102064228e-04 -1.007697580291778e+00
4 2 -1.000282397232569e+00 -1.893654502246486e-03 -9.368088272424072e-04 -1.007695318922272e+00
4 3 -1.000282673865812e+00 -1.894309933552117e-03 -9.363656615861659e-04 -1.007693078346177e+00
4 4 -1.000282944161808e+00 -1.894909824223949e-03 -9.359963041404683e-04 -1.007690943811718e+00
4 5 -1.000283198273582e+00 -1.895431579483965e-03 -9.357139132403680e-04 -1.007688995580144e+00
4 6 -1.000283426974389e+00 -1.895855954247665e-03 -9.355268799254740e-04 -1.007687306115696e+00
4 7 -1.000283621929528e+00 -1.896167673510001e-03 -9.354388742412707e-04 -1.007685937658459e+00
4 8 -1.000283775947805e+00 -1.896355868883171e-03 -9.354492173554995e-04 -1.007684940225140e+00
4 9 -1.000283883213380e+00 -1.896414334742598e-03 -9.355534951325782e-04 -1.007684350061005e+00
4 10 -1.000283939495706e+00 -1.896341616564688e-03 -9.357443105530886e-04 -1.007684188549596e+00
4 11 -1.000283942331173e+00 -1.896140949537650e-03 -9.360120667604639e-04 -1.007684461578362e+00
4 12 -1.000283891165828e+00 -1.895820067126583e-03 -9.363456801459553e-04 -1.007685159357412e+00
4 13 -1.000283787445651e+00 -1.895390897512273e-03 -9.367331432995570e-04 -1.007686256692085e+00
4 14 -1.000283634639847e+00 -1.894869161508663e-03 -9.371618895334359e-04 -1.007687713714422e+00
4 15 -1.000283438184156e+00 -1.894273879979383e-03 -9.376189508669358e-04 -1.007689477080362e+00
4 16 -1.000283205335063e+00 -1.893626793864303e-03 -9.380909439511009e-04 -1.007691481635009e+00
4 17 -1.000282944931928e+00 -1.892951697530582e-03 -9.385639558164169e-04 -1.007693652535458e+00
4 18 -1.000282667071369e+00 -1.892273686970079e-03 -9.390234267186013e-04 -1.007695907800801e+00
4 19 -1.000282382705503e+00 -1.891618328004260e-03 -9.394541360552088e-04 -1.007698161235714e+00
4 20 -1.000282103181878e+00 -1.891010755748878e-03 -9.398403865199630e-04 -1.007700325649796e+00
4 21 -1.000281839747852e+00 -1.890474725207237e-03 -9.401664505731078e-04 -1.007702316269615e+00
4 22 -1.000281603045844e+00 -1.890031643761186e-03 -9.404172950106057e-04 -1.007704054213847e+00
4 23 -1.000281402628120e+00 -1.889699628141059e-03 -9.405795421409050e-04 -1.007705469875694e+00
4 24 -1.000281246520252e+00 -1.889492638908061e-03 -9.406425713670983e-04 -1.007706506035454e+00
4 25 -1.000281140860575e+00 -1.889419752144069e-03 -9.405996237484057e-04 -1.007707120515308e+00
4 26 -1.000281089638563e+00 -1.889484628594875e-03 -9.404487521218155e-04 -1.007707288194725e+00
4 27 -1.000281094547947e+00 -1.889685232901023e-03 -9.401934650260217e-04 -1.007707002234183e+00
4 28 -1.000281154960952e+00 -1.890013838970294e-03 -9.398429449799298e-04 -1.007706274408491e+00
4 29 -1.000281268019485e+00 -1.890457333749853e-03 -9.394117765892797e-04 -1.007705134522325e+00
4 30 -1.000281428829231e+00 -1.890997804907257e-03 -9.389191875007078e-04 -1.007703628956361e+00
4 31 -1.000281630735282e+00 -1.891613373175407e-03 -9.383878719291642e-04 -1.007701818458768e+00
5 0 -1.000282198517876e+00 -1.892389068984003e-03 -9.378914685776341e-04 -1.007699148616409e+00
5 1 -1.000282459064010e+00 -1.893083075896321e-03 -9.373535006022924e-04 -1.007696940580432e+00
5 2 -1.000282733107240e+00 -1.893772312021467e-03 -9.368517417334499e-04 -1.007694670088477e+00
5 3 -1.000283010418642e+00 -1.894429901375487e-03 -9.364075738231387e-04 -1.007692424579761e+00
5 4 -1.000283280797456e+00 -1.895030615704289e-03 -9.360386246170674e-04 -1.007690289478259e+00
5 5 -1.000283534390683e+00 -1.895551829486630e-03 -9.357580338516439e-04 -1.007688345063350e+00
5 6 -1.000283761987821e+00 -1.895974317232954e-03 -9.355741196098963e-04 -1.007686663660115e+00
5 7 -1.000283955292600e+00 -1.896282873405501e-03 -9.354904275151003e-04 -1.007685307216218e+00
5 8 -1.000284107173708e+00 -1.896466747019144e-03 -9.355061079142653e-04 -1.007684325310392e+00
5 9 -1.000284211895031e+00 -1.896519894118888e-03 -9.356165368462972e-04 -1.007683753616732e+00
5 10 -1.000284265322936e+00 -1.896441060552264e-03 -9.358140776382729e-04 -1.007683612832310e+00
5 11 -1.000284265104235e+00 -1.896233713305250e-03 -9.360888738996333e-04 -1.007683908066087e+00
5 12 -1.000284210804491e+00 -1.895905840504759e-03 -9.364295725681525e-04 -1.007684628685340e+00
5 13 -1.000284103993365e+00 -1.895469638355374e-03 -9.368238967389258e-04 -1.007685748619322e+00
5 14 -1.000283948262678e+00 -1.894941098835415e-03 -9.372590201457905e-04 -1.007687227124387e+00
5 15 -1.000283749164397e+00 -1.894339506500125e-03 -9.377217348914694e-04 -1.007689010016176e+00
5 16 -1.000283514059754e+00 -1.893686848045874e-03 -9.381984460724166e-04 -1.007691031369299e+00
5 17 -1.000283251876874e+00 -1.893007135879113e-03 -9.386750645390473e-04 -1.007693215672314e+00
5 18 -1.000282972781481e+00 -1.892325647504536e-03 -9.391368952315576e-04 -1.007695480406459e+00
5 19 -1.000282687772404e+00 -1.891668086097753e-03 -9.395686276723066e-04 -1.007697738993471e+00
5 20 -1.000282408219799e+00 -1.891059673937248e-03 -9.399545238718746e-04 -1.007699904032979e+00
5 21 -1.000282145368963e+00 -1.890524199164948e-03 -9.402788669893574e-04 -1.007701890724549e+00
5 22 -1.000281909836162e+00 -1.890083047009712e-03 -9.405266857686382e-04 -1.007703620343862e+00
5 23 -1.000281711125054e+00 -1.889754257933340e-03 -9.406847133833474e-04 -1.007705023617749e+00
5 24 -1.000281557192604e+00 -1.889551665371683e-03 -9.407424853090508e-04 -1.007706043822021e+00
5 25 -1.000281454091615e+00 -1.889484172568071e-03 -9.406934392441969e-04 -1.007706639414868e+00
5 26 -1.000281405712617e+00 -1.889555228740162e-03 -9.405358591688417e-04 -1.007706786024856e+00
5 27 -1.000281413640804e+00 -1.889762557075352e-03 -9.402735110374931e-04 -1.007706477642375e+00
5 28 -1.000281477134293e+00 -1.890098170129516e-03 -9.399158507397690e-04 -1.007705726917790e+00
5 29 -1.000281593219441e+00 -1.890548684227172e-03 -9.394777408584693e-04 -1.007704564540919e+00
5 30 -1.000281756889045e+00 -1.891095917800007e-03 -9.389786803737834e-04 -1.007703037752022e+00
5 31 -1.000281961381846e+00 -1.891717734003708e-03 -9.384416174477414e-04 -1.007701208100651e+00
6 0 -1.000282539085289e+00 -1.892599056052136e-03 -9.374589717752504e-04 -1.007698378562456e+00
6 1 -1.000282801693792e+00 -1.893298101569369e-03 -9.369176129851773e-04 -1.007696155522165e+00
6 2 -1.000283077351524e+00 -1.893991463007464e-03 -9.364135065728435e-04 -1.007693873282643e+00
6 3 -1.000283355767023e+00 -1.894652110549307e-03 -9.359681229972963e-04 -1.007691619713669e+00
6 4 -1.000283626694878e+00 -1.895254700820041e-03 -9.355991340559829e-04 -1.007689480538632e+00
6 5 -1.000283880257282e+00 -1.895776535917689e-03 -9.353196775869157e-04 -1.007687536195523e+00
6 6 -1.000284107240233e+00 -1.896198363491214e-03 -9.351380240850734e-04 -1.007685859021070e+00
6 7 -1.000284299366166e+00 -1.896504998235485e-03 -9.350576280828327e-04 -1.007684510824693e+00
6 8 -1.000284449544819e+00 -1.896685756690818e-03 -9.350775095346922e-04 -1.007683540897900e+00
6 9 -1.000284552102567e+00 -1.896734708187593e-03 -9.351928806221169e-04 -1.007682984484660e+00
6 10 -1.000284602987729e+00 -1.896650754193795e-03 -9.353959140977746e-04 -1.007682861721007e+00
6 11 -1.000284599945556e+00 -1.896437554486345e-03 -9.356765434284714e-04 -1.007683177041590e+00
6 12 -1.000284542652725e+00 -1.896103320400241e-03 -9.360231934708214e-04 -1.007683919049107e+00
6 13 -1.000284432798047e+00 -1.895660493411614e-03 -9.364233616742623e-04 -1.007685060846371e+00
6 14 -1.000284274095239e+00 -1.895125323048259e-03 -9.368640013385175e-04 -1.007686560834653e+00
6 15 -1.000284072215323e+00 -1.894517353129261e-03 -9.373316975146819e-04 -1.007688363981722e+00
6 16 -1.000283834630407e+00 -1.893858820798115e-03 -9.378126684687467e-04 -1.007690403557307e+00
6 17 -1.000283570366547e+00 -1.893173969989336e-03 -9.382926642641917e-04 -1.007692603322108e+00
6 18 -1.000283289670377e+00 -1.892488281177264e-03 -9.387568607069569e-04 -1.007694880138241e+00
6 19 -1.000283003601327e+00 -1.891827623087657e-03 -9.391898552602131e-04 -1.007697146945134e+00
6 20 -1.000282723567567e+00 -1.891217338897260e-03 -9.395758591547258e-04 -1.007699316018749e+00
6 21 -1.000282460828785e+00 -1.890681288177875e-03 -9.398991480926231e-04 -1.007701302406886e+00
6 22 -1.000282225992210e+00 -1.890240875797157e-03 -9.401447867747757e-04 -1.007703027409788e+00
6 23 -1.000282028530191e+00 -1.889914109811559e-03 -9.402995867960832e-04 -1.007704421951957e+00
6 24 -1.000281876347997e+00 -1.889714740818477e-03 -9.403532028127709e-04 -1.007705429669902e+00
6 25 -1.000281775428792e+00 -1.889651542462905e-03 -9.402992292529379e-04 -1.007706009528612e+00
6 26 -1.000281729578475e+00 -1.889727793403063e-03 -9.401361388766825e-04 -1.007706137786221e+00
6 27 -1.000281740285931e+00 -1.889941012777472e-03 -9.398679108879735e-04 -1.007705809157534e+00
6 28 -1.000281806704851e+00 -1.890282984107346e-03 -9.395042301852722e-04 -1.007705037081617e+00
6 29 -1.000281925752719e+00 -1.890740078868053e-03 -9.390601949800377e-04 -1.007703853069345e+00
6 30 -1.000282092312745e+00 -1.891293864466218e-03 -9.385555370056386e-04 -1.007702305182048e+00
6 31 -1.000282299517015e+00 -1.891921956507347e-03 -9.380134244907112e-04 -1.007700455759372e+00
7 0 -1.000282874034879e+00 -1.892900777534688e-03 -9.365598984061531e-04 -1.007697497390536e+00
7 1 -1.000283138917531e+00 -1.893605151614917e-03 -9.360155840576797e-04 -1.007695257949119e+00
7 2 -1.000283416490321e+00 -1.894303177351479e-03 -9.355092846130600e-04 -1.007692961836130e+00
7 3 -1.000283696387695e+00 -1.894967650881393e-03 -9.350625519257682e-04 -1.007690697434391e+00
7 4 -1.000283968304599e+00 -1.895573083724509e-03 -9.346931060993305e-04 -1.007688550877120e+00
7 5 -1.000284222320729e+00 -1.896096667166541e-03 -9.344140984797665e-04 -1.007686602894077e+00
7 6 -1.000284449199167e+00 -1.896519076965701e-03 -9.342337782676132e-04 -1.007684925982705e+00
7 7 -1.000284640660787e+00 -1.896825098401363e-03 -9.341555455717474e-04 -1.007683581972365e+00
7 8 -1.000284789635960e+00 -1.897004063243969e-03 -9.341783356350762e-04 -1.007682620028491e+00
7 9 -1.000284890493786e+00 -1.897050101359503e-03 -9.342972490732034e-04 -1.007682075122658e+00
7 10 -1.000284939246335e+00 -1.896962219130143e-03 -9.345043240742530e-04 -1.007681966976995e+00
7 11 -1.000284933721585e+00 -1.896744222858145e-03 -9.347893411394090e-04 -1.007682299481644e+00
7 12 -1.000284873694693e+00 -1.896404507075764e-03 -9.351405594300470e-04 -1.007683060582380e+00
7 13 -1.000284760964373e+00 -1.895955726023882e-03 -9.355453044407196e-04 -1.007684222638105e+00
7 14 -1.000284599360574e+00 -1.895414362813496e-03 -9.359903576689388e-04 -1.007685743250104e+00
7 15 -1.000284394671486e+00 -1.894800205948185e-03 -9.364621382450151e-04 -1.007687566564214e+00
7 16 -1.000284154481988e+00 -1.894135738084328e-03 -9.369467096896030e-04 -1.007689625042084e+00
7 17 -1.000283887921448e+00 -1.893445438921579e-03 -9.374296840184785e-04 -1.007691841686303e+00
7 18 -1.000283605325858e+00 -1.892755004598271e-03 -9.378961214235226e-04 -1.007694132685123e+00
7 19 -1.000283317826420e+00 -1.892090490119092e-03 -9.383305311830001e-04 -1.007696410417975e+00
7 20 -1.000283036882986e+00 -1.891477388017180e-03 -9.387170671569681e-04 -1.007698586737733e+00
7 21 -1.000282773785451e+00 -1.890939664657235e-03 -9.390399804591691e-04 -1.007700576422044e+00
7 22 -1.000282539149407e+00 -1.890498785288456e-03 -9.392843453539794e-04 -1.007702300663053e+00
7 23 -1.000282342434229e+00 -1.890172769999305e-03 -9.394370180624402e-04 -1.007703690441011e+00
7 24 -1.000282191512129e+00 -1.889975333340837e-03 -9.394877324681321e-04 -1.007704689606128e+00
7 25 -1.000282092315008e+00 -1.889915167326440e-03 -9.394301941243066e-04 -1.007705257482189e+00
7 26 -1.000282048581615e+00 -1.889995427665850e-03 -9.392630141220576e-04 -1.007705370813177e+00
7 27 -1.000282061720458e+00 -1.890213474767942e-03 -9.389903315213948e-04 -1.007705024905012e+00
7 28 -1.000282130794536e+00 -1.890560904259415e-03 -9.386220064393292e-04 -1.007704233868245e+00
7 29 -1.000282252623442e+00 -1.891023878210593e-03 -9.381733206713154e-04 -1.007703029938223e+00
7 30 -1.000282421988491e+00 -1.891583741467294e-03 -9.376641898012144e-04 -1.007701461925431e+00
7 31 -1.000282631919109e+00 -1.892217882305266e-03 -9.371179576758643e-04 -1.007699592916104e+00
8 0 -1.000283190389821e+00 -1.893282196142746e-03 -9.352276853262557e-04 -1.007696541506645e+00
8 1 -1.000283457664508e+00 -1.893991968531579e-03 -9.346810010819002e-04 -1.007694284945041e+00
8 2 -1.000283737372671e+00 -1.894695002157908e-03 -9.341727853138680e-04 -1.007691973415312e+00
8 3 -1.000284019066180e+00 -1.895363906320089e-03 -9.337246590459538e-04 -1.007689695874136e+00
8 4 -1.000284292367990e+00 -1.895973023855564e-03 -9.333543910910519e-04 -1.007687538956751e+00
8 5 -1.000284547299669e+00 -1.896499401776916e-03 -9.330751599321255e-04 -1.007685583804136e+00
8 6 -1.000284774583106e+00 -1.896923602093035e-03 -9.328952202611879e-04 -1.007683903215678e+00
8 7 -1.000284965917396e+00 -1.897230332274094e-03 -9.328179564830368e-04 -1.007682559197536e+00
8 8 -1.000285114232240e+00 -1.897408886526922e-03 -9.328422675433335e-04 -1.007681600954938e+00
8 9 -1.000285213918043e+00 -1.897453400448939e-03 -9.329631980253639e-04 -1.007681063354629e+00
8 10 -1.000285261030120e+00 -1.897362930977463e-03 -9.331727118933685e-04 -1.007680965866807e+00
8 11 -1.000285253460371e+00 -1.897141379234413e-03 -9.334604997455043e-04 -1.007681311987232e+00
8 12 -1.000285191065917e+00 -1.896797275775267e-03 -9.338147184228751e-04 -1.007682089138042e+00
8 13 -1.000285075741694e+00 -1.896343446701748e-03 -9.342225821475513e-04 -1.007683269046191e+00
8 14 -1.000284911423614e+00 -1.895796575692816e-03 -9.346707555992854e-04 -1.007684808599393e+00
8 15 -1.000284704010612e+00 -1.895176671930389e-03 -9.351455392543957e-04 -1.007686651179546e+00
8 16 -1.000284461197825e+00 -1.894506448907368e-03 -9.356328806463129e-04 -1.007688728469242e+00
8 17 -1.000284192219136e+00 -1.893810616572680e-03 -9.361182835621363e-04 -1.007690962713942e+00
8 18 -1.000283907504602e+00 -1.893115090340179e-03 -9.365867124486372e-04 -1.007693269401506e+00
8 19 -1.000283618265367e+00 -1.892446124454195e-03 -9.370225969387553e-04 -1.007695560297086e+00
8 20 -1.000283336024485e+00 -1.891829383025543e-03 -9.374100301263545e-04 -1.007697746748917e+00
8 21 -1.000283072116574e+00 -1.891288969823046e-03 -9.377332239675452e-04 -1.007699743158353e+00
8 22 -1.000282837182475e+00 -1.890846448087830e-03 -9.379772379191428e-04 -1.007701470482939e+00
8 23 -1.000282640687177e+00 -1.890519893230897e-03 -9.381289395076852e-04 -1.007702859616184e+00
8 24 -1.000282490489525e+00 -1.890323031576307e-03 -9.381780998685438e-04 -1.007703854467708e+00
8 25 -1.000282392490339e+00 -1.890264524428891e-03 -9.381184858353044e-04 -1.007704414559050e+00
8 26 -1.000282350381187e+00 -1.890347456639732e-03 -9.379487910874010e-04 -1.007704516958545e+00
8 27 -1.000282365509173e+00 -1.890569081039798e-03 -9.376732554850252e-04 -1.007704157407886e+00
8 28 -1.000282436863838e+00 -1.890920853720824e-03 -9.373018541459805e-04 -1.007703350545881e+00
8 29 -1.000282561181680e+00 -1.891388771246743e-03 -9.368499926187815e-04 -1.007702129206780e+00
8 30 -1.000282733153869e+00 -1.891953993541579e-03 -9.363377126478176e-04 -1.007700542847943e+00
8 31 -1.000282945715367e+00 -1.892593711046667e-03 -9.357884807103520e-04 -1.007698655228517e+00
9 0 -1.000283476032320e+00 -1.893728161831752e-03 -9.335132207758315e-04 -1.007695549728307e+00
9 1 -1.000283745719232e+00 -1.894443181645122e-03 -9.329648739674348e-04 -1.007693276025530e+00
9 2 -1.000284027694803e+00 -1.895151359979767e-03 -9.324551257972026e-04 -1.007690948172089e+00
9 3 -1.000284311423274e+00 -1.895825114253213e-03 -9.320056496081227e-04 -1.007688655735825e+00
9 4 -1.000284586446474e+00 -1.896438602275118e-03 -9.316342600218438e-04 -1.007686485924408e+00
9 5 -1.000284842714871e+00 -1.896968699614722e-03 -9.313541745017781e-04 -1.007684520390951e+00
9 6 -1.000285070892666e+00 -1.897395817492103e-03 -9.311736792747810e-04 -1.007682832364736e+00
9 7 -1.000285262637791e+00 -1.897704540320825e-03 -9.310961815034673e-04 -1.007681484178326e+00
9 8 -1.000285410858008e+00 -1.897884073585382e-03 -9.311205924470671e-04 -1.007680525240560e+00
9 9 -1.000285509942961e+00 -1.897928503987498e-03 -9.312419573303444e-04 -1.007679990483695e+00
9 10 -1.000285555969176e+00 -1.897836883092273e-03 -9.314522286730775e-04 -1.007679899296412e+00
9 11 -1.000285546871158e+00 -1.897613151607584e-03 -9.317410736116719e-04 -1.007680254945047e+00
9 12 -1.000285482568172e+00 -1.897265923722926e-03 -9.320966135642172e-04 -1.007681044481664e+00
9 13 -1.000285365033945e+00 -1.896808150072972e-03 -9.325060155158337e-04 -1.007682239137188e+00
9 14 -1.000285198296067e+00 -1.896256674388461e-03 -9.329558860750433e-04 -1.007683795199130e+00
9 15 -1.000284988353471e+00 -1.895631693835921e-03 -9.334324591852585e-04 -1.007685655373595e+00
9 16 -1.000284743004512e+00 -1.894956128516564e-03 -9.339216107979928e-04 -1.007687750625335e+00
9 17 -1.000284471584438e+00 -1.894254903618994e-03 -9.344087715395665e-04 -1.007690002474916e+00
9 18 -1.000284184618331e+00 -1.893554148799847e-03 -9.348788340564641e-04 -1.007692325711051e+00
9 19 -1.000283893402367e+00 -1.892880322743695e-03 -9.353161602816369e-04 -1.007694631454360e+00
9 20 -1.000283609531798e+00 -1.892259276181642e-03 -9.357047828610103e-04 -1.007696830488016e+00
9 21 -1.000283344398474e+00 -1.891715274537005e-03 -9.360288640124768e-04 -1.007698836748391e+00
9 22 -1.000283108684077e+00 -1.891270011930985e-03 -9.362734270341672e-04 -1.007700570843495e+00
9 23 -1.000282911877386e+00 -1.890941659848279e-03 -9.364253184276661e-04 -1.007701963442004e+00
9 24 -1.000282761843980e+00 -1.890744003594985e-03 -9.364743038556202e-04 -1.007702958356888e+00
9 25 -1.000282664474852e+00 -1.890685725484690e-03 -9.364141601826689e-04 -1.007703515139971e+00
9 26 -1.000282623436014e+00 -1.890769893750770e-03 -9.362436062727220e-04 -1.007703611011487e+00
9 27 -1.000282640034396e+00 -1.890993708637626e-03 -9.359669210974647e-04 -1.007703241977435e+00
9 28 -1.000282713206110e+00 -1.891348540608481e-03 -9.355941302308592e-04 -1.007702423040815e+00
9 29 -1.000282839622602e+00 -1.891820271355847e-03 -9.351406975043394e-04 -1.007701187485352e+00
9 30 -1.000283013900241e+00 -1.892389920882645e-03 -9.346267273709843e-04 -1.007699585287592e+00
9 31 -1.000283228891533e+00 -1.893034519069708e-03 -9.340757508391541e-04 -1.007697680779402e+00
10 0 -1.000283720163797e+00 -1.894221070095160e-03 -9.314829324866280e-04 -1.007694561472270e+00
10 1 -1.000283992186143e+00 -1.894940975874467e-03 -9.309337133806560e-04 -1.007692271293111e+00
10 2 -1.000284276469193e+00 -1.895654227779414e-03 -9.304228988276870e-04 -1.007689926867875e+00
10 3 -1.000284562388162e+00 -1.896333054024152e-03 -9.299721947531240e-04 -1.007687618388166e+00
10 4 -1.000284839398005e+00 -1.896951418531250e-03 -9.295994564656268e-04 -1.007685433681095e+00
10 5 -1.000285097368035e+00 -1.897486005298909e-03 -9.293179499975816e-04 -1.007683454991657e+00
10 6 -1.000285326890640e+00 -1.897917044009186e-03 -9.291360165435120e-04 -1.007681756089030e+00
10 7 -1.000285519565017e+00 -1.898228955971003e-03 -9.290571220324748e-04 -1.007680399767769e+00
10 8 -1.000285668256816e+00 -1.898410810572399e-03 -9.290802371599852e-04 -1.007679435794940e+00
10 9 -1.000285767333001e+00 -1.898456593101186e-03 -9.292004641363078e-04 -1.007678899335143e+00
10 10 -1.000285812868411e+00 -1.898365294171635e-03 -9.294098069920946e-04 -1.007678809868586e+00
10 11 -1.000285802817109e+00 -1.898140837554336e-03 -9.296979757841286e-04 -1.007679170605415e+00
10 12 -1.000285737138313e+00 -1.897791865881415e-03 -9.300531232012112e-04 -1.007679968394354e+00
10 13 -1.000285617864210e+00 -1.897331402594801e-03 -9.304624335835641e-04 -1.007681174124161e+00
10 14 -1.000285449096269e+00 -1.896776404832520e-03 -9.309125162192101e-04 -1.007682743618490e+00
10 15 -1.000285236918616e+00 -1.896147217436020e-03 -9.313895936903917e-04 -1.007684619022978e+00
10 16 -1.000284989221523e+00 -1.895466934515056e-03 -9.318795177650471e-04 -1.007686730674892e+00
10 17 -1.000284715434409e+00 -1.894760673107947e-03 -9.323676833610256e-04 -1.007688999430713e+00
10 18 -1.000284426174709e+00 -1.894054763942158e-03 -9.328389376397715e-04 -1.007691339408115e+00
10 19 -1.000284132825483e+00 -1.893375867324021e-03 -9.332775900202213e-04 -1.007693661078194e+00
10 20 -1.000283847060266e+00 -1.892750027850086e-03 -9.336676170465611e-04 -1.007695874621980e+00
10 21 -1.000283580338172e+00 -1.892201689838376e-03 -9.339931243389525e-04 -1.007697893442260e+00
10 22 -1.000283343395503e+00 -1.891752705554510e-03 -9.342390802392005e-04 -1.007699637697862e+00
10 23 -1.000283145761941e+00 -1.891421379223742e-03 -9.343922795765168e-04 -1.007701037704528e+00
10 24 -1.000282995329554e+00 -1.891221599628622e-03 -9.344424414906423e-04 -1.007702037027513e+00
10 25 -1.000282898001029e+00 -1.891162120450184e-03 -9.343833034126303e-04 -1.007702595081586e+00
10 26 -1.000282857439285e+00 -1.891246047789381e-03 -9.342135529758095e-04 -1.007702689061410e+00
10 27 -1.000282874933734e+00 -1.891470586255776e-03 -9.339374459491034e-04 -1.007702315055809e+00
10 28 -1.000282949389114e+00 -1.891827077975820e-03 -9.335649918912839e-04 -1.007701488253847e+00
10 29 -1.000283077432389e+00 -1.892301344783935e-03 -9.331116452962679e-04 -1.007700242222259e+00
10 30 -1.000283253623375e+00 -1.892874316971002e-03 -9.325975080697006e-04 -1.007698627309522e+00
10 31 -1.000283470747325e+00 -1.893522907260755e-03 -9.320461157010252e-04 -1.007696708298032e+00
11 0 -1.000283913693616e+00 -1.894741611590178e-03 -9.292161476611782e-04 -1.007693615036425e+00
11 1 -1.000284187882813e+00 -1.895465850931113e-03 -9.286668839730760e-04 -1.007691309688387e+00
11 2 -1.000284474422187e+00 -1.896183905715226e-03 -9.281555194230364e-04 -1.007688949094223e+00
11 3 -1.000284762600125e+00 -1.896867825045539e-03 -9.277037716752596e-04 -1.007686624057178e+00
11 4 -1.000285041782293e+00 -1.897491377564365e-03 -9.273295297584192e-04 -1.007684423046994e+00
11 5 -1.000285301749897e+00 -1.898031043021105e-03 -9.270461148942425e-04 -1.007682428957619e+00
11 6 -1.000285533012360e+00 -1.898466846183655e-03 -9.268619430346685e-04 -1.007680716186308e+00
11 7 -1.000285727095200e+00 -1.898783012082119e-03 -9.267805714456728e-04 -1.007679348105355e+00
11 8 -1.000285876803679e+00 -1.898968432301304e-03 -9.268010745882882e-04 -1.007678374979170e+00
11 9 -1.000285976461052e+00 -1.899016942214028e-03 -9.269186654645506e-04 -1.007677832362056e+00
11 10 -1.000286022117541e+00 -1.898927418355873e-03 -9.271254596666455e-04 -1.007677739994970e+00
11 11 -1.000286011723031e+00 -1.898703712093586e-03 -9.274112733604965e-04 -1.007678101206051e+00
11 12 -1.000285945253164e+00 -1.898354438740238e-03 -9.277643545988678e-04 -1.007678902813536e+00
11 13 -1.000285824776059e+00 -1.897892640224697e-03 -9.281719683808551e-04 -1.007680115530311e+00
11 14 -1.000285654446264e+00 -1.897335335929014e-03 -9.286207871453255e-04 -1.007681694870835e+00
11 15 -1.000285440414834e+00 -1.896702972293287e-03 -9.290970771064136e-04 -1.007683582557580e+00
11 16 -1.000285190649106e+00 -1.896018778403731e-03 -9.295867128950402e-04 -1.007685708414264e+00
11 17 -1.000284914661955e+00 -1.895308032695539e-03 -9.300750914376173e-04 -1.007687992718900e+00
11 18 -1.000284623156960e+00 -1.894597246003870e-03 -9.305470424358963e-04 -1.007690348972341e+00
11 19 -1.000284327602457e+00 -1.893913269307400e-03 -9.309868408454226e-04 -1.007692687017225e+00
11 20 -1.000284039753209e+00 -1.893282340578670e-03 -9.313784143441644e-04 -1.007694916419267e+00
11 21 -1.000283771142997e+00 -1.892729093326187e-03 -9.317058074275622e-04 -1.007696949999846e+00
11 22 -1.000283532574359e+00 -1.892275558931728e-03 -9.319539170736812e-04 -1.007698707387096e+00
11 23 -1.000283333633288e+00 -1.891940205306534e-03 -9.321094590886951e-04 -1.007700118431272e+00
11 24 -1.000283182256910e+00 -1.891737064492670e-03 -9.321620690455004e-04 -1.007701126310389e+00
11 25 -1.000283084380568e+00 -1.891675008783971e-03 -9.321053990503950e-04 -1.007701690140834e+00
11 26 -1.000283043686645e+00 -1.891757235199515e-03 -9.319380514663825e-04 -1.007701786915000e+00
11 27 -1.000283061470327e+00 -1.891981009483784e-03 -9.316641981379911e-04 -1.007701412619990e+00
11 28 -1.000283136628152e+00 -1.892337703466818e-03 -9.312937678462247e-04 -1.007700582446684e+00
11 29 -1.000283265764789e+00 -1.892813135941332e-03 -9.308421401093850e-04 -1.007699330068774e+00
11 30 -1.000283443403813e+00 -1.893388200819092e-03 -9.303293504920476e-04 -1.007697706045955e+00
11 31 -1.000283662280869e+00 -1.894039741525723e-03 -9.297788790777323e-04 -1.007695775472077e+00
12 0 -1.000284049545300e+00 -1.895269572610905e-03 -9.268018411520692e-04 -1.007692746073899e+00
12 1 -1.000284325650227e+00 -1.895997429791388e-03 -9.262533508603407e-04 -1.007690427437021e+00
12 2 -1.000284614308294e+00 -1.896719833995750e-03 -9.257419688259935e-04 -1.007688051692109e+00
12 3 -1.000284904726537e+00 -1.897408672150063e-03 -9.252894033263226e-04 -1.007685710218598e+00
12 4 -1.000285186182264e+00 -1.898037523605041e-03 -9.249135682577155e-04 -1.007683492128059e+00
12 5 -1.000285448365017e+00 -1.898582658920250e-03 -9.246278437460577e-04 -1.007681480996117e+00
12 6 -1.000285681693448e+00 -1.899023882529262e-03 -9.244407369623618e-04 -1.007679751911832e+00
12 7 -1.000285877607494e+00 -1.899345197844611e-03 -9.243559253330240e-04 -1.007678368917623e+00
12 8 -1.000286028836193e+00 -1.899535284122425e-03 -9.243726268503175e-04 -1.007677382894051e+00
12 9 -1.000286129639801e+00 -1.899587784392022e-03 -9.244862136592757e-04 -1.007676829926555e+00
12 10 -1.000286176022082e+00 -1.899501412678886e-03 -9.246889672599035e-04 -1.007676730175000e+00
12 11 -1.000286165905346e+00 -1.899279895556500e-03 -9.249708680817906e-04 -1.007677087253945e+00
12 12 -1.000286099257578e+00 -1.898931766456914e-03 -9.253203196223600e-04 -1.007677888124361e+00
12 13 -1.000285978158820e+00 -1.898470030784181e-03 -9.257247273528524e-04 -1.007679103496146e+00
12 14 -1.000285806793743e+00 -1.897911716771888e-03 -9.261708837190987e-04 -1.007680688740794e+00
12 15 -1.000285591359556e+00 -1.897277322983707e-03 -9.266451499770147e-04 -1.007682585309861e+00
12 16 -1.000285339883073e+00 -1.896590169873811e-03 -9.271334681020182e-04 -1.007684722645372e+00
12 17 -1.000285061946830e+00 -1.895875660886934e-03 -9.276212739643342e-04 -1.007687020553831e+00
12 18 -1.000284768330960e+00 -1.895160458940447e-03 -9.280934084829655e-04 -1.007689391997587e+00
12 19 -1.000284470584045e+00 -1.894471587281273e-03 -9.285341312528965e-04 -1.007691746236594e+00
12 20 -1.000284180541906e+00 -1.893835469541494e-03 -9.289273293521521e-04 -1.007693992231387e+00
12 21 -1.000283909817650e+00 -1.893276931729055e-03 -9.292569833369154e-04 -1.007696042195803e+00
12 22 -1.000283669289188e+00 -1.892818198322417e-03 -9.295079056625018e-04 -1.007697815166492e+00
12 23 -1.000283468611975e+00 -1.892477925062448e-03 -9.296667103230937e-04 -1.007699240434973e+00
12 24 -1.000283315784879e+00 -1.892270321085890e-03 -9.297229169928113e-04 -1.007700260668613e+00
12 25 -1.000283216795576e+00 -1.892204419912096e-03 -9.296700506705359e-04 -1.007700834535843e+00
12 26 -1.000283175367753e+00 -1.892283559062998e-03 -9.295065783741156e-04 -1.007700938657806e+00
12 27 -1.000283192825439e+00 -1.892505119543999e-03 -9.292365320088416e-04 -1.007700568739986e+00
12 28 -1.000283268080329e+00 -1.892860559168059e-03 -9.288697002334351e-04 -1.007699739792293e+00
12 29 -1.000283397737600e+00 -1.893335750048612e-03 -9.284213269725669e-04 -1.007698485416720e+00
12 30 -1.000283576306055e+00 -1.893911604162890e-03 -9.279113212759385e-04 -1.007696856216416e+00
12 31 -1.000283796491131e+00 -1.894564946041937e-03 -9.273630502598953e-04 -1.007694917446454e+00
13 0 -1.000284122874709e+00 -1.895784645884132e-03 -9.243349304025062e-04 -1.007691986327538e+00
13 1 -1.000284400574172e+00 -1.896515275414588e-03 -9.237879774625190e-04 -1.007689656762998e+00
13 2 -1.000284691134855e+00 -1.897241416423653e-03 -9.232770927629340e-04 -1.007687267442180e+00
13 3 -1.000284983690873e+00 -1.897934816582980e-03 -9.228239543457961e-04 -1.007684910264283e+00
13 4 -1.000285267435483e+00 -1.898568879067489e-03 -9.224464909496887e-04 -1.007682674957898e+00
13 5 -1.000285531966597e+00 -1.899119668165565e-03 -9.221581433383509e-04 -1.007680645787291e+00
13 6 -1.000285767607742e+00 -1.899566760758281e-03 -9.219675234547035e-04 -1.007678898571137e+00
13 7 -1.000285965704555e+00 -1.899893921652915e-03 -9.218784531739411e-04 -1.007677498089174e+00
13 8 -1.000286118896966e+00 -1.900089591594910e-03 -9.218903273620391e-04 -1.007676495932810e+00
13 9 -1.000286221365611e+00 -1.900147186705996e-03 -9.219987181758833e-04 -1.007675928838109e+00
13 10 -1.000286269048026e+00 -1.900065216677357e-03 -9.221961201559141e-04 -1.007675817524427e+00
13 11 -1.000286259816710e+00 -1.899847235675664e-03 -9.224727297919539e-04 -1.007676166049777e+00
13 12 -1.000286193608088e+00 -1.899501643675071e-03 -9.228171600527148e-04 -1.007676961685838e+00
13 13 -1.000286072489610e+00 -1.899041356130255e-03 -9.232170102378885e-04 -1.007678175311956e+00
13 14 -1.000285900652100e+00 -1.898483357046539e-03 -9.236592431040334e-04 -1.007679762326473e+00
13 15 -1.000285684316648e+00 -1.897848146371452e-03 -9.241303608962224e-04 -1.007681664070422e+00
13 16 -1.000285431549834e+00 -1.897159089244585e-03 -9.246164138155563e-04 -1.007683809749174e+00
13 17 -1.000285151987416e+00 -1.896441673126133e-03 -9.251029114445451e-04 -1.007686118822051e+00
13 18 -1.000284856473539e+00 -1.895722679421820e-03 -9.255747329652242e-04 -1.007688503811148e+00
13 19 -1.000284556628991e+00 -1.895029279057739e-03 -9.260161405345241e-04 -1.007690873460935e+00
13 20 -1.000284264367479e+00 -1.894388066832487e-03 -9.264109890469419e-04 -1.007693136159469e+00
13 21 -1.000283991383151e+00 -1.893824057285228e-03 -9.267431944725950e-04 -1.007695203510035e+00
13 22 -1.000283748635618e+00 -1.893359674582996e-03 -9.269974753355671e-04 -1.007696993919502e+00
13 23 -1.000283545860346e+00 -1.893013779366392e-03 -9.271603253057618e-04 -1.007698436048305e+00
13 24 -1.000283391132327e+00 -1.892800785075961e-03 -9.272211202003288e-04 -1.007699471948970e+00
13 25 -1.000283290509244e+00 -1.892729922823287e-03 -9.271732211848683e-04 -1.007700059709989e+00
13 26 -1.000283247776335e+00 -1.892804714445586e-03 -9.270149162731861e-04 -1.007700175427658e+00
13 27 -1.000283264308358e+00 -1.893022705397329e-03 -9.267500489245085e-04 -1.007699814357963e+00
13 28 -1.000283339054790e+00 -1.893375492022185e-03 -9.263882158359246e-04 -1.007698991155021e+00
13 29 -1.000283468643874e+00 -1.893849053745768e-03 -9.259444713490510e-04 -1.007697739174292e+00
13 30 -1.000283647591460e+00 -1.894424374040589e-03 -9.254385436141383e-04 -1.007696108894197e+00
13 31 -1.000283868593195e+00 -1.895078309292348e-03 -9.248936346929929e-04 -1.007694165575862e+00
14 0 -1.000284131199520e+00 -1.896267214528445e-03 -9.219123042987030e-04 -1.007691362659327e+00
14 1 -1.000284410116797e+00 -1.896999678354687e-03 -9.213675600702843e-04 -1.007689024904034e+00
14 2 -1.000284702296159e+00 -1.897728813072248e-03 -9.208576387240927e-04 -1.007686624062582e+00
14 3 -1.000284996809827e+00 -1.898426254906456e-03 -9.204041688750831e-04 -1.007684252479280e+00
14 4 -1.000285282774511e+00 -1.899065250459496e-03 -9.200250843855763e-04 -1.007682000452021e+00
14 5 -1.000285549699971e+00 -1.899621668325078e-03 -9.197338870750511e-04 -1.007679952914883e+00
14 6 -1.000285787813717e+00 -1.900074858973190e-03 -9.195393037471078e-04 -1.007678186427191e+00
14 7 -1.000285988361809e+00 -1.900408340446485e-03 -9.194453193218467e-04 -1.007676766546167e+00
14 8 -1.000286143885654e+00 -1.900610297908294e-03 -9.194515316269681e-04 -1.007675745641653e+00
14 9 -1.000286248472933e+00 -1.900673894891359e-03 -9.195537458306348e-04 -1.007675161194009e+00
14 10 -1.000286297977883e+00 -1.900597402852584e-03 -9.197447086219629e-04 -1.007675034600511e+00
14 11 -1.000286290202838e+00 -1.900384162473812e-03 -9.200148759614334e-04 -1.007675370502677e+00
14 12 -1.000286225029956e+00 -1.900042393883805e-03 -9.203531153847033e-04 -1.007676156638722e+00
14 13 -1.000286104490221e+00 -1.899584873066047e-03 -9.207472644743892e-04 -1.007677364221923e+00
14 14 -1.000285932756710e+00 -1.899028489032601e-03 -9.211844988145457e-04 -1.007678948844106e+00
14 15 -1.000285716051387e+00 -1.898393692754482e-03 -9.216515014686659e-04 -1.007680851898783e+00
14 16 -1.000285462459397e+00 -1.897703845953959e-03 -9.221344668113909e-04 -1.007683002507756e+00
14 17 -1.000285181651286e+00 -1.896984476397438e-03 -9.226190084383450e-04 -1.007685319919343e+00
14 18 -1.000284884520412e+00 -1.896262446616643e-03 -9.230900670340171e-04 -1.007687716328388e+00
14 19 -1.000284582749194e+00 -1.895565045605313e-03 -9.235319231553347e-04 -1.007690100049122e+00
14 20 -1.000284288323184e+00 -1.894919018495435e-03 -9.239284082244582e-04 -1.007692378951281e+00
14 21 -1.000284013016204e+00 -1.894349557259195e-03 -9.242633750733806e-04 -1.007694464047825e+00
14 22 -1.000283767872880e+00 -1.893879285129397e-03 -9.245214417107789e-04 -1.007696273100480e+00
14 23 -1.000283562716434e+00 -1.893527277580070e-03 -9.246889663318416e-04 -1.007697734088411e+00
14 24 -1.000283405709677e+00 -1.893308172159330e-03 -9.247551577071245e-04 -1.007698788367486e+00
14 25 -1.000283302995359e+00 -1.893231426162039e-03 -9.247131833022632e-04 -1.007699393337078e+00
14 26 -1.000283258438042e+00 -1.893300781963648e-03 -9.245611168755557e-04 -1.007699524436589e+00
14 27 -1.000283273483026e+00 -1.893513991998597e-03 -9.243025736039544e-04 -1.007699176322843e+00
14 28 -1.000283347138633e+00 -1.893862838265465e-03 -9.239469146101854e-04 -1.007698363133433e+00
14 29 -1.000283476077761e+00 -1.894333457198387e-03 -9.235089587847614e-04 -1.007697117812583e+00
14 30 -1.000283654844728e+00 -1.894906954013919e-03 -9.230082075210487e-04 -1.007695490551832e+00
14 31 -1.000283876146018e+00 -1.895560265889015e-03 -9.224676543309502e-04 -1.007693546464396e+00
15 0 -1.000284074443317e+00 -1.896699078263010e-03 -9.196287863895347e-04 -1.007690896375068e+00
15 1 -1.000284354161860e+00 -1.897432384411334e-03 -9.190867988383444e-04 -1.007688553429115e+00
15 2 -1.000284647620560e+00 -1.898163671098767e-03 -9.185782326661784e-04 -1.007686143514225e+00
15 3 -1.000284943842901e+00 -1.898864494531809e-03 -9.181246513524230e-04 -1.007683759330087e+00
15 4 -1.000285231879220e+00 -1.899507969815651e-03 -9.177439854830254e-04 -1.007681491675991e+00
15 5 -1.000285501157715e+00 -1.900069787542317e-03 -9.174497968149854e-04 -1.007679426112683e+00
15 6 -1.000285741812507e+00 -1.900529081331028e-03 -9.172509327984837e-04 -1.007677639923812e+00
15 7 -1.000285944988618e+00 -1.900869123520074e-03 -9.171515538597285e-04 -1.007676199455211e+00
15 8 -1.000286103123316e+00 -1.901077836069683e-03 -9.171514798259030e-04 -1.007675157893767e+00
15 9 -1.000286210201490e+00 -1.901148113509964e-03 -9.172467739784189e-04 -1.007674553530286e+00
15 10 -1.000286261980118e+00 -1.901077964075603e-03 -9.174304649851772e-04 -1.007674408532961e+00
15 11 -1.000286256173768e+00 -1.900870482262794e-03 -9.176933010068529e-04 -1.007674728243921e+00
15 12 -1.000286192589950e+00 -1.900533669335803e-03 -9.180244382607502e-04 -1.007675501004353e+00
15 13 -1.000286073200991e+00 -1.900080118006024e-03 -9.184119872467632e-04 -1.007676698511697e+00
15 14 -1.000285902139136e+00 -1.899526575281527e-03 -9.188433707355410e-04 -1.007678276709690e+00
15 15 -1.000285685604202e+00 -1.898893394805357e-03 -9.193054852460975e-04 -1.007680177204599e+00
15 16 -1.000285431678065e+00 -1.898203887422159e-03 -9.197846983437406e-04 -1.007682329189384e+00
15 17 -1.000285150046514e+00 -1.897483576794460e-03 -9.202667517015326e-04 -1.007684651843264e+00
15 18 -1.000284851635717e+00 -1.896759366878513e-03 -9.207366664069544e-04 -1.007687057157159e+00
15 19 -1.000284548176983e+00 -1.896058631057943e-03 -9.211787553829352e-04 -1.007689453115376e+00
15 20 -1.000284251719018e+00 -1.895408238567108e-03 -9.215768352040144e-04 -1.007691747142263e+00
15 21 -1.000283974111034e+00 -1.894833541514853e-03 -9.219146977527545e-04 -1.007693849701784e+00
15 22 -1.000283726482950e+00 -1.894357354760461e-03 -9.221768555631409e-04 -1.007695677917885e+00
15 23 -1.000283518750416e+00 -1.893998970969735e-03 -9.223495197280005e-04 -1.007697159062676e+00
15 24 -1.000283359172620e+00 -1.893773263264607e-03 -9.224217148564618e-04 -1.007698233739383e+00
15 25 -1.000283253989259e+00 -1.893689935006300e-03 -9.223863928737261e-04 -1.007698858575330e+00
15 26 -1.000283207158923e+00 -1.893752976809767e-03 -9.222413867572919e-04 -1.007699008246327e+00
15 27 -1.000283220214478e+00 -1.893960382665711e-03 -9.219900523650884e-04 -1.007698676683673e+00
15 28 -1.000283292241871e+00 -1.894304160142621e-03 -9.216414808763748e-04 -1.007697877368011e+00
15 29 -1.000283419978514e+00 -1.894770646095393e-03 -9.212102200332800e-04 -1.007696642684061e+00
15 30 -1.000283598017465e+00 -1.895341112644978e-03 -9.207155093270373e-04 -1.007695022386161e+00
15 31 -1.000283819096010e+00 -1.895992623067220e-03 -9.201801002986791e-04 -1.007693081292676e+00
16 0 -1.000283954900598e+00 -1.897064098595532e-03 -9.175732328691606e-04 -1.007690602815094e+00
16 1 -1.000284234980165e+00 -1.897797239268965e-03 -9.170344060201354e-04 -1.007688257827508e+00
16 2 -1.000284529337041e+00 -1.898529770648235e-03 -9.165274960974143e-04 -1.007685841582517e+00
16 3 -1.000284826960619e+00 -1.899233202664480e-03 -9.160739901537258e-04 -1.007683447034105e+00
16 4 -1.000285116847112e+00 -1.899880548330821e-03 -9.156918084026838e-04 -1.007681165398331e+00
16 5 -1.000285388352576e+00 -1.900447344278429e-03 -9.153945696040802e-04 -1.007679082797265e+00
16 6 -1.000285631523917e+00 -1.900912524939929e-03 -9.151912434692977e-04 -1.007677277195456e+00
16 7 -1.000285837407558e+00 -1.901259127173591e-03 -9.150861726813448e-04 -1.007675815708785e+00
16 8 -1.000285998334856e+00 -1.901474811627150e-03 -9.150794109992600e-04 -1.007674752350071e+00
16 9 -1.000286108181739e+00 -1.901552197054096e-03 -9.151672960043949e-04 -1.007674126257804e+00
16 10 -1.000286162597586e+00 -1.901489013328731e-03 -9.153431573932357e-04 -1.007673960435458e+00
16 11 -1.000286159195175e+00 -1.901288085805830e-03 -9.155980565641864e-04 -1.007674261015040e+00
16 12 -1.000286097690161e+00 -1.900957166628651e-03 -9.159214613421361e-04 -1.007675017052558e+00
16 13 -1.000285979976402e+00 -1.900508628473780e-03 -9.163017797666467e-04 -1.007676200860854e+00
16 14 -1.000285810123751e+00 -1.899959034643492e-03 -9.167267069044591e-04 -1.007677768880650e+00
16 15 -1.000285594287757e+00 -1.899328597055417e-03 -9.171833763989269e-04 -1.007679663082313e+00
16 16 -1.000285340525549e+00 -1.898640530799491e-03 -9.176583498539738e-04 -1.007681812880025e+00
16 17 -1.000285058518296e+00 -1.897920311792725e-03 -9.181375148669944e-04 -1.007684137526574e+00
16 18 -1.000284759207465e+00 -1.897194844498108e-03 -9.186059879977632e-04 -1.007686548938906e+00
16 19 -1.000284454358752e+00 -1.896491550237809e-03 -9.190481262857485e-04 -1.007688954882934e+00
16 20 -1.000284156073123e+00 -1.895837392242715e-03 -9.194477386228030e-04 -1.007691262425109e+00
16 21 -1.000283876268324e+00 -1.895257860384312e-03 -9.197885577326037e-04 -1.007693381539910e+00
16 22 -1.000283626156852e+00 -1.894775947070643e-03 -9.200549875496233e-04 -1.007695228743567e+00
16 23 -1.000283415748053e+00 -1.894411156443436e-03 -9.202330850686786e-04 -1.007696730601849e+00
16 24 -1.000283253402475e+00 -1.894178599842919e-03 -9.203116803036945e-04 -1.007697826937507e+00
16 25 -1.000283145465069e+00 -1.894088237600512e-03 -9.202834953873775e-04 -1.007698473551094e+00
16 26 -1.000283095999694e+00 -1.894144327222883e-03 -9.201461042122462e-04 -1.007698644276146e+00
16 27 -1.000283106640523e+00 -1.894345129686289e-03 -9.199025817096885e-04 -1.007698332219727e+00
16 28 -1.000283176566942e+00 -1.894682909166054e-03 -9.195617256698361e-04 -1.007697550090896e+00
16 29 -1.000283302598247e+00 -1.895144238380516e-03 -9.191377886813149e-04 -1.007696329588581e+00
16 30 -1.000283479394513e+00 -1.895710594881312e-03 -9.186497244395080e-04 -1.007694719896890e+00
16 31 -1.000283699742380e+00 -1.896359208166483e-03 -9.181200192012481e-04 -1.007692785404839e+00
17 0 -1.000283777130255e+00 -1.897348747113187e-03 -9.158249532666311e-04 -1.007690491162531e+00
17 1 -1.000284057122834e+00 -1.898080734658851e-03 -9.152895387616203e-04 -1.007688147319391e+00
17 2 -1.000284351968822e+00 -1.898813570695467e-03 -9.147844890236325e-04 -1.007685727685211e+00
17 3 -1.000284650639036e+00 -1.899518753727068e-03 -9.143312075357953e-04 -1.007683325359629e+00
17 4 -1.000284942089530e+00 -1.900169227334978e-03 -9.139475982133720e-04 -1.007681031877164e+00
17 5 -1.000285215616204e+00 -1.900740403635058e-03 -9.136473326279742e-04 -1.007678933835943e+00
17 6 -1.000285461188169e+00 -1.901211042788736e-03 -9.134395010686781e-04 -1.007677109812922e+00
17 7 -1.000285669759293e+00 -1.901563964973633e-03 -9.133286297000550e-04 -1.007675627647220e+00
17 8 -1.000285833557054e+00 -1.901786580912320e-03 -9.133150100663588e-04 -1.007674542156557e+00
17 9 -1.000285946346264e+00 -1.901871237009607e-03 -9.133952599383449e-04 -1.007673893333272e+00
17 10 -1.000286003662538e+00 -1.901815380192245e-03 -9.135630177487750e-04 -1.007673705048962e+00
17 11 -1.000286003006878e+00 -1.901621553965595e-03 -9.138096679868238e-04 -1.007673984284513e+00
17 12 -1.000285943989439e+00 -1.901297240441817e-03 -9.141250022875100e-04 -1.007674720895492e+00
17 13 -1.000285828408766e+00 -1.900854563758166e-03 -9.144977401303053e-04 -1.007675887918094e+00
17 14 -1.000285660253209e+00 -1.900309868982114e-03 -9.149158631760860e-04 -1.007677442415614e+00
17 15 -1.000285445613820e+00 -1.899683187706477e-03 -9.153667559311504e-04 -1.007679326858766e+00
17 16 -1.000285192502648e+00 -1.898997598287629e-03 -9.158371871041011e-04 -1.007681471023665e+00
17 17 -1.000284910576637e+00 -1.898278487087791e-03 -9.163132026529116e-04 -1.007683794376257e+00
17 18 -1.000284610774485e+00 -1.897552718347224e-03 -9.167800256755264e-04 -1.007686208891576e+00
17 19 -1.000284304880629e+00 -1.896847723843706e-03 -9.172220656882801e-04 -1.007688622234783e+00
17 20 -1.000284005035753e+00 -1.896190528253087e-03 -9.176231288159624e-04 -1.007690941212408e+00
17 21 -1.000283723216987e+00 -1.895606732423459e-03 -9.179668905850663e-04 -1.007693075385231e+00
17 22 -1.000283470713694e+00 -1.895119485767564e-03 -9.182376462559169e-04 -1.007694940714079e+00
17 23 -1.000283257626646e+00 -1.894748490296026e-03 -9.184212967559175e-04 -1.007696463085588e+00
17 24 -1.000283092418916e+00 -1.894509089611600e-03 -9.185064729632892e-04 -1.007697581542846e+00
17 25 -1.000282981545189e+00 -1.894411502811062e-03 -9.184856597149446e-04 -1.007698251034759e+00
17 26 -1.000282929182037e+00 -1.894460263225715e-03 -9.183561619870499e-04 -1.007698444504797e+00
17 27 -1.000282937074986e+00 -1.894653914118672e-03 -9.181207627449375e-04 -1.007698154168103e+00
17 28 -1.000283004509150e+00 -1.894984997391506e-03 -9.177879547363486e-04 -1.007697391876986e+00
17 29 -1.000283128399863e+00 -1.895440347962128e-03 -9.173716830424057e-04 -1.007696188544701e+00
17 30 -1.000283303489791e+00 -1.896001679347059e-03 -9.168906025179079e-04 -1.007694592674488e+00
17 31 -1.000283522631458e+00 -1.896646420714947e-03 -9.163669211106133e-04 -1.007692668109046e+00
18 0 -1.000283547784684e+00 -1.897542547276250e-03 -9.144506163278128e-04 -1.007690564414599e+00
18 1 -1.000283827249664e+00 -1.898272447066160e-03 -9.139187163723177e-04 -1.007688224832431e+00
18 2 -1.000284122161534e+00 -1.899004646456862e-03 -9.134156361866752e-04 -1.007685804849239e+00
18 3 -1.000284421488551e+00 -1.899710667416225e-03 -9.129626922764157e-04 -1.007683397597364e+00
18 4 -1.000284714161984e+00 -1.900363418989706e-03 -9.125777679926638e-04 -1.007681094820372e+00
18 5 -1.000284989431722e+00 -1.900938222503008e-03 -9.122745831065128e-04 -1.007678983490197e+00
18 6 -1.000285237201164e+00 -1.901413694830229e-03 -9.120623437687985e-04 -1.007677142706139e+00
18 7 -1.000285448340858e+00 -1.901772466018254e-03 -9.119457547092782e-04 -1.007675640958047e+00
18 8 -1.000285614980261e+00 -1.902001717595888e-03 -9.119253401718029e-04 -1.007674533817704e+00
18 9 -1.000285730775250e+00 -1.902093537493676e-03 -9.119979935051023e-04 -1.007673862104812e+00
18 10 -1.000285791145938e+00 -1.902045095771962e-03 -9.121576588157237e-04 -1.007673650559103e+00
18 11 -1.000285793475710e+00 -1.901858651619194e-03 -9.123960428474207e-04 -1.007673907038444e+00
18 12 -1.000285737259419e+00 -1.901541405990830e-03 -9.127032621490191e-04 -1.007674622253761e+00
18 13 -1.000285624187101e+00 -1.901105215422522e-03 -9.130683499002238e-04 -1.007675770045101e+00
18 14 -1.000285458149826e+00 -1.900566180869242e-03 -9.134795774991967e-04 -1.007677308199109e+00
18 15 -1.000285245156575e+00 -1.899944121995048e-03 -9.139245848082294e-04 -1.007679179803472e+00
18 16 -1.000284993155697e+00 -1.899261944364749e-03 -9.143903537451776e-04 -1.007681315123803e+00
18 17 -1.000284711761141e+00 -1.898544906191046e-03 -9.148630954960653e-04 -1.007683633971128e+00
18 18 -1.000284411890971e+00 -1.897819792718349e-03 -9.153281458259578e-04 -1.007686048507198e+00
18 19 -1.000284105332289e+00 -1.897114009168354e-03 -9.157699713525904e-04 -1.007688466415461e+00
18 20 -1.000283804251712e+00 -1.896454607461227e-03 -9.161723790979434e-04 -1.007690794348395e+00
18 21 -1.000283520674470e+00 -1.895867268691431e-03 -9.165189909581163e-04 -1.007692941543632e+00
18 22 -1.000283265958192e+00 -1.895375273001970e-03 -9.167939969055653e-04 -1.007694823479176e+00
18 23 -1.000283050289397e+00 -1.894998499687442e-03 -9.169831440703963e-04 -1.007696365414151e+00
18 24 -1.000282882231079e+00 -1.894752510498892e-03 -9.170748648173542e-04 -1.007697505640968e+00
18 25 -1.000282768348088e+00 -1.894647775684070e-03 -9.170614062546382e-04 -1.007698198263562e+00
18 26 -1.000282712933014e+00 -1.894689103015586e-03 -9.169398039527154e-04 -1.007698415320852e+00
18 27 -1.000282717848687e+00 -1.894875322794055e-03 -9.167125486240188e-04 -1.007698148101422e+00
18 28 -1.000282782494297e+00 -1.895199265462627e-03 -9.163878273016682e-04 -1.007697407547333e+00
18 29 -1.000282903891698e+00 -1.895648044588256e-03 -9.159792760104657e-04 -1.007696223716071e+00
18 30 -1.000283076878495e+00 -1.896203630975969e-03 -9.155052486488092e-04 -1.007694644346117e+00
18 31 -1.000283294387066e+00 -1.896843678941598e-03 -9.149876729150930e-04 -1.007692732638573e+00
19 0 -1.000283275380530e+00 -1.897638405086088e-03 -9.135017667022799e-04 -1.007690819468070e+00
19 1 -1.000283553898852e+00 -1.898365364990890e-03 -9.129733452774434e-04 -1.007688487094027e+00
19 2 -1.000283848452743e+00 -1.899096015016630e-03 -9.124722587396060e-04 -1.007686069804190e+00
19 3 -1.000284148024084e+00 -1.899801934547558e-03 -9.120197370521462e-04 -1.007683660649182e+00
19 4 -1.000284441535688e+00 -1.900456034152964e-03 -9.116336407825659e-04 -1.007681351464208e+00
19 5 -1.000284718207113e+00 -1.901033581151170e-03 -9.113277327478446e-04 -1.007679229479586e+00
19 6 -1.000284967890270e+00 -1.901513085024090e-03 -9.111113265339829e-04 -1.007677374208981e+00
19 7 -1.000285181384554e+00 -1.901877019140393e-03 -9.109892939064429e-04 -1.007675854697162e+00
19 8 -1.000285350731003e+00 -1.902112365309490e-03 -9.109623782030828e-04 -1.007674727190538e+00
19 9 -1.000285469482979e+00 -1.902210976751029e-03 -9.110277342460157e-04 -1.007674033277919e+00
19 10 -1.000285532947668e+00 -1.902169762990196e-03 -9.111795985172769e-04 -1.007673798534953e+00
19 11 -1.000285538389251e+00 -1.901990706739112e-03 -9.114099879894131e-04 -1.007674031692958e+00
19 12 -1.000285485181754e+00 -1.901680727058325e-03 -9.117093333346390e-04 -1.007674724342687e+00
19 13 -1.000285374897749e+00 -1.901251403984985e-03 -9.120669721929115e-04 -1.007675851178071e+00
19 14 -1.000285211319093e+00 -1.900718577688306e-03 -9.124714589114111e-04 -1.007677370782428e+00
19 15 -1.000285000358218e+00 -1.900101832001512e-03 -9.129106850301559e-04 -1.007679226954427e+00
19 16 -1.000284749883461e+00 -1.899423869905551e-03 -9.133718446544366e-04 -1.007681350558976e+00
19 17 -1.000284469448670e+00 -1.898709787893990e-03 -9.138413146126280e-04 -1.007683661870590e+00
19 18 -1.000284169934393e+00 -1.897986256902146e-03 -9.143045444752348e-04 -1.007686073357931e+00
19 19 -1.000283863114388e+00 -1.897280619838041e-03 -9.147460602253120e-04 -1.007688492840215e+00
19 20 -1.000283561166440e+00 -1.896619920544882e-03 -9.151496738322721e-04 -1.007690826927627e+00
19 21 -1.000283276150716e+00 -1.896029886626195e-03 -9.154989591607414e-04 -1.007692984637220e+00
19 22 -1.000283019481972e+00 -1.895533898229852e-03 -9.157780070169396e-04 -1.007694881053680e+00
19 23 -1.000282801423688e+00 -1.895151985317327e-03 -9.159724167773289e-04 -1.007696440882292e+00
19 24 -1.000282630632495e+00 -1.894899905770120e-03 -9.160704287407061e-04 -1.007697601721435e+00
19 25 -1.000282513779686e+00 -1.894788363881180e-03 -9.160640599383186e-04 -1.007698316868802e+00
19 26 -1.000282455272784e+00 -1.894822430204598e-03 -9.159500853926354e-04 -1.007698557478216e+00
19 27 -1.000282457093490e+00 -1.895001216374375e-03 -9.157307128242305e-04 -1.007698313911057e+00
19 28 -1.000282518759199e+00 -1.895317841662200e-03 -9.154138326000374e-04 -1.007697596179145e+00
19 29 -1.000282637404803e+00 -1.895759704210180e-03 -9.150127806741169e-04 -1.007696433446472e+00
19 30 -1.000282807971646e+00 -1.896309043433803e-03 -9.145456192629333e-04 -1.007694872632307e+00
19 31 -1.000283023482898e+00 -1.896943755531303e-03 -9.140340050449902e-04 -1.007692976225394e+00
20 0 -1.000282970016110e+00 -1.897632827423870e-03 -9.130130352714103e-04 -1.007691247284011e+00
20 1 -1.000283247203466e+00 -1.898356103913951e-03 -9.124879343169051e-04 -1.007688924803083e+00
20 2 -1.000283540988349e+00 -1.899084348672439e-03 -9.119887942058810e-04 -1.007686513155033e+00
20 3 -1.000283840382094e+00 -1.899789230488384e-03 -9.115367625678394e-04 -1.007684105196284e+00
20 4 -1.000284134315689e+00 -1.900443697528113e-03 -9.111496763065682e-04 -1.007681792732363e+00
20 5 -1.000284411995005e+00 -1.901023001778809e-03 -9.108413345675262e-04 -1.007679663127357e+00
20 6 -1.000284663236504e+00 -1.901505585109576e-03 -9.106211457698029e-04 -1.007677796186421e+00
20 7 -1.000284878783296e+00 -1.901873803560136e-03 -9.104941311719099e-04 -1.007676261392596e+00
20 8 -1.000285050600960e+00 -1.902114476251614e-03 -9.104612322869541e-04 -1.007675115561925e+00
20 9 -1.000285172150518e+00 -1.902219254178811e-03 -9.105198425927835e-04 -1.007674400965499e+00
20 10 -1.000285238632898e+00 -1.902184812298040e-03 -9.106644672528562e-04 -1.007674143951915e+00
20 11 -1.000285247195971e+00 -1.902012875089695e-03 -9.108874097871769e-04 -1.007674354089777e+00
20 12 -1.000285197092089e+00 -1.901710089673850e-03 -9.111793926092598e-04 -1.007675023840928e+00
20 13 -1.000285089771892e+00 -1.901287760903934e-03 -9.115300383126876e-04 -1.007676128771695e+00
20 14 -1.000284928900087e+00 -1.900761460774143e-03 -9.119281685902336e-04 -1.007677628306989e+00
20 15 -1.000284720281578e+00 -1.900150521867348e-03 -9.123619148529438e-04 -1.007679467024901e+00
20 16 -1.000284471691461e+00 -1.899477422559538e-03 -9.128186746715733e-04 -1.007681576476478e+00
20 17 -1.000284192608853e+00 -1.898767070539459e-03 -9.132849846706237e-04 -1.007683877499486e+00
20 18 -1.000283893861423e+00 -1.898045991422320e-03 -9.137464058402856e-04 -1.007686282977938e+00
20 19 -1.000283587193960e+00 -1.897341431873988e-03 -9.141875250553965e-04 -1.007688700980411e+00
20 20 -1.000283284780036e+00 -1.896680392200969e-03 -9.145921640978835e-04 -1.007691038189264e+00
20 21 -1.000282998700210e+00 -1.896088611156158e-03 -9.149438558193553e-04 -1.007693203511589e+00
20 22 -1.000282740413137e+00 -1.895589534864950e-03 -9.152266004742898e-04 -1.007695111742001e+00
20 23 -1.000282520247640e+00 -1.895203311894827e-03 -9.154258603958168e-04 -1.007696687125945e+00
20 24 -1.000282346944144e+00 -1.894945866747326e-03 -9.155296972287136e-04 -1.007697866650761e+00
20 25 -1.000282227272582e+00 -1.894828111805182e-03 -9.155299136998043e-04 -1.007698602877034e+00
20 26 -1.000282165749936e+00 -1.894855359126501e-03 -9.154230413514864e-04 -1.007698866125764e+00
20 27 -1.000282164473860e+00 -1.895026985715804e-03 -9.152110226114939e-04 -1.007698645864945e+00
20 28 -1.000282223079660e+00 -1.895336389156608e-03 -9.149014697193861e-04 -1.007697951191268e+00
20 29 -1.000282338817622e+00 -1.895771247265584e-03 -9.145074382120637e-04 -1.007696810371254e+00
20 30 -1.000282506737813e+00 -1.896314069273921e-03 -9.140467187069136e-04 -1.007695269480937e+00
20 31 -1.000282719961751e+00 -1.896943001051707e-03 -9.135407157491723e-04 -1.007693390252138e+00
21 0 -1.000282643039960e+00 -1.897526028337267e-03 -9.130010832683819e-04 -1.007691833117076e+00
21 1 -1.000282918559120e+00 -1.898245009247858e-03 -9.124790416802714e-04 -1.007689522866313e+00
21 2 -1.000283211190098e+00 -1.898970076282998e-03 -9.119817457436327e-04 -1.007687119619623e+00
21 3 -1.000283509988476e+00 -1.899673016556229e-03 -9.115302677524500e-04 -1.007684715932978e+00
21 4 -1.000283803909731e+00 -1.900326850734055e-03 -9.111424201370635e-04 -1.007682403461447e+00
21 5 -1.000284082163268e+00 -1.900906854946125e-03 -9.108320295092270e-04 -1.007680269572699e+00
21 6 -1.000284334547632e+00 -1.901391446017964e-03 -9.106085828706821e-04 -1.007678394228569e+00
21 7 -1.000284551766724e+00 -1.901762906579423e-03 -9.104772284636708e-04 -1.007676847216486e+00
21 8 -1.000284725726360e+00 -1.902007936149297e-03 -9.104390783716612e-04 -1.007675685795932e+00
21 9 -1.000284849808668e+00 -1.902118023446043e-03 -9.104917331806697e-04 -1.007674952808580e+00
21 10 -1.000284919118951e+00 -1.902089643707968e-03 -9.106299327239212e-04 -1.007674675284067e+00
21 11 -1.000284930696189e+00 -1.901924291382143e-03 -9.108462326645301e-04 -1.007674863559965e+00
21 12 -1.000284883674901e+00 -1.901628361859940e-03 -9.111316146905323e-04 -1.007675510927573e+00
21 13 -1.000284779383779e+00 -1.901212896085908e-03 -9.114759575489235e-04 -1.007676593812624e+00
21 14 -1.000284621366633e+00 -1.900693200111924e-03 -9.118683257371798e-04 -1.007678072496588e+00
21 15 -1.000284415313890e+00 -1.900088349220692e-03 -9.122970701993328e-04 -1.007679892376576e+00
21 16 -1.000284168897873e+00 -1.899420583818313e-03 -9.127497761344801e-04 -1.007681985750136e+00
21 17 -1.000283891511296e+00 -1.898714602748558e-03 -9.132131295220548e-04 -1.007684274096711e+00
21 18 -1.000283593915450e+00 -1.897996760198411e-03 -9.136727983158951e-04 -1.007686670809813e+00
21 19 -1.000283287811352e+00 -1.897294175613827e-03 -9.141134312348422e-04 -1.007689084313383e+00
21 20 -1.000282985352963e+00 -1.896633771638048e-03 -9.145188649360678e-04 -1.007691421474646e+00
21 21 -1.000282698625870e+00 -1.896041262376035e-03 -9.148725997185366e-04 -1.007693591205711e+00
21 22 -1.000282439117708e+00 -1.895540123285366e-03 -9.151585575118110e-04 -1.007695508125772e+00
21 23 -1.000282217208429e+00 -1.895150584698010e-03 -9.153620800925450e-04 -1.007697096132565e+00
21 24 -1.000282041709133e+00 -1.894888701802987e-03 -9.154710707061092e-04 -1.007698291708677e+00
21 25 -1.000281919476805e+00 -1.894765561471140e-03 -9.154771405410621e-04 -1.007699046774008e+00
21 26 -1.000281855128260e+00 -1.894786687112686e-03 -9.153766021197240e-04 -1.007699330900099e+00
21 27 -1.000281850869751e+00 -1.894951695067100e-03 -9.151711588616501e-04 -1.007699132729635e+00
21 28 -1.000281906449700e+00 -1.895254240003773e-03 -9.148681731901366e-04 -1.007698460494505e+00
21 29 -1.000282019231814e+00 -1.895682264022015e-03 -9.144804497336872e-04 -1.007697341593344e+00
21 30 -1.000282184375890e+00 -1.896218537626363e-03 -9.140255364115866e-04 -1.007695821265460e+00
21 31 -1.000282395105811e+00 -1.896841455226258e-03 -9.135246121654115e-04 -1.007693960468403e+00
22 0 -1.000282306674766e+00 -1.897321923257889e-03 -9.134642807594099e-04 -1.007692556818213e+00
22 1 -1.000282580246824e+00 -1.898036147118864e-03 -9.129449542399757e-04 -1.007690260708839e+00
22 2 -1.000282871377913e+00 -1.898757372292184e-03 -9.124493606134381e-04 -1.007687868342076e+00
22 3 -1.000283169181061e+00 -1.899457528997700e-03 -9.119985053502132e-04 -1.007685471877703e+00
22 4 -1.000283462651774e+00 -1.900109742946540e-03 -9.116101752524055e-04 -1.007683162704211e+00
22 5 -1.000283741020354e+00 -1.900689353479367e-03 -9.112982139035010e-04 -1.007681028060764e+00
22 6 -1.000283994085866e+00 -1.901174796385429e-03 -9.110721677472354e-04 -1.007679147923288e+00
22 7 -1.000284212531604e+00 -1.901548327837927e-03 -9.109372848495026e-04 -1.007677592237242e+00
22 8 -1.000284388221479e+00 -1.901796575413188e-03 -9.108948135110379e-04 -1.007676418562593e+00
22 9 -1.000284514475127e+00 -1.901910911712360e-03 -9.109425214886566e-04 -1.007675670178407e+00
22 10 -1.000284586316547e+00 -1.901887654821512e-03 -9.110753402883635e-04 -1.007675374677394e+00
22 11 -1.000284600687405e+00 -1.901728106100163e-03 -9.112860344721156e-04 -1.007675543068588e+00
22 12 -1.000284556612561e+00 -1.901438438764941e-03 -9.115658037314232e-04 -1.007676169400379e+00
22 13 -1.000284455303196e+00 -1.901029450920613e-03 -9.119047450030710e-04 -1.007677230913262e+00
22 14 -1.000284300183018e+00 -1.900516194993320e-03 -9.122921319042048e-04 -1.007678688728125e+00
22 15 -1.000284096825462e+00 -1.899917492698918e-03 -9.127165067437202e-04 -1.007680489069724e+00
22 16 -1.000283852794463e+00 -1.899255341790396e-03 -9.131656210728107e-04 -1.007682565015024e+00
22 17 -1.000283577387765e+00 -1.898554219412752e-03 -9.136262965415650e-04 -1.007684838741121e+00
22 18 -1.000283281289062e+00 -1.897840288025798e-03 -9.140843015372142e-04 -1.007687224227706e+00
22 19 -1.000282976142299e+00 -1.897140513343810e-03 -9.145243462553102e-04 -1.007689630347684e+00
22 20 -1.000282674067078e+00 -1.896481708888066e-03 -9.149302874978371e-04 -1.007691964259700e+00
22 21 -1.000282387138311e+00 -1.895889528675213e-03 -9.152856040836211e-04 -1.007694134997266e+00
22 22 -1.000282126856335e+00 -1.895387438973730e-03 -9.155741565506543e-04 -1.007696057127466e+00
22 23 -1.000281903635843e+00 -1.894995711488047e-03 -9.157811881438785e-04 -1.007697654326827e+00
22 24 -1.000281726342679e+00 -1.894730491251337e-03 -9.158944695897958e-04 -1.007698862698562e+00
22 25 -1.000281601905968e+00 -1.894602999545560e-03 -9.159054495464307e-04 -1.007699633642386e+00
22 26 -1.000281535028893e+00 -1.894618932788386e-03 -9.158102536853490e-04 -1.007699936092764e+00
22 27 -1.000281528014731e+00 -1.894778111178721e-03 -9.156103816816176e-04 -1.007699757967448e+00
22 28 -1.000281580715848e+00 -1.895074415418214e-03 -9.153129834240769e-04 -1.007699106716909e+00
22 29 -1.000281690603103e+00 -1.895496026865841e-03 -9.149306500319754e-04 -1.007698008933545e+00
22 30 -1.000281852943015e+00 -1.896025959450211e-03 -9.144807225123376e-04 -1.007696509056772e+00
22 31 -1.000282061062246e+00 -1.896642846085284e-03 -9.139841873424389e-04 -1.007694667280374e+00
23 0 -1.000281973601454e+00 -1.897028010150427e-03 -9.143830849548635e-04 -1.007693393241398e+00
23 1 -1.000282245015650e+00 -1.897737181898137e-03 -9.138660640169510e-04 -1.007691112690679e+00
23 2 -1.000282534351782e+00 -1.898454032177213e-03 -9.133720027832091e-04 -1.007688733314199e+00
23 3 -1.000282830791572e+00 -1.899150654071635e-03 -9.129218494568632e-04 -1.007686346793662e+00
23 4 -1.000283123384895e+00 -1.899800307354539e-03 -9.125333643063274e-04 -1.007684044143277e+00
23 5 -1.000283401399793e+00 -1.900378431829808e-03 -9.122203964363605e-04 -1.007681912344368e+00
23 6 -1.000283654654432e+00 -1.900863526117358e-03 -9.119925297776402e-04 -1.007680031241941e+00
23 7 -1.000283873830960e+00 -1.901237868347855e-03 -9.118550802491334e-04 -1.007678470785831e+00
23 8 -1.000284050770957e+00 -1.901488064898358e-03 -9.118093918158369e-04 -1.007677288681096e+00
23 9 -1.000284178750485e+00 -1.901605423079039e-03 -9.118533527149551e-04 -1.007676528493547e+00
23 10 -1.000284252729668e+00 -1.901586152433747e-03 -9.119820361645708e-04 -1.007676218239419e+00
23 11 -1.000284269567964e+00 -1.901431405419325e-03 -9.121883648939900e-04 -1.007676369476763e+00
23 12 -1.000284228192746e+00 -1.901147171050107e-03 -9.124637069953277e-04 -1.007676976910410e+00
23 13 -1.000284129706611e+00 -1.900744035121455e-03 -9.127983309225511e-04 -1.007678018519595e+00
23 14 -1.000283977418683e+00 -1.900236818637927e-03 -9.131816778581689e-04 -1.007679456214888e+00
23 15 -1.000283776787340e+00 -1.899644102918211e-03 -9.136024472471559e-04 -1.007681237026403e+00
23 16 -1.000283535266392e+00 -1.898987646872637e-03 -9.140485313450503e-04 -1.007683294815981e+00
23 17 -1.000283262053343e+00 -1.898291700727625e-03 -9.145068703166934e-04 -1.007685552490252e+00
23 18 -1.000282967745868e+00 -1.897582221759653e-03 -9.149633236703088e-04 -1.007687924670901e+00
23 19 -1.000282663919685e+00 -1.896886001004323e-03 -9.154026614612245e-04 -1.007690320757139e+00
23 20 -1.000282362646481e+00 -1.896229714963865e-03 -9.158087670780788e-04 -1.007692648296017e+00
23 21 -1.000282075974895e+00 -1.895638923466800e-03 -9.161651122406367e-04 -1.007694816556662e+00
23 22 -1.000281815400856e+00 -1.895137044586052e-03 -9.164555172340991e-04 -1.007696740181553e+00
23 23 -1.000281591355855e+00 -1.894744349039872e-03 -9.166651531516810e-04 -1.007698342762094e+00
23 24 -1.000281412742349e+00 -1.894477027262201e-03 -9.167816891104744e-04 -1.007699560162650e+00
23 25 -1.000281286543815e+00 -1.894346389389769e-03 -9.167964468123558e-04 -1.007700343404154e+00
23 26 -1.000281217532896e+00 -1.894358259415897e-03 -9.167054051517443e-04 -1.007700660921908e+00
23 27 -1.000281208094501e+00 -1.894512617932426e-03 -9.165099032774196e-04 -1.007700500037230e+00
23 28 -1.000281258171780e+00 -1.894803532244610e-03 -9.162169228093086e-04 -1.007699867531852e+00
23 29 -1.000281365332462e+00 -1.895219389284111e-03 -9.158388849547641e-04 -1.007698789283424e+00
23 30 -1.000281524942868e+00 -1.895743419668899e-03 -9.153929657755265e-04 -1.007697308997872e+00
23 31 -1.000281730429178e+00 -1.896354476063099e-03 -9.148999986778000e-04 -1.007695486143557e+00
24 0 -1.000281656510499e+00 -1.896655136271400e-03 -9.157210559754031e-04 -1.007694312798052e+00
24 1 -1.000281925632360e+00 -1.897359139072460e-03 -9.152058798344979e-04 -1.007692048673072e+00
24 2 -1.000282212940457e+00 -1.898071232757387e-03 -9.147131595633587e-04 -1.007689683948807e+00
24 3 -1.000282507694203e+00 -1.898763687342291e-03 -9.142637969074249e-04 -1.007687309763373e+00
24 4 -1.000282799010402e+00 -1.899409921082375e-03 -9.138755252292655e-04 -1.007685016661317e+00
24 5 -1.000283076210439e+00 -1.899985508207842e-03 -9.135621866535984e-04 -1.007682891244829e+00
24 6 -1.000283329149599e+00 -1.900469052226470e-03 -9.133333777655621e-04 -1.007681013086308e+00
24 7 -1.000283548528624e+00 -1.900842901405365e-03 -9.131944463286862e-04 -1.007679451984335e+00
24 8 -1.000283726187444e+00 -1.901093692969710e-03 -9.131467870485344e-04 -1.007678265626408e+00
24 9 -1.000283855379236e+00 -1.901212722516219e-03 -9.131883573344228e-04 -1.007677497702454e+00
24 10 -1.000283931020023e+00 -1.901196143880650e-03 -9.133143166579351e-04 -1.007677176496345e+00
24 11 -1.000283949905173e+00 -1.901045010630699e-03 -9.135176884180926e-04 -1.007677313971752e+00
24 12 -1.000283910880490e+00 -1.900765172919539e-03 -9.137899520870225e-04 -1.007677905363636e+00
24 13 -1.000283814953202e+00 -1.900367043190513e-03 -9.141214941053237e-04 -1.007678929284887e+00
24 14 -1.000283665327780e+00 -1.899865242043099e-03 -9.145018760278958e-04 -1.007680348355792e+00
24 15 -1.000283467353698e+00 -1.899278132337947e-03 -9.149199154061609e-04 -1.007682110359971e+00
24 16 -1.000283228376828e+00 -1.898627246563653e-03 -9.153636149696865e-04 -1.007684149921401e+00
24 17 -1.000282957492792e+00 -1.897936611076027e-03 -9.158200121189435e-04 -1.007686390681847e+00
24 18 -1.000282665208028e+00 -1.897231971933575e-03 -9.162750455773116e-04 -1.007688747937680e+00
24 19 -1.000282363021359e+00 -1.896539930565789e-03 -9.167135433077175e-04 -1.007691131673400e+00
24 20 -1.000282062944608e+00 -1.895887002969744e-03 -9.171194232060120e-04 -1.007693449908689e+00
24 21 -1.000281776985278e+00 -1.895298623572068e-03 -9.174761665396321e-04 -1.007695612255318e+00
24 22 -1.000281516617719e+00 -1.894798124563567e-03 -9.177675771838582e-04 -1.007697533557243e+00
24 23 -1.000281292271446e+00 -1.894405732786763e-03 -9.179787842386137e-04 -1.007699137461747e+00
24 24 -1.000281112865767e+00 -1.894137637112738e-03 -9.180973915586419e-04 -1.007700359746208e+00
24 25 -1.000280985418379e+00 -1.894005186803263e-03 -9.181146360737570e-04 -1.007701151210765e+00
24 26 -1.000280914751604e+00 -1.894014282738927e-03 -9.180263965192578e-04 -1.007701479949590e+00
24 27 -1.000280903313395e+00 -1.894165016400673e-03 -9.178339004824381e-04 -1.007701332838741e+00
24 28 -1.000280951121108e+00 -1.894451595399418e-03 -9.175440109075400e-04 -1.007700716128910e+00
24 29 -1.000281055825460e+00 -1.894862570850183e-03 -9.171690283219306e-04 -1.007699655101447e+00
24 30 -1.000281212881936e+00 -1.895381355144900e-03 -9.167260116869263e-04 -1.007698192822855e+00
24 31 -1.000281415809249e+00 -1.895986993819047e-03 -9.162356858929717e-04 -1.007696388101302e+00
25 0 -1.000281367631356e+00 -1.896217150326431e-03 -9.174264303329617e-04 -1.007695282203034e+00
25 1 -1.000281634408962e+00 -1.896916053024216e-03 -9.169125966128752e-04 -1.007693034778496e+00
25 2 -1.000281919527814e+00 -1.897623176725718e-03 -9.164210064947080e-04 -1.007690685849061e+00
25 3 -1.000282212331334e+00 -1.898310976245361e-03 -9.159725271101765e-04 -1.007688325962597e+00
25 4 -1.000282502013475e+00 -1.898953047244290e-03 -9.155848643912426e-04 -1.007686045114826e+00
25 5 -1.000282777962738e+00 -1.899525127727016e-03 -9.152718396476534e-04 -1.007683929420472e+00
25 6 -1.000283030088395e+00 -1.900005964641729e-03 -9.150430353785508e-04 -1.007682058046438e+00
25 7 -1.000283249129102e+00 -1.900378022362727e-03 -9.149037932111359e-04 -1.007680500488518e+00
25 8 -1.000283426944021e+00 -1.900628020213274e-03 -9.148555114434802e-04 -1.007679314253261e+00
25 9 -1.000283556785022e+00 -1.900747296419766e-03 -9.148961621800666e-04 -1.007678542986311e+00
25 10 -1.000283633545503e+00 -1.900732004466469e-03 -9.150209312165170e-04 -1.007678215071988e+00
25 11 -1.000283653977439e+00 -1.900583153331276e-03 -9.152228798872156e-04 -1.007678342719287e+00
25 12 -1.000283616864261e+00 -1.900306505363619e-03 -9.154935370115305e-04 -1.007678921545576e+00
25 13 -1.000283523134700e+00 -1.899912345315652e-03 -9.158233491274088e-04 -1.007679930667851e+00
25 14 -1.000283375902364e+00 -1.899415131879353e-03 -9.162019467708059e-04 -1.007681333309619e+00
25 15 -1.000283180417975e+00 -1.898833039614181e-03 -9.166182219517884e-04 -1.007683077927956e+00
25 16 -1.000282943925715e+00 -1.898187395663280e-03 -9.170602529791671e-04 -1.007685099857430e+00
25 17 -1.000282675421538e+00 -1.897502013957992e-03 -9.175151496841142e-04 -1.007687323453168e+00
25 18 -1.000282385318747e+00 -1.896802430800903e-03 -9.179689164509023e-04 -1.007689664694890e+00
25 19 -1.000282085033287e+00 -1.896115049537458e-03 -9.184064369369858e-04 -1.007692034191235e+00
25 20 -1.000281786507236e+00 -1.895466207719966e-03 -9.188116716370860e-04 -1.007694340502291e+00
25 21 -1.000281501693560e+00 -1.894881187644124e-03 -9.191681285453280e-04 -1.007696493677294e+00
25 22 -1.000281242028611e+00 -1.894383200781958e-03 -9.194596208152122e-04 -1.007698408881235e+00
25 23 -1.000281017921026e+00 -1.893992388015858e-03 -9.196712695359153e-04 -1.007700009958424e+00
25 24 -1.000280838286231e+00 -1.893724888686059e-03 -9.197906547759225e-04 -1.007701232757225e+00
25 25 -1.000280710154379e+00 -1.893592039235634e-03 -9.198089758956479e-04 -1.007702028025438e+00
25 26 -1.000280638375608e+00 -1.893599763627290e-03 -9.197220623356407e-04 -1.007702363687952e+00
25 27 -1.000280625439880e+00 -1.893748210549593e-03 -9.195310831539196e-04 -1.007702226343839e+00
25 28 -1.000280671419375e+00 -1.894031676213275e-03 -9.192428369006443e-04 -1.007701621870847e+00
25 29 -1.000280774030770e+00 -1.894438828105795e-03 -9.188695577789410e-04 -1.007700575095461e+00
25 30 -1.000280928804627e+00 -1.894953218506773e-03 -9.184282400096979e-04 -1.007699128563308e+00
25 31 -1.000281129341628e+00 -1.895554051773741e-03 -9.179395476848979e-04 -1.007697340512635e+00
26 0 -1.000281118255482e+00 -1.895730442541028e-03 -9.194341654319082e-04 -1.007696265443657e+00
26 1 -1.000281382723478e+00 -1.896424501955883e-03 -9.189211375027098e-04 -1.007694034376310e+00
26 2 -1.000281665571812e+00 -1.897126623378898e-03 -9.184304459631175e-04 -1.007691701807025e+00
26 3 -1.000281956231154e+00 -1.897809447680767e-03 -9.179829353276382e-04 -1.007689357668102e+00
26 4 -1.000282243980076e+00 -1.898446760596766e-03 -9.175962828806848e-04 -1.007687091346857e+00
26 5 -1.000282518285698e+00 -1.899014487463122e-03 -9.172842746537496e-04 -1.007684988379353e+00
26 6 -1.000282769126360e+00 -1.899491552038435e-03 -9.170564522833544e-04 -1.007683127408337e+00
26 7 -1.000282987296600e+00 -1.899860576502877e-03 -9.169181133469494e-04 -1.007681577486044e+00
26 8 -1.000283164694983e+00 -1.900108410637045e-03 -9.168706117891305e-04 -1.007680395780832e+00
26 9 -1.000283294593777e+00 -1.900226488525256e-03 -9.169118779299096e-04 -1.007679625725893e+00
26 10 -1.000283371886350e+00 -1.900211019347820e-03 -9.170370614118652e-04 -1.007679295632833e+00
26 11 -1.000283393303887e+00 -1.900063024000125e-03 -9.172391965057373e-04 -1.007679417784466e+00
26 12 -1.000283357589083e+00 -1.899788231583480e-03 -9.175097973308493e-04 -1.007679988017538e+00
26 13 -1.000283265611915e+00 -1.899396849677139e-03 -9.178393100397451e-04 -1.007680985804496e+00
26 14 -1.000283120412268e+00 -1.898903219886829e-03 -9.182173790851910e-04 -1.007682374842481e+00
26 15 -1.000282927156074e+00 -1.898325366133588e-03 -9.186329231641656e-04 -1.007684104155669e+00
26 16 -1.000282692996037e+00 -1.897684439300690e-03 -9.190740578905391e-04 -1.007686109710170e+00
26 17 -1.000282426834421e+00 -1.897004060242245e-03 -9.195279385806147e-04 -1.007688316526040e+00
26 18 -1.000282138992855e+00 -1.896309564546673e-03 -9.199806202170155e-04 -1.007690641250182e+00
26 19 -1.000281840801388e+00 -1.895627156226723e-03 -9.204170383313852e-04 -1.007692995131538e+00
26 20 -1.000281544125046e+00 -1.894982983066473e-03 -9.208212026585741e-04 -1.007695287318561e+00
26 21 -1.000281260850919e+00 -1.894402153986836e-03 -9.211766648701397e-04 -1.007697428377064e+00
26 22 -1.000281002362307e+00 -1.893907728882121e-03 -9.214672746915682e-04 -1.007699333901980e+00
26 23 -1.000280779028667e+00 -1.893519723087742e-03 -9.216781820118893e-04 -1.007700928070174e+00
26 24 -1.000280599740718e+00 -1.893254179694051e-03 -9.217969874773663e-04 -1.007702146957952e+00
26 25 -1.000280471518627e+00 -1.893122370468174e-03 -9.218149025729560e-04 -1.007702941432537e+00
26 26 -1.000280399217300e+00 -1.893130187469906e-03 -9.217277609529968e-04 -1.007703279428928e+00
26 27 -1.000280385345995e+00 -1.893277780413448e-03 -9.215367295795639e-04 -1.007703147448983e+00
26 28 -1.000280430010159e+00 -1.893559478724467e-03 -9.212486007536556e-04 -1.007702551170494e+00
26 29 -1.000280530972748e+00 -1.893964013825346e-03 -9.208756000628839e-04 -1.007701515124368e+00
26 30 -1.000280683822331e+00 -1.894475030593319e-03 -9.204347116075996e-04 -1.007700081474296e+00
26 31 -1.000280882227817e+00 -1.895071852098730e-03 -9.199465879453792e-04 -1.007698308001087e+00
27 0 -1.000280918272491e+00 -1.895213379517196e-03 -9.216683681330126e-04 -1.007697224980872e+00
27 1 -1.000281180553234e+00 -1.895903036701750e-03 -9.211555818645143e-04 -1.007695009303990e+00
27 2 -1.000281461135249e+00 -1.896600312064403e-03 -9.206655323482751e-04 -1.007692693042462e+00
27 3 -1.000281749536410e+00 -1.897278026910506e-03 -9.202190531533933e-04 -1.007690365510838e+00
27 4 -1.000282035124351e+00 -1.897910162758048e-03 -9.198337917768345e-04 -1.007688115450788e+00
27 5 -1.000282307453530e+00 -1.898472848905810e-03 -9.195234854564596e-04 -1.007686027749656e+00
27 6 -1.000282556583857e+00 -1.898945212597672e-03 -9.192976096202593e-04 -1.007684180426986e+00
27 7 -1.000282773381573e+00 -1.899310069522455e-03 -9.191613809674536e-04 -1.007682641967492e+00
27 8 -1.000282949803375e+00 -1.899554443571087e-03 -9.191160615350922e-04 -1.007681469056225e+00
27 9 -1.000283079163121e+00 -1.899669914801851e-03 -9.191594835783778e-04 -1.007680704752107e+00
27 10 -1.000283156377010e+00 -1.899652802517558e-03 -9.192866987567881e-04 -1.007680377121739e+00
27 11 -1.000283178178943e+00 -1.899504195784101e-03 -9.194906501679633e-04 -1.007680498346378e+00
27 12 -1.000283143294002e+00 -1.899229846328448e-03 -9.197627732909510e-04 -1.007681064310362e+00
27 13 -1.000283052555364e+00 -1.898839938265976e-03 -9.200934520402070e-04 -1.007682054678741e+00
27 14 -1.000282908949226e+00 -1.898348745879131e-03 -9.204722873877893e-04 -1.007683433473507e+00
27 15 -1.000282717574034e+00 -1.897774186230332e-03 -9.208881747890515e-04 -1.007685150157063e+00
27 16 -1.000282485504732e+00 -1.897137269816011e-03 -9.213292273105070e-04 -1.007687141223723e+00
27 17 -1.000282221559381e+00 -1.896461451103098e-03 -9.217826171033471e-04 -1.007689332284671e+00
27 18 -1.000281935972881e+00 -1.895771881834806e-03 -9.222344321843287e-04 -1.007691640611979e+00
27 19 -1.000281639989672e+00 -1.895094573273193e-03 -9.226696533412857e-04 -1.007693978086265e+00
27 20 -1.000281345393362e+00 -1.894455479231660e-03 -9.230723443475327e-04 -1.007696254470440e+00
27 21 -1.000281063996250e+00 -1.893879520080648e-03 -9.234261171545456e-04 -1.007698380907878e+00
27 22 -1.000280807115411e+00 -1.893389578479657e-03 -9.237148857483447e-04 -1.007700273517465e+00
27 23 -1.000280585064223e+00 -1.893005509163754e-03 -9.239238657662249e-04 -1.007701856932140e+00
27 24 -1.000280406688779e+00 -1.892743215871095e-03 -9.240407226986962e-04 -1.007703067604666e+00
27 25 -1.000280278977183e+00 -1.892613856066002e-03 -9.240567304215117e-04 -1.007703856689625e+00
27 26 -1.000280206765792e+00 -1.892623235612939e-03 -9.239677820557848e-04 -1.007704192312470e+00
27 27 -1.000280192559556e+00 -1.892771448485706e-03 -9.237751011806864e-04 -1.007704061062650e+00
27 28 -1.000280236474154e+00 -1.893052800348253e-03 -9.234855337256410e-04 -1.007703468599585e+00
27 29 -1.000280336297184e+00 -1.893456031516661e-03 -9.231113551993043e-04 -1.007702439329993e+00
27 30 -1.000280487655821e+00 -1.893964828455632e-03 -9.226695947166973e-04 -1.007701015190053e+00
27 31 -1.000280684270836e+00 -1.894558588071752e-03 -9.221809434522087e-04 -1.007699253633835e+00
28 0 -1.000280775741989e+00 -1.894685646561310e-03 -9.240450234104757e-04 -1.007698123162430e+00
28 1 -1.000281036043349e+00 -1.895371516212246e-03 -9.235318943414629e-04 -1.007695921303736e+00
28 2 -1.000281314451161e+00 -1.896064291032398e-03 -9.230421999261578e-04 -1.007693620661598e+00
28 3 -1.000281600567173e+00 -1.896736960177642e-03 -9.225967747160482e-04 -1.007691309954496e+00
28 4 -1.000281883849182e+00 -1.897363699091197e-03 -9.222132367683160e-04 -1.007689077265925e+00
28 5 -1.000282153944295e+00 -1.897920849724246e-03 -9.219052631351933e-04 -1.007687006789611e+00
28 6 -1.000282401003292e+00 -1.898387761628198e-03 -9.216822397093232e-04 -1.007685175847043e+00
28 7 -1.000282615977246e+00 -1.898747472462402e-03 -9.215492673832054e-04 -1.007683652252786e+00
28 8 -1.000282790897734e+00 -1.898987217539046e-03 -9.215074711855876e-04 -1.007682492080805e+00
28 9 -1.000282919140020e+00 -1.899098767635872e-03 -9.215545324415146e-04 -1.007681737867185e+00
28 10 -1.000282995665170e+00 -1.899078602407267e-03 -9.216853467792934e-04 -1.007681417270192e+00
28 11 -1.000283017233148e+00 -1.898927932785123e-03 -9.218927049970227e-04 -1.007681542197683e+00
28 12 -1.000282982575277e+00 -1.898652588455427e-03 -9.221679016020656e-04 -1.007682108406898e+00
28 13 -1.000282892511453e+00 -1.898262785158843e-03 -9.225011971541116e-04 -1.007683095583725e+00
28 14 -1.000282749996400e+00 -1.897772782507990e-03 -9.228820923638329e-04 -1.007684467912780e+00
28 15 -1.000282560080937e+00 -1.897200438671564e-03 -9.232994099146575e-04 -1.007686175148744e+00
28 16 -1.000282329778895e+00 -1.896566665210534e-03 -9.237412197676824e-04 -1.007688154190070e+00
28 17 -1.000282067836927e+00 -1.895894783814884e-03 -9.241946799935909e-04 -1.007690331141197e+00
28 18 -1.000281784411674e+00 -1.895209786937098e-03 -9.246458910307069e-04 -1.007692623831724e+00
28 19 -1.000281490665685e+00 -1.894537507320949e-03 -9.250798697661259e-04 -1.007694944740470e+00
28 20 -1.000281198299882e+00 -1.893903707815442e-03 -9.254807371931380e-04 -1.007697204248028e+00
28 21 -1.000280919045599e+00 -1.893333111947640e-03 -9.258321806566063e-04 -1.007699314115192e+00
28 22 -1.000280664142973e+00 -1.892848406191692e-03 -9.261182038797079e-04 -1.007701191059167e+00
28 23 -1.000280443834587e+00 -1.892469255918226e-03 -9.263241225204177e-04 -1.007702760274933e+00
28 24 -1.000280266903798e+00 -1.892211387796144e-03 -9.264377091402881e-04 -1.007703958725791e+00
28 25 -1.000280140285856e+00 -1.892085799526165e-03 -9.264503494951563e-04 -1.007704738010944e+00
28 26 -1.000280068775931e+00 -1.892098159412664e-03 -9.263580513589899e-04 -1.007705066619971e+00
28 27 -1.000280054851059e+00 -1.892248450674494e-03 -9.261621532675909e-04 -1.007704931412320e+00
28 28 -1.000280098613505e+00 -1.892530898790925e-03 -9.258696136661788e-04 -1.007704338212656e+00
28 29 -1.000280197852763e+00 -1.892934197240129e-03 -9.254928155160961e-04 -1.007703311481013e+00
28 30 -1.000280348213662e+00 -1.893442021142718e-03 -9.250488876857198e-04 -1.007701893090128e+00
28 31 -1.000280543450428e+00 -1.894033793249626e-03 -9.245586101686638e-04 -1.007700140311173e+00
29 0 -1.000280696525333e+00 -1.894167516696972e-03 -9.264749444467654e-04 -1.007698923795305e+00
29 1 -1.000280955134933e+00 -1.894850369163560e-03 -9.259608767250837e-04 -1.007696733620647e+00
29 2 -1.000281231547570e+00 -1.895539171239196e-03 -9.254712167458413e-04 -1.007694447281165e+00
29 3 -1.000281515442231e+00 -1.896207060529033e-03 -9.250268129679565e-04 -1.007692152944819e+00
29 4 -1.000281796364308e+00 -1.896828396674559e-03 -9.246452563499441e-04 -1.007689938050998e+00
29 5 -1.000282064055075e+00 -1.897379734425964e-03 -9.243401547439666e-04 -1.007687886082971e+00
29 6 -1.000282308761949e+00 -1.897840655852544e-03 -9.241207839261432e-04 -1.007686073616602e+00
29 7 -1.000282521530901e+00 -1.898194440743526e-03 -9.239920978062893e-04 -1.007684567718635e+00
29 8 -1.000282694482462e+00 -1.898428565160641e-03 -9.239550445188433e-04 -1.007683423746836e+00
29 9 -1.000282821070751e+00 -1.898535027825073e-03 -9.240071077099295e-04 -1.007682683586204e+00
29 10 -1.000282896321887e+00 -1.898510512573970e-03 -9.241429746750842e-04 -1.007682374339614e+00
29 11 -1.000282917044278e+00 -1.898356401383730e-03 -9.243552274251244e-04 -1.007682507479664e+00
29 12 -1.000282881999313e+00 -1.898078654738581e-03 -9.246349611313759e-04 -1.007683078465037e+00
29 13 -1.000282792017825e+00 -1.897687574214591e-03 -9.249722558832954e-04 -1.007684066828544e+00
29 14 -1.000282650046472e+00 -1.897197457964839e-03 -9.253564590308313e-04 -1.007685436748635e+00
29 15 -1.000282461110066e+00 -1.896626155590305e-03 -9.257762729962783e-04 -1.007687138114701e+00
29 16 -1.000282232180399e+00 -1.895994525598079e-03 -9.262196837323532e-04 -1.007689108088044e+00
29 17 -1.000281971948525e+00 -1.895325796520505e-03 -9.266738023972163e-04 -1.007691273147131e+00
29 18 -1.000281690504526e+00 -1.894644832769452e-03 -9.271247191860250e-04 -1.007693551588491e+00
29 19 -1.000281398936001e+00 -1.893977309759315e-03 -9.275574761267802e-04 -1.007695856432391e+00
29 20 -1.000281108863104e+00 -1.893348809781242e-03 -9.279562521753495e-04 -1.007698098656397e+00
29 21 -1.000280831933193e+00 -1.892783859146017e-03 -9.283048213894258e-04 -1.007700190654041e+00
29 22 -1.000280579301822e+00 -1.892304937147895e-03 -9.285872981393060e-04 -1.007702049791443e+00
29 23 -1.000280361128872e+00 -1.891931498418071e-03 -9.287891282791841e-04 -1.007703601909983e+00
29 24 -1.000280186119327e+00 -1.891679061516242e-03 -9.288982304971462e-04 -1.007704784598267e+00
29 25 -1.000280061136890e+00 -1.891558425020176e-03 -9.289061490116747e-04 -1.007705550040054e+00
29 26 -1.000279990914522e+00 -1.891575073670126e-03 -9.288090580910842e-04 -1.007705867248280e+00
29 27 -1.000279977878748e+00 -1.891728829034176e-03 -9.286084659921335e-04 -1.007705723524912e+00
29 28 -1.000280022095162e+00 -1.892013782571939e-03 -9.283114995370849e-04 -1.007705125038696e+00
29 29 -1.000280121332215e+00 -1.892418526422368e-03 -9.279307045282700e-04 -1.007704096479986e+00
29 30 -1.000280271230660e+00 -1.892926671520232e-03 -9.274833625945474e-04 -1.007702679825349e+00
29 31 -1.000280465558310e+00 -1.893517617280098e-03 -9.269903907951163e-04 -1.007700932314474e+00
30 0 -1.000280684001039e+00 -1.893679071685308e-03 -9.288668720915539e-04 -1.007699593794756e+00
30 1 -1.000280941276944e+00 -1.894359807359921e-03 -9.283512714924120e-04 -1.007697412678195e+00
30 2 -1.000281215955523e+00 -1.895045331128515e-03 -9.278612933092305e-04 -1.007695138732448e+00
30 3 -1.000281497783050e+00 -1.895708903274918e-03 -9.274178135842358e-04 -1.007692859643828e+00
30 4 -1.000281776386211e+00 -1.896325050223750e-03 -9.270383999849104e-04 -1.007690662248744e+00
30 5 -1.000282041598180e+00 -1.896870531091782e-03 -9.267365847413779e-04 -1.007688629332060e+00
30 6 -1.000282283765099e+00 -1.897325161594308e-03 -9.265215172845682e-04 -1.007686836705492e+00
30 7 -1.000282494034357e+00 -1.897672474421101e-03 -9.263979795774447e-04 -1.007685350638991e+00
30 8 -1.000282664626033e+00 -1.897900206229761e-03 -9.263667103368714e-04 -1.007684225697000e+00
30 9 -1.000282789087390e+00 -1.898000611851250e-03 -9.264249563045956e-04 -1.007683503011056e+00
30 10 -1.000282862527282e+00 -1.897970615190016e-03 -9.265671513642653e-04 -1.007683209003202e+00
30 11 -1.000282881823214e+00 -1.897811812021785e-03 -9.267856194275461e-04 -1.007683354565033e+00
30 12 -1.000282845789462e+00 -1.897530341596937e-03 -9.270712053304598e-04 -1.007683934695924e+00
30 13 -1.000282755291597e+00 -1.897136642262813e-03 -9.274137585346938e-04 -1.007684928607196e+00
30 14 -1.000282613291918e+00 -1.896645102572345e-03 -9.278024252629959e-04 -1.007686300301915e+00
30 15 -1.000282424811970e+00 -1.896073614725972e-03 -9.282257431926009e-04 -1.007687999639754e+00
30 16 -1.000282196802464e+00 -1.895443032845138e-03 -9.286715745286881e-04 -1.007689963891235e+00
30 17 -1.000281937916997e+00 -1.894776536066829e-03 -9.291269509448610e-04 -1.007692119773639e+00
30 18 -1.000281658193423e+00 -1.894098897206505e-03 -9.295779292078245e-04 -1.007694385941155e+00
30 19 -1.000281368654264e+00 -1.893435661936648e-03 -9.300095634236630e-04 -1.007696675877008e+00
30 20 -1.000281080844094e+00 -1.892812250060192e-03 -9.304060870834016e-04 -1.007698901110212e+00
30 21 -1.000280806326798e+00 -1.892252998727869e-03 -9.307513668255675e-04 -1.007700974655906e+00
30 22 -1.000280556169171e+00 -1.891780177521642e-03 -9.310296432013234e-04 -1.007702814553587e+00
30 23 -1.000280340439770e+00 -1.891413017138794e-03 -9.312265175918713e-04 -1.007704347350322e+00
30 24 -1.000280167752631e+00 -1.891166805033943e-03 -9.313300887957648e-04 -1.007705511350482e+00
30 25 -1.000280044884043e+00 -1.891052109218144e-03 -9.313321000525501e-04 -1.007706259439094e+00
30 26 -1.000279976486205e+00 -1.891074192173691e-03 -9.312289374372903e-04 -1.007706561291001e+00
30 27 -1.000279964914540e+00 -1.891232669037685e-03 -9.310223278377782e-04 -1.007706404806509e+00
30 28 -1.000280010176107e+00 -1.891521448139077e-03 -9.307196176708482e-04 -1.007705796665006e+00
30 29 -1.000280109996091e+00 -1.891928969235497e-03 -9.303335669264402e-04 -1.007704761956213e+00
30 30 -1.000280259989418e+00 -1.892438728427083e-03 -9.298816587550001e-04 -1.007703342924561e+00
30 31 -1.000280453916876e+00 -1.893030053257203e-03 -9.293849911873583e-04 -1.007701596931915e+00
31 0 -1.000280738884286e+00 -1.893239405294893e-03 -9.311306556123270e-04 -1.007700104805953e+00
31 1 -1.000280995242195e+00 -1.893919021723287e-03 -9.306129484075373e-04 -1.007697929725285e+00
31 2 -1.000281268520987e+00 -1.894602103849265e-03 -9.301222755307343e-04 -1.007695665738222e+00
31 3 -1.000281548521228e+00 -1.895262003364694e-03 -9.296795540905442e-04 -1.007693400139645e+00
31 4 -1.000281824941188e+00 -1.895873389032501e-03 -9.293023335077504e-04 -1.007691219229621e+00
31 5 -1.000282087700059e+00 -1.896413207689163e-03 -9.290040674572995e-04 -1.007689205134662e+00
31 6 -1.000282327240974e+00 -1.896861500506651e-03 -9.287937687720445e-04 -1.007687432914027e+00
31 7 -1.000282534815161e+00 -1.897202053630501e-03 -9.286760302123581e-04 -1.007685968023942e+00
31 8 -1.000282702748811e+00 -1.897422873695275e-03 -9.286513569214283e-04 -1.007684864190374e+00
31 9 -1.000282824693021e+00 -1.897516489835037e-03 -9.287167281777569e-04 -1.007684161718433e+00
31 10 -1.000282895854035e+00 -1.897480092728896e-03 -9.288662887816264e-04 -1.007683886249707e+00
31 11 -1.000282913196530e+00 -1.897315526338738e-03 -9.290920655413282e-04 -1.007684047971503e+00
31 12 -1.000282875608338e+00 -1.897029149446109e-03 -9.293846121673013e-04 -1.007684641281571e+00
31 13 -1.000282784012177e+00 -1.896631582834925e-03 -9.297335059067589e-04 -1.007685644913621e+00
31 14 -1.000282641409276e+00 -1.896137354419182e-03 -9.301276504020024e-04 -1.007687022531000e+00
31 15 -1.000282452841125e+00 -1.895564449270623e-03 -9.305553788617923e-04 -1.007688723797884e+00
31 16 -1.000282225259320e+00 -1.894933766287273e-03 -9.310043939765253e-04 -1.007690685934893e+00
31 17 -1.000281967299572e+00 -1.894268480858021e-03 -9.314616180695280e-04 -1.007692835753618e+00
31 18 -1.000281688963826e+00 -1.893593314452664e-03 -9.319130514430725e-04 -1.007695092142132e+00
31 19 -1.000281401222084e+00 -1.892933716473445e-03 -9.323437443430704e-04 -1.007697368948010e+00
31 20 -1.000281115551783e+00 -1.892314969640136e-03 -9.327379765260988e-04 -1.007699578182174e+00
31 21 -1.000280843437327e+00 -1.891761238011274e-03 -9.330797077096213e-04 -1.007701633444412e+00
31 22 -1.000280595856205e+00 -1.891294587390132e-03 -9.333533145963935e-04 -1.007703453444951e+00
31 23 -1.000280382780701e+00 -1.890934020391522e-03 -9.335445729326786e-04 -1.007704965467284e+00
31 24 -1.000280212724994e+00 -1.890694579796676e-03 -9.336417877299170e-04 -1.007706108592975e+00
31 25 -1.000280092365561e+00 -1.890586580815464e-03 -9.336369331902385e-04 -1.007706836497375e+00
31 26 -1.000280026258465e+00 -1.890615033518337e-03 -9.335266442677191e-04 -1.007707119630572e+00
31 27 -1.000280016670239e+00 -1.890779309651207e-03 -9.333129079500400e-04 -1.007706946624189e+00
31 28 -1.000280063529867e+00 -1.891073092342788e-03 -9.330033343774705e-04 -1.007706324814759e+00
31 29 -1.000280164498674e+00 -1.891484623768481e-03 -9.326109419000778e-04 -1.007705279844914e+00
31 30 -1.000280315144819e+00 -1.891997238670523e-03 -9.321534570252256e-04 -1.007703854381709e+00
31 31 -1.000280509201518e+00 -1.892590146414921e-03 -9.316521968870069e-04 -1.007702106059863e+00
