2.057080550065808e-07
1.000000000000000e-12
1.000000000000000e-17
3.537289265997344e-01
1.938469145852231e-01
-2.000000000000000e-02
-1.500017464083440e+00
1.901109735892602e-07
32
32
-2.666666666666666e-02
1
0 0 -1.000276781944696e+00 -1.887857321519008e-03 -9.468974566306782e-04 -1.007717364076377e+00
0 1 -1.000277440972525e+00 -1.889683168853294e-03 -9.453196192334000e-04 -1.007711586660680e+00
0 2 -1.000278141077974e+00 -1.891502030054494e-03 -9.438722009989593e-04 -1.007705590164259e+00
0 3 -1.000278858125527e+00 -1.893241113937211e-03 -9.426260870117062e-04 -1.007699606339876e+00
0 4 -1.000279568733313e+00 -1.894834251974369e-03 -9.416321627402538e-04 -1.007693857523920e+00
0 5 -1.000280250502387e+00 -1.896224191297296e-03 -9.409195579206131e-04 -1.007688549509326e+00
0 6 -1.000280882133367e+00 -1.897364227167872e-03 -9.404961782211890e-04 -1.007683865688032e+00
0 7 -1.000281443527486e+00 -1.898219160225759e-03 -9.403511754170106e-04 -1.007679962573282e+00
0 8 -1.000281915947132e+00 -1.898765558475482e-03 -9.404589208453423e-04 -1.007676966848943e+00
0 9 -1.000282282299755e+00 -1.898991362273244e-03 -9.407840100068212e-04 -1.007674973888309e+00
0 10 -1.000282527609538e+00 -1.898894994828838e-03 -9.412867711217002e-04 -1.007674047296253e+00
0 11 -1.000282639722690e+00 -1.898484264418987e-03 -9.419286356125941e-04 -1.007674218734363e+00
0 12 -1.000282610227241e+00 -1.897775370733760e-03 -9.426766243876320e-04 -1.007675487375529e+00
0 13 -1.000282435471731e+00 -1.896792214597173e-03 -9.435062444004849e-04 -1.007677818823555e+00
0 14 -1.000282117492019e+00 -1.895566020196789e-03 -9.444023207639165e-04 -1.007681143925330e+00
0 15 -1.000281664646060e+00 -1.894135128762294e-03 -9.453576203459085e-04 -1.007685358225195e+00
0 16 -1.000281091812945e+00 -1.892544778804120e-03 -9.463694532050540e-04 -1.007690322727673e+00
0 17 -1.000280420098272e+00 -1.890846719892935e-03 -9.474347674291774e-04 -1.007695866313553e+00
0 18 -1.000279676065438e+00 -1.889098542508230e-03 -9.485446050741261e-04 -1.007701789859731e+00
0 19 -1.000278890562879e+00 -1.887362613995816e-03 -9.496790743633756e-04 -1.007707871979796e+00
0 20 -1.000278097238447e+00 -1.885704512219537e-03 -9.508040441945887e-04 -1.007713876301684e+00
0 21 -1.000277330830550e+00 -1.884190871772276e-03 -9.518705008090047e-04 -1.007719560246284e+00
0 22 -1.000276625317248e+00 -1.882886606645803e-03 -9.528170171660934e-04 -1.007724685287960e+00
0 23 -1.000276012010835e+00 -1.881851550101774e-03 -9.535752268916660e-04 -1.007729028568441e+00
0 24 -1.000275517718025e+00 -1.881136675954004e-03 -9.540776473460467e-04 -1.007732395401984e+00
0 25 -1.000275163131618e+00 -1.880780239740784e-03 -9.542666974356156e-04 -1.007734631670686e+00
0 26 -1.000274961645600e+00 -1.880804349115834e-03 -9.541034045953844e-04 -1.007735634588865e+00
0 27 -1.000274918761543e+00 -1.881212541817994e-03 -9.535742383145496e-04 -1.007735360151037e+00
0 28 -1.000275032171984e+00 -1.881988847002045e-03 -9.526948061856327e-04 -1.007733825975546e+00
0 29 -1.000275292486944e+00 -1.883098548255323e-03 -9.515097183001116e-04 -1.007731109119263e+00
0 30 -1.000275684452598e+00 -1.884490546164464e-03 -9.500886175938595e-04 -1.007727339421225e+00
0 31 -1.000276188436763e+00 -1.886100943422488e-03 -9.485190575784173e-04 -1.007722689659668e+00
1 0 -1.000277388756390e+00 -1.887210224661740e-03 -9.516924389301974e-04 -1.007717147321170e+00
1 1 -1.000278047378720e+00 -1.889043431876370e-03 -9.500910197914142e-04 -1.007711368630631e+00
1 2 -1.000278742211023e+00 -1.890857184899034e-03 -9.486338098926248e-04 -1.007705409736090e+00
1 3 -1.000279449331826e+00 -1.892578869540282e-03 -9.473922713944270e-04 -1.007699500642151e+00
1 4 -1.000280145761355e+00 -1.894143019231567e-03 -9.464172693714038e-04 -1.007693860406426e+00
1 5 -1.000280809671617e+00 -1.895493578682784e-03 -9.457372948773485e-04 -1.007688690195634e+00
1 6 -1.000281420473695e+00 -1.896585473821446e-03 -9.453590158627111e-04 -1.007684167686555e+00
1 7 -1.000281958884988e+00 -1.897385482434696e-03 -9.452698010988846e-04 -1.007680442884285e+00
1 8 -1.000282407056600e+00 -1.897872398117234e-03 -9.454417750300677e-04 -1.007677635464778e+00
1 9 -1.000282748825612e+00 -1.898036534176877e-03 -9.458369248301347e-04 -1.007675833568006e+00
1 10 -1.000282970154053e+00 -1.897878732036336e-03 -9.464127270530992e-04 -1.007675093604410e+00
1 11 -1.000283059798824e+00 -1.897409161171236e-03 -9.471276481943528e-04 -1.007675440342995e+00
1 12 -1.000283010195433e+00 -1.896646228940872e-03 -9.479457680712593e-04 -1.007676866614181e+00
1 13 -1.000282818444160e+00 -1.895615810113301e-03 -9.488398099445148e-04 -1.007679332433374e+00
1 14 -1.000282487210887e+00 -1.894350812577628e-03 -9.497920893506572e-04 -1.007682763954374e+00
1 15 -1.000282025342624e+00 -1.892890935431581e-03 -9.507932314102610e-04 -1.007687053013437e+00
1 16 -1.000281448052332e+00 -1.891282424123477e-03 -9.518388478049378e-04 -1.007692057959601e+00
1 17 -1.000280776614008e+00 -1.889577661501413e-03 -9.529246944516951e-04 -1.007697606135777e+00
1 18 -1.000280037588019e+00 -1.887834478121570e-03 -9.540411712193140e-04 -1.007703498057053e+00
1 19 -1.000279261647673e+00 -1.886115077791723e-03 -9.551683044666177e-04 -1.007709513189817e+00
1 20 -1.000278482098158e+00 -1.884484472378634e-03 -9.562724135280966e-04 -1.007715417245472e+00
1 21 -1.000277733176387e+00 -1.883008337798829e-03 -9.573054141393666e-04 -1.007720970959161e+00
1 22 -1.000277048212808e+00 -1.881750253741732e-03 -9.582072282997334e-04 -1.007725940327927e+00
1 23 -1.000276457744782e+00 -1.880768373749152e-03 -9.589111999522646e-04 -1.007730108148808e+00
1 24 -1.000275987704267e+00 -1.880111698338500e-03 -9.593518563399124e-04 -1.007733286359808e+00
1 25 -1.000275657845499e+00 -1.879816290620742e-03 -9.594738572553193e-04 -1.007735328176416e+00
1 26 -1.000275480600487e+00 -1.879901934325914e-03 -9.592406316108258e-04 -1.007736138533320e+00
1 27 -1.000275460525081e+00 -1.880369801053193e-03 -9.586411445251924e-04 -1.007735681187107e+00
1 28 -1.000275594419124e+00 -1.881201598287251e-03 -9.576935291121260e-04 -1.007733981214688e+00
1 29 -1.000275872087656e+00 -1.882360419308958e-03 -9.564448828982080e-04 -1.007731122487124e+00
1 30 -1.000276277592686e+00 -1.883793194555615e-03 -9.549672248990357e-04 -1.007727240686394e+00
1 31 -1.000276790767861e+00 -1.885434362907414e-03 -9.533502971460010e-04 -1.007722513177522e+00
2 0 -1.000278152101172e+00 -1.886822922026087e-03 -9.554977450921004e-04 -1.007716324575007e+00
2 1 -1.000278814531394e+00 -1.888672455568285e-03 -9.538683009918225e-04 -1.007710514947159e+00
2 2 -1.000279508195987e+00 -1.890490183731270e-03 -9.523972371758208e-04 -1.007704564324079e+00
2 3 -1.000280209220393e+00 -1.892203348296913e-03 -9.511566605233158e-04 -1.007698702043515e+00
2 4 -1.000280894865233e+00 -1.893746854251862e-03 -9.501974590728511e-04 -1.007693144971995e+00
2 5 -1.000281543725769e+00 -1.895065515528356e-03 -9.495475165806663e-04 -1.007688090700329e+00
2 6 -1.000282135797991e+00 -1.896115577202944e-03 -9.492122940200459e-04 -1.007683712150767e+00
2 7 -1.000282652518678e+00 -1.896865515680305e-03 -9.491774153424325e-04 -1.007680153637211e+00
2 8 -1.000283076864841e+00 -1.897296120564753e-03 -9.494128073703834e-04 -1.007677528449230e+00
2 9 -1.000283393578393e+00 -1.897399912368422e-03 -9.498779086718326e-04 -1.007675917872237e+00
2 10 -1.000283589575118e+00 -1.897180061771245e-03 -9.505274091764721e-04 -1.007675371219083e+00
2 11 -1.000283654579864e+00 -1.896649096980807e-03 -9.513168701618254e-04 -1.007675906156838e+00
2 12 -1.000283581972112e+00 -1.895827721751942e-03 -9.522074689575972e-04 -1.007677508655336e+00
2 13 -1.000283369734596e+00 -1.894743963063731e-03 -9.531691451763344e-04 -1.007680132336942e+00
2 14 -1.000283021320544e+00 -1.893432672110623e-03 -9.541816516559140e-04 -1.007683697616173e+00
2 15 -1.000282546240255e+00 -1.891935232972740e-03 -9.552333564705433e-04 -1.007688091395923e+00
2 16 -1.000281960220863e+00 -1.890299274351642e-03 -9.563179933458959e-04 -1.007693168039820e+00
2 17 -1.000281284880289e+00 -1.888578215921796e-03 -9.574298888761490e-04 -1.007698751999647e+00
2 18 -1.000280546937077e+00 -1.886830534827285e-03 -9.585585230733857e-04 -1.007704642133403e+00
2 19 -1.000279777029235e+00 -1.885118657273549e-03 -9.596835471121870e-04 -1.007710617593689e+00
2 20 -1.000279008233944e+00 -1.883507375748904e-03 -9.607714474475653e-04 -1.007716445186442e+00
2 21 -1.000278274375749e+00 -1.882061703315612e-03 -9.617748163083637e-04 -1.007721888171984e+00
2 22 -1.000277608203242e+00 -1.880844125155614e-03 -9.626347168699821e-04 -1.007726716481406e+00
2 23 -1.000277039524154e+00 -1.879911296619869e-03 -9.632860538692190e-04 -1.007730718169330e+00
2 24 -1.000276593422630e+00 -1.879310366573218e-03 -9.636652862415751e-04 -1.007733711580263e+00
2 25 -1.000276288723508e+00 -1.879075266497875e-03 -9.637193170355412e-04 -1.007735557217767e+00
2 26 -1.000276136887507e+00 -1.879223456919088e-03 -9.634140605473485e-04 -1.007736167855793e+00
2 27 -1.000276141495394e+00 -1.879753686578452e-03 -9.627411345961181e-04 -1.007735515289276e+00
2 28 -1.000276298402733e+00 -1.880645230961861e-03 -9.617214118700312e-04 -1.007733632482105e+00
2 29 -1.000276596533831e+00 -1.881858833966191e-03 -9.604047257572903e-04 -1.007730610694134e+00
2 30 -1.000277019166062e+00 -1.883339254512198e-03 -9.588657268790305e-04 -1.007726592159497e+00
2 31 -1.000277545475555e+00 -1.885019031827632e-03 -9.571965813223584e-04 -1.007721759654418e+00
3 0 -1.000279040140317e+00 -1.886712847146279e-03 -9.581587059644767e-04 -1.007714925999000e+00
3 1 -1.000279710473778e+00 -1.888587090714058e-03 -9.564976725881264e-04 -1.007709056875131e+00
3 2 -1.000280407159981e+00 -1.890417784661895e-03 -9.550089206405554e-04 -1.007703084729630e+00
3 3 -1.000281106200789e+00 -1.892131709198693e-03 -9.537652700252044e-04 -1.007697239337973e+00
3 4 -1.000281784922545e+00 -1.893663791695289e-03 -9.528177017181581e-04 -1.007691736556076e+00
3 5 -1.000282422174556e+00 -1.894959347575994e-03 -9.521935729534547e-04 -1.007686771603731e+00
3 6 -1.000282998384134e+00 -1.895975573009124e-03 -9.518972359792872e-04 -1.007682513812768e+00
3 7 -1.000283495578520e+00 -1.896682295126594e-03 -9.519126888362543e-04 -1.007679102860317e+00
3 8 -1.000283897463549e+00 -1.897061992024010e-03 -9.522077994468965e-04 -1.007676646529382e+00
3 9 -1.000284189626075e+00 -1.897109142583392e-03 -9.527396122144888e-04 -1.007675219899103e+00
3 10 -1.000284359916474e+00 -1.896829071970816e-03 -9.534601939193557e-04 -1.007674865555890e+00
3 11 -1.000284399050253e+00 -1.896236577795279e-03 -9.543223630919057e-04 -1.007675594129591e+00
3 12 -1.000284301413858e+00 -1.895354662435374e-03 -9.552845419386814e-04 -1.007677384480010e+00
3 13 -1.000284065971385e+00 -1.894213598802798e-03 -9.563140019988216e-04 -1.007680183288931e+00
3 14 -1.000283697091525e+00 -1.892850360497473e-03 -9.573880009307651e-04 -1.007683904423251e+00
3 15 -1.000283205096793e+00 -1.891308270075083e-03 -9.584926555171020e-04 -1.007688428836303e+00
3 16 -1.000282606388760e+00 -1.889636652748944e-03 -9.596197556311547e-04 -1.007693605745771e+00
3 17 -1.000281923091244e+00 -1.887890320292684e-03 -9.607620575189243e-04 -1.007699255477938e+00
3 18 -1.000281182235967e+00 -1.886128773412481e-03 -9.619079117027537e-04 -1.007705173998129e+00
3 19 -1.000280414567062e+00 -1.884415038596876e-03 -9.630363329403935e-04 -1.007711138974058e+00
3 20 -1.000279653057924e+00 -1.882814049961784e-03 -9.641136845498052e-04 -1.007716917247636e+00
3 21 -1.000278931227151e+00 -1.881390489506782e-03 -9.650929377541986e-04 -1.007722273683370e+00
3 22 -1.000278281331549e+00 -1.880206042887525e-03 -9.659160112833900e-04 -1.007726981369937e+00
3 23 -1.000277732524659e+00 -1.879316119610842e-03 -9.665191159951360e-04 -1.007730832987908e+00
3 24 -1.000277309104052e+00 -1.878766220530506e-03 -9.668404389957299e-04 -1.007733652803814e+00
3 25 -1.000277029010936e+00 -1.878588294839247e-03 -9.668289915798412e-04 -1.007735308277218e+00
3 26 -1.000276902762641e+00 -1.878797571735867e-03 -9.664531156439852e-04 -1.007735719846338e+00
3 27 -1.000276932972036e+00 -1.879390411498180e-03 -9.657070988915954e-04 -1.007734867328954e+00
3 28 -1.000277114534059e+00 -1.880343636684693e-03 -9.646146341163359e-04 -1.007732791721117e+00
3 29 -1.000277435449937e+00 -1.881615568911924e-03 -9.632284157533830e-04 -1.007729591977383e+00
3 30 -1.000277878142792e+00 -1.883148675051698e-03 -9.616258722611465e-04 -1.007725417346864e+00
3 31 -1.000278421034950e+00 -1.884873431325332e-03 -9.599017370636471e-04 -1.007720456627704e+00
4 0 -1.000280015862964e+00 -1.886885873229160e-03 -9.595598217682774e-04 -1.007713011128809e+00
4 1 -1.000280697873619e+00 -1.888792192050416e-03 -9.578649849508755e-04 -1.007707056492888e+00
4 2 -1.000281401648788e+00 -1.890644292600132e-03 -9.563553824782491e-04 -1.007701034058361e+00
4 3 -1.000282102902473e+00 -1.892368197267283e-03 -9.551046057408473e-04 -1.007695175104884e+00
4 4 -1.000282778848126e+00 -1.893898506138241e-03 -9.541638188951312e-04 -1.007689695688460e+00
4 5 -1.000283408406171e+00 -1.895180646529887e-03 -9.535599797191804e-04 -1.007684789957981e+00
4 6 -1.000283972259623e+00 -1.896172356556960e-03 -9.532964967999787e-04 -1.007680624970652e+00
4 7 -1.000284452869014e+00 -1.896844409246106e-03 -9.533559425910664e-04 -1.007677337018036e+00
4 8 -1.000284834539521e+00 -1.897180594776945e-03 -9.537043550689957e-04 -1.007675029486598e+00
4 9 -1.000285103608256e+00 -1.897177024613221e-03 -9.542966329941017e-04 -1.007673772150583e+00
4 10 -1.000285248805130e+00 -1.896840921968426e-03 -9.550824785232125e-04 -1.007673601508036e+00
4 11 -1.000285261823069e+00 -1.896189180552377e-03 -9.560122260762031e-04 -1.007674521489716e+00
4 12 -1.000285138083086e+00 -1.895247018758788e-03 -9.570417897983372e-04 -1.007676503870198e+00
4 13 -1.000284877595221e+00 -1.894046964391193e-03 -9.581359944575915e-04 -1.007679488113322e+00
4 14 -1.000284485739253e+00 -1.892628209051168e-03 -9.592697823917123e-04 -1.007683380990334e+00
4 15 -1.000283973769253e+00 -1.891036187040770e-03 -9.604271415732152e-04 -1.007688056731266e+00
4 16 -1.000283358896213e+00 -1.889322159563224e-03 -9.615979678900587e-04 -1.007693358461361e+00
4 17 -1.000282663892226e+00 -1.887542622689247e-03 -9.627734124694172e-04 -1.007699101320312e+00
4 18 -1.000281916244471e+00 -1.885758430123870e-03 -9.639405728732041e-04 -1.007705077265148e+00
4 19 -1.000281146939731e+00 -1.884033558810569e-03 -9.650776226590082e-04 -1.007711061363923e+00
4 20 -1.000280388975204e+00 -1.882433440105881e-03 -9.661505330671491e-04 -1.007716819423026e+00
4 21 -1.000279675681445e+00 -1.881022773772976e-03 -9.671123427075547e-04 -1.007722116908530e+00
4 22 -1.000279038932280e+00 -1.879862778444365e-03 -9.679054937489224e-04 -1.007726729146155e+00
4 23 -1.000278507327180e+00 -1.879007924946227e-03 -9.684671737239469e-04 -1.007730452614489e+00
4 24 -1.000278104467528e+00 -1.878502338085362e-03 -9.687369957064396e-04 -1.007733116781632e+00
4 25 -1.000277847488815e+00 -1.878376212056969e-03 -9.686658264371914e-04 -1.007734595468468e+00
4 26 -1.000277746026764e+00 -1.878642720865624e-03 -9.682242456368758e-04 -1.007734816324662e+00
4 27 -1.000277801768367e+00 -1.879295959018181e-03 -9.674090862480967e-04 -1.007733766890302e+00
4 28 -1.000278008666937e+00 -1.880310366158276e-03 -9.662467942421411e-04 -1.007731496051629e+00
4 29 -1.000278353793826e+00 -1.881641860711970e-03 -9.647929027006173e-04 -1.007728110479628e+00
4 30 -1.000278818683269e+00 -1.883230587205333e-03 -9.631276239843749e-04 -1.007723766628362e+00
4 31 -1.000279380940491e+00 -1.885004879934363e-03 -9.613482778241463e-04 -1.007718659679095e+00
5 0 -1.000281038883646e+00 -1.887335693291637e-03 -9.596313678039880e-04 -1.007710666167537e+00
5 1 -1.000281735832044e+00 -1.889280041719553e-03 -9.579022686981074e-04 -1.007704603868406e+00
5 2 -1.000282450439317e+00 -1.891161010133958e-03 -9.563697513842854e-04 -1.007698504831134e+00
5 3 -1.000283157982705e+00 -1.892903604184899e-03 -9.551082145740905e-04 -1.007692602812298e+00
5 4 -1.000283835389922e+00 -1.894441764428916e-03 -9.541691045866147e-04 -1.007687115246898e+00
5 5 -1.000284461465061e+00 -1.895720637116111e-03 -9.535791426860049e-04 -1.007682236544913e+00
5 6 -1.000285016956949e+00 -1.896698069607198e-03 -9.533410164280078e-04 -1.007678132897468e+00
5 7 -1.000285484579629e+00 -1.897345334300545e-03 -9.534361465013726e-04 -1.007674938608611e+00
5 8 -1.000285849079138e+00 -1.897647100421390e-03 -9.538290537339301e-04 -1.007672753969939e+00
5 9 -1.000286097414745e+00 -1.897600718466245e-03 -9.544728288807761e-04 -1.007671644578154e+00
5 10 -1.000286219104872e+00 -1.897214978116257e-03 -9.553151587052211e-04 -1.007671641731002e+00
5 11 -1.000286206769564e+00 -1.896508616350526e-03 -9.563042431415937e-04 -1.007672743263240e+00
5 12 -1.000286056854958e+00 -1.895508902926304e-03 -9.573938275951665e-04 -1.007674914162024e+00
5 13 -1.000285770445283e+00 -1.894250545937279e-03 -9.585466067712077e-04 -1.007678086671979e+00
5 14 -1.000285353991919e+00 -1.892774966265477e-03 -9.597354873150999e-04 -1.007682160195380e+00
5 15 -1.000284819766783e+00 -1.891129799433938e-03 -9.609425547317469e-04 -1.007687001732473e+00
5 16 -1.000284185895447e+00 -1.889368401274047e-03 -9.621559664206617e-04 -1.007692447620039e+00
5 17 -1.000283475915548e+00 -1.887549170379025e-03 -9.633653359405338e-04 -1.007698306970598e+00
5 18 -1.000282717893176e+00 -1.885734580790516e-03 -9.645564757335142e-04 -1.007704366792378e+00
5 19 -1.000281943183013e+00 -1.883989864737198e-03 -9.657065853998402e-04 -1.007710398554650e+00
5 20 -1.000281184930619e+00 -1.882381281159660e-03 -9.667810219763499e-04 -1.007716166004145e+00
5 21 -1.000280476401432e+00 -1.880973892276294e-03 -9.677325991402260e-04 -1.007721434183107e+00
5 22 -1.000279849207340e+00 -1.879828798438525e-03 -9.685039421145096e-04 -1.007725979644960e+00
5 23 -1.000279331512165e+00 -1.878999873843907e-03 -9.690328500849294e-04 -1.007729601691378e+00
5 24 -1.000278946334727e+00 -1.878530190558409e-03 -9.692599970515788e-04 -1.007732134076088e+00
5 25 -1.000278710109968e+00 -1.878448480323771e-03 -9.691377629780439e-04 -1.007733456153260e+00
5 26 -1.000278631684281e+00 -1.878766114617582e-03 -9.686386614674806e-04 -1.007733502070178e+00
5 27 -1.000278711893954e+00 -1.879475130370091e-03 -9.677618101042923e-04 -1.007732266508454e+00
5 28 -1.000278943805077e+00 -1.880547746697670e-03 -9.665361880248139e-04 -1.007729805809913e+00
5 29 -1.000279313589454e+00 -1.881937594539754e-03 -9.650199820982034e-04 -1.007726234086166e+00
5 30 -1.000279801895681e+00 -1.883582562788518e-03 -9.632960340449850e-04 -1.007721714894084e+00
5 31 -1.000280385485723e+00 -1.885408857536928e-03 -9.614641226552381e-04 -1.007716449885479e+00
6 0 -1.000282067376485e+00 -1.888043906037741e-03 -9.583545896278834e-04 -1.007707999083071e+00
6 1 -1.000282781838576e+00 -1.890030502774502e-03 -9.565928008202128e-04 -1.007701811968990e+00
6 2 -1.000283510507617e+00 -1.891946441216281e-03 -9.550367540740428e-04 -1.007695613759870e+00
6 3 -1.000284228098775e+00 -1.893715502030226e-03 -9.537616543777388e-04 -1.007689641521642e+00
6 4 -1.000284911096344e+00 -1.895270667685712e-03 -9.528193220501758e-04 -1.007684115158864e+00
6 5 -1.000285538005868e+00 -1.896556425241087e-03 -9.522364239044970e-04 -1.007679230644013e+00
6 6 -1.000286089446856e+00 -1.897530293846975e-03 -9.520151899079857e-04 -1.007675154740302e+00
6 7 -1.000286548192016e+00 -1.898163575187502e-03 -9.521362206349896e-04 -1.007672021249929e+00
6 8 -1.000286899246347e+00 -1.898441344236430e-03 -9.525629030796387e-04 -1.007669928810858e+00
6 9 -1.000287130033259e+00 -1.898361742943339e-03 -9.532469366008378e-04 -1.007668940153182e+00
6 10 -1.000287230734182e+00 -1.897934731271297e-03 -9.541344250589918e-04 -1.007669082481297e+00
6 11 -1.000287194808840e+00 -1.897180564454416e-03 -9.551718677472705e-04 -1.007670348382509e+00
6 12 -1.000287019680803e+00 -1.896128321596000e-03 -9.563112641370680e-04 -1.007672696618452e+00
6 13 -1.000286707498464e+00 -1.894814735500147e-03 -9.575135782494787e-04 -1.007676052489728e+00
6 14 -1.000286265807696e+00 -1.893283383962284e-03 -9.587500434001374e-04 -1.007680308040371e+00
6 15 -1.000285707948207e+00 -1.891584107883502e-03 -9.600011529735770e-04 -1.007685322820560e+00
6 16 -1.000285053031323e+00 -1.889772431292368e-03 -9.612535675217206e-04 -1.007690925961994e+00
6 17 -1.000284325447471e+00 -1.887908792062288e-03 -9.624955183260771e-04 -1.007696919968418e+00
6 18 -1.000283553940803e+00 -1.886057478536100e-03 -9.637115869807171e-04 -1.007703086180927e+00
6 19 -1.000282770342023e+00 -1.884285222402541e-03 -9.648779465056762e-04 -1.007709191640887e+00
6 20 -1.000282008060365e+00 -1.882659396254043e-03 -9.659591858985969e-04 -1.007714997118289e+00
6 21 -1.000281300417620e+00 -1.881245743771106e-03 -9.669076531637567e-04 -1.007720266245465e+00
6 22 -1.000280678890445e+00 -1.880105589669518e-03 -9.676658467308485e-04 -1.007724775766117e+00
6 23 -1.000280171337295e+00 -1.879292567311203e-03 -9.681718173875463e-04 -1.007728326738271e+00
6 24 -1.000279800325405e+00 -1.878849052564240e-03 -9.683669099478051e-04 -1.007730756135625e+00
6 25 -1.000279581716637e+00 -1.878802658884281e-03 -9.682046171835755e-04 -1.007731947817501e+00
6 26 -1.000279523687205e+00 -1.879163275886487e-03 -9.676589908931073e-04 -1.007731841473499e+00
6 27 -1.000279626328833e+00 -1.879921172678891e-03 -9.667310501085699e-04 -1.007730438073192e+00
6 28 -1.000279881909299e+00 -1.881046601902207e-03 -9.654519398295449e-04 -1.007727800686016e+00
6 29 -1.000280275768475e+00 -1.882491120391990e-03 -9.638821538439981e-04 -1.007724050285874e+00
6 30 -1.000280787711565e+00 -1.884190527179800e-03 -9.621068450466031e-04 -1.007719357130787e+00
6 31 -1.000281393670380e+00 -1.886069009620460e-03 -9.602279723570652e-04 -1.007713929146181e+00
7 0 -1.000283060037924e+00 -1.888980868510013e-03 -9.557648710906961e-04 -1.007705132802936e+00
7 1 -1.000283793767288e+00 -1.891011966017347e-03 -9.539740902067413e-04 -1.007698809586528e+00
7 2 -1.000284539050195e+00 -1.892967312738470e-03 -9.523955695488784e-04 -1.007692494461901e+00
7 3 -1.000285269944611e+00 -1.894769316998228e-03 -9.511052687598503e-04 -1.007686428460460e+00
7 4 -1.000285962357107e+00 -1.896349752101932e-03 -9.501554491464562e-04 -1.007680834910737e+00
7 5 -1.000286594327064e+00 -1.897652099524756e-03 -9.495729042220219e-04 -1.007675912560874e+00
7 6 -1.000287146154060e+00 -1.898633127227447e-03 -9.493596897508819e-04 -1.007671830149610e+00
7 7 -1.000287600468885e+00 -1.899263692996663e-03 -9.494959553364376e-04 -1.007668722483490e+00
7 8 -1.000287942338260e+00 -1.899528784265695e-03 -9.499443894767447e-04 -1.007666688062560e+00
7 9 -1.000288159468016e+00 -1.899426851303209e-03 -9.506557799068609e-04 -1.007665788186583e+00
7 10 -1.000288242546581e+00 -1.898968578912738e-03 -9.515751499261177e-04 -1.007666047245375e+00
7 11 -1.000288185750474e+00 -1.898175354949468e-03 -9.526478035942333e-04 -1.007667453639415e+00
7 12 -1.000287987394550e+00 -1.897077756373520e-03 -9.538244865057354e-04 -1.007669960711407e+00
7 13 -1.000287650641428e+00 -1.895714308989768e-03 -9.550648963494182e-04 -1.007673487362756e+00
7 14 -1.000287184114113e+00 -1.894130593981519e-03 -9.563390164931400e-04 -1.007677918577594e+00
7 15 -1.000286602230457e+00 -1.892378576953892e-03 -9.576261180314386e-04 -1.007683106534013e+00
7 16 -1.000285925121066e+00 -1.890515936921148e-03 -9.589116682200921e-04 -1.007688873041127e+00
7 17 -1.000285178082344e+00 -1.888605201682789e-03 -9.601827397035422e-04 -1.007695013699099e+00
7 18 -1.000284390606915e+00 -1.886712585993515e-03 -9.614228140490160e-04 -1.007701303722522e+00
7 19 -1.000283595087538e+00 -1.884906491738021e-03 -9.626070677622902e-04 -1.007707505111732e+00
7 20 -1.000282825297730e+00 -1.883255630288235e-03 -9.636992512774067e-04 -1.007713374903626e+00
7 21 -1.000282114729872e+00 -1.881826700838613e-03 -9.646510827525845e-04 -1.007718674431939e+00
7 22 -1.000281494851833e+00 -1.880681568853752e-03 -9.654046857498248e-04 -1.007723179623441e+00
7 23 -1.000280993353072e+00 -1.879873977061653e-03 -9.658980412349245e-04 -1.007726692188349e+00
7 24 -1.000280632492084e+00 -1.879445977890486e-03 -9.660727823526633e-04 -1.007729051151891e+00
7 25 -1.000280427702488e+00 -1.879424448561408e-03 -9.658830854508590e-04 -1.007730143687412e+00
7 26 -1.000280386632067e+00 -1.879818175182756e-03 -9.653040784396755e-04 -1.007729913857036e+00
7 27 -1.000280508761580e+00 -1.880616022738286e-03 -9.643381983365385e-04 -1.007728367810882e+00
7 28 -1.000280785681085e+00 -1.881786617017031e-03 -9.630182622385439e-04 -1.007725574338808e+00
7 29 -1.000281202001307e+00 -1.883279746450170e-03 -9.614065817163099e-04 -1.007721660407904e+00
7 30 -1.000281736764043e+00 -1.885029380477863e-03 -9.595901563508034e-04 -1.007716802285613e+00
7 31 -1.000282365123191e+00 -1.886957889931849e-03 -9.576727072526253e-04 -1.007711213694752e+00
8 0 -1.000283977958173e+00 -1.890107261931787e-03 -9.519523876595849e-04 -1.007702197166662e+00
8 1 -1.000284731796572e+00 -1.892183035715743e-03 -9.501383146535270e-04 -1.007695732933478e+00
8 2 -1.000285495443206e+00 -1.894180360181934e-03 -9.485400885842592e-04 -1.007689288761209e+00
8 3 -1.000286242238403e+00 -1.896020191533325e-03 -9.472343116951117e-04 -1.007683110101893e+00
8 4 -1.000286947406669e+00 -1.897632901424176e-03 -9.462737127054376e-04 -1.007677424487878e+00
8 5 -1.000287588376733e+00 -1.898960666449392e-03 -9.456853727883574e-04 -1.007672434515996e+00
8 6 -1.000288144952223e+00 -1.899959113983166e-03 -9.454714557682606e-04 -1.007668312205573e+00
8 7 -1.000288599426328e+00 -1.900598203387534e-03 -9.456120451636644e-04 -1.007665194822895e+00
8 8 -1.000288936725099e+00 -1.900862344007132e-03 -9.460695965645782e-04 -1.007663182246978e+00
8 9 -1.000289144640046e+00 -1.900749797577986e-03 -9.467945076549441e-04 -1.007662335839806e+00
8 10 -1.000289214186554e+00 -1.900271498346658e-03 -9.477312724936157e-04 -1.007662678567680e+00
8 11 -1.000289140103483e+00 -1.899449536204512e-03 -9.488245560392814e-04 -1.007664195870829e+00
8 12 -1.000288921473649e+00 -1.898315616673219e-03 -9.500243896511445e-04 -1.007666836693200e+00
8 13 -1.000288562383248e+00 -1.896909758765458e-03 -9.512897107366536e-04 -1.007670514334174e+00
8 14 -1.000288072472768e+00 -1.895279317662128e-03 -9.525897121210498e-04 -1.007675107297219e+00
8 15 -1.000287467206450e+00 -1.893478221432947e-03 -9.539028462091720e-04 -1.007680460765084e+00
8 16 -1.000286767727503e+00 -1.891566205320351e-03 -9.552137282367209e-04 -1.007686389412451e+00
8 17 -1.000286000254820e+00 -1.889607850049910e-03 -9.565085445626375e-04 -1.007692681941627e+00
8 18 -1.000285195068191e+00 -1.887671321900312e-03 -9.577698717631475e-04 -1.007699107263266e+00
8 19 -1.000284385182845e+00 -1.885826781248370e-03 -9.589719989828506e-04 -1.007705421972445e+00
8 20 -1.000283604818342e+00 -1.884144430128439e-03 -9.600778558000851e-04 -1.007711378818892e+00
8 21 -1.000282887740000e+00 -1.882692137800356e-03 -9.610384550331058e-04 -1.007716736093831e+00
8 22 -1.000282265528208e+00 -1.881532585014374e-03 -9.617953766511380e-04 -1.007721267979865e+00
8 23 -1.000281765840935e+00 -1.880719952934759e-03 -9.622862703415350e-04 -1.007724775746621e+00
8 24 -1.000281410777715e+00 -1.880296344773997e-03 -9.624527064882696e-04 -1.007727099245124e+00
8 25 -1.000281215501129e+00 -1.880288307659751e-03 -9.622491126988520e-04 -1.007728127650242e+00
8 26 -1.000281187289760e+00 -1.880703946981513e-03 -9.616511929549195e-04 -1.007727808051092e+00
8 27 -1.000281325169190e+00 -1.881531147935630e-03 -9.606622508370696e-04 -1.007726150454281e+00
8 28 -1.000281620198851e+00 -1.882737321131210e-03 -9.593161914657349e-04 -1.007723228119745e+00
8 29 -1.000282056393454e+00 -1.884270871371717e-03 -9.576765504434784e-04 -1.007719172881776e+00
8 30 -1.000282612145092e+00 -1.886064281320228e-03 -9.558315982351653e-04 -1.007714166065028e+00
8 31 -1.000283261918368e+00 -1.888038390713234e-03 -9.538862893028714e-04 -1.007708426456884e+00
9 0 -1.000284786276502e+00 -1.891376209963127e-03 -9.470599508610808e-04 -1.007699320575465e+00
9 1 -1.000285560125976e+00 -1.893494785240971e-03 -9.452299449127866e-04 -1.007692716868404e+00
9 2 -1.000286343012381e+00 -1.895534704201424e-03 -9.436163370452323e-04 -1.007686137543800e+00
9 3 -1.000287107534718e+00 -1.897415461284520e-03 -9.422961973453462e-04 -1.007679832716362e+00
9 4 -1.000287828165878e+00 -1.899065900868102e-03 -9.413226979477187e-04 -1.007674034698182e+00
9 5 -1.000288481610201e+00 -1.900426656249444e-03 -9.407233332572389e-04 -1.007668950821259e+00
9 6 -1.000289047023754e+00 -1.901451876851500e-03 -9.405006375858990e-04 -1.007664757531322e+00
9 7 -1.000289506182482e+00 -1.902110209400879e-03 -9.406350077018642e-04 -1.007661595888527e+00
9 8 -1.000289843675428e+00 -1.902385020438202e-03 -9.410891385765484e-04 -1.007659568594970e+00
9 9 -1.000290047178195e+00 -1.902273895352092e-03 -9.418135757462515e-04 -1.007658738552152e+00
9 10 -1.000290107837253e+00 -1.901787533391162e-03 -9.427528575600094e-04 -1.007659128742121e+00
9 11 -1.000290020773440e+00 -1.900948268957275e-03 -9.438515893979099e-04 -1.007660722984129e+00
9 12 -1.000289785680107e+00 -1.899788523688961e-03 -9.450596483568033e-04 -1.007663467015961e+00
9 13 -1.000289407436688e+00 -1.898349453439108e-03 -9.463357327492745e-04 -1.007667269554294e+00
9 14 -1.000288896599016e+00 -1.896679891111665e-03 -9.476487150525656e-04 -1.007672003459967e+00
9 15 -1.000288269603287e+00 -1.894835490432795e-03 -9.489766429955776e-04 -1.007677507579515e+00
9 16 -1.000287548557837e+00 -1.892877863655388e-03 -9.503036376277488e-04 -1.007683589935776e+00
9 17 -1.000286760583233e+00 -1.890873522568055e-03 -9.516153013106864e-04 -1.007690032634855e+00
9 18 -1.000285936752415e+00 -1.888892523064402e-03 -9.528935488892082e-04 -1.007696598392050e+00
9 19 -1.000285110736163e+00 -1.887006786799216e-03 -9.541119578723195e-04 -1.007703038295969e+00
9 20 -1.000284317260433e+00 -1.885288079150226e-03 -9.552327346831482e-04 -1.007709100481419e+00
9 21 -1.000283590450593e+00 -1.883805586132732e-03 -9.562061966967067e-04 -1.007714539630399e+00
9 22 -1.000282962111820e+00 -1.882623026301738e-03 -9.569732931303918e-04 -1.007719127372386e+00
9 23 -1.000282460004973e+00 -1.881795315641026e-03 -9.574711492456740e-04 -1.007722663496933e+00
9 24 -1.000282106222771e+00 -1.881364970906538e-03 -9.576409682670996e-04 -1.007724987442403e+00
9 25 -1.000281915821229e+00 -1.881358624662876e-03 -9.574370168971792e-04 -1.007725988999139e+00
9 26 -1.000281895880575e+00 -1.881784151921960e-03 -9.568350690477971e-04 -1.007725616813944e+00
9 27 -1.000282045142582e+00 -1.882628924111681e-03 -9.558387155906836e-04 -1.007723883264898e+00
9 28 -1.000282354302495e+00 -1.883859600206604e-03 -9.544823214784759e-04 -1.007720864645521e+00
9 29 -1.000282806935335e+00 -1.885423645231869e-03 -9.528299962284995e-04 -1.007716696329193e+00
9 30 -1.000283380924237e+00 -1.887252462033296e-03 -9.509706394875202e-04 -1.007711563534106e+00
9 31 -1.000284050163807e+00 -1.889265712249757e-03 -9.490098376492486e-04 -1.007705689163364e+00
10 0 -1.000285455509154e+00 -1.892735723881610e-03 -9.412779736513383e-04 -1.007696622356490e+00
10 1 -1.000286248371861e+00 -1.894893341051056e-03 -9.394405207432921e-04 -1.007689886817056e+00
10 2 -1.000287050490909e+00 -1.896974565728916e-03 -9.378170604881563e-04 -1.007683172265271e+00
10 3 -1.000287833736436e+00 -1.898897488809144e-03 -9.364849012328546e-04 -1.007676733509260e+00
10 4 -1.000288571797793e+00 -1.900589373309555e-03 -9.354975826060569e-04 -1.007670807994212e+00
10 5 -1.000289240578071e+00 -1.901989143023702e-03 -9.348830930238161e-04 -1.007665608448894e+00
10 6 -1.000289818467369e+00 -1.903049200662461e-03 -9.346445644399816e-04 -1.007661316678134e+00
10 7 -1.000290286571170e+00 -1.903736526298771e-03 -9.347630606506709e-04 -1.007658078685388e+00
10 8 -1.000290628962104e+00 -1.904033026101883e-03 -9.352019713099550e-04 -1.007656001300074e+00
10 9 -1.000290833003737e+00 -1.903935151557390e-03 -9.359125174284466e-04 -1.007655150359483e+00
10 10 -1.000290889770789e+00 -1.903452893439259e-03 -9.368398489032725e-04 -1.007655550287949e+00
10 11 -1.000290794566766e+00 -1.902608364367397e-03 -9.379290854222091e-04 -1.007657184681343e+00
10 12 -1.000290547509140e+00 -1.901434262723658e-03 -9.391305020068575e-04 -1.007659997388209e+00
10 13 -1.000290154104221e+00 -1.899972482673325e-03 -9.404030684370810e-04 -1.007663893740783e+00
10 14 -1.000289625681371e+00 -1.898272984428792e-03 -9.417157954117632e-04 -1.007668742014832e+00
10 15 -1.000288979533928e+00 -1.896392847147825e-03 -9.430467310566230e-04 -1.007674375626683e+00
10 16 -1.000288238649064e+00 -1.894395310094163e-03 -9.443798584885686e-04 -1.007680596693270e+00
10 17 -1.000287430992507e+00 -1.892348617673663e-03 -9.457005090243454e-04 -1.007687181296598e+00
10 18 -1.000286588404665e+00 -1.890324573108357e-03 -9.469902057549034e-04 -1.007693886333213e+00
10 19 -1.000285745217815e+00 -1.888396780995509e-03 -9.482220341359612e-04 -1.007700457538970e+00
10 20 -1.000284936702277e+00 -1.886638565002863e-03 -9.493576336772583e-04 -1.007706638335940e+00
10 21 -1.000284197413234e+00 -1.885120504921121e-03 -9.503467041659706e-04 -1.007712179422942e+00
10 22 -1.000283559480779e+00 -1.883907522427793e-03 -9.511295476648030e-04 -1.007716849212179e+00
10 23 -1.000283050896132e+00 -1.883055523292033e-03 -9.516426385729272e-04 -1.007720445063416e+00
10 24 -1.000282693895223e+00 -1.882607776512707e-03 -9.518265651121021e-04 -1.007722804797296e+00
10 25 -1.000282503593961e+00 -1.882591408450178e-03 -9.516350633113595e-04 -1.007723817415306e+00
10 26 -1.000282487050476e+00 -1.883014521590506e-03 -9.510434983245797e-04 -1.007723431591808e+00
10 27 -1.000282642902498e+00 -1.883864458813980e-03 -9.500551833525097e-04 -1.007721660498306e+00
10 28 -1.000282961658921e+00 -1.885107619244594e-03 -9.487043182271274e-04 -1.007718581908801e+00
10 29 -1.000283426626085e+00 -1.886691007520598e-03 -9.470549289449528e-04 -1.007714333273230e+00
10 30 -1.000284015337318e+00 -1.888545395484951e-03 -9.451958840918042e-04 -1.007709102390909e+00
10 31 -1.000284701258932e+00 -1.890589667146374e-03 -9.432327706555083e-04 -1.007703115170928e+00
11 0 -1.000285962477020e+00 -1.894131243210395e-03 -9.348367163883103e-04 -1.007694206689235e+00
11 1 -1.000286772558335e+00 -1.896322543548697e-03 -9.330007707989930e-04 -1.007687352303739e+00
11 2 -1.000287593073653e+00 -1.898442051804025e-03 -9.313736955322755e-04 -1.007680508078982e+00
11 3 -1.000288395209528e+00 -1.900406574089509e-03 -9.300327705915408e-04 -1.007673933352395e+00
11 4 -1.000289151877612e+00 -1.902141809344208e-03 -9.290317824500867e-04 -1.007667870829047e+00
11 5 -1.000289838143311e+00 -1.903584884692250e-03 -9.283992464709674e-04 -1.007662539047324e+00
11 6 -1.000290431551917e+00 -1.904686268398429e-03 -9.281390727207359e-04 -1.007658125851109e+00
11 7 -1.000290912419936e+00 -1.905410996075595e-03 -9.282333028035369e-04 -1.007654783102121e+00
11 8 -1.000291264150351e+00 -1.905739160877085e-03 -9.286464377745505e-04 -1.007652622866900e+00
11 9 -1.000291473613407e+00 -1.905665671293601e-03 -9.293308671107927e-04 -1.007651715178265e+00
11 10 -1.000291531611216e+00 -1.905199365000119e-03 -9.302328874711946e-04 -1.007652087262155e+00
11 11 -1.000291433419896e+00 -1.904361675116526e-03 -9.312986753756498e-04 -1.007653723893559e+00
11 12 -1.000291179373064e+00 -1.903185127312056e-03 -9.324794239946102e-04 -1.007656568419719e+00
11 13 -1.000290775408279e+00 -1.901711929711594e-03 -9.337348531263964e-04 -1.007660524112009e+00
11 14 -1.000290233452992e+00 -1.899992780886163e-03 -9.350345404405279e-04 -1.007665455885021e+00
11 15 -1.000289571507771e+00 -1.898085836492388e-03 -9.363569144273912e-04 -1.007671192826528e+00
11 16 -1.000288813317990e+00 -1.896055655993609e-03 -9.376861580594970e-04 -1.007677532108817e+00
11 17 -1.000287987605933e+00 -1.893971954887379e-03 -9.390076345701618e-04 -1.007684244588597e+00
11 18 -1.000287126924828e+00 -1.891908073916034e-03 -9.403027461587492e-04 -1.007691081950677e+00
11 19 -1.000286266248873e+00 -1.889939152457405e-03 -9.415443198766143e-04 -1.007697784958274e+00
11 20 -1.000285441408736e+00 -1.888139998065981e-03 -9.426936126160236e-04 -1.007704092436677e+00
11 21 -1.000284687440862e+00 -1.886582595823334e-03 -9.436998253155695e-04 -1.007709750919127e+00
11 22 -1.000284036886012e+00 -1.885333177543194e-03 -9.445026478261721e-04 -1.007714525096606e+00
11 23 -1.000283518082864e+00 -1.884448845259291e-03 -9.450378361168853e-04 -1.007718209071730e+00
11 24 -1.000283153553938e+00 -1.883973921774603e-03 -9.452451783130472e-04 -1.007720637924239e+00
11 25 -1.000282958638072e+00 -1.883936410285176e-03 -9.450775723761059e-04 -1.007721698505151e+00
11 26 -1.000282940546797e+00 -1.884345084628267e-03 -9.445095542132438e-04 -1.007721337993950e+00
11 27 -1.000283097995109e+00 -1.885187740499427e-03 -9.435436461128066e-04 -1.007719568755943e+00
11 28 -1.000283421487112e+00 -1.886431013703670e-03 -9.422133019031101e-04 -1.007716468447399e+00
11 29 -1.000283894237624e+00 -1.888021940039576e-03 -9.405818417302491e-04 -1.007712175067822e+00
11 30 -1.000284493598408e+00 -1.889891128105374e-03 -9.387374671363364e-04 -1.007706877603531e+00
11 31 -1.000285192761848e+00 -1.891957110291464e-03 -9.367851461948105e-04 -1.007700803761484e+00
12 0 -1.000286290817439e+00 -1.895508082847731e-03 -9.279961927842382e-04 -1.007692158582206e+00
12 1 -1.000287115677120e+00 -1.897726478525908e-03 -9.261704759911133e-04 -1.007685202643737e+00
12 2 -1.000287953031352e+00 -1.899879787949293e-03 -9.245461528490346e-04 -1.007678239198171e+00
12 3 -1.000288773455387e+00 -1.901883700243204e-03 -9.232001957491543e-04 -1.007671531782542e+00
12 4 -1.000289549123612e+00 -1.903662433057503e-03 -9.221864869916381e-04 -1.007665328275615e+00
12 5 -1.000290254267488e+00 -1.905151308907115e-03 -9.215340576837416e-04 -1.007659853186696e+00
12 6 -1.000290865550755e+00 -1.906298760613557e-03 -9.212477241732664e-04 -1.007655300807935e+00
12 7 -1.000291362422035e+00 -1.907067687790622e-03 -9.213107610981713e-04 -1.007651829509607e+00
12 8 -1.000291727494351e+00 -1.907436095913467e-03 -9.216891418959358e-04 -1.007649557471769e+00
12 9 -1.000291946986272e+00 -1.907397004846639e-03 -9.223368630485242e-04 -1.007648560000777e+00
12 10 -1.000292011237500e+00 -1.906957699654708e-03 -9.232018504161587e-04 -1.007648868366048e+00
12 11 -1.000291915285698e+00 -1.906138501880636e-03 -9.242318285517104e-04 -1.007650469874356e+00
12 12 -1.000291659460983e+00 -1.904971322366410e-03 -9.253793790401665e-04 -1.007653308772415e+00
12 13 -1.000291249916760e+00 -1.903498250344922e-03 -9.266054024869325e-04 -1.007657287659629e+00
12 14 -1.000290698978096e+00 -1.901770312192455e-03 -9.278804282169668e-04 -1.007662269419615e+00
12 15 -1.000290025175199e+00 -1.899846358959120e-03 -9.291836056655009e-04 -1.007668080050177e+00
12 16 -1.000289252862712e+00 -1.897791923061675e-03 -9.304996206296046e-04 -1.007674512899039e+00
12 17 -1.000288411403492e+00 -1.895677882925960e-03 -9.318141408240461e-04 -1.007681334569709e+00
12 18 -1.000287533983485e+00 -1.893578855860708e-03 -9.331086937309580e-04 -1.007688292323771e+00
12 19 -1.000286656176156e+00 -1.891571313563415e-03 -9.343560655197376e-04 -1.007695122516267e+00
12 20 -1.000285814367913e+00 -1.889731416856503e-03 -9.355173105204272e-04 -1.007701559674121e+00
12 21 -1.000285044109761e+00 -1.888132510785971e-03 -9.365412601828537e-04 -1.007707346158634e+00
12 22 -1.000284378423136e+00 -1.886842188219145e-03 -9.373670550332025e-04 -1.007712242600751e+00
12 23 -1.000283846097912e+00 -1.885918900143506e-03 -9.379297115660858e-04 -1.007716039168092e+00
12 24 -1.000283470075576e+00 -1.885408275216494e-03 -9.381680962883332e-04 -1.007718567205212e+00
12 25 -1.000283266072193e+00 -1.885339533578213e-03 -9.380340372605905e-04 -1.007719710154414e+00
12 26 -1.000283241621606e+00 -1.885722529882344e-03 -9.375009012580782e-04 -1.007719412252642e+00
12 27 -1.000283395692750e+00 -1.886545968876708e-03 -9.365699860696718e-04 -1.007717683505676e+00
12 28 -1.000283718963544e+00 -1.887777203204454e-03 -9.352734936874605e-04 -1.007714599874773e+00
12 29 -1.000284194733045e+00 -1.889363782609509e-03 -9.336734843600016e-04 -1.007710298381555e+00
12 30 -1.000284800340199e+00 -1.891236618152027e-03 -9.318569161601384e-04 -1.007704967786218e+00
12 31 -1.000285508860992e+00 -1.893314321067026e-03 -9.299275676177715e-04 -1.007698836348432e+00
13 0 -1.000286431123268e+00 -1.896813659775671e-03 -9.210343101625489e-04 -1.007690541971981e+00
13 1 -1.000287267852334e+00 -1.899051743062586e-03 -9.192266536409606e-04 -1.007683504905872e+00
13 2 -1.000288119911700e+00 -1.901233246695414e-03 -9.176109996581106e-04 -1.007676436653220e+00
13 3 -1.000288957357029e+00 -1.903272945691601e-03 -9.162637469309739e-04 -1.007669604492589e+00
13 4 -1.000289751694193e+00 -1.905093713818180e-03 -9.152387112034703e-04 -1.007663261206567e+00
13 5 -1.000290476360227e+00 -1.906629133324590e-03 -9.145653945957020e-04 -1.007657637204184e+00
13 6 -1.000291107140774e+00 -1.907825585161259e-03 -9.142495976167455e-04 -1.007652933370533e+00
13 7 -1.000291622578250e+00 -1.908643730663031e-03 -9.142760220401011e-04 -1.007649314961788e+00
13 8 -1.000292004412276e+00 -1.909059298923428e-03 -9.146124075595989e-04 -1.007646906891434e+00
13 9 -1.000292238081189e+00 -1.909063151348701e-03 -9.152147268207154e-04 -1.007645790598528e+00
13 10 -1.000292313292956e+00 -1.908660681680587e-03 -9.160329485630603e-04 -1.007646002471098e+00
13 11 -1.000292224645867e+00 -1.907870711093524e-03 -9.170167704031988e-04 -1.007647533592591e+00
13 12 -1.000291972247013e+00 -1.906724118935295e-03 -9.181205699978712e-04 -1.007650330460855e+00
13 13 -1.000291562241693e+00 -1.905262451694261e-03 -9.193068008498917e-04 -1.007654296395875e+00
13 14 -1.000291007136996e+00 -1.903536647988091e-03 -9.205472739055836e-04 -1.007659293627636e+00
13 15 -1.000290325795672e+00 -1.901605856983937e-03 -9.218221489874377e-04 -1.007665146383029e+00
13 16 -1.000289543010830e+00 -1.899536212260786e-03 -9.231168691129899e-04 -1.007671645409865e+00
13 17 -1.000288688647396e+00 -1.897399416503653e-03 -9.244176321137803e-04 -1.007678554151519e+00
13 18 -1.000287796422092e+00 -1.895271067948302e-03 -9.257062920828189e-04 -1.007685616366193e+00
13 19 -1.000286902444698e+00 -1.893228730168563e-03 -9.269557715881472e-04 -1.007692564703119e+00
13 20 -1.000286043634191e+00 -1.891349745194699e-03 -9.281270712224777e-04 -1.007699129832974e+00
13 21 -1.000285256072273e+00 -1.889708726870579e-03 -9.291687657891064e-04 -1.007705050089938e+00
13 22 -1.000284573314820e+00 -1.888374628942543e-03 -9.300195136596847e-04 -1.007710081866265e+00
13 23 -1.000284024691042e+00 -1.887407348108380e-03 -9.306136005217318e-04 -1.007714010883747e+00
13 24 -1.000283633678999e+00 -1.886854012547247e-03 -9.308889055444869e-04 -1.007716663923929e+00
13 25 -1.000283416512745e+00 -1.886745342554450e-03 -9.307960324342938e-04 -1.007717919917273e+00
13 26 -1.000283381205479e+00 -1.887092631673862e-03 -9.303069298942918e-04 -1.007717718844201e+00
13 27 -1.000283527146613e+00 -1.887885906633346e-03 -9.294213341162799e-04 -1.007716066904231e+00
13 28 -1.000283845357848e+00 -1.889093682394886e-03 -9.281697858391687e-04 -1.007713036865582e+00
13 29 -1.000284319390758e+00 -1.890664478491373e-03 -9.266126243981625e-04 -1.007708763299997e+00
13 30 -1.000284926733801e+00 -1.892529953760134e-03 -9.248350752623175e-04 -1.007703433364042e+00
13 31 -1.000285640499447e+00 -1.894609214507811e-03 -9.229392360547422e-04 -1.007697274642092e+00
14 0 -1.000286380793237e+00 -1.897999424971321e-03 -9.142339697550256e-04 -1.007689399681908e+00
14 1 -1.000287226192430e+00 -1.900249372230115e-03 -9.124507749226705e-04 -1.007682303883592e+00
14 2 -1.000288090404195e+00 -1.902452692367442e-03 -9.108487499872969e-04 -1.007675148205798e+00
14 3 -1.000288943067689e+00 -1.904523470136500e-03 -9.095034902659065e-04 -1.007668203120293e+00
14 4 -1.000289755109145e+00 -1.906383413814329e-03 -9.084685919006915e-04 -1.007661725897255e+00
14 5 -1.000290499239059e+00 -1.907964490029628e-03 -9.077739657626255e-04 -1.007655952575347e+00
14 6 -1.000291150403148e+00 -1.909211087513067e-03 -9.074264332505714e-04 -1.007651090537462e+00
14 7 -1.000291686237479e+00 -1.910081613191629e-03 -9.074122575087429e-04 -1.007647312039885e+00
14 8 -1.000292087563190e+00 -1.910549420488640e-03 -9.077011652897832e-04 -1.007644749083423e+00
14 9 -1.000292338945221e+00 -1.910603028263883e-03 -9.082513942404522e-04 -1.007643489850173e+00
14 10 -1.000292429320110e+00 -1.910245676007201e-03 -9.090152881218218e-04 -1.007643576707887e+00
14 11 -1.000292352667511e+00 -1.909494356669797e-03 -9.099448647239105e-04 -1.007645005595847e+00
14 12 -1.000292108664319e+00 -1.908378544797067e-03 -9.109966335246289e-04 -1.007647726504662e+00
14 13 -1.000291703226787e+00 -1.906938845865206e-03 -9.121349071662335e-04 -1.007651644813097e+00
14 14 -1.000291148823207e+00 -1.905225704998212e-03 -9.133330471997141e-04 -1.007656623469414e+00
14 15 -1.000290464440204e+00 -1.903298169607848e-03 -9.145724555769905e-04 -1.007662486281449e+00
14 16 -1.000289675122755e+00 -1.901222591266814e-03 -9.158395307415319e-04 -1.007669022681399e+00
14 17 -1.000288811081430e+00 -1.899071141266251e-03 -9.171211700194498e-04 -1.007675994122227e+00
14 18 -1.000287906443544e+00 -1.896920082637446e-03 -9.183996987982914e-04 -1.007683141865433e+00
14 19 -1.000286997774855e+00 -1.894847806884991e-03 -9.196482982698622e-04 -1.007690195651503e+00
14 20 -1.000286122487419e+00 -1.892932637376397e-03 -9.208280151128112e-04 -1.007696882842507e+00
14 21 -1.000285317193933e+00 -1.891250330936514e-03 -9.218872437583907e-04 -1.007702938013467e+00
14 22 -1.000284616022264e+00 -1.889871158152355e-03 -9.227642107608177e-04 -1.007708113286162e+00
14 23 -1.000284048912106e+00 -1.888856504512480e-03 -9.233924891275525e-04 -1.007712189596762e+00
14 24 -1.000283639978095e+00 -1.888255129964911e-03 -9.237089441208633e-04 -1.007714988523637e+00
14 25 -1.000283406095595e+00 -1.888099473307003e-03 -9.236628678167679e-04 -1.007716383573141e+00
14 26 -1.000283355897680e+00 -1.888402561717037e-03 -9.232246308133182e-04 -1.007716309334765e+00
14 27 -1.000283489345733e+00 -1.889156098928538e-03 -9.223921730904041e-04 -1.007714766912714e+00
14 28 -1.000283797961643e+00 -1.890330157049350e-03 -9.211940736904177e-04 -1.007711824515543e+00
14 29 -1.000284265705349e+00 -1.891874637830229e-03 -9.196886004491631e-04 -1.007707612899291e+00
14 30 -1.000284870365653e+00 -1.893722356336069e-03 -9.179588652039218e-04 -1.007702316323412e+00
14 31 -1.000285585234227e+00 -1.895793299797047e-03 -9.161048955723844e-04 -1.007696160531881e+00
15 0 -1.000286143689869e+00 -1.899022457554502e-03 -9.078699401584252e-04 -1.007688754793266e+00
15 1 -1.000286994429146e+00 -1.901276392350623e-03 -9.061158061315298e-04 -1.007681623596008e+00
15 2 -1.000287867969119e+00 -1.903494711501851e-03 -9.045310388991869e-04 -1.007674399926349e+00
15 3 -1.000288733639701e+00 -1.905591041995950e-03 -9.031902552400944e-04 -1.007667356842569e+00
15 4 -1.000289561888334e+00 -1.907486132720234e-03 -9.021467070376232e-04 -1.007660755575066e+00
15 5 -1.000290324786971e+00 -1.909110506481731e-03 -9.014306513067836e-04 -1.007654837359169e+00
15 6 -1.000290996507303e+00 -1.910406684582156e-03 -9.010499380482936e-04 -1.007649815771699e+00
15 7 -1.000291553812804e+00 -1.911330883258587e-03 -9.009924710898120e-04 -1.007645869938923e+00
15 8 -1.000291976598997e+00 -1.911854070538823e-03 -9.012301095642156e-04 -1.007643139037000e+00
15 9 -1.000292248503426e+00 -1.911962331309141e-03 -9.017235567068047e-04 -1.007641718331950e+00
15 10 -1.000292357588551e+00 -1.911656575939875e-03 -9.024277715577030e-04 -1.007641656780144e+00
15 11 -1.000292297067588e+00 -1.910951717387917e-03 -9.032973516920798e-04 -1.007642956041301e+00
15 12 -1.000292066003178e+00 -1.909875510948962e-03 -9.042911955751712e-04 -1.007645570678587e+00
15 13 -1.000291669874953e+00 -1.908467262564665e-03 -9.053757121472721e-04 -1.007649409364431e+00
15 14 -1.000291120895445e+00 -1.906776540211238e-03 -9.065260209957053e-04 -1.007654337088420e+00
15 15 -1.000290437962357e+00 -1.904861897858473e-03 -9.077249409303969e-04 -1.007660178585513e+00
15 16 -1.000289646176123e+00 -1.902789520838300e-03 -9.089599682894602e-04 -1.007666723280052e+00
15 17 -1.000288775923439e+00 -1.900631687159188e-03 -9.102188120091820e-04 -1.007673731844502e+00
15 18 -1.000287861607742e+00 -1.898464999457611e-03 -9.114843536124759e-04 -1.007680944099897e+00
15 19 -1.000286940156104e+00 -1.896368401359887e-03 -9.127300944099284e-04 -1.007688087733475e+00
15 20 -1.000286049419957e+00 -1.894420980980346e-03 -9.139171695555009e-04 -1.007694887419483e+00
15 21 -1.000285226528534e+00 -1.892699487624080e-03 -9.149938209327190e-04 -1.007701074338697e+00
15 22 -1.000284506203126e+00 -1.891275429207013e-03 -9.158978607572829e-04 -1.007706396439282e+00
15 23 -1.000283919047107e+00 -1.890211675504599e-03 -9.165621572910702e-04 -1.007710629694782e+00
15 24 -1.000283489892125e+00 -1.889558691748518e-03 -9.169225537191007e-04 -1.007713590032039e+00
15 25 -1.000283236357673e+00 -1.889350786961948e-03 -9.169269923900003e-04 -1.007715144829884e+00
15 26 -1.000283167816826e+00 -1.889602946788736e-03 -9.165441828206114e-04 -1.007715222363363e+00
15 27 -1.000283284934960e+00 -1.890308838196849e-03 -9.157701325356304e-04 -1.007713817551714e+00
15 28 -1.000283579872489e+00 -1.891440420614396e-03 -9.146312707616663e-04 -1.007710992856462e+00
15 29 -1.000284037136927e+00 -1.892949331492706e-03 -9.131835630368719e-04 -1.007706874007315e+00
15 30 -1.000284634952959e+00 -1.894769898255602e-03 -9.115077479699041e-04 -1.007701641202801e+00
15 31 -1.000285346920450e+00 -1.896823330381818e-03 -9.097015114721513e-04 -1.007695517283679e+00
16 0 -1.000285729688284e+00 -1.899846697330311e-03 -9.021963274857630e-04 -1.007688612927093e+00
16 1 -1.000286582434221e+00 -1.902096989851198e-03 -9.004738735855079e-04 -1.007681469765671e+00
16 2 -1.000287462327647e+00 -1.904323330014403e-03 -8.989084613751193e-04 -1.007674198832996e+00
16 3 -1.000288338495604e+00 -1.906439118911362e-03 -8.975736212580925e-04 -1.007667075130068e+00
16 4 -1.000289181013173e+00 -1.908364369465926e-03 -8.965221784076868e-04 -1.007660363234398e+00
16 5 -1.000289961414974e+00 -1.910028368970414e-03 -8.957846857202286e-04 -1.007654309009885e+00
16 6 -1.000290653185985e+00 -1.911371951870040e-03 -8.953700096305571e-04 -1.007649131740460e+00
16 7 -1.000291232280256e+00 -1.912349280940566e-03 -8.952677231241167e-04 -1.007645017066302e+00
16 8 -1.000291677696646e+00 -1.912929016642082e-03 -8.954518864513411e-04 -1.007642111167572e+00
16 9 -1.000291972131644e+00 -1.913094813838212e-03 -8.958857756191125e-04 -1.007640516458191e+00
16 10 -1.000292102712021e+00 -1.912845173775043e-03 -8.965271062667547e-04 -1.007640288819491e+00
16 11 -1.000292061774434e+00 -1.912192763208527e-03 -8.973332216151213e-04 -1.007641436251896e+00
16 12 -1.000291847613900e+00 -1.911163373154199e-03 -8.982655846214234e-04 -1.007643918774277e+00
16 13 -1.000291465087309e+00 -1.909794701646717e-03 -8.992928697847132e-04 -1.007647649448224e+00
16 14 -1.000290925946260e+00 -1.908135087684543e-03 -9.003921055056205e-04 -1.007652496543581e+00
16 15 -1.000290248790060e+00 -1.906242217546844e-03 -9.015476521098205e-04 -1.007658287028733e+00
16 16 -1.000289458575113e+00 -1.904181734252956e-03 -9.027481977084157e-04 -1.007664811617505e+00
16 17 -1.000288585687547e+00 -1.902025663877510e-03 -9.039823237053664e-04 -1.007671831418127e+00
16 18 -1.000287664662899e+00 -1.899850623951410e-03 -9.052334969222720e-04 -1.007679085884288e+00
16 19 -1.000286732683898e+00 -1.897735831728949e-03 -9.064755415865128e-04 -1.007686301534190e+00
16 20 -1.000285827975265e+00 -1.895760915351748e-03 -9.076696658357733e-04 -1.007693201022521e+00
16 21 -1.000284988154089e+00 -1.894003449579726e-03 -9.087639346545318e-04 -1.007699512575905e+00
16 22 -1.000284248539961e+00 -1.892536072607222e-03 -9.096957223884595e-04 -1.007704980176179e+00
16 23 -1.000283640434069e+00 -1.891423093789641e-03 -9.103971770243109e-04 -1.007709374806395e+00
16 24 -1.000283189444150e+00 -1.890716704110289e-03 -9.108031122861866e-04 -1.007712506479164e+00
16 25 -1.000282914013666e+00 -1.890453170285770e-03 -9.108601124704721e-04 -1.007714235956468e+00
16 26 -1.000282824352103e+00 -1.890649589031079e-03 -9.105352023804135e-04 -1.007714484505545e+00
16 27 -1.000282921937455e+00 -1.891301800587587e-03 -9.098224062336182e-04 -1.007713240003616e+00
16 28 -1.000283199684763e+00 -1.892383905613245e-03 -9.087459209569965e-04 -1.007710558200331e+00
16 29 -1.000283642767843e+00 -1.893849557871208e-03 -9.073592982136539e-04 -1.007706558790389e+00
16 30 -1.000284229964417e+00 -1.895634886987016e-03 -9.057407692843898e-04 -1.007701416920320e+00
16 31 -1.000284935295519e+00 -1.897662609207280e-03 -9.039855308019933e-04 -1.007695351601660e+00
17 0 -1.000285154173466e+00 -1.900443815539999e-03 -8.974354007057984e-04 -1.007688964940197e+00
17 1 -1.000286005680616e+00 -1.902683309046248e-03 -8.957452896835616e-04 -1.007681832721154e+00
17 2 -1.000286888889959e+00 -1.904910746964734e-03 -8.941997914491147e-04 -1.007674535975367e+00
17 3 -1.000287772828654e+00 -1.907039529662078e-03 -8.928713159900215e-04 -1.007667350976312e+00
17 4 -1.000288627307802e+00 -1.908989168335195e-03 -8.918122272888712e-04 -1.007660544963398e+00
17 5 -1.000289423434730e+00 -1.910687953008905e-03 -8.910533402834882e-04 -1.007654367741604e+00
17 6 -1.000290134111982e+00 -1.912075261627450e-03 -8.906045077839490e-04 -1.007649043648081e+00
17 7 -1.000290734572762e+00 -1.913103409237673e-03 -8.904569497338655e-04 -1.007644764269273e+00
17 8 -1.000291202981251e+00 -1.913738910333807e-03 -8.905869185416706e-04 -1.007641682370313e+00
17 9 -1.000291521117777e+00 -1.913963086869054e-03 -8.909602748367510e-04 -1.007639907307651e+00
17 10 -1.000291675152750e+00 -1.913772045652235e-03 -8.915375310893290e-04 -1.007639501952722e+00
17 11 -1.000291656475680e+00 -1.913176128802565e-03 -8.922788470489758e-04 -1.007640481015943e+00
17 12 -1.000291462495101e+00 -1.912198991979289e-03 -8.931483451775913e-04 -1.007642810643053e+00
17 13 -1.000291097286082e+00 -1.910876473657548e-03 -8.941170713370552e-04 -1.007646409217393e+00
17 14 -1.000290571952928e+00 -1.909255372118321e-03 -8.951640642689971e-04 -1.007651149413304e+00
17 15 -1.000289904598287e+00 -1.907392158671674e-03 -8.962753097098516e-04 -1.007656861663321e+00
17 16 -1.000289119840051e+00 -1.905351576202364e-03 -8.974407430665277e-04 -1.007663339219904e+00
17 17 -1.000288247887182e+00 -1.903205053183118e-03 -8.986498383366561e-04 -1.007670344813548e+00
17 18 -1.000287323259441e+00 -1.901028906537888e-03 -8.998866313254878e-04 -1.007677618589058e+00
17 19 -1.000286383282228e+00 -1.898902353522912e-03 -9.011252224191557e-04 -1.007684886782697e+00
17 20 -1.000285466476746e+00 -1.896905336082945e-03 -9.023268268538399e-04 -1.007691870724689e+00
17 21 -1.000284610905056e+00 -1.895116076960105e-03 -9.034392614987707e-04 -1.007698296186163e+00
17 22 -1.000283852472234e+00 -1.893608215891651e-03 -9.043994003641214e-04 -1.007703903486693e+00
17 23 -1.000283223190481e+00 -1.892447422612771e-03 -9.051386291994392e-04 -1.007708458729363e+00
17 24 -1.000282749479108e+00 -1.891687586359823e-03 -9.055907161233872e-04 -1.007711765929235e+00
17 25 -1.000282450659781e+00 -1.891366957981907e-03 -9.057008930258753e-04 -1.007713678957813e+00
17 26 -1.000282337848023e+00 -1.891504825496830e-03 -9.054345163091664e-04 -1.007714111624492e+00
17 27 -1.000282413416102e+00 -1.892099331863689e-03 -9.047836421802498e-04 -1.007713044165943e+00
17 28 -1.000282671123801e+00 -1.893126888405575e-03 -9.037702424028419e-04 -1.007710524913318e+00
17 29 -1.000283096906103e+00 -1.894543362532112e-03 -9.024454511583700e-04 -1.007706666758782e+00
17 30 -1.000283670190010e+00 -1.896286898949889e-03 -9.008849775703629e-04 -1.007701639014390e+00
17 31 -1.000284365513132e+00 -1.898281938865636e-03 -8.991815038789688e-04 -1.007695656101255e+00
18 0 -1.000284437517627e+00 -1.900793759098509e-03 -8.937684030811997e-04 -1.007689789552452e+00
18 1 -1.000285284688516e+00 -1.903015926201318e-03 -8.921095508305400e-04 -1.007682690196460e+00
18 2 -1.000286168171980e+00 -1.905237748209513e-03 -8.905831665018971e-04 -1.007675389378532e+00
18 3 -1.000287056994700e+00 -1.907372839740240e-03 -8.892605785463574e-04 -1.007668163952165e+00
18 4 -1.000287920813027e+00 -1.909340451846884e-03 -8.881937002637118e-04 -1.007661283067097e+00
18 5 -1.000288730423812e+00 -1.911068141907297e-03 -8.874135866554767e-04 -1.007654999670399e+00
18 6 -1.000289458265443e+00 -1.912494107556536e-03 -8.869310242248959e-04 -1.007649542341877e+00
18 7 -1.000290078960564e+00 -1.913569085518253e-03 -8.867388037665581e-04 -1.007645107848887e+00
18 8 -1.000290569929463e+00 -1.914257683662416e-03 -8.868152825227967e-04 -1.007641854892766e+00
18 9 -1.000290912095543e+00 -1.914539074538227e-03 -8.871288240121618e-04 -1.007639899318177e+00
18 10 -1.000291090689735e+00 -1.914407073783860e-03 -8.876426797606021e-04 -1.007639310799157e+00
18 11 -1.000291096121714e+00 -1.913869704511396e-03 -8.883198053584792e-04 -1.007640110885394e+00
18 12 -1.000290924830093e+00 -1.912948389968427e-03 -8.891270008137551e-04 -1.007642272307283e+00
18 13 -1.000290579979845e+00 -1.911676918505251e-03 -8.900377297949201e-04 -1.007645719523413e+00
18 14 -1.000290071866811e+00 -1.910100284268784e-03 -8.910330989951070e-04 -1.007650330592219e+00
18 15 -1.000289417918180e+00 -1.908273434046619e-03 -8.921007699580017e-04 -1.007655940526161e+00
18 16 -1.000288642232652e+00 -1.906259882387038e-03 -8.932319524673326e-04 -1.007662346275062e+00
18 17 -1.000287774673546e+00 -1.904130137709494e-03 -8.944170054404861e-04 -1.007669313309705e+00
18 18 -1.000286849599322e+00 -1.901959918236415e-03 -8.956404873495685e-04 -1.007676583478337e+00
18 19 -1.000285904361663e+00 -1.899828178682433e-03 -8.968766952326019e-04 -1.007683883601614e+00
18 20 -1.000284977692457e+00 -1.897814951796833e-03 -8.980867519575350e-04 -1.007690934390222e+00
18 21 -1.000284108041500e+00 -1.895998924070616e-03 -8.992181237832195e-04 -1.007697459705341e+00
18 22 -1.000283331867270e+00 -1.894454589323214e-03 -9.002070956144898e-04 -1.007703196597927e+00
18 23 -1.000282681882780e+00 -1.893248866496742e-03 -9.009842296403509e-04 -1.007707906536726e+00
18 24 -1.000282185327797e+00 -1.892437269782015e-03 -9.014822224361346e-04 -1.007711387636134e+00
18 25 -1.000281862427633e+00 -1.892060000985660e-03 -9.016449631472857e-04 -1.007713486825331e+00
18 26 -1.000281725243386e+00 -1.892138547201694e-03 -9.014361788001993e-04 -1.007714110262019e+00
18 27 -1.000281777092936e+00 -1.892673400864627e-03 -9.008460177552879e-04 -1.007713230222006e+00
18 28 -1.000282012641794e+00 -1.893643364991625e-03 -8.998943014561236e-04 -1.007710887193872e+00
18 29 -1.000282418654514e+00 -1.895006629615884e-03 -8.986298313344993e-04 -1.007707186766063e+00
18 30 -1.000282975280961e+00 -1.896703484953730e-03 -8.971258837518290e-04 -1.007702291864820e+00
18 31 -1.000283657652372e+00 -1.898660243673436e-03 -8.954727147409519e-04 -1.007696411741934e+00
19 0 -1.000283604547911e+00 -1.900885040349644e-03 -8.913288053645463e-04 -1.007691055452099e+00
19 1 -1.000284444472539e+00 -1.903084081705034e-03 -8.896987401583362e-04 -1.007684009547605e+00
19 2 -1.000285325224537e+00 -1.905293893165038e-03 -8.881896403895248e-04 -1.007676726336487e+00
19 3 -1.000286215927031e+00 -1.907428506434144e-03 -8.868718560132964e-04 -1.007669482540857e+00
19 4 -1.000287086192061e+00 -1.909407159042707e-03 -8.857968954270395e-04 -1.007662548407854e+00
19 5 -1.000287906628646e+00 -1.911156963441187e-03 -8.849960343518390e-04 -1.007656179124624e+00
19 6 -1.000288649340760e+00 -1.912615254035227e-03 -8.844809108259499e-04 -1.007650606560233e+00
19 7 -1.000289288468392e+00 -1.913731515223939e-03 -8.842457535911695e-04 -1.007646031720032e+00
19 8 -1.000289800802341e+00 -1.914468756288705e-03 -8.842708606627201e-04 -1.007642618388683e+00
19 9 -1.000290166497121e+00 -1.914804260300611e-03 -8.845269282337431e-04 -1.007640488224006e+00
19 10 -1.000290369893734e+00 -1.914729734534760e-03 -8.849797972497726e-04 -1.007639717287999e+00
19 11 -1.000290400424184e+00 -1.914250966929876e-03 -8.855951114500933e-04 -1.007640333875210e+00
19 12 -1.000290253508886e+00 -1.913387124408808e-03 -8.863422911370081e-04 -1.007642317546275e+00
19 13 -1.000289931308241e+00 -1.912169820373360e-03 -8.871972043822834e-04 -1.007645599393082e+00
19 14 -1.000289443179507e+00 -1.910642038900077e-03 -8.881430391815817e-04 -1.007650063661559e+00
19 15 -1.000288805722739e+00 -1.908856941896396e-03 -8.891691523919159e-04 -1.007655550904550e+00
19 16 -1.000288042358717e+00 -1.906876528353512e-03 -8.902680346568371e-04 -1.007661862796014e+00
19 17 -1.000287182452168e+00 -1.904770096869717e-03 -8.914309085335556e-04 -1.007668768559870e+00
19 18 -1.000286260062904e+00 -1.902612493094799e-03 -8.926427990425814e-04 -1.007676012685311e+00
19 19 -1.000285312452989e+00 -1.900482162051200e-03 -8.938781121135982e-04 -1.007683323402633e+00
19 20 -1.000284378472130e+00 -1.898459009950971e-03 -8.950977713519933e-04 -1.007690421504637e+00
19 21 -1.000283496886480e+00 -1.896621997261188e-03 -8.962487834408579e-04 -1.007697029527653e+00
19 22 -1.000282704655334e+00 -1.895046306136247e-03 -8.972667496403375e-04 -1.007702881734929e+00
19 23 -1.000282035156487e+00 -1.893799961393629e-03 -8.980813416545754e-04 -1.007707735344426e+00
19 24 -1.000281516429227e+00 -1.892939982355945e-03 -8.986241540957715e-04 -1.007711382854934e+00
19 25 -1.000281169595501e+00 -1.892508427985673e-03 -8.988377434034477e-04 -1.007713664435387e+00
19 26 -1.000281007667832e+00 -1.892528918905416e-03 -8.986842570983218e-04 -1.007714478668144e+00
19 27 -1.000281034927625e+00 -1.893004260775666e-03 -8.981520223780527e-04 -1.007713789839461e+00
19 28 -1.000281246975573e+00 -1.893915641210431e-03 -8.972588306769894e-04 -1.007711630465015e+00
19 29 -1.000281631446150e+00 -1.895223594023952e-03 -8.960513008688426e-04 -1.007708098603284e+00
19 30 -1.000282169262239e+00 -1.896870603189157e-03 -8.946004499448355e-04 -1.007703350480847e+00
19 31 -1.000282836207399e+00 -1.898784927255873e-03 -8.929942937802035e-04 -1.007697589788341e+00
20 0 -1.000282683995771e+00 -1.900714861064253e-03 -8.901982459357376e-04 -1.007692722523475e+00
20 1 -1.000283513984027e+00 -1.902885766079769e-03 -8.885935568099708e-04 -1.007685749024323e+00
20 2 -1.000284389071241e+00 -1.905077575715150e-03 -8.870993002754247e-04 -1.007678504691848e+00
20 3 -1.000285278572639e+00 -1.907204928157236e-03 -8.857849997950926e-04 -1.007671265392715e+00
20 4 -1.000286152168033e+00 -1.909187296100393e-03 -8.847018273516254e-04 -1.007664301607220e+00
20 5 -1.000286980406054e+00 -1.910951652469317e-03 -8.838812542277438e-04 -1.007657869773668e+00
20 6 -1.000287735194534e+00 -1.912434818055905e-03 -8.833356549927573e-04 -1.007652203977857e+00
20 7 -1.000288390331688e+00 -1.913585396608359e-03 -8.830605083183826e-04 -1.007647508372895e+00
20 8 -1.000288922111163e+00 -1.914365163360315e-03 -8.830378177636356e-04 -1.007643950802947e+00
20 9 -1.000289310029729e+00 -1.914749836682287e-03 -8.832403606346561e-04 -1.007641657874002e+00
20 10 -1.000289537616057e+00 -1.914729268987721e-03 -8.836363314177093e-04 -1.007640711417163e+00
20 11 -1.000289593358935e+00 -1.914307170830054e-03 -8.841938686998761e-04 -1.007641146163577e+00
20 12 -1.000289471647661e+00 -1.913500503410474e-03 -8.848848768537565e-04 -1.007642948531241e+00
20 13 -1.000289173580319e+00 -1.912338652680095e-03 -8.856875481042992e-04 -1.007646056586192e+00
20 14 -1.000288707481554e+00 -1.910862454124475e-03 -8.865871142154372e-04 -1.007650361356621e+00
20 15 -1.000288089005794e+00 -1.909123084413140e-03 -8.875746138032126e-04 -1.007655709704570e+00
20 16 -1.000287340765252e+00 -1.907180790295223e-03 -8.886438096596677e-04 -1.007661908888656e+00
20 17 -1.000286491494182e+00 -1.905103410539511e-03 -8.897867675585779e-04 -1.007668732765084e+00
20 18 -1.000285574829126e+00 -1.902964672813505e-03 -8.909889362401466e-04 -1.007675929305378e+00
20 19 -1.000284627830456e+00 -1.900842282424385e-03 -8.922247637842861e-04 -1.007683228919491e+00
20 20 -1.000283689367906e+00 -1.898815807429773e-03 -8.934548916425459e-04 -1.007690353172277e+00
20 21 -1.000282798439470e+00 -1.896964286291864e-03 -8.946257807282058e-04 -1.007697023895477e+00
20 22 -1.000281992432047e+00 -1.895363404544043e-03 -8.956722721859748e-04 -1.007702973132009e+00
20 23 -1.000281305325046e+00 -1.894082116111313e-03 -8.965230916926271e-04 -1.007707954374228e+00
20 24 -1.000280765904042e+00 -1.893178777324632e-03 -8.971087068977806e-04 -1.007711754987299e+00
20 25 -1.000280396144967e+00 -1.892697148079551e-03 -8.973703548200044e-04 -1.007714208807702e+00
20 26 -1.000280209980735e+00 -1.892662842934503e-03 -8.972686599603427e-04 -1.007715207199674e+00
20 27 -1.000280212638193e+00 -1.893080862802540e-03 -8.967902304468353e-04 -1.007714706728573e+00
20 28 -1.000280400649493e+00 -1.893934688033909e-03 -8.959509765964333e-04 -1.007712732100180e+00
20 29 -1.000280762530575e+00 -1.895187134196577e-03 -8.947955298177247e-04 -1.007709373886850e+00
20 30 -1.000281280004029e+00 -1.896782849843670e-03 -8.933928834133907e-04 -1.007704781532744e+00
20 31 -1.000281929546572e+00 -1.898652045671945e-03 -8.918290761608707e-04 -1.007699152957248e+00
21 0 -1.000281707899277e+00 -1.900289139926883e-03 -8.904051735380314e-04 -1.007694742050270e+00
21 1 -1.000282525518404e+00 -1.902427732442952e-03 -8.888219716147543e-04 -1.007687857958647e+00
21 2 -1.000283392122996e+00 -1.904596032005038e-03 -8.873399320957476e-04 -1.007680672981561e+00
21 3 -1.000284277315130e+00 -1.906709457909444e-03 -8.860279346266136e-04 -1.007673461404079e+00
21 4 -1.000285150955777e+00 -1.908687964309848e-03 -8.849368944789159e-04 -1.007666493041024e+00
21 5 -1.000285983663757e+00 -1.910458699450372e-03 -8.840984436802615e-04 -1.007660024531133e+00
21 6 -1.000286747294256e+00 -1.911958340785536e-03 -8.835255485903365e-04 -1.007654291018577e+00
21 7 -1.000287415452813e+00 -1.913135014539359e-03 -8.832147025029076e-04 -1.007649498605153e+00
21 8 -1.000287964080776e+00 -1.913949668600228e-03 -8.831493174823762e-04 -1.007645818037574e+00
21 9 -1.000288372146378e+00 -1.914376834367549e-03 -8.833039265853621e-04 -1.007643379845309e+00
21 10 -1.000288622468029e+00 -1.914404826331125e-03 -8.836487586483106e-04 -1.007642270822067e+00
21 11 -1.000288702656704e+00 -1.914035507956492e-03 -8.841541650443339e-04 -1.007642531613395e+00
21 12 -1.000288606094006e+00 -1.913283763924481e-03 -8.847943103574965e-04 -1.007644155287726e+00
21 13 -1.000288332797509e+00 -1.912176780517172e-03 -8.855495523618815e-04 -1.007647086982752e+00
21 14 -1.000287890005048e+00 -1.910753183035205e-03 -8.864070677457796e-04 -1.007651224864849e+00
21 15 -1.000287292344049e+00 -1.909062031463494e-03 -8.873595248995248e-04 -1.007656422653720e+00
21 16 -1.000286561519253e+00 -1.907161641041895e-03 -8.884019375967362e-04 -1.007662493863142e+00
21 17 -1.000285725526876e+00 -1.905118184679032e-03 -8.895272075923887e-04 -1.007669217709371e+00
21 18 -1.000284817471164e+00 -1.903004056717755e-03 -8.907211990867634e-04 -1.007676346379776e+00
21 19 -1.000283874105101e+00 -1.900896009488835e-03 -8.919583839015533e-04 -1.007683613171546e+00
21 20 -1.000282934218013e+00 -1.898873065669654e-03 -8.931990915207060e-04 -1.007690741095303e+00
21 21 -1.000282036944005e+00 -1.897014138132614e-03 -8.943892006445959e-04 -1.007697451930313e+00
21 22 -1.000281220005124e+00 -1.895395210562674e-03 -8.954627567383653e-04 -1.007703476150628e+00
21 23 -1.000280517892562e+00 -1.894085954996078e-03 -8.963475136698660e-04 -1.007708564189025e+00
21 24 -1.000279960052095e+00 -1.893145847782272e-03 -8.969728066907336e-04 -1.007712498956986e+00
21 25 -1.000279569234004e+00 -1.892620131134689e-03 -8.972785796100131e-04 -1.007715108633591e+00
21 26 -1.000279360222050e+00 -1.892536201218774e-03 -8.972240014738221e-04 -1.007716278002694e+00
21 27 -1.000279339133042e+00 -1.892901057646689e-03 -8.967940772542046e-04 -1.007715956470392e+00
21 28 -1.000279503392795e+00 -1.893700301899262e-03 -8.960030054146416e-04 -1.007714161380266e+00
21 29 -1.000279842381061e+00 -1.894898892430144e-03 -8.948936549903801e-04 -1.007710976121173e+00
21 30 -1.000280338623326e+00 -1.896443542498416e-03 -8.935332727005122e-04 -1.007706543492140e+00
21 31 -1.000280969312591e+00 -1.898266359154132e-03 -8.920062351806336e-04 -1.007701055604982e+00
22 0 -1.000280710909199e+00 -1.899622459203020e-03 -8.919259877381436e-04 -1.007697056051145e+00
22 1 -1.000281514034283e+00 -1.901725449902377e-03 -8.903603048422349e-04 -1.007690276044594e+00
22 2 -1.000282369511311e+00 -1.903865306682021e-03 -8.888880342700799e-04 -1.007683169643951e+00
22 3 -1.000283247322201e+00 -1.905958387935401e-03 -8.875776074847348e-04 -1.007676008839112e+00
22 4 -1.000284117622464e+00 -1.907925367460656e-03 -8.864797657064007e-04 -1.007669061868256e+00
22 5 -1.000284951232682e+00 -1.909693883193575e-03 -8.856262583619054e-04 -1.007662584488203e+00
22 6 -1.000285720100933e+00 -1.911200846743993e-03 -8.850304774756475e-04 -1.007656811694621e+00
22 7 -1.000286397793275e+00 -1.912394326106011e-03 -8.846896601990290e-04 -1.007651950270811e+00
22 8 -1.000286960051568e+00 -1.913234875940909e-03 -8.845882794918692e-04 -1.007648172614140e+00
22 9 -1.000287385458682e+00 -1.913696259704294e-03 -8.847022323848677e-04 -1.007645612021814e+00
22 10 -1.000287656246572e+00 -1.913765627753282e-03 -8.850033812794380e-04 -1.007644359269504e+00
22 11 -1.000287759243828e+00 -1.913443298396527e-03 -8.854639153466560e-04 -1.007644460177848e+00
22 12 -1.000287686884890e+00 -1.912742291469620e-03 -8.860599391478669e-04 -1.007645914008289e+00
22 13 -1.000287438129999e+00 -1.911687708289261e-03 -8.867737281642573e-04 -1.007648672801047e+00
22 14 -1.000287019117985e+00 -1.910315986645878e-03 -8.875942337205863e-04 -1.007652641953864e+00
22 15 -1.000286443407050e+00 -1.908674013853055e-03 -8.885156569202953e-04 -1.007657682351714e+00
22 16 -1.000285731729076e+00 -1.906818056681980e-03 -8.895342279039112e-04 -1.007663614228500e+00
22 17 -1.000284911260616e+00 -1.904812463000021e-03 -8.906436961767322e-04 -1.007670222726569e+00
22 18 -1.000284014481876e+00 -1.902728109539862e-03 -8.918303799828757e-04 -1.007677264868422e+00
22 19 -1.000283077741126e+00 -1.900640598846956e-03 -8.930688216761197e-04 -1.007684477479531e+00
22 20 -1.000282139646567e+00 -1.898628204526694e-03 -8.943190810408437e-04 -1.007691585670170e+00
22 21 -1.000281239364153e+00 -1.896769501880012e-03 -8.955264872727277e-04 -1.007698311846853e+00
22 22 -1.000280414842045e+00 -1.895140546968219e-03 -8.966243147357896e-04 -1.007704385644527e+00
22 23 -1.000279700969188e+00 -1.893811485408970e-03 -8.975393684424852e-04 -1.007709555234853e+00
22 24 -1.000279127734698e+00 -1.892842649800899e-03 -8.981998835038374e-04 -1.007713599941534e+00
22 25 -1.000278718548160e+00 -1.892280487256113e-03 -8.985445656999410e-04 -1.007716343193320e+00
22 26 -1.000278488937153e+00 -1.892153895257162e-03 -8.985312197291994e-04 -1.007717664095000e+00
22 27 -1.000278445816023e+00 -1.892471602478489e-03 -8.981433844085099e-04 -1.007717505731518e+00
22 28 -1.000278587432307e+00 -1.893221086106442e-03 -8.973937361228617e-04 -1.007715878802009e+00
22 29 -1.000278903982195e+00 -1.894369237964565e-03 -8.963236277530683e-04 -1.007712860061644e+00
22 30 -1.000279378772894e+00 -1.895864671599802e-03 -8.949988594621178e-04 -1.007708586014155e+00
22 31 -1.000279989718079e+00 -1.897641278164810e-03 -8.935024861779040e-04 -1.007703243098657e+00
23 0 -1.000279729436288e+00 -1.898737880349184e-03 -8.946882973177059e-04 -1.007699596219724e+00
23 1 -1.000280516316331e+00 -1.900802941682903e-03 -8.931363650171218e-04 -1.007692932201677e+00
23 2 -1.000281358268028e+00 -1.902910117078705e-03 -8.916718396319942e-04 -1.007685921793431e+00
23 3 -1.000282225742308e+00 -1.904976842456847e-03 -8.903628981373004e-04 -1.007678834007401e+00
23 4 -1.000283089300512e+00 -1.906924734951822e-03 -8.892601878650574e-04 -1.007671934605883e+00
23 5 -1.000283920095203e+00 -1.908682226187862e-03 -8.883955270729857e-04 -1.007665477380470e+00
23 6 -1.000284690312166e+00 -1.910186833972745e-03 -8.877825553799796e-04 -1.007659695958534e+00
23 7 -1.000285373632071e+00 -1.911386989486242e-03 -8.874189595591904e-04 -1.007654796507081e+00
23 8 -1.000285945754610e+00 -1.912243301985564e-03 -8.872898865901050e-04 -1.007650951762513e+00
23 9 -1.000286385031097e+00 -1.912729215650664e-03 -8.873721478885724e-04 -1.007648296531255e+00
23 10 -1.000286673249800e+00 -1.912831139064117e-03 -8.876387620832662e-04 -1.007646924433856e+00
23 11 -1.000286796580490e+00 -1.912548214560069e-03 -8.880632895960772e-04 -1.007646885515581e+00
23 12 -1.000286746607136e+00 -1.911891890453879e-03 -8.886233564086368e-04 -1.007648184518926e+00
23 13 -1.000286521297023e+00 -1.910885386552726e-03 -8.893028141255341e-04 -1.007650779940365e+00
23 14 -1.000286125720194e+00 -1.909563063576099e-03 -8.900921408987418e-04 -1.007654584225915e+00
23 15 -1.000285572363311e+00 -1.907969659999461e-03 -8.909869217075441e-04 -1.007659465478532e+00
23 16 -1.000284880954531e+00 -1.906159344076211e-03 -8.919845485321500e-04 -1.007665250898592e+00
23 17 -1.000284077796332e+00 -1.904194530625646e-03 -8.930796440920264e-04 -1.007671731947290e+00
23 18 -1.000283194672075e+00 -1.902144429171164e-03 -8.942590630224977e-04 -1.007678670977475e+00
23 19 -1.000282267438469e+00 -1.900083314792591e-03 -8.954975304470858e-04 -1.007685808909101e+00
23 20 -1.000281334424174e+00 -1.898088513570305e-03 -8.967549552972446e-04 -1.007692873578919e+00
23 21 -1.000280434717227e+00 -1.896238043950034e-03 -8.979762284513432e-04 -1.007699588720516e+00
23 22 -1.000279606369879e+00 -1.894607789381697e-03 -8.990939520648448e-04 -1.007705683927363e+00
23 23 -1.000278884534760e+00 -1.893268093723429e-03 -9.000340721259076e-04 -1.007710906024178e+00
23 24 -1.000278299601320e+00 -1.892279840235613e-03 -9.007238138447002e-04 -1.007715031773979e+00
23 25 -1.000277875492650e+00 -1.891690351858007e-03 -9.011007491939214e-04 -1.007717880962838e+00
23 26 -1.000277628339631e+00 -1.891529687479738e-03 -9.011214506518597e-04 -1.007719328148152e+00
23 27 -1.000277565727456e+00 -1.891807970286331e-03 -9.007681615799137e-04 -1.007719311179105e+00
23 28 -1.000277686620277e+00 -1.892514240943527e-03 -9.000522519749558e-04 -1.007717835077576e+00
23 29 -1.000277981952982e+00 -1.893617050058263e-03 -8.990138219890510e-04 -1.007714970751701e+00
23 30 -1.000278435767074e+00 -1.895066686841841e-03 -8.977175340973717e-04 -1.007710848971386e+00
23 31 -1.000279026679981e+00 -1.896798661261134e-03 -8.962454646775368e-04 -1.007705650815134e+00
24 0 -1.000278800581082e+00 -1.897666530931827e-03 -8.985758162604674e-04 -1.007702283151103e+00
24 1 -1.000279569918331e+00 -1.899692400646801e-03 -8.970341984595812e-04 -1.007695743726196e+00
24 2 -1.000280396284905e+00 -1.901763502459161e-03 -8.955759237613969e-04 -1.007688844274019e+00
24 3 -1.000281250682959e+00 -1.903798464293706e-03 -8.942690945595261e-04 -1.007681850202362e+00
24 4 -1.000282104185922e+00 -1.905720048969328e-03 -8.931643370609623e-04 -1.007675023937667e+00
24 5 -1.000282928404457e+00 -1.907457766290672e-03 -8.922934861981790e-04 -1.007668616252547e+00
24 6 -1.000283695903483e+00 -1.908950095942471e-03 -8.916702457825795e-04 -1.007662858205997e+00
24 7 -1.000284380630584e+00 -1.910146243771484e-03 -8.912924442420698e-04 -1.007657954053659e+00
24 8 -1.000284958402273e+00 -1.911007322560194e-03 -8.911454879435407e-04 -1.007654075532284e+00
24 9 -1.000285407499637e+00 -1.911506922857114e-03 -8.912066078517016e-04 -1.007651357627237e+00
24 10 -1.000285709425462e+00 -1.911631170176536e-03 -8.914494379220990e-04 -1.007649895538852e+00
24 11 -1.000285849838664e+00 -1.911378456334555e-03 -8.918483639560149e-04 -1.007649742399712e+00
24 12 -1.000285819602105e+00 -1.910759024448648e-03 -8.923820262355218e-04 -1.007650907484728e+00
24 13 -1.000285615793080e+00 -1.909794499717281e-03 -8.930354227306640e-04 -1.007653355032364e+00
24 14 -1.000285242484057e+00 -1.908517362585479e-03 -8.938002331516605e-04 -1.007657004077196e+00
24 15 -1.000284711127666e+00 -1.906970308782453e-03 -8.946732194515590e-04 -1.007661729728821e+00
24 16 -1.000284040453046e+00 -1.905205430594125e-03 -8.956528482561066e-04 -1.007667366165759e+00
24 17 -1.000283255863395e+00 -1.903283160808824e-03 -8.967346367813742e-04 -1.007673711367303e+00
24 18 -1.000282388393957e+00 -1.901270935329417e-03 -8.979060824465489e-04 -1.007680533366747e+00
24 19 -1.000281473336398e+00 -1.899241550826566e-03 -8.991422537820761e-04 -1.007687577651102e+00
24 20 -1.000280548646771e+00 -1.897271198458498e-03 -9.004030939602986e-04 -1.007694575368025e+00
24 21 -1.000279653223340e+00 -1.895437117505377e-03 -9.016332437176071e-04 -1.007701252284253e+00
24 22 -1.000278825091648e+00 -1.893814758582260e-03 -9.027648134554906e-04 -1.007707338800496e+00
24 23 -1.000278099519289e+00 -1.892474362827580e-03 -9.037230610791276e-04 -1.007712581400269e+00
24 24 -1.000277507133344e+00 -1.891477024166692e-03 -9.044343686036058e-04 -1.007716755440403e+00
24 25 -1.000277072200758e+00 -1.890870570311240e-03 -9.048353470071014e-04 -1.007719678330822e+00
24 26 -1.000276811288049e+00 -1.890685832987882e-03 -9.048815272598841e-04 -1.007721221399130e+00
24 27 -1.000276732495052e+00 -1.890933941051639e-03 -9.045540748664167e-04 -1.007721318551766e+00
24 28 -1.000276835366658e+00 -1.891605128285071e-03 -9.038633022958832e-04 -1.007719970321935e+00
24 29 -1.000277111468204e+00 -1.892669270277074e-03 -9.028483378701781e-04 -1.007717242781182e+00
24 30 -1.000277545499640e+00 -1.894078050351177e-03 -9.015730168367268e-04 -1.007713261739466e+00
24 31 -1.000278116740591e+00 -1.895768380526400e-03 -9.001187686795963e-04 -1.007708203414212e+00
25 0 -1.000277960816519e+00 -1.896446860685837e-03 -9.034343961046692e-04 -1.007705026551013e+00
25 1 -1.000278711853063e+00 -1.898433468358678e-03 -9.018999789238356e-04 -1.007698616449893e+00
25 2 -1.000279521017408e+00 -1.900466136481428e-03 -9.004469546896885e-04 -1.007691839723342e+00
25 3 -1.000280359933867e+00 -1.902464769435627e-03 -8.991435078425270e-04 -1.007684957633169e+00
25 4 -1.000281200285027e+00 -1.904353449021202e-03 -8.980403024897925e-04 -1.007678228482509e+00
25 5 -1.000282014257824e+00 -1.906063019213306e-03 -8.971691323278921e-04 -1.007671899034913e+00
25 6 -1.000282774930935e+00 -1.907533250793857e-03 -8.965435793466950e-04 -1.007666196634480e+00
25 7 -1.000283456666287e+00 -1.908714514536483e-03 -8.961612999978428e-04 -1.007661322366712e+00
25 8 -1.000284035554807e+00 -1.909568863905566e-03 -8.960075312198070e-04 -1.007657445637545e+00
25 9 -1.000284489972580e+00 -1.910070503503498e-03 -8.960594021865972e-04 -1.007654700246913e+00
25 10 -1.000284801306051e+00 -1.910205753897924e-03 -8.962905803833081e-04 -1.007653181623512e+00
25 11 -1.000284954870259e+00 -1.909972720350320e-03 -8.966756758549224e-04 -1.007652944706514e+00
25 12 -1.000284940963419e+00 -1.909380863756047e-03 -8.971937693486338e-04 -1.007654002157479e+00
25 13 -1.000284755909577e+00 -1.908450572723468e-03 -8.978305030144286e-04 -1.007656323003519e+00
25 14 -1.000284402892760e+00 -1.907212724215817e-03 -8.985783617459054e-04 -1.007659832144583e+00
25 15 -1.000283892407916e+00 -1.905708159890864e-03 -8.994350143863953e-04 -1.007664411217451e+00
25 16 -1.000283242226593e+00 -1.903986997629309e-03 -9.003998654907080e-04 -1.007669901136684e+00
25 17 -1.000282476859417e+00 -1.902107709001123e-03 -9.014693175022410e-04 -1.007676106376418e+00
25 18 -1.000281626567386e+00 -1.900135905753577e-03 -9.026316100049881e-04 -1.007682800822969e+00
25 19 -1.000280726020851e+00 -1.898142794170912e-03 -9.038623344424573e-04 -1.007689734879095e+00
25 20 -1.000279812719385e+00 -1.896203264525797e-03 -9.051216969892443e-04 -1.007696643519481e+00
25 21 -1.000278925261665e+00 -1.894393560148181e-03 -9.063543407132156e-04 -1.007703255232910e+00
25 22 -1.000278101511926e+00 -1.892788431151693e-03 -9.074921436811852e-04 -1.007709302101824e+00
25 23 -1.000277376695550e+00 -1.891457697700430e-03 -9.084599335030399e-04 -1.007714531334464e+00
25 24 -1.000276781502186e+00 -1.890462299731295e-03 -9.091835033610762e-04 -1.007718718124073e+00
25 25 -1.000276340357012e+00 -1.889850168109447e-03 -9.095987579659419e-04 -1.007721678883439e+00
25 26 -1.000276070074949e+00 -1.889652482736307e-03 -9.096604486085128e-04 -1.007723283164336e+00
25 27 -1.000275979090979e+00 -1.889880947429958e-03 -9.093489374711869e-04 -1.007723462384532e+00
25 28 -1.000276067368133e+00 -1.890526571250564e-03 -9.086737686209940e-04 -1.007722213961701e+00
25 29 -1.000276326964932e+00 -1.891560169447916e-03 -9.076734009907730e-04 -1.007719600342480e+00
25 30 -1.000276743134654e+00 -1.892934485475014e-03 -9.064111551646419e-04 -1.007715743355438e+00
25 31 -1.000277295750361e+00 -1.894587566991022e-03 -9.049681301265534e-04 -1.007710815048548e+00
26 0 -1.000277244446017e+00 -1.895123507696973e-03 -9.090787343518892e-04 -1.007707726923298e+00
26 1 -1.000277977048931e+00 -1.897072106865504e-03 -9.075486007936787e-04 -1.007701446428571e+00
26 2 -1.000278767949352e+00 -1.899065220514459e-03 -9.061001655919881e-04 -1.007694800197887e+00
26 3 -1.000279589447830e+00 -1.901024076321666e-03 -9.048018214919619e-04 -1.007688044929229e+00
26 4 -1.000280413918192e+00 -1.902874210255789e-03 -9.037043084413045e-04 -1.007681434129091e+00
26 5 -1.000281214228398e+00 -1.904548017864234e-03 -9.028393104624016e-04 -1.007675209667712e+00
26 6 -1.000281964093828e+00 -1.905986852684532e-03 -9.022200998987008e-04 -1.007669594122330e+00
26 7 -1.000282638429004e+00 -1.907142606854446e-03 -9.018438504713260e-04 -1.007664784226182e+00
26 8 -1.000283213751318e+00 -1.907978685004875e-03 -9.016952036861220e-04 -1.007660945773033e+00
26 9 -1.000283668696509e+00 -1.908470357673644e-03 -9.017506637621749e-04 -1.007658210025954e+00
26 10 -1.000283984709456e+00 -1.908604617359745e-03 -9.019833392765501e-04 -1.007656671257016e+00
26 11 -1.000284146941137e+00 -1.908379763123284e-03 -9.023674405598631e-04 -1.007656384843785e+00
26 12 -1.000284145302065e+00 -1.907804932201108e-03 -9.028818784235920e-04 -1.007657365544611e+00
26 13 -1.000283975527490e+00 -1.906899688734827e-03 -9.035123876052257e-04 -1.007659586024979e+00
26 14 -1.000283640055551e+00 -1.905693652548946e-03 -9.042518025092861e-04 -1.007662976087994e+00
26 15 -1.000283148536594e+00 -1.904226079806377e-03 -9.050983638755906e-04 -1.007667423153640e+00
26 16 -1.000282517863058e+00 -1.902545299203469e-03 -9.060522126812853e-04 -1.007672774361232e+00
26 17 -1.000281771693996e+00 -1.900707921896980e-03 -9.071105703860801e-04 -1.007678840405177e+00
26 18 -1.000280939518838e+00 -1.898777754175457e-03 -9.082624780145310e-04 -1.007685400984529e+00
26 19 -1.000280055351899e+00 -1.896824353256893e-03 -9.094842138998574e-04 -1.007692211606184e+00
26 20 -1.000279156166343e+00 -1.894921177910378e-03 -9.107364889164437e-04 -1.007699011484578e+00
26 21 -1.000278280158692e+00 -1.893143277293089e-03 -9.119642415375083e-04 -1.007705532467940e+00
26 22 -1.000277464899419e+00 -1.891564438317527e-03 -9.130994405210707e-04 -1.007711509184879e+00
26 23 -1.000276745412885e+00 -1.890253736956448e-03 -9.140668202713649e-04 -1.007716690654775e+00
26 24 -1.000276152271483e+00 -1.889271582594532e-03 -9.147919256514487e-04 -1.007720853193197e+00
26 25 -1.000275709865052e+00 -1.888665590448878e-03 -9.152102940211550e-04 -1.007723813657972e+00
26 26 -1.000275435057970e+00 -1.888466841695964e-03 -9.152762341063559e-04 -1.007725441363517e+00
26 27 -1.000275336424737e+00 -1.888687156329988e-03 -9.149696413605620e-04 -1.007725666802914e+00
26 28 -1.000275414163076e+00 -1.889317866214100e-03 -9.142996267533093e-04 -1.007724485789495e+00
26 29 -1.000275660662481e+00 -1.890330300304069e-03 -9.133043103371701e-04 -1.007721958520230e+00
26 30 -1.000276061597136e+00 -1.891677883784594e-03 -9.120468189869120e-04 -1.007718204000384e+00
26 31 -1.000276597337464e+00 -1.893299488432122e-03 -9.106082269748692e-04 -1.007713390981826e+00
27 0 -1.000276681923230e+00 -1.893745788422609e-03 -9.152993768156790e-04 -1.007710278884600e+00
27 1 -1.000277396656932e+00 -1.895659066936125e-03 -9.137706090198396e-04 -1.007704123338404e+00
27 2 -1.000278168896878e+00 -1.897612947622881e-03 -9.123261966631277e-04 -1.007697610581892e+00
27 3 -1.000278971650585e+00 -1.899529982280545e-03 -9.110348335396289e-04 -1.007690992496844e+00
27 4 -1.000279778043112e+00 -1.901337247843420e-03 -9.099473470699553e-04 -1.007684517282315e+00
27 5 -1.000280561707807e+00 -1.902968858577632e-03 -9.090952289648303e-04 -1.007678421187354e+00
27 6 -1.000281297101680e+00 -1.904367991773571e-03 -9.084912541268452e-04 -1.007672921115409e+00
27 7 -1.000281959815213e+00 -1.905488368567868e-03 -9.081318158114645e-04 -1.007668208392588e+00
27 8 -1.000282526933451e+00 -1.906295111173402e-03 -9.080005561716917e-04 -1.007664444021315e+00
27 9 -1.000282977510503e+00 -1.906764972104748e-03 -9.080728568847966e-04 -1.007661755445048e+00
27 10 -1.000283293224324e+00 -1.906886069188294e-03 -9.083206976835696e-04 -1.007660234419747e+00
27 11 -1.000283459248149e+00 -1.906657368843044e-03 -9.087172777749872e-04 -1.007659935365832e+00
27 12 -1.000283465295494e+00 -1.906088156650549e-03 -9.092407243435369e-04 -1.007660873761136e+00
27 13 -1.000283306698444e+00 -1.905197619705076e-03 -9.098762904965940e-04 -1.007663024609679e+00
27 14 -1.000282985319746e+00 -1.904014523122236e-03 -9.106166620246676e-04 -1.007666321449247e+00
27 15 -1.000282510111294e+00 -1.902576879047707e-03 -9.114602567522070e-04 -1.007670656489901e+00
27 16 -1.000281897200423e+00 -1.900931495352457e-03 -9.124076789342893e-04 -1.007675882313623e+00
27 17 -1.000281169470499e+00 -1.899133308714640e-03 -9.134568282160017e-04 -1.007681815293551e+00
27 18 -1.000280355673284e+00 -1.897244417496904e-03 -9.145975398980595e-04 -1.007688240662291e+00
27 19 -1.000279489157862e+00 -1.895332737326420e-03 -9.158068957290809e-04 -1.007694919025580e+00
27 20 -1.000278606320170e+00 -1.893470215203412e-03 -9.170463319505609e-04 -1.007701594108281e+00
27 21 -1.000277744865404e+00 -1.891730542672916e-03 -9.182613834314364e-04 -1.007708001661262e+00
27 22 -1.000276941946801e+00 -1.890186302445989e-03 -9.193844674016895e-04 -1.007713879667413e+00
27 23 -1.000276232234654e+00 -1.888905514900426e-03 -9.203406180348870e-04 -1.007718980014625e+00
27 24 -1.000275646007266e+00 -1.887947686902845e-03 -9.210555413108437e-04 -1.007723081417760e+00
27 25 -1.000275207425537e+00 -1.887359698103893e-03 -9.214648193267387e-04 -1.007726002630844e+00
27 26 -1.000274933200632e+00 -1.887172077484919e-03 -9.215227252589467e-04 -1.007727614298425e+00
27 27 -1.000274831842754e+00 -1.887396289837373e-03 -9.212090858057398e-04 -1.007727847606119e+00
27 28 -1.000274903587705e+00 -1.888023518064522e-03 -9.205329633792518e-04 -1.007726698355242e+00
27 29 -1.000275140975726e+00 -1.889025152798185e-03 -9.195325036355711e-04 -1.007724225978129e+00
27 30 -1.000275529947507e+00 -1.890354890478423e-03 -9.182709769189030e-04 -1.007720547949847e+00
27 31 -1.000276051250341e+00 -1.891952078809833e-03 -9.168297365278132e-04 -1.007715830752783e+00
28 0 -1.000276298174621e+00 -1.892365895009128e-03 -9.218697328058677e-04 -1.007712575887220e+00
28 1 -1.000276996346917e+00 -1.894248030710274e-03 -9.203391932977823e-04 -1.007706535382898e+00
28 2 -1.000277750285313e+00 -1.896164603253949e-03 -9.188980455006514e-04 -1.007700153627772e+00
28 3 -1.000278533705298e+00 -1.898039435512764e-03 -9.176153463090106e-04 -1.007693677640030e+00
28 4 -1.000279320513792e+00 -1.899801173454965e-03 -9.165419965469145e-04 -1.007687350011571e+00
28 5 -1.000280085166219e+00 -1.901385754700779e-03 -9.157091997475341e-04 -1.007681400851933e+00
28 6 -1.000280802941219e+00 -1.902738356480077e-03 -9.151290501591603e-04 -1.007676040684470e+00
28 7 -1.000281450207327e+00 -1.903814771555507e-03 -9.147968865956534e-04 -1.007671454557835e+00
28 8 -1.000282004741523e+00 -1.904582143779044e-03 -9.146949881708151e-04 -1.007667797664892e+00
28 9 -1.000282446163121e+00 -1.905019067712539e-03 -9.147971672713828e-04 -1.007665192475368e+00
28 10 -1.000282756551567e+00 -1.905115195016640e-03 -9.150737580782523e-04 -1.007663726955409e+00
28 11 -1.000282921288748e+00 -1.904870604465897e-03 -9.154963832399637e-04 -1.007663453204229e+00
28 12 -1.000282930088961e+00 -1.904295194465361e-03 -9.160418020359024e-04 -1.007664386009327e+00
28 13 -1.000282778081250e+00 -1.903408238795478e-03 -9.166942178436555e-04 -1.007666501312479e+00
28 14 -1.000282466745168e+00 -1.902238090336649e-03 -9.174456497005813e-04 -1.007669735051843e+00
28 15 -1.000282004507979e+00 -1.900821919245881e-03 -9.182942525634654e-04 -1.007673983016028e+00
28 16 -1.000281406877511e+00 -1.899205356130457e-03 -9.192407549884167e-04 -1.007679102196339e+00
28 17 -1.000280696070148e+00 -1.897441931443029e-03 -9.202835152722308e-04 -1.007684913842748e+00
28 18 -1.000279900165387e+00 -1.895592214748636e-03 -9.214130749457014e-04 -1.007691208195816e+00
28 19 -1.000279051866015e+00 -1.893722561945200e-03 -9.226073641140193e-04 -1.007697750739534e+00
28 20 -1.000278186963743e+00 -1.891903391376030e-03 -9.238287120529710e-04 -1.007704289803478e+00
28 21 -1.000277342602878e+00 -1.890206925061028e-03 -9.250235217961689e-04 -1.007710565445152e+00
28 22 -1.000276555412138e+00 -1.888704341371850e-03 -9.261250125216113e-04 -1.007716319700626e+00
28 23 -1.000275859568176e+00 -1.887462325686711e-03 -9.270589297869413e-04 -1.007721308296698e+00
28 24 -1.000275284889345e+00 -1.886539134952805e-03 -9.277515872960171e-04 -1.007725313555276e+00
28 25 -1.000274855122141e+00 -1.885980511283861e-03 -9.281390733757274e-04 -1.007728157525541e+00
28 26 -1.000274586626607e+00 -1.885815989687664e-03 -9.281760872252966e-04 -1.007729713716258e+00
28 27 -1.000274487645606e+00 -1.886056213818067e-03 -9.278428379389056e-04 -1.007729915611273e+00
28 28 -1.000274558252596e+00 -1.886691744693564e-03 -9.271487703543272e-04 -1.007728760606394e+00
28 29 -1.000274790949420e+00 -1.887693574154366e-03 -9.261324556467496e-04 -1.007726308898377e+00
28 30 -1.000275171774694e+00 -1.889015242965889e-03 -9.248576661199768e-04 -1.007722677802303e+00
28 31 -1.000275681712944e+00 -1.890596201631328e-03 -9.234063437032721e-04 -1.007718032668869e+00
29 0 -1.000276111093962e+00 -1.891036920018311e-03 -9.285529432243003e-04 -1.007714515865313e+00
29 1 -1.000276794762177e+00 -1.892893550686046e-03 -9.270170897163380e-04 -1.007708575226863e+00
29 2 -1.000277531565643e+00 -1.894776420847487e-03 -9.255779796082903e-04 -1.007702316164122e+00
29 3 -1.000278295894360e+00 -1.896610512147640e-03 -9.243050734145416e-04 -1.007695981017409e+00
29 4 -1.000279062432687e+00 -1.898326000571892e-03 -9.232493133328629e-04 -1.007689806721725e+00
29 5 -1.000279806481067e+00 -1.899860678569360e-03 -9.224415122976418e-04 -1.007684016984393e+00
29 6 -1.000280504188844e+00 -1.901161822021803e-03 -9.218929123134052e-04 -1.007678815493961e+00
29 7 -1.000281132777506e+00 -1.902187458413272e-03 -9.215975569732968e-04 -1.007674380390163e+00
29 8 -1.000281670817433e+00 -1.902906978774806e-03 -9.215360525601853e-04 -1.007670860255431e+00
29 9 -1.000282098621986e+00 -1.903301106317226e-03 -9.216802651946558e-04 -1.007668371617559e+00
29 10 -1.000282398827865e+00 -1.903361371648943e-03 -9.219984442371647e-04 -1.007666997521999e+00
29 11 -1.000282557205384e+00 -1.903089363213606e-03 -9.224601447054775e-04 -1.007666786469873e+00
29 12 -1.000282563667549e+00 -1.902496029859608e-03 -9.230402337190621e-04 -1.007667751169636e+00
29 13 -1.000282413347925e+00 -1.901601192856179e-03 -9.237213335167399e-04 -1.007669867050753e+00
29 14 -1.000282107549622e+00 -1.900433256521480e-03 -9.244942866823570e-04 -1.007673071001646e+00
29 15 -1.000281654369844e+00 -1.899028993875166e-03 -9.253565246010593e-04 -1.007677261006927e+00
29 16 -1.000281068867951e+00 -1.897433261834865e-03 -9.263085134537352e-04 -1.007682297223773e+00
29 17 -1.000280372730420e+00 -1.895698524411506e-03 -9.273487813548463e-04 -1.007688004746376e+00
29 18 -1.000279593459263e+00 -1.893884078302074e-03 -9.284684056540103e-04 -1.007694178064670e+00
29 19 -1.000278763158652e+00 -1.892054877863913e-03 -9.296461247017759e-04 -1.007700587099854e+00
29 20 -1.000277917016047e+00 -1.890279867764796e-03 -9.308452502999761e-04 -1.007706984680539e+00
29 21 -1.000277091570121e+00 -1.888629754250240e-03 -9.320132610070448e-04 -1.007713115396074e+00
29 22 -1.000276322840595e+00 -1.887174170398504e-03 -9.330844851629016e-04 -1.007718725873359e+00
29 23 -1.000275644391885e+00 -1.885978239889767e-03 -9.339857659292956e-04 -1.007723576501515e+00
29 24 -1.000275085435571e+00 -1.885098668360191e-03 -9.346444675344048e-04 -1.007727454283572e+00
29 25 -1.000274669135049e+00 -1.884579697608256e-03 -9.349976613388886e-04 -1.007730185843411e+00
29 26 -1.000274411315379e+00 -1.884449459495215e-03 -9.350009628592980e-04 -1.007731648984705e+00
29 27 -1.000274319759803e+00 -1.884717336799701e-03 -9.346354497130740e-04 -1.007731781010967e+00
29 28 -1.000274394185554e+00 -1.885372814979961e-03 -9.339114148915475e-04 -1.007730582459543e+00
29 29 -1.000274626868009e+00 -1.886386037465618e-03 -9.328682845899186e-04 -1.007728115794105e+00
29 30 -1.000275003769543e+00 -1.887709962928923e-03 -9.315707124986471e-04 -1.007724499555071e+00
29 31 -1.000275505959317e+00 -1.889283759961364e-03 -9.301015489775531e-04 -1.007719899162826e+00
30 0 -1.000276130370139e+00 -1.889810820947944e-03 -9.351085780330343e-04 -1.007716007219574e+00
30 1 -1.000276802297342e+00 -1.891648907840245e-03 -9.335633630373068e-04 -1.007710146343449e+00
30 2 -1.000277523939074e+00 -1.893503323778614e-03 -9.321243877338125e-04 -1.007703995833246e+00
30 3 -1.000278270290266e+00 -1.895300036586002e-03 -9.308615481956715e-04 -1.007697793779155e+00
30 4 -1.000279016770443e+00 -1.896970641960115e-03 -9.298257906584572e-04 -1.007691771679956e+00
30 5 -1.000279739510824e+00 -1.898454738826992e-03 -9.290474392541896e-04 -1.007686146863137e+00
30 6 -1.000280415545621e+00 -1.899701714459540e-03 -9.285367323099202e-04 -1.007681116015487e+00
30 7 -1.000281022992532e+00 -1.900671904689021e-03 -9.282862179763864e-04 -1.007676850016218e+00
30 8 -1.000281541288879e+00 -1.901337083514755e-03 -9.282745819536362e-04 -1.007673490298460e+00
30 9 -1.000281951547118e+00 -1.901680303352044e-03 -9.284714479804703e-04 -1.007671146713251e+00
30 10 -1.000282237097865e+00 -1.901695241368681e-03 -9.288426346623538e-04 -1.007669896447039e+00
30 11 -1.000282384266062e+00 -1.901385329391920e-03 -9.293552344705515e-04 -1.007669783265115e+00
30 12 -1.000282383354166e+00 -1.900762959503036e-03 -9.299817856125189e-04 -1.007670816484072e+00
30 13 -1.000282229707515e+00 -1.899848938306568e-03 -9.307028659514636e-04 -1.007672969579950e+00
30 14 -1.000281924666010e+00 -1.898672184870166e-03 -9.315076731744370e-04 -1.007676178886874e+00
30 15 -1.000281476204043e+00 -1.897269540865484e-03 -9.323924648902327e-04 -1.007680343093741e+00
30 16 -1.000280899121502e+00 -1.895685532744658e-03 -9.333570374237988e-04 -1.007685324127507e+00
30 17 -1.000280214734224e+00 -1.893971952696434e-03 -9.343997503535085e-04 -1.007690949710122e+00
30 18 -1.000279450086831e+00 -1.892187146175164e-03 -9.355119740418313e-04 -1.007697017619883e+00
30 19 -1.000278636759761e+00 -1.890394896200398e-03 -9.366731279596013e-04 -1.007703301564368e+00
30 20 -1.000277809364220e+00 -1.888662803310299e-03 -9.378475030227843e-04 -1.007709558555873e+00
30 21 -1.000277003816650e+00 -1.887060086381504e-03 -9.389837696390954e-04 -1.007715537734074e+00
30 22 -1.000276255471204e+00 -1.885654765414822e-03 -9.400175902530912e-04 -1.007720990650844e+00
30 23 -1.000275597188900e+00 -1.884510245943766e-03 -9.408772247947940e-04 -1.007725682981101e+00
30 24 -1.000275057454392e+00 -1.883681446791754e-03 -9.414914838989129e-04 -1.007729407288408e+00
30 25 -1.000274658704742e+00 -1.883210807166150e-03 -9.417988732899292e-04 -1.007731995864005e+00
30 26 -1.000274416069846e+00 -1.883124701218507e-03 -9.417564080570868e-04 -1.007733332061468e+00
30 27 -1.000274336702002e+00 -1.883430859235381e-03 -9.413465262832019e-04 -1.007733358366599e+00
30 28 -1.000274419785054e+00 -1.884117277651595e-03 -9.405808478351940e-04 -1.007732079872693e+00
30 29 -1.000274657190380e+00 -1.885152831854219e-03 -9.395000989323733e-04 -1.007729562718554e+00
30 30 -1.000275034632346e+00 -1.886489489138660e-03 -9.381702082058039e-04 -1.007725928011700e+00
30 31 -1.000275533105230e+00 -1.888065753512183e-03 -9.366752638678976e-04 -1.007721342460243e+00
31 0 -1.000276356770472e+00 -1.888736398320577e-03 -9.412992682307748e-04 -1.007716974602086e+00
31 1 -1.000277020328982e+00 -1.890563979478615e-03 -9.397401630610703e-04 -1.007711169180778e+00
31 2 -1.000277729528037e+00 -1.892396663655651e-03 -9.382986545175513e-04 -1.007705107699963e+00
31 3 -1.000278459863736e+00 -1.894161176402173e-03 -9.370451098116254e-04 -1.007699024655872e+00
31 4 -1.000279187411357e+00 -1.895790352885290e-03 -9.360304499852731e-04 -1.007693146599750e+00
31 5 -1.000279889080925e+00 -1.897225469133459e-03 -9.352844286626956e-04 -1.007687684794488e+00
31 6 -1.000280542769170e+00 -1.898417947671348e-03 -9.348161586957755e-04 -1.007682829061616e+00
31 7 -1.000281127498895e+00 -1.899330412790450e-03 -9.346165395222701e-04 -1.007678742969959e+00
31 8 -1.000281623616151e+00 -1.899937062361377e-03 -9.346621550172602e-04 -1.007675560553632e+00
31 9 -1.000282013108815e+00 -1.900223385855876e-03 -9.349201761351847e-04 -1.007673384518062e+00
31 10 -1.000282280113148e+00 -1.900185388143851e-03 -9.353537463485228e-04 -1.007672285483764e+00
31 11 -1.000282411654688e+00 -1.899828602313366e-03 -9.359272112157386e-04 -1.007672301528191e+00
31 12 -1.000282398601420e+00 -1.899167195427711e-03 -9.366104527205040e-04 -1.007673437394855e+00
31 13 -1.000282236709164e+00 -1.898223354238330e-03 -9.373816379186741e-04 -1.007675663238685e+00
31 14 -1.000281927565654e+00 -1.897026952658880e-03 -9.382279251018152e-04 -1.007678913350732e+00
31 15 -1.000281479233741e+00 -1.895615363860050e-03 -9.391439919638583e-04 -1.007683085594532e+00
31 16 -1.000280906452684e+00 -1.894033243737950e-03 -9.401285682505646e-04 -1.007688042184788e+00
31 17 -1.000280230342120e+00 -1.892332141994884e-03 -9.411794839594338e-04 -1.007693612127616e+00
31 18 -1.000279477629239e+00 -1.890569824693577e-03 -9.422881065099710e-04 -1.007699595367844e+00
31 19 -1.000278679469481e+00 -1.888809196220869e-03 -9.434343315128754e-04 -1.007705768561898e+00
31 20 -1.000277869952773e+00 -1.887116713905376e-03 -9.445833304753035e-04 -1.007711892384763e+00
31 21 -1.000277084386002e+00 -1.885560214892626e-03 -9.456849775503240e-04 -1.007717720325504e+00
31 22 -1.000276357432133e+00 -1.884206118973644e-03 -9.466763884273509e-04 -1.007723008965070e+00
31 23 -1.000275721189838e+00 -1.883116039087642e-03 -9.474874596528544e-04 -1.007727529649235e+00
31 24 -1.000275203329713e+00 -1.882342953145759e-03 -9.480487582808227e-04 -1.007731081137438e+00
31 25 -1.000274825452428e+00 -1.881927274400785e-03 -9.483006077846409e-04 -1.007733502235609e+00
31 26 -1.000274601864797e+00 -1.881893339280746e-03 -9.482018571445508e-04 -1.007734682862461e+00
31 27 -1.000274538946637e+00 -1.882246902076233e-03 -9.477367653148867e-04 -1.007734571824348e+00
31 28 -1.000274635196525e+00 -1.882974115883503e-03 -9.469187407337565e-04 -1.007733179988914e+00
31 29 -1.000274881922657e+00 -1.884042215672968e-03 -9.457902486222365e-04 -1.007730578425484e+00
31 30 -1.000275264428915e+00 -1.885401800589847e-03 -9.444188869487220e-04 -1.007726892054775e+00
31 31 -1.000275763474078e+00 -1.886990342916761e-03 -9.428903147001511e-04 -1.007722290062190e+00
