4.393820950025013e-07
1.000000000000000e-12
1.000000000000000e-17
3.539084466688702e-01
1.942054854000379e-01
-7.893827160493825e-01
-1.500017464083440e+00
1.901109735892602e-07
32
32
-1.053497942386831e-02
1
0 0 -1.000280140140863e+00 -1.891964807318250e-03 -9.356207304455665e-04 -1.007703424965610e+00
0 1 -1.000280473021170e+00 -1.892854854057980e-03 -9.349244347251597e-04 -1.007700584434819e+00
0 2 -1.000280827205255e+00 -1.893746692893478e-03 -9.342698358343667e-04 -1.007697633353956e+00
0 3 -1.000281189622670e+00 -1.894605365994090e-03 -9.336856489227113e-04 -1.007694685584669e+00
0 4 -1.000281547167430e+00 -1.895397946156587e-03 -9.331952167308884e-04 -1.007691852977242e+00
0 5 -1.000281887071005e+00 -1.896094774227672e-03 -9.328155413468948e-04 -1.007689241331266e+00
0 6 -1.000282197241382e+00 -1.896670473438549e-03 -9.325569417509285e-04 -1.007686946801701e+00
0 7 -1.000282466578663e+00 -1.897104720161662e-03 -9.324232932557891e-04 -1.007685052821917e+00
0 8 -1.000282685277583e+00 -1.897382767400774e-03 -9.324127488141116e-04 -1.007683627582532e+00
0 9 -1.000282845123722e+00 -1.897495733192848e-03 -9.325188014232389e-04 -1.007682722074077e+00
0 10 -1.000282939783923e+00 -1.897440679716065e-03 -9.327315211178128e-04 -1.007682368677050e+00
0 11 -1.000282965083288e+00 -1.897220517783226e-03 -9.330387901486642e-04 -1.007682580271030e+00
0 12 -1.000282919252339e+00 -1.896843772879703e-03 -9.334273695059170e-04 -1.007683349840101e+00
0 13 -1.000282803120212e+00 -1.896324242118167e-03 -9.338836623314803e-04 -1.007684650573231e+00
0 14 -1.000282620225455e+00 -1.895680558831923e-03 -9.343940937022113e-04 -1.007686436485201e+00
0 15 -1.000282376817067e+00 -1.894935667794098e-03 -9.349450948885098e-04 -1.007688643601394e+00
0 16 -1.000282081725357e+00 -1.894116203654252e-03 -9.355227537979566e-04 -1.007691191748269e+00
0 17 -1.000281746093273e+00 -1.893251760153288e-03 -9.361122614774107e-04 -1.007693986970680e+00
0 18 -1.000281382971497e+00 -1.892374037900354e-03 -9.366973357835507e-04 -1.007696924565311e+00
0 19 -1.000281006792554e+00 -1.891515863288094e-03 -9.372598254801332e-04 -1.007699892684700e+00
0 20 -1.000280632748887e+00 -1.890710080210248e-03 -9.377796821228017e-04 -1.007702776432442e+00
0 21 -1.000280276107307e+00 -1.889988329689273e-03 -9.382354321369453e-04 -1.007705462335653e+00
0 22 -1.000279951497508e+00 -1.889379750293813e-03 -9.386051954514951e-04 -1.007707843041262e+00
0 23 -1.000279672216248e+00 -1.888909653635958e-03 -9.388681940772211e-04 -1.007709822035323e+00
0 24 -1.000279449591190e+00 -1.888598251880989e-03 -9.390065915934483e-04 -1.007711318132890e+00
0 25 -1.000279292447947e+00 -1.888459533051966e-03 -9.390074220011419e-04 -1.007712269443839e+00
0 26 -1.000279206718767e+00 -1.888500388118525e-03 -9.388643223900822e-04 -1.007712636507666e+00
0 27 -1.000279195220381e+00 -1.888720085639406e-03 -9.385787906542202e-04 -1.007712404324833e+00
0 28 -1.000279257612700e+00 -1.889110163477238e-03 -9.381607480288224e-04 -1.007711583097232e+00
0 29 -1.000279390531714e+00 -1.889654766486847e-03 -9.376282855972411e-04 -1.007710207612752e+00
0 30 -1.000279587872563e+00 -1.890331411785335e-03 -9.370065950090653e-04 -1.007708335344170e+00
0 31 -1.000279841185478e+00 -1.891112118681508e-03 -9.363262036122636e-04 -1.007706043452451e+00
1 0 -1.000280386809005e+00 -1.891592327665752e-03 -9.379294083212812e-04 -1.007703555399554e+00
1 1 -1.000280719703059e+00 -1.892484105113824e-03 -9.372277424011483e-04 -1.007700713801997e+00
1 2 -1.000281072871558e+00 -1.893375058972327e-03 -9.365706592296716e-04 -1.007697769794026e+00
1 3 -1.000281433283832e+00 -1.894230264877104e-03 -9.359869922962817e-04 -1.007694836931149e+00
1 4 -1.000281787912251e+00 -1.895016933513675e-03 -9.355000810198342e-04 -1.007692026446450e+00
1 5 -1.000282124101937e+00 -1.895705642052675e-03 -9.351268001280367e-04 -1.007689443241818e+00
1 6 -1.000282429905200e+00 -1.896271338089023e-03 -9.348772207476511e-04 -1.007687182335500e+00
1 7 -1.000282694391430e+00 -1.896694096216326e-03 -9.347548595733159e-04 -1.007685325834725e+00
1 8 -1.000282907942958e+00 -1.896959624178832e-03 -9.347574159185122e-04 -1.007683940470033e+00
1 9 -1.000283062543890e+00 -1.897059531635915e-03 -9.348778549096755e-04 -1.007683075697045e+00
1 10 -1.000283152062736e+00 -1.896991388524499e-03 -9.351056686748824e-04 -1.007682762346398e+00
1 11 -1.000283172521598e+00 -1.896758608950112e-03 -9.354281374200923e-04 -1.007683011790634e+00
1 12 -1.000283122335815e+00 -1.896370197736382e-03 -9.358314221996324e-04 -1.007683815603306e+00
1 13 -1.000283002500176e+00 -1.895840389697965e-03 -9.363013537565065e-04 -1.007685145707632e+00
1 14 -1.000282816693530e+00 -1.895188198983728e-03 -9.368238355627730e-04 -1.007686955039024e+00
1 15 -1.000282571274740e+00 -1.894436882001902e-03 -9.373848477564355e-04 -1.007689178763593e+00
1 16 -1.000282275149739e+00 -1.893613306648428e-03 -9.379701128157102e-04 -1.007691736094188e+00
1 17 -1.000281939500351e+00 -1.892747215058403e-03 -9.385645528475110e-04 -1.007694532726080e+00
1 18 -1.000281577378125e+00 -1.891870367233027e-03 -9.391517200783696e-04 -1.007697463882566e+00
1 19 -1.000281203178357e+00 -1.891015558027083e-03 -9.397134040952634e-04 -1.007700417924915e+00
1 20 -1.000280832019348e+00 -1.890215509406984e-03 -9.402296031601222e-04 -1.007703280446111e+00
1 21 -1.000280479059298e+00 -1.889501653345926e-03 -9.406789921100617e-04 -1.007705938733195e+00
1 22 -1.000280158788539e+00 -1.888902838340880e-03 -9.410399338266559e-04 -1.007708286443801e+00
1 23 -1.000279884338691e+00 -1.888444013905585e-03 -9.412919785291599e-04 -1.007710228295174e+00
1 24 -1.000279666852621e+00 -1.888144970049302e-03 -9.414176923708615e-04 -1.007711684512552e+00
1 25 -1.000279514958552e+00 -1.888019227413716e-03 -9.414045737444287e-04 -1.007712594742782e+00
1 26 -1.000279434386407e+00 -1.888073181572317e-03 -9.412467715003370e-04 -1.007712921128319e+00
1 27 -1.000279427753573e+00 -1.888305596502178e-03 -9.409463263664607e-04 -1.007712650272403e+00
1 28 -1.000279494531468e+00 -1.888707515950760e-03 -9.405137157692029e-04 -1.007711793911443e+00
1 29 -1.000279631185943e+00 -1.889262620831690e-03 -9.399675816777885e-04 -1.007710388233088e+00
1 30 -1.000279831467111e+00 -1.889948013434314e-03 -9.393336419548163e-04 -1.007708491914005e+00
1 31 -1.000280086810984e+00 -1.890735364669825e-03 -9.386429055381476e-04 -1.007706183071043e+00
2 0 -1.000280704739955e+00 -1.891342169869523e-03 -9.397643244431888e-04 -1.007703415392721e+00
2 1 -1.000281038502934e+00 -1.892237516424359e-03 -9.390566046328946e-04 -1.007700566647930e+00
2 2 -1.000281391480787e+00 -1.893129436382907e-03 -9.383963824129501e-04 -1.007697623761078e+00
2 3 -1.000281750650478e+00 -1.893982970434108e-03 -9.378126288632824e-04 -1.007694700204524e+00
2 4 -1.000282103032042e+00 -1.894765398800637e-03 -9.373286977686464e-04 -1.007691906810925e+00
2 5 -1.000282436056450e+00 -1.895447469379994e-03 -9.369613524339163e-04 -1.007689347786151e+00
2 6 -1.000282737896818e+00 -1.896004394016880e-03 -9.367204304937700e-04 -1.007687117189367e+00
2 7 -1.000282997773798e+00 -1.896416593523354e-03 -9.366091031526697e-04 -1.007685295946737e+00
2 8 -1.000283206245824e+00 -1.896670189162444e-03 -9.366246277741697e-04 -1.007683949432992e+00
2 9 -1.000283355491382e+00 -1.896757254406192e-03 -9.367594507853285e-04 -1.007683125624833e+00
2 10 -1.000283439584318e+00 -1.896675854638781e-03 -9.370024916441756e-04 -1.007682853805482e+00
2 11 -1.000283454755206e+00 -1.896429911491162e-03 -9.373404288282338e-04 -1.007683143787631e+00
2 12 -1.000283399622933e+00 -1.896028929872724e-03 -9.377588184294916e-04 -1.007683985628021e+00
2 13 -1.000283275372970e+00 -1.895487618725724e-03 -9.382429080873594e-04 -1.007685349829000e+00
2 14 -1.000283085854475e+00 -1.894825423573970e-03 -9.387780627980276e-04 -1.007687188049840e+00
2 15 -1.000282837569597e+00 -1.894065974766222e-03 -9.393497883431521e-04 -1.007689434368781e+00
2 16 -1.000282539535002e+00 -1.893236444279130e-03 -9.399434129441029e-04 -1.007692007136604e+00
2 17 -1.000282203006482e+00 -1.892366798330850e-03 -9.405435570683123e-04 -1.007694811443369e+00
2 18 -1.000281841069943e+00 -1.891488933187540e-03 -9.411335728769069e-04 -1.007697742188322e+00
2 19 -1.000281468113991e+00 -1.890635686793512e-03 -9.416951565964876e-04 -1.007700687706728e+00
2 20 -1.000281099209277e+00 -1.889839728462169e-03 -9.422083210340525e-04 -1.007703533871630e+00
2 21 -1.000280749427121e+00 -1.889132342404059e-03 -9.426518610694437e-04 -1.007706168553448e+00
2 22 -1.000280433135102e+00 -1.888542138361804e-03 -9.430043597553135e-04 -1.007708486281547e+00
2 23 -1.000280163311039e+00 -1.888093743762704e-03 -9.432456798376408e-04 -1.007710392905491e+00
2 24 -1.000279950919013e+00 -1.887806554296194e-03 -9.433587823125700e-04 -1.007711810003108e+00
2 25 -1.000279804390513e+00 -1.887693638378157e-03 -9.433316302414694e-04 -1.007712678742104e+00
2 26 -1.000279729248534e+00 -1.887760898579727e-03 -9.431588919677809e-04 -1.007712962892345e+00
2 27 -1.000279727901462e+00 -1.888006584282455e-03 -9.428431653701416e-04 -1.007712650722806e+00
2 28 -1.000279799617721e+00 -1.888421223342930e-03 -9.423955038903032e-04 -1.007711755603166e+00
2 29 -1.000279940673916e+00 -1.888988000036416e-03 -9.418351242778017e-04 -1.007710315252331e+00
2 30 -1.000280144651790e+00 -1.889683559344141e-03 -9.411882966476010e-04 -1.007708389711186e+00
2 31 -1.000280402846196e+00 -1.890479173032234e-03 -9.404865376049175e-04 -1.007706058236468e+00
3 0 -1.000281081186124e+00 -1.891224545519753e-03 -9.410527798672738e-04 -1.007703009881758e+00
3 1 -1.000281416643227e+00 -1.892125167699137e-03 -9.403385441306118e-04 -1.007700148168950e+00
3 2 -1.000281770267285e+00 -1.893019875770539e-03 -9.396746256030066e-04 -1.007697200384009e+00
3 3 -1.000282129010223e+00 -1.893873608082659e-03 -9.390901483697358e-04 -1.007694280143022e+00
3 4 -1.000282479906912e+00 -1.894653642970926e-03 -9.386084991082217e-04 -1.007691498111627e+00
3 5 -1.000282810442736e+00 -1.895330826350166e-03 -9.382463516063503e-04 -1.007688958029930e+00
3 6 -1.000283108883107e+00 -1.895880563421555e-03 -9.380133354310802e-04 -1.007686753214555e+00
3 7 -1.000283364575779e+00 -1.896283555388351e-03 -9.379123047895255e-04 -1.007684963602894e+00
3 8 -1.000283568236757e+00 -1.896526279572150e-03 -9.379401053678461e-04 -1.007683653371799e+00
3 9 -1.000283712227087e+00 -1.896601227325456e-03 -9.380886951287452e-04 -1.007682869133450e+00
3 10 -1.000283790821620e+00 -1.896506927712231e-03 -9.383464492949880e-04 -1.007682638687435e+00
3 11 -1.000283800462798e+00 -1.896247794052299e-03 -9.386994697620372e-04 -1.007682970295792e+00
3 12 -1.000283739983929e+00 -1.895833832268791e-03 -9.391327280065220e-04 -1.007683852452461e+00
3 13 -1.000283610778819e+00 -1.895280243129058e-03 -9.396309023514598e-04 -1.007685254140103e+00
3 14 -1.000283416890422e+00 -1.894606937145349e-03 -9.401788249390897e-04 -1.007687125595295e+00
3 15 -1.000283164992198e+00 -1.893837966270520e-03 -9.407615239467290e-04 -1.007689399622175e+00
3 16 -1.000282864242581e+00 -1.893000865465371e-03 -9.413639216715211e-04 -1.007691993494158e+00
3 17 -1.000282526003714e+00 -1.892125891870261e-03 -9.419703179420404e-04 -1.007694811463512e+00
3 18 -1.000282163428065e+00 -1.891245149510142e-03 -9.425638396272678e-04 -1.007697747866858e+00
3 19 -1.000281790928338e+00 -1.890391592506872e-03 -9.431260592793187e-04 -1.007700690778908e+00
3 20 -1.000281423555945e+00 -1.889597909294519e-03 -9.436369705082770e-04 -1.007703526131048e+00
3 21 -1.000281076320597e+00 -1.888895304050162e-03 -9.440754533740505e-04 -1.007706142175744e+00
3 22 -1.000280763488673e+00 -1.888312209128309e-03 -9.444202774981430e-04 -1.007708434138997e+00
3 23 -1.000280497901626e+00 -1.887872983129403e-03 -9.446515875712635e-04 -1.007710308857859e+00
3 24 -1.000280290357787e+00 -1.887596671284663e-03 -9.447527129076186e-04 -1.007711689150925e+00
3 25 -1.000280149100321e+00 -1.887495923180288e-03 -9.447120595111446e-04 -1.007712517630132e+00
3 26 -1.000280079448862e+00 -1.887576170437840e-03 -9.445247990066295e-04 -1.007712759653034e+00
3 27 -1.000280083601327e+00 -1.887835158022042e-03 -9.441940761457556e-04 -1.007712405152396e+00
3 28 -1.000280160616535e+00 -1.888262896115905e-03 -9.437315157183120e-04 -1.007711469166839e+00
3 29 -1.000280306570069e+00 -1.888842058887548e-03 -9.431569091111898e-04 -1.007709991018795e+00
3 30 -1.000280514858538e+00 -1.889548809366113e-03 -9.424970817553874e-04 -1.007708032220431e+00
3 31 -1.000280776614282e+00 -1.890353985039930e-03 -9.417840632912264e-04 -1.007705673307569e+00
4 0 -1.000281501044090e+00 -1.891244328478882e-03 -9.417420497025069e-04 -1.007702355738242e+00
4 1 -1.000281838953522e+00 -1.892151722170046e-03 -9.410211096426959e-04 -1.007699475760140e+00
4 2 -1.000282194034917e+00 -1.893050927660147e-03 -9.403530894140964e-04 -1.007696517263633e+00
4 3 -1.000282553183530e+00 -1.893906717811576e-03 -9.397672756582797e-04 -1.007693594228643e+00
4 4 -1.000282903415719e+00 -1.894686297987709e-03 -9.392871058176251e-04 -1.007690817392565e+00
4 5 -1.000283232237619e+00 -1.895360535563517e-03 -9.389291909513075e-04 -1.007688290277964e+00
4 6 -1.000283527974580e+00 -1.895904950399888e-03 -9.387029878008531e-04 -1.007686105705107e+00
4 7 -1.000283780072108e+00 -1.896300447181992e-03 -9.386110756997537e-04 -1.007684342854044e+00
4 8 -1.000283979378985e+00 -1.896533788051109e-03 -9.386499356535513e-04 -1.007683064908491e+00
4 9 -1.000284118419854e+00 -1.896597820092457e-03 -9.388110871230977e-04 -1.007682317284064e+00
4 10 -1.000284191658332e+00 -1.896491485977722e-03 -9.390824120228775e-04 -1.007682126419579e+00
4 11 -1.000284195743795e+00 -1.896219655322662e-03 -9.394494849884748e-04 -1.007682499097701e+00
4 12 -1.000284129726486e+00 -1.895792816263245e-03 -9.398967375540767e-04 -1.007683422265544e+00
4 13 -1.000283995218231e+00 -1.895226659949265e-03 -9.404083159833807e-04 -1.007684863346822e+00
4 14 -1.000283796471886e+00 -1.894541577305181e-03 -9.409685475777540e-04 -1.007686771064731e+00
4 15 -1.000283540353717e+00 -1.893762072731667e-03 -9.415620007580187e-04 -1.007689076813688e+00
4 16 -1.000283236189502e+00 -1.892916088381383e-03 -9.421731990982735e-04 -1.007691696617491e+00
4 17 -1.000282895476005e+00 -1.892034227383200e-03 -9.427861180755035e-04 -1.007694533691303e+00
4 18 -1.000282531461845e+00 -1.891148864627858e-03 -9.433836448372615e-04 -1.007697481592814e+00
4 19 -1.000282158613604e+00 -1.890293138699908e-03 -9.439472041149555e-04 -1.007700427912231e+00
4 20 -1.000281791992527e+00 -1.889499827949315e-03 -9.444567382352971e-04 -1.007703258415608e+00
4 21 -1.000281446574333e+00 -1.888800127368012e-03 -9.448911745613614e-04 -1.007705861520857e+00
4 22 -1.000281136549664e+00 -1.888222360488490e-03 -9.452294276996258e-04 -1.007708132947346e+00
4 23 -1.000280874646289e+00 -1.887790681194269e-03 -9.454518808464837e-04 -1.007709980335364e+00
4 24 -1.000280671516180e+00 -1.887523842030128e-03 -9.455421880761171e-04 -1.007711327583734e+00
4 25 -1.000280535229854e+00 -1.887434123594600e-03 -9.454891564012615e-04 -1.007712118615753e+00
4 26 -1.000280470915035e+00 -1.887526527048439e-03 -9.452884220086693e-04 -1.007712320275213e+00
4 27 -1.000280480565850e+00 -1.887798322834880e-03 -9.449436420448590e-04 -1.007711924092175e+00
4 28 -1.000280563032979e+00 -1.888239021908936e-03 -9.444669826399130e-04 -1.007710946745237e+00
4 29 -1.000280714187052e+00 -1.888830794929611e-03 -9.438787840387529e-04 -1.007709429170012e+00
4 30 -1.000280927230208e+00 -1.889549317542984e-03 -9.432064054162235e-04 -1.007707434398491e+00
4 31 -1.000281193117577e+00 -1.890364975273755e-03 -9.424823726665357e-04 -1.007705044333066e+00
5 0 -1.000281947529406e+00 -1.891400807893188e-03 -9.418019089475568e-04 -1.007701480941048e+00
5 1 -1.000282288547960e+00 -1.892316188545056e-03 -9.410743879036351e-04 -1.007698578165107e+00
5 2 -1.000282645835543e+00 -1.893221409684673e-03 -9.404020591774992e-04 -1.007695603611880e+00
5 3 -1.000283006201619e+00 -1.894081022608205e-03 -9.398143744565203e-04 -1.007692671828699e+00
5 4 -1.000283356611633e+00 -1.894862092017563e-03 -9.393348379800185e-04 -1.007689893858442e+00
5 5 -1.000283684558087e+00 -1.895535429804564e-03 -9.389800278444844e-04 -1.007687373261001e+00
5 6 -1.000283978391524e+00 -1.896076587632215e-03 -9.387592703969845e-04 -1.007685202624683e+00
5 7 -1.000284227621919e+00 -1.896466588973612e-03 -9.386749232684342e-04 -1.007683460632808e+00
5 8 -1.000284423200751e+00 -1.896692398447844e-03 -9.387231645412829e-04 -1.007682209719659e+00
5 9 -1.000284557790801e+00 -1.896747142757677e-03 -9.388951431983647e-04 -1.007681494319525e+00
5 10 -1.000284626024738e+00 -1.896630111870839e-03 -9.391783191693769e-04 -1.007681339687203e+00
5 11 -1.000284624745780e+00 -1.896346578476793e-03 -9.395578106947585e-04 -1.007681751255727e+00
5 12 -1.000284553215199e+00 -1.895907475367554e-03 -9.400175759280135e-04 -1.007682714502208e+00
5 13 -1.000284413264163e+00 -1.895328963509089e-03 -9.405412883133591e-04 -1.007684195313395e+00
5 14 -1.000284209363515e+00 -1.894631910688729e-03 -9.411128201662552e-04 -1.007686140868250e+00
5 15 -1.000283948586335e+00 -1.893841286418839e-03 -9.417163188960720e-04 -1.007688481072313e+00
5 16 -1.000283640444734e+00 -1.892985467678535e-03 -9.423359352455873e-04 -1.007691130578165e+00
5 17 -1.000283296592995e+00 -1.892095444486474e-03 -9.429553321061405e-04 -1.007693991406852e+00
5 18 -1.000282930401651e+00 -1.891203914519169e-03 -9.435571544410983e-04 -1.007696956152773e+00
5 19 -1.000282556418726e+00 -1.890344261244282e-03 -9.441226635043252e-04 -1.007699911718076e+00
5 20 -1.000282189743781e+00 -1.889549419489368e-03 -9.446317229458431e-04 -1.007702743487825e+00
5 21 -1.000281845347199e+00 -1.888850645648042e-03 -9.450632696919828e-04 -1.007705339823693e+00
5 22 -1.000281537372021e+00 -1.888276226882211e-03 -9.453963167951907e-04 -1.007707596716753e+00
5 23 -1.000281278459220e+00 -1.887850184291210e-03 -9.456114327458353e-04 -1.007709422395397e+00
5 24 -1.000281079139319e+00 -1.887591046739026e-03 -9.456925390848035e-04 -1.007710741636632e+00
5 25 -1.000280947332354e+00 -1.887510789768786e-03 -9.456287848911721e-04 -1.007711499492174e+00
5 26 -1.000280887992819e+00 -1.887614041089794e-03 -9.454162121139827e-04 -1.007711664133796e+00
5 27 -1.000280902925493e+00 -1.887897645028488e-03 -9.450589328658844e-04 -1.007711228560660e+00
5 28 -1.000280990782499e+00 -1.888350651576561e-03 -9.445695996528067e-04 -1.007710210998042e+00
5 29 -1.000281147233763e+00 -1.888954754689954e-03 -9.439690503767738e-04 -1.007708653940274e+00
5 30 -1.000281365285509e+00 -1.889685156842009e-03 -9.432851320655251e-04 -1.007706621926682e+00
5 31 -1.000281635708229e+00 -1.890511792168211e-03 -9.425508278940827e-04 -1.007704198258342e+00
6 0 -1.000282402916837e+00 -1.891687700831109e-03 -9.412263740423531e-04 -1.007700423088089e+00
6 1 -1.000282747570157e+00 -1.892611947042589e-03 -9.404927248032631e-04 -1.007697493950622e+00
6 2 -1.000283107717078e+00 -1.893524442397300e-03 -9.398161125394255e-04 -1.007694498701057e+00
6 3 -1.000283470055955e+00 -1.894389470053587e-03 -9.392261486590201e-04 -1.007691552632436e+00
6 4 -1.000283821471217e+00 -1.895173892597480e-03 -9.387464167630126e-04 -1.007688767312096e+00
6 5 -1.000284149408156e+00 -1.895848392505651e-03 -9.383934921400437e-04 -1.007686246587607e+00
6 6 -1.000284442207008e+00 -1.896388469962429e-03 -9.381766174268168e-04 -1.007684083085985e+00
6 7 -1.000284689406471e+00 -1.896775178311512e-03 -9.380979901615820e-04 -1.007682355272431e+00
6 8 -1.000284882026485e+00 -1.896995594329297e-03 -9.381535596557002e-04 -1.007681125104980e+00
6 9 -1.000285012836900e+00 -1.897043037146546e-03 -9.383341876623991e-04 -1.007680436290790e+00
6 10 -1.000285076613013e+00 -1.896917064323330e-03 -9.386270002212187e-04 -1.007680313123556e+00
6 11 -1.000285070371259e+00 -1.896623283066001e-03 -9.390167478293991e-04 -1.007680759868574e+00
6 12 -1.000284993569869e+00 -1.896173016116710e-03 -9.394870007564490e-04 -1.007681760667169e+00
6 13 -1.000284848252153e+00 -1.895582855160591e-03 -9.400210388035846e-04 -1.007683279952025e+00
6 14 -1.000284639106514e+00 -1.894874122266617e-03 -9.406023491388468e-04 -1.007685263388696e+00
6 15 -1.000284373418754e+00 -1.894072246109883e-03 -9.412147157029061e-04 -1.007687639374385e+00
6 16 -1.000284060898908e+00 -1.893206048581261e-03 -9.418419592289339e-04 -1.007690321124443e+00
6 17 -1.000283713375374e+00 -1.892306931544660e-03 -9.424674567809099e-04 -1.007693209358125e+00
6 18 -1.000283344361392e+00 -1.891407953739317e-03 -9.430736216002337e-04 -1.007696195562713e+00
6 19 -1.000282968510594e+00 -1.890542793336644e-03 -9.436415460164106e-04 -1.007699165778182e+00
6 20 -1.000282600987541e+00 -1.889744601116566e-03 -9.441509942304135e-04 -1.007702004810193e+00
6 21 -1.000282256785743e+00 -1.889044762057745e-03 -9.445808775021403e-04 -1.007704600747305e+00
6 22 -1.000281950030185e+00 -1.888471599787586e-03 -9.449102591829702e-04 -1.007706849622777e+00
6 23 -1.000281693304935e+00 -1.888049078825408e-03 -9.451198343004143e-04 -1.007708660017362e+00
6 24 -1.000281497048360e+00 -1.887795581405905e-03 -9.451937251244528e-04 -1.007709957351711e+00
6 25 -1.000281369057684e+00 -1.887722853357451e-03 -9.451213504377697e-04 -1.007710687580543e+00
6 26 -1.000281314139245e+00 -1.887835220207831e-03 -9.448990818889969e-04 -1.007710819994925e+00
6 27 -1.000281333930123e+00 -1.888129165218202e-03 -9.445314086764303e-04 -1.007710348878114e+00
6 28 -1.000281426901301e+00 -1.888593334117181e-03 -9.440313922662906e-04 -1.007709293847557e+00
6 29 -1.000281588534353e+00 -1.889208990280276e-03 -9.434202939374957e-04 -1.007707698839222e+00
6 30 -1.000281811646084e+00 -1.889950896411101e-03 -9.427263800690972e-04 -1.007705629826530e+00
6 31 -1.000282086822428e+00 -1.890788554174274e-03 -9.419830307214430e-04 -1.007703171484754e+00
7 0 -1.000282849304567e+00 -1.892093428992407e-03 -9.400345007481588e-04 -1.007699227359891e+00
7 1 -1.000283197963966e+00 -1.893027043161220e-03 -9.392954991122106e-04 -1.007696269420368e+00
7 2 -1.000283561499262e+00 -1.893947756696969e-03 -9.386148750561011e-04 -1.007693249739084e+00
7 3 -1.000283926477290e+00 -1.894819549686064e-03 -9.380223857448194e-04 -1.007690284500008e+00
7 4 -1.000284279675003e+00 -1.895609030115684e-03 -9.375417013126549e-04 -1.007687485989750e+00
7 5 -1.000284608459186e+00 -1.896286683183020e-03 -9.371894225078531e-04 -1.007684958579167e+00
7 6 -1.000284901125022e+00 -1.896827877178186e-03 -9.369747569010179e-04 -1.007682795200082e+00
7 7 -1.000285147203230e+00 -1.897213605771711e-03 -9.368998092875063e-04 -1.007681074384675e+00
7 8 -1.000285337745228e+00 -1.897430963439724e-03 -9.369603831689952e-04 -1.007679857905600e+00
7 9 -1.000285465592543e+00 -1.897473367231331e-03 -9.371471472415687e-04 -1.007679189025007e+00
7 10 -1.000285525631051e+00 -1.897340552494484e-03 -9.374469942438465e-04 -1.007679091335206e+00
7 11 -1.000285515023060e+00 -1.897038379731886e-03 -9.378444096452311e-04 -1.007679568160426e+00
7 12 -1.000285433402014e+00 -1.896578491876618e-03 -9.383226769076644e-04 -1.007680602492414e+00
7 13 -1.000285283007816e+00 -1.895977855273766e-03 -9.388647777924878e-04 -1.007682157450287e+00
7 14 -1.000285068737380e+00 -1.895258205652600e-03 -9.394539003925232e-04 -1.007684177277517e+00
7 15 -1.000284798086720e+00 -1.894445406621495e-03 -9.400735381383624e-04 -1.007686588904054e+00
7 16 -1.000284480967565e+00 -1.893568717149992e-03 -9.407072392400931e-04 -1.007689304100286e+00
7 17 -1.000284129392014e+00 -1.892659958896794e-03 -9.413381357206632e-04 -1.007692222229851e+00
7 18 -1.000283757030934e+00 -1.891752574618047e-03 -9.419484323888158e-04 -1.007695233575918e+00
7 19 -1.000283378663243e+00 -1.890880574244484e-03 -9.425190577628010e-04 -1.007698223179357e+00
7 20 -1.000283009542289e+00 -1.890077374362225e-03 -9.430296634003708e-04 -1.007701075093870e+00
7 21 -1.000282664711856e+00 -1.889374549416851e-03 -9.434591042863772e-04 -1.007703676932094e+00
7 22 -1.000282358308649e+00 -1.888800529424509e-03 -9.437864477713322e-04 -1.007705924542185e+00
7 23 -1.000282102891384e+00 -1.888379299241042e-03 -9.439924553467551e-04 -1.007707726611657e+00
7 24 -1.000281908838621e+00 -1.888129176109562e-03 -9.440613779648306e-04 -1.007709008948207e+00
7 25 -1.000281783856787e+00 -1.888061759846228e-03 -9.439828220395294e-04 -1.007709718150784e+00
7 26 -1.000281732634638e+00 -1.888181156678850e-03 -9.437533992925627e-04 -1.007709824378239e+00
7 27 -1.000281756669639e+00 -1.888483568015921e-03 -9.433778818277064e-04 -1.007709322962919e+00
7 28 -1.000281854276164e+00 -1.888957308080382e-03 -9.428696445746884e-04 -1.007708234705000e+00
7 29 -1.000282020767283e+00 -1.889583273117385e-03 -9.422502786167663e-04 -1.007706604807461e+00
7 30 -1.000282248784513e+00 -1.890335837382950e-03 -9.415483812712568e-04 -1.007704500546788e+00
7 31 -1.000282528736883e+00 -1.891184106813991e-03 -9.407976495642743e-04 -1.007702007891921e+00
8 0 -1.000283269361513e+00 -1.892601645286305e-03 -9.382701191311795e-04 -1.007697944098739e+00
8 1 -1.000283622228777e+00 -1.893544733757731e-03 -9.375268322751330e-04 -1.007694956135120e+00
8 2 -1.000283989535590e+00 -1.894474256796138e-03 -9.368427084884123e-04 -1.007691909339934e+00
8 3 -1.000284357702668e+00 -1.895353869685052e-03 -9.362476277003266e-04 -1.007688920894101e+00
8 4 -1.000284713377891e+00 -1.896149884581856e-03 -9.357653472752053e-04 -1.007686103965926e+00
8 5 -1.000285043821831e+00 -1.896832530213437e-03 -9.354125184357355e-04 -1.007683563661345e+00
8 6 -1.000285337251950e+00 -1.897376968366455e-03 -9.351983622743993e-04 -1.007681393468671e+00
8 7 -1.000285583154797e+00 -1.897764046463342e-03 -9.351249606172694e-04 -1.007679672267153e+00
8 8 -1.000285772575216e+00 -1.897980782303645e-03 -9.351880583950084e-04 -1.007678461939590e+00
8 9 -1.000285898388322e+00 -1.898020593231761e-03 -9.353782315679159e-04 -1.007677805600416e+00
8 10 -1.000285955554219e+00 -1.897883296033872e-03 -9.356822484649368e-04 -1.007677726426461e+00
8 11 -1.000285941347960e+00 -1.897574913523950e-03 -9.360844424563133e-04 -1.007678227063937e+00
8 12 -1.000285855549515e+00 -1.897107326665389e-03 -9.365679224999956e-04 -1.007679289585987e+00
8 13 -1.000285700572028e+00 -1.896497805937421e-03 -9.371154793119324e-04 -1.007680875989994e+00
8 14 -1.000285481503614e+00 -1.895768443996548e-03 -9.377100993760674e-04 -1.007682929244867e+00
8 15 -1.000285206039647e+00 -1.894945497887652e-03 -9.383350702952384e-04 -1.007685374913273e+00
8 16 -1.000284884289269e+00 -1.894058638143471e-03 -9.389737373740114e-04 -1.007688123371628e+00
8 17 -1.000284528450472e+00 -1.893140096932858e-03 -9.396090403810879e-04 -1.007691072629843e+00
8 18 -1.000284152360188e+00 -1.892223707959377e-03 -9.402230100605343e-04 -1.007694111720273e+00
8 19 -1.000283770937021e+00 -1.891343835778537e-03 -9.407964259083032e-04 -1.007697124590563e+00
8 20 -1.000283399543035e+00 -1.890534200836988e-03 -9.413088218418061e-04 -1.007699994403311e+00
8 21 -1.000283053297095e+00 -1.889826618988662e-03 -9.417389725941975e-04 -1.007702608115062e+00
8 22 -1.000282746376454e+00 -1.889249690793517e-03 -9.420659077871010e-04 -1.007704861172977e+00
8 23 -1.000282491346418e+00 -1.888827495981939e-03 -9.422703969887441e-04 -1.007706662125842e+00
8 24 -1.000282298559807e+00 -1.888578369666586e-03 -9.423367459270672e-04 -1.007707936900450e+00
8 25 -1.000282175667390e+00 -1.888513854264484e-03 -9.422546611190359e-04 -1.007708632458353e+00
8 26 -1.000282127275305e+00 -1.888637927886097e-03 -9.420208962042990e-04 -1.007708719541528e+00
8 27 -1.000282154774832e+00 -1.888946600312953e-03 -9.416404010534996e-04 -1.007708194255424e+00
8 28 -1.000282256354282e+00 -1.889427940037912e-03 -9.411267555686337e-04 -1.007707078327312e+00
8 29 -1.000282427184614e+00 -1.890062554195799e-03 -9.405017723278691e-04 -1.007705418002810e+00
8 30 -1.000282659753209e+00 -1.890824495690149e-03 -9.397942753571570e-04 -1.007703281678232e+00
8 31 -1.000282944307185e+00 -1.891682527888726e-03 -9.390381829932126e-04 -1.007700756482651e+00
9 0 -1.000283647020396e+00 -1.893191978081939e-03 -9.360004446175152e-04 -1.007696626200422e+00
9 1 -1.000284004121404e+00 -1.894144251887004e-03 -9.352541754014887e-04 -1.007693608240722e+00
9 2 -1.000284375423103e+00 -1.895082804095569e-03 -9.345672751092602e-04 -1.007690532793963e+00
9 3 -1.000284747191866e+00 -1.895970957329713e-03 -9.339697153793808e-04 -1.007687518101397e+00
9 4 -1.000285105930608e+00 -1.896774699350350e-03 -9.334853353473307e-04 -1.007684678337286e+00
9 5 -1.000285438770623e+00 -1.897463954098499e-03 -9.331308575822460e-04 -1.007682119522701e+00
9 6 -1.000285733822357e+00 -1.898013610997155e-03 -9.329155627815975e-04 -1.007679935929939e+00
9 7 -1.000285980494015e+00 -1.898404291144253e-03 -9.328415783218763e-04 -1.007678207049133e+00
9 8 -1.000286169786421e+00 -1.898622845258722e-03 -9.329046779044291e-04 -1.007676995161130e+00
9 9 -1.000286294569174e+00 -1.898662594229585e-03 -9.330954470195443e-04 -1.007676343532629e+00
9 10 -1.000286349837410e+00 -1.898523337228075e-03 -9.334006424159872e-04 -1.007676275225306e+00
9 11 -1.000286332941275e+00 -1.898211162203531e-03 -9.338045636113081e-04 -1.007676792496271e+00
9 12 -1.000286243772661e+00 -1.897738096869982e-03 -9.342902631753533e-04 -1.007677876766568e+00
9 13 -1.000286084887727e+00 -1.897121633783732e-03 -9.348404538087640e-04 -1.007679489146966e+00
9 14 -1.000285861540938e+00 -1.896384152117491e-03 -9.354380245878482e-04 -1.007681571528996e+00
9 15 -1.000285581608239e+00 -1.895552245387312e-03 -9.360661498118118e-04 -1.007684048262306e+00
9 16 -1.000285255383984e+00 -1.894655953675037e-03 -9.367080501004686e-04 -1.007686828436512e+00
9 17 -1.000284895246758e+00 -1.893727893795322e-03 -9.373465343704459e-04 -1.007689808764612e+00
9 18 -1.000284515201285e+00 -1.892802281375307e-03 -9.379635019952524e-04 -1.007692877032740e+00
9 19 -1.000284130314534e+00 -1.891913843565856e-03 -9.385396065518414e-04 -1.007695916047197e+00
9 20 -1.000283756072613e+00 -1.891096629400213e-03 -9.390542676967209e-04 -1.007698807979307e+00
9 21 -1.000283407690910e+00 -1.890382737035116e-03 -9.394861636449017e-04 -1.007701438979355e+00
9 22 -1.000283099414013e+00 -1.889800993586405e-03 -9.398142504961953e-04 -1.007703703897287e+00
9 23 -1.000282843845012e+00 -1.889375643204296e-03 -9.400192510631890e-04 -1.007705510906715e+00
9 24 -1.000282651345621e+00 -1.889125119877111e-03 -9.400854532346908e-04 -1.007706785784214e+00
9 25 -1.000282529547895e+00 -1.889060998513137e-03 -9.400025753657570e-04 -1.007707475560738e+00
9 26 -1.000282483013277e+00 -1.889187224676729e-03 -9.397674119391567e-04 -1.007707551255455e+00
9 27 -1.000282513064230e+00 -1.889499713981087e-03 -9.393849800518235e-04 -1.007707009441410e+00
9 28 -1.000282617798264e+00 -1.889986384517529e-03 -9.388689483462800e-04 -1.007705872481544e+00
9 29 -1.000282792276077e+00 -1.890627643688488e-03 -9.382412332296406e-04 -1.007704187399260e+00
9 30 -1.000283028858185e+00 -1.891397302954153e-03 -9.375307710974912e-04 -1.007702023483297e+00
9 31 -1.000283317651397e+00 -1.892263850214835e-03 -9.367715956315581e-04 -1.007699468842552e+00
10 0 -1.000283968085504e+00 -1.893840946194591e-03 -9.333135749502137e-04 -1.007695326524424e+00
10 1 -1.000284329272939e+00 -1.894801742013926e-03 -9.325657857928176e-04 -1.007692279814463e+00
10 2 -1.000284704627814e+00 -1.895749171899888e-03 -9.318769939169805e-04 -1.007689175353826e+00
10 3 -1.000285080260420e+00 -1.896646231621154e-03 -9.312772257945039e-04 -1.007686132464056e+00
10 4 -1.000285442518920e+00 -1.897458569272191e-03 -9.307903916615705e-04 -1.007683266408270e+00
10 5 -1.000285778387753e+00 -1.898155768352930e-03 -9.304333012345743e-04 -1.007680684264462e+00
10 6 -1.000286075845674e+00 -1.898712391584887e-03 -9.302153359456726e-04 -1.007678481282894e+00
10 7 -1.000286324191873e+00 -1.899108763356375e-03 -9.301387329703337e-04 -1.007676737801634e+00
10 8 -1.000286514347798e+00 -1.899331484153347e-03 -9.301993790793850e-04 -1.007675516769199e+00
10 9 -1.000286639138894e+00 -1.899373686078410e-03 -9.303879697354649e-04 -1.007674861895966e+00
10 10 -1.000286693554911e+00 -1.899235052947222e-03 -9.306913619208075e-04 -1.007674796430870e+00
10 11 -1.000286674980477e+00 -1.898921638660174e-03 -9.310939390830152e-04 -1.007675322544212e+00
10 12 -1.000286583380341e+00 -1.898445521052761e-03 -9.315788157800584e-04 -1.007676421295848e+00
10 13 -1.000286421417754e+00 -1.897824324305495e-03 -9.321287410458068e-04 -1.007678053179077e+00
10 14 -1.000286194482062e+00 -1.897080632775686e-03 -9.327266132070005e-04 -1.007680159246790e+00
10 15 -1.000285910603840e+00 -1.896241306606167e-03 -9.333555891222839e-04 -1.007682662836870e+00
10 16 -1.000285580243088e+00 -1.895336699128712e-03 -9.339988468900824e-04 -1.007685471909646e+00
10 17 -1.000285215946518e+00 -1.894399770833750e-03 -9.346391305651761e-04 -1.007688481989458e+00
10 18 -1.000284831881724e+00 -1.893465094934234e-03 -9.352582564000175e-04 -1.007691579671007e+00
10 19 -1.000284443266776e+00 -1.892567754212346e-03 -9.358367818294759e-04 -1.007694646618080e+00
10 20 -1.000284065722034e+00 -1.891742137054255e-03 -9.363540229869991e-04 -1.007697563952558e+00
10 21 -1.000283714576693e+00 -1.891020652499983e-03 -9.367885524587453e-04 -1.007700216903586e+00
10 22 -1.000283404166459e+00 -1.890432400207444e-03 -9.371192232658180e-04 -1.007702499554476e+00
10 23 -1.000283147161670e+00 -1.890001850913630e-03 -9.373266618460834e-04 -1.007704319484558e+00
10 24 -1.000282953967001e+00 -1.889747613753765e-03 -9.373950700524130e-04 -1.007705602058975e+00
10 25 -1.000282832233183e+00 -1.889681383812824e-03 -9.373140933190380e-04 -1.007706294084538e+00
10 26 -1.000282786516261e+00 -1.889807170053694e-03 -9.370804678562057e-04 -1.007706366543259e+00
10 27 -1.000282818109585e+00 -1.890120894446955e-03 -9.366991673317761e-04 -1.007705816153834e+00
10 28 -1.000282925058477e+00 -1.890610425626814e-03 -9.361838309337692e-04 -1.007704665599569e+00
10 29 -1.000283102349430e+00 -1.891256068339118e-03 -9.355563581828680e-04 -1.007702962386939e+00
10 30 -1.000283342248260e+00 -1.892031481833379e-03 -9.348456798219891e-04 -1.007700776435367e+00
10 31 -1.000283634748522e+00 -1.892904956419634e-03 -9.340858343570192e-04 -1.007698196615245e+00
11 0 -1.000284220732603e+00 -1.894522987895273e-03 -9.303149600724709e-04 -1.007694095511390e+00
11 1 -1.000284585697289e+00 -1.895491307205514e-03 -9.295671832134545e-04 -1.007691022423841e+00
11 2 -1.000284965001620e+00 -1.896447110808803e-03 -9.288774823040464e-04 -1.007687889735535e+00
11 3 -1.000285344604307e+00 -1.897353086329139e-03 -9.282758984536120e-04 -1.007684817825946e+00
11 4 -1.000285710695205e+00 -1.898174540441095e-03 -9.277863978700429e-04 -1.007681923086884e+00
11 5 -1.000286050100414e+00 -1.898880694400813e-03 -9.274258875591995e-04 -1.007679313752164e+00
11 6 -1.000286350647971e+00 -1.899445743421503e-03 -9.272038845270645e-04 -1.007677086203270e+00
11 7 -1.000286601502094e+00 -1.899849657047569e-03 -9.271227938397489e-04 -1.007675321827677e+00
11 8 -1.000286793472896e+00 -1.900078712567266e-03 -9.271786938464098e-04 -1.007674084483253e+00
11 9 -1.000286919304936e+00 -1.900125768733919e-03 -9.273624846353172e-04 -1.007673418596339e+00
11 10 -1.000286973942524e+00 -1.899990301397500e-03 -9.276612292285677e-04 -1.007673347895853e+00
11 11 -1.000286954762991e+00 -1.899678233302776e-03 -9.280595070771863e-04 -1.007673874768384e+00
11 12 -1.000286861762085e+00 -1.899201594378418e-03 -9.285406085456233e-04 -1.007674980215677e+00
11 13 -1.000286697669960e+00 -1.898578045152117e-03 -9.290874302400465e-04 -1.007676624405686e+00
11 14 -1.000286467973995e+00 -1.897830286189531e-03 -9.296829842772821e-04 -1.007678747823043e+00
11 15 -1.000286180827377e+00 -1.896985364641967e-03 -9.303105043739297e-04 -1.007681273032968e+00
11 16 -1.000285846829797e+00 -1.896073879280576e-03 -9.309532075570986e-04 -1.007684107066372e+00
11 17 -1.000285478677144e+00 -1.895129080303847e-03 -9.315938398949872e-04 -1.007687144412678e+00
11 18 -1.000285090688613e+00 -1.894185860177329e-03 -9.322141855633698e-04 -1.007690270576736e+00
11 19 -1.000284698230128e+00 -1.893279636114581e-03 -9.327947398719588e-04 -1.007693366124431e+00
11 20 -1.000284317061111e+00 -1.892445132868730e-03 -9.333147311718564e-04 -1.007696311112765e+00
11 21 -1.000283962637236e+00 -1.891715086189948e-03 -9.337526228297823e-04 -1.007698989772989e+00
11 22 -1.000283649405413e+00 -1.891118902920513e-03 -9.340871414104961e-04 -1.007701295284509e+00
11 23 -1.000283390129991e+00 -1.890681333005299e-03 -9.342987741738728e-04 -1.007703134438313e+00
11 24 -1.000283195290902e+00 -1.890421229499946e-03 -9.343715757277113e-04 -1.007704431944506e+00
11 25 -1.000283072594010e+00 -1.890350489943856e-03 -9.342950403713995e-04 -1.007705134102763e+00
11 26 -1.000283026629147e+00 -1.890473279327378e-03 -9.340657526907987e-04 -1.007705211547461e+00
11 27 -1.000283058701073e+00 -1.890785625411020e-03 -9.336885372579482e-04 -1.007704660817800e+00
11 28 -1.000283166843323e+00 -1.891275449589048e-03 -9.331768898923053e-04 -1.007703504591525e+00
11 29 -1.000283346006936e+00 -1.891923054590337e-03 -9.325525759393325e-04 -1.007701790545910e+00
11 30 -1.000283588398640e+00 -1.892702042277795e-03 -9.318444046818930e-04 -1.007699588945964e+00
11 31 -1.000283883929962e+00 -1.893580590668000e-03 -9.310863096352621e-04 -1.007696989176852e+00
12 0 -1.000284395887869e+00 -1.895211543324651e-03 -9.271230068611842e-04 -1.007692979157260e+00
12 1 -1.000284764177427e+00 -1.896186106030759e-03 -9.263767502346558e-04 -1.007689883052373e+00
12 2 -1.000285147175985e+00 -1.897149461182453e-03 -9.256871490421275e-04 -1.007686723993811e+00
12 3 -1.000285530700934e+00 -1.898064018703244e-03 -9.250842177678105e-04 -1.007683623356807e+00
12 4 -1.000285900786484e+00 -1.898894755425362e-03 -9.245919599648333e-04 -1.007680698658198e+00
12 5 -1.000286244095301e+00 -1.899610522840040e-03 -9.242273848531033e-04 -1.007678059341225e+00
12 6 -1.000286548291874e+00 -1.900185122397443e-03 -9.240001734490050e-04 -1.007675803026885e+00
12 7 -1.000286802385089e+00 -1.900598124787126e-03 -9.239129492712208e-04 -1.007674012311271e+00
12 8 -1.000286997046363e+00 -1.900835424057754e-03 -9.239620520214393e-04 -1.007672752166347e+00
12 9 -1.000287124905981e+00 -1.900889532022366e-03 -9.241386713863904e-04 -1.007672067977398e+00
12 10 -1.000287180824707e+00 -1.900759632412353e-03 -9.244301722687592e-04 -1.007671984225839e+00
12 11 -1.000287162131255e+00 -1.900451425297957e-03 -9.248214326582408e-04 -1.007672503807198e+00
12 12 -1.000287068809469e+00 -1.899976797154210e-03 -9.252960238293602e-04 -1.007673607968004e+00
12 13 -1.000286903613674e+00 -1.899353348846925e-03 -9.258370933463172e-04 -1.007675256853184e+00
12 14 -1.000286672088647e+00 -1.898603804374393e-03 -9.264278646474037e-04 -1.007677390669281e+00
12 15 -1.000286382473492e+00 -1.897755311811719e-03 -9.270517367014797e-04 -1.007679931475605e+00
12 16 -1.000286045476382e+00 -1.896838638886920e-03 -9.276920426239836e-04 -1.007682785607074e+00
12 17 -1.000285673917825e+00 -1.895887261046168e-03 -9.283315950484137e-04 -1.007685846709927e+00
12 18 -1.000285282251550e+00 -1.894936339771917e-03 -9.289521966303844e-04 -1.007688999341785e+00
12 19 -1.000284885982343e+00 -1.894021592775226e-03 -9.295343155148092e-04 -1.007692123057559e+00
12 20 -1.000284501008128e+00 -1.893178065270005e-03 -9.300571102694206e-04 -1.007695096875407e+00
12 21 -1.000284142918914e+00 -1.892438822910274e-03 -9.304989353768711e-04 -1.007697803990902e+00
12 22 -1.000283826288705e+00 -1.891833602290397e-03 -9.308383734666043e-04 -1.007700136577890e+00
12 23 -1.000283563998997e+00 -1.891387473953346e-03 -9.310557373582884e-04 -1.007702000476584e+00
12 24 -1.000283366634297e+00 -1.891119593668684e-03 -9.311348815829866e-04 -1.007703319525190e+00
12 25 -1.000283241989833e+00 -1.891042135326262e-03 -9.310650797827787e-04 -1.007704039254354e+00
12 26 -1.000283194726985e+00 -1.891159505900052e-03 -9.308426806844492e-04 -1.007704129655477e+00
12 27 -1.000283226201797e+00 -1.891467933427963e-03 -9.304722638173390e-04 -1.007703586772341e+00
12 28 -1.000283334476558e+00 -1.891955491265990e-03 -9.299670775490773e-04 -1.007702432954056e+00
12 29 -1.000283514506595e+00 -1.892602580030782e-03 -9.293486446737549e-04 -1.007700715732173e+00
12 30 -1.000283758477096e+00 -1.893382840724568e-03 -9.286455445135517e-04 -1.007698505420567e+00
12 31 -1.000284056251643e+00 -1.894264428296993e-03 -9.278915016130968e-04 -1.007695891654170e+00
13 0 -1.000284487481963e+00 -1.895880131880836e-03 -9.238640434084698e-04 -1.007692017438340e+00
13 1 -1.000284858524787e+00 -1.896859439715065e-03 -9.231207015077536e-04 -1.007688902490296e+00
13 2 -1.000285244827285e+00 -1.897829252361197e-03 -9.224321635558304e-04 -1.007685719872653e+00
13 3 -1.000285632080907e+00 -1.898751742559126e-03 -9.218283775835099e-04 -1.007682591858426e+00
13 4 -1.000286006172787e+00 -1.899591581281158e-03 -9.213333643304096e-04 -1.007679637043916e+00
13 5 -1.000286353603377e+00 -1.900317256720625e-03 -9.209642362206598e-04 -1.007676966089839e+00
13 6 -1.000286661867166e+00 -1.900902165270094e-03 -9.207308603776614e-04 -1.007674677917838e+00
13 7 -1.000286919803509e+00 -1.901325450176055e-03 -9.206361203401450e-04 -1.007672856444889e+00
13 8 -1.000287117923409e+00 -1.901572577297155e-03 -9.206766756343788e-04 -1.007671567917594e+00
13 9 -1.000287248714176e+00 -1.901635651582285e-03 -9.208440780007613e-04 -1.007670858884939e+00
13 10 -1.000287306918330e+00 -1.901513491858796e-03 -9.211260773654162e-04 -1.007670754823495e+00
13 11 -1.000287289776655e+00 -1.901211492774264e-03 -9.215079402021943e-04 -1.007671259409566e+00
13 12 -1.000287197218826e+00 -1.900741307966304e-03 -9.219736111873558e-04 -1.007672354425395e+00
13 13 -1.000287031979959e+00 -1.900120385974426e-03 -9.225065798927980e-04 -1.007674000292470e+00
13 14 -1.000286799619654e+00 -1.899371381616940e-03 -9.230903674630352e-04 -1.007676137236566e+00
13 15 -1.000286508423128e+00 -1.898521454764406e-03 -9.237086173745611e-04 -1.007678687094443e+00
13 16 -1.000286169171811e+00 -1.897601459879383e-03 -9.243448489333160e-04 -1.007681555762695e+00
13 17 -1.000285794781635e+00 -1.896645025438082e-03 -9.249820004678186e-04 -1.007684636265838e+00
13 18 -1.000285399818777e+00 -1.895687522377501e-03 -9.256019396637363e-04 -1.007687812390692e+00
13 19 -1.000284999912745e+00 -1.894764924343145e-03 -9.261851402217730e-04 -1.007690962804863e+00
13 20 -1.000284611094312e+00 -1.893912569516181e-03 -9.267107090123364e-04 -1.007693965551985e+00
13 21 -1.000284249090799e+00 -1.893163844530297e-03 -9.271568946247704e-04 -1.007696702792592e+00
13 22 -1.000283928614542e+00 -1.892548825977363e-03 -9.275021232962698e-04 -1.007699065631080e+00
13 23 -1.000283662682944e+00 -1.892092934096773e-03 -9.277265051697030e-04 -1.007700958831071e+00
13 24 -1.000283462010435e+00 -1.891815674251819e-03 -9.278136506792808e-04 -1.007702305176468e+00
13 25 -1.000283334512441e+00 -1.891729559524205e-03 -9.277525538472761e-04 -1.007703049197716e+00
13 26 -1.000283284956939e+00 -1.891839315012581e-03 -9.275392555047953e-04 -1.007703159973776e+00
13 27 -1.000283314789041e+00 -1.892141455128402e-03 -9.271780075403388e-04 -1.007702632757777e+00
13 28 -1.000283422138899e+00 -1.892624297635480e-03 -9.266817204115022e-04 -1.007701489262262e+00
13 29 -1.000283602005265e+00 -1.893268436223330e-03 -9.260715790352113e-04 -1.007699776564964e+00
13 30 -1.000283846589748e+00 -1.894047645233843e-03 -9.253758363703050e-04 -1.007697564732556e+00
13 31 -1.000284145743512e+00 -1.894930145866143e-03 -9.246279151648243e-04 -1.007694943377620e+00
14 0 -1.000284492583283e+00 -1.896503373679410e-03 -9.206669109776038e-04 -1.007691243219696e+00
14 1 -1.000284865715682e+00 -1.897485778568839e-03 -9.199276884929604e-04 -1.007688114223173e+00
14 2 -1.000285254817455e+00 -1.898460737055622e-03 -9.192410680195055e-04 -1.007684911665939e+00
14 3 -1.000285645473770e+00 -1.899390233153235e-03 -9.186368957603326e-04 -1.007681758590415e+00
14 4 -1.000286023438478e+00 -1.900238666689383e-03 -9.181391905348281e-04 -1.007678774588775e+00
14 5 -1.000286375056975e+00 -1.900974182206094e-03 -9.177651662249513e-04 -1.007676071503104e+00
14 6 -1.000286687653656e+00 -1.901569774800714e-03 -9.175248914680970e-04 -1.007673749568640e+00
14 7 -1.000286949890676e+00 -1.902004147840139e-03 -9.174215412238105e-04 -1.007671894085706e+00
14 8 -1.000287152103232e+00 -1.902262310373509e-03 -9.174521406827770e-04 -1.007670572687329e+00
14 9 -1.000287286612694e+00 -1.902335916146666e-03 -9.176086619955316e-04 -1.007669833245939e+00
14 10 -1.000287348013387e+00 -1.902223360349019e-03 -9.178793082421923e-04 -1.007669702437013e+00
14 11 -1.000287333422415e+00 -1.901929661423533e-03 -9.182498086306976e-04 -1.007670184958216e+00
14 12 -1.000287242675366e+00 -1.901466160303668e-03 -9.187045577723554e-04 -1.007671263395612e+00
14 13 -1.000287078445884e+00 -1.900850067287340e-03 -9.192274629578156e-04 -1.007672898732881e+00
14 14 -1.000286846265669e+00 -1.900103879074897e-03 -9.198024156892155e-04 -1.007675031507815e+00
14 15 -1.000286554424788e+00 -1.899254678687071e-03 -9.204133715365662e-04 -1.007677583623075e+00
14 16 -1.000286213740055e+00 -1.898333322647873e-03 -9.210440962748349e-04 -1.007680460808486e+00
14 17 -1.000285837190117e+00 -1.897373515407716e-03 -9.216777047451524e-04 -1.007683555709217e+00
14 18 -1.000285439427483e+00 -1.896410771080789e-03 -9.222961695928439e-04 -1.007686751543747e+00
14 19 -1.000285036187880e+00 -1.895481266348484e-03 -9.228799985066739e-04 -1.007689926246099e+00
14 20 -1.000284643624630e+00 -1.894620595012275e-03 -9.234082632523768e-04 -1.007692956983307e+00
14 21 -1.000284277600463e+00 -1.893862444572441e-03 -9.238591107238425e-04 -1.007695724918219e+00
14 22 -1.000283952972299e+00 -1.893237229662642e-03 -9.242108019278002e-04 -1.007698120060849e+00
14 23 -1.000283682907289e+00 -1.892770736449901e-03 -9.244432222103734e-04 -1.007700046012520e+00
14 24 -1.000283478270412e+00 -1.892482853556699e-03 -9.245397029082523e-04 -1.007701424360493e+00
14 25 -1.000283347123711e+00 -1.892386482934915e-03 -9.244889114386311e-04 -1.007702198442541e+00
14 26 -1.000283294372780e+00 -1.892486731379559e-03 -9.242865229309788e-04 -1.007702336191492e+00
14 27 -1.000283321586123e+00 -1.892780474344078e-03 -9.239363944689447e-04 -1.007701831805929e+00
14 28 -1.000283426998082e+00 -1.893256356526452e-03 -9.234510241136625e-04 -1.007700706079725e+00
14 29 -1.000283605688011e+00 -1.893895251665259e-03 -9.228511799378058e-04 -1.007699005348347e+00
14 30 -1.000283849910807e+00 -1.894671155386027e-03 -9.221647086460575e-04 -1.007696799147927e+00
14 31 -1.000284149540597e+00 -1.895552440542827e-03 -9.214246541792920e-04 -1.007694176801463e+00
15 0 -1.000284411420361e+00 -1.897057915240649e-03 -9.176574733380092e-04 -1.007690681620552e+00
15 1 -1.000284785914993e+00 -1.898041688398259e-03 -9.169233275311251e-04 -1.007687543790181e+00
15 2 -1.000285177220102e+00 -1.899020321442538e-03 -9.162393199101787e-04 -1.007684325560046e+00
15 3 -1.000285570837547e+00 -1.899955663810340e-03 -9.156351665964715e-04 -1.007681150589080e+00
15 4 -1.000285952406064e+00 -1.900811887757613e-03 -9.151348683035304e-04 -1.007678139348503e+00
15 5 -1.000286308128530e+00 -1.901556825848162e-03 -9.147557365622750e-04 -1.007675404784214e+00
15 6 -1.000286625165359e+00 -1.902163090279476e-03 -9.145080501423862e-04 -1.007673048410321e+00
15 7 -1.000286892000459e+00 -1.902608948300759e-03 -9.143952964320302e-04 -1.007671156922217e+00
15 8 -1.000287098784507e+00 -1.902878940373801e-03 -9.144148991031648e-04 -1.007669799399999e+00
15 9 -1.000287237656392e+00 -1.902964241617907e-03 -9.145592937505352e-04 -1.007669025149390e+00
15 10 -1.000287303038233e+00 -1.902862781221066e-03 -9.148171873969547e-04 -1.007668862201739e+00
15 11 -1.000287291892796e+00 -1.902579145491081e-03 -9.151748278301827e-04 -1.007669316475766e+00
15 12 -1.000287203925621e+00 -1.902124295153965e-03 -9.156171180778216e-04 -1.007670371596944e+00
15 13 -1.000287041709291e+00 -1.901515125805756e-03 -9.161284421437753e-04 -1.007671989373471e+00
15 14 -1.000286810706277e+00 -1.900773893720829e-03 -9.166931193146839e-04 -1.007674110933397e+00
15 15 -1.000286519170368e+00 -1.899927520311630e-03 -9.172954709544504e-04 -1.007676658527762e+00
15 16 -1.000286177914809e+00 -1.899006780529537e-03 -9.179195572341725e-04 -1.007679537994044e+00
15 17 -1.000285799946104e+00 -1.898045375977126e-03 -9.185487100517993e-04 -1.007682641851649e+00
15 18 -1.000285399974026e+00 -1.897078893499430e-03 -9.191650391585006e-04 -1.007685852971160e+00
15 19 -1.000284993818436e+00 -1.896143653787315e-03 -9.197491093994400e-04 -1.007689048730055e+00
15 20 -1.000284597740756e+00 -1.895275460937590e-03 -9.202799711654376e-04 -1.007692105545185e+00
15 21 -1.000284227732498e+00 -1.894508273287604e-03 -9.207356734753262e-04 -1.007694903653063e+00
15 22 -1.000283898796302e+00 -1.893872829838592e-03 -9.210943057428111e-04 -1.007697331983298e+00
15 23 -1.000283624257608e+00 -1.893395285833726e-03 -9.213355121575289e-04 -1.007699292931379e+00
15 24 -1.000283415147225e+00 -1.893095932824811e-03 -9.214423191624866e-04 -1.007700706789575e+00
15 25 -1.000283279694911e+00 -1.892988096761472e-03 -9.214030328981751e-04 -1.007701515555210e+00
15 26 -1.000283222969750e+00 -1.893077315087449e-03 -9.212129196899293e-04 -1.007701685825152e+00
15 27 -1.000283246693280e+00 -1.893360884969186e-03 -9.208753910778699e-04 -1.007701210520278e+00
15 28 -1.000283349236406e+00 -1.893827847766614e-03 -9.204024760896240e-04 -1.007700109269343e+00
15 29 -1.000283525793028e+00 -1.894459432888293e-03 -9.198144660612357e-04 -1.007698427406965e+00
15 30 -1.000283768705700e+00 -1.895229935495199e-03 -9.191387411188023e-04 -1.007696233679030e+00
15 31 -1.000284067905253e+00 -1.896107958080542e-03 -9.184079080262733e-04 -1.007693616867605e+00
16 0 -1.000284247306577e+00 -1.897523231961248e-03 -9.149533330960351e-04 -1.007690349763896e+00
16 1 -1.000284622400660e+00 -1.898506630182946e-03 -9.142249391330843e-04 -1.007687208536567e+00
16 2 -1.000285015245812e+00 -1.899487364863482e-03 -9.135440509984298e-04 -1.007683979380833e+00
16 3 -1.000285411285927e+00 -1.900427208661959e-03 -9.129402348781625e-04 -1.007680786400339e+00
16 4 -1.000285796066386e+00 -1.901290157051663e-03 -9.124374607249779e-04 -1.007677750799717e+00
16 5 -1.000286155664867e+00 -1.902043772885890e-03 -9.120531324126822e-04 -1.007674986513346e+00
16 6 -1.000286477089695e+00 -1.902660317331662e-03 -9.117977414072496e-04 -1.007672596254454e+00
16 7 -1.000286748651934e+00 -1.903117640906583e-03 -9.116750985414874e-04 -1.007670668075334e+00
16 8 -1.000286960315821e+00 -1.903399820784317e-03 -9.116830452272775e-04 -1.007669272511167e+00
16 9 -1.000287104028183e+00 -1.903497543936161e-03 -9.118145067740805e-04 -1.007668460357271e+00
16 10 -1.000287174021742e+00 -1.903408249086660e-03 -9.120587259129723e-04 -1.007668261105593e+00
16 11 -1.000287167080582e+00 -1.903136051248728e-03 -9.124025051668086e-04 -1.007668682047738e+00
16 12 -1.000287082749543e+00 -1.902691478025865e-03 -9.128312955594444e-04 -1.007669708043594e+00
16 13 -1.000286923464629e+00 -1.902091045774784e-03 -9.133299992230597e-04 -1.007671301956247e+00
16 14 -1.000286694580558e+00 -1.901356697358139e-03 -9.138834041930340e-04 -1.007673405758681e+00
16 15 -1.000286404275360e+00 -1.900515114652935e-03 -9.144762359796122e-04 -1.007675942317140e+00
16 16 -1.000286063320260e+00 -1.899596911577868e-03 -9.150928835332418e-04 -1.007678817843664e+00
16 17 -1.000285684714094e+00 -1.898635709364545e-03 -9.157169254295828e-04 -1.007681924986521e+00
16 18 -1.000285283193024e+00 -1.897667095648036e-03 -9.163306325103205e-04 -1.007685146498147e+00
16 19 -1.000284874636158e+00 -1.896727472132297e-03 -9.169146440845265e-04 -1.007688359393307e+00
16 20 -1.000284475394909e+00 -1.895852801634137e-03 -9.174479991251489e-04 -1.007691439488873e+00
16 21 -1.000284101578559e+00 -1.895077274731436e-03 -9.179086514363424e-04 -1.007694266197107e+00
16 22 -1.000283768331550e+00 -1.894431930249166e-03 -9.182745146975871e-04 -1.007696727418482e+00
16 23 -1.000283489140586e+00 -1.893943282793592e-03 -9.185249814053468e-04 -1.007698724341904e+00
16 24 -1.000283275211678e+00 -1.893632032167062e-03 -9.186427563114934e-04 -1.007700175912956e+00
16 25 -1.000283134957329e+00 -1.893511948079837e-03 -9.186157613122611e-04 -1.007701022689784e+00
16 26 -1.000283073630016e+00 -1.893589031625328e-03 -9.184388251587059e-04 -1.007701229793196e+00
16 27 -1.000283093128319e+00 -1.893861046347498e-03 -9.181148801227657e-04 -1.007700788691556e+00
16 28 -1.000283191986943e+00 -1.894317484580842e-03 -9.176554488735839e-04 -1.007699717646886e+00
16 29 -1.000283365543796e+00 -1.894939992827404e-03 -9.170803067301094e-04 -1.007698060773912e+00
16 30 -1.000283606259720e+00 -1.895703231620530e-03 -9.164163275729036e-04 -1.007695885801368e+00
16 31 -1.000283904153250e+00 -1.896576101039410e-03 -9.156956422724930e-04 -1.007693280743438e+00
17 0 -1.000284006480723e+00 -1.897882291926471e-03 -9.126590232013588e-04 -1.007690256809225e+00
17 1 -1.000284381402863e+00 -1.898863618429148e-03 -9.119367640205192e-04 -1.007687117656384e+00
17 2 -1.000284775081026e+00 -1.899844835780859e-03 -9.112593046700031e-04 -1.007683882637363e+00
17 3 -1.000285172927997e+00 -1.900787699400365e-03 -9.106560500201682e-04 -1.007680676115372e+00
17 4 -1.000285560420477e+00 -1.901656084384737e-03 -9.101509302687906e-04 -1.007677619858437e+00
17 5 -1.000285923532386e+00 -1.902417335100272e-03 -9.097614355331205e-04 -1.007674828640632e+00
17 6 -1.000286249136995e+00 -1.903043405486378e-03 -9.094982673056051e-04 -1.007672406253473e+00
17 7 -1.000286525383987e+00 -1.903511763446408e-03 -9.093655609145710e-04 -1.007670442020048e+00
17 8 -1.000286742056092e+00 -1.903806045211782e-03 -9.093615802941587e-04 -1.007669007885426e+00
17 9 -1.000286890905780e+00 -1.903916458425155e-03 -9.094797489652222e-04 -1.007668156135182e+00
17 10 -1.000286965966539e+00 -1.903839945324821e-03 -9.097098577659838e-04 -1.007667917771728e+00
17 11 -1.000286963826423e+00 -1.903580128100680e-03 -9.100392804590775e-04 -1.007668301559699e+00
17 12 -1.000286883845255e+00 -1.903147064545117e-03 -9.104540363282056e-04 -1.007669293741658e+00
17 13 -1.000286728292305e+00 -1.902556841526821e-03 -9.109395684204836e-04 -1.007670858425785e+00
17 14 -1.000286502380254e+00 -1.901831027388059e-03 -9.114811570841655e-04 -1.007672938652390e+00
17 15 -1.000286214174955e+00 -1.900995995802365e-03 -9.120639548319486e-04 -1.007675458145626e+00
17 16 -1.000285874369075e+00 -1.900082126879113e-03 -9.126727006380052e-04 -1.007678323742637e+00
17 17 -1.000285495918967e+00 -1.899122888042568e-03 -9.132912386594146e-04 -1.007681428466716e+00
17 18 -1.000285093555693e+00 -1.898153797036653e-03 -9.139020163859723e-04 -1.007684655182350e+00
17 19 -1.000284683190793e+00 -1.897211271823823e-03 -9.144857587626580e-04 -1.007687880745478e+00
17 20 -1.000284281244490e+00 -1.896331377694230e-03 -9.150214997453061e-04 -1.007690980542389e+00
17 21 -1.000283903928793e+00 -1.895548491558507e-03 -9.154871000226624e-04 -1.007693833290419e+00
17 22 -1.000283566521146e+00 -1.894893917734412e-03 -9.158602960422920e-04 -1.007696325946916e+00
17 23 -1.000283282666794e+00 -1.894394508302934e-03 -9.161202237546964e-04 -1.007698358535365e+00
17 24 -1.000283063750003e+00 -1.894071362362569e-03 -9.162492578507559e-04 -1.007699848651048e+00
17 25 -1.000282918374462e+00 -1.893938697311543e-03 -9.162349241717385e-04 -1.007700735366278e+00
17 26 -1.000282851989358e+00 -1.894002994042099e-03 -9.160715992963172e-04 -1.007700982239683e+00
17 27 -1.000282866687849e+00 -1.894262509717948e-03 -9.157617197197575e-04 -1.007700579166478e+00
17 28 -1.000282961189499e+00 -1.894707224568344e-03 -9.153162839371108e-04 -1.007699542892772e+00
17 29 -1.000283131000057e+00 -1.895319247178349e-03 -9.147545324705304e-04 -1.007697916142197e+00
17 30 -1.000283368724604e+00 -1.896073654779082e-03 -9.141028137133530e-04 -1.007695765439687e+00
17 31 -1.000283664496814e+00 -1.896939700977838e-03 -9.133927638008144e-04 -1.007693177835525e+00
18 0 -1.000283697875043e+00 -1.898122075917230e-03 -9.108619003482047e-04 -1.007690404159387e+00
18 1 -1.000284071869961e+00 -1.899099734201662e-03 -9.101458790085014e-04 -1.007687272413368e+00
18 2 -1.000284465653146e+00 -1.900079821205633e-03 -9.094719711187771e-04 -1.007684036746785e+00
18 3 -1.000284864633820e+00 -1.901024134387414e-03 -9.088694171512792e-04 -1.007680821589956e+00
18 4 -1.000285254246803e+00 -1.901896488553642e-03 -9.083621025096575e-04 -1.007677749085460e+00
18 5 -1.000285620387063e+00 -1.902664068042725e-03 -9.079675969325099e-04 -1.007674934669653e+00
18 6 -1.000285949814359e+00 -1.903298573915533e-03 -9.076968038252984e-04 -1.007672483054180e+00
18 7 -1.000286230534121e+00 -1.903777139290715e-03 -9.075541735063166e-04 -1.007670484701463e+00
18 8 -1.000286452159167e+00 -1.904082998136250e-03 -9.075383823383409e-04 -1.007669012869449e+00
18 9 -1.000286606252646e+00 -1.904205905433549e-03 -9.076433429788995e-04 -1.007668121279481e+00
18 10 -1.000286686646462e+00 -1.904142319142676e-03 -9.078593879517764e-04 -1.007667842438973e+00
18 11 -1.000286689722647e+00 -1.903895365075172e-03 -9.081744593207007e-04 -1.007668186632009e+00
18 12 -1.000286614638733e+00 -1.903474611881964e-03 -9.085751451303142e-04 -1.007669141580947e+00
18 13 -1.000286463473599e+00 -1.902895682824372e-03 -9.090474328849727e-04 -1.007670672782419e+00
18 14 -1.000286241269179e+00 -1.902179724658176e-03 -9.095771013954229e-04 -1.007672724526260e+00
18 15 -1.000285955947136e+00 -1.901352745614746e-03 -9.101497382907605e-04 -1.007675221605061e+00
18 16 -1.000285618088185e+00 -1.900444828078468e-03 -9.107504415889719e-04 -1.007678071707388e+00
18 17 -1.000285240573256e+00 -1.899489218643844e-03 -9.113633297041671e-04 -1.007681168461348e+00
18 18 -1.000284838097361e+00 -1.898521298142379e-03 -9.119710341595335e-04 -1.007684395066268e+00
18 19 -1.000284426576728e+00 -1.897577436436882e-03 -9.125543712732962e-04 -1.007687628426233e+00
18 20 -1.000284022476842e+00 -1.896693742060804e-03 -9.130923741740604e-04 -1.007690743680129e+00
18 21 -1.000283642093759e+00 -1.895904726348914e-03 -9.135628133134376e-04 -1.007693619003070e+00
18 22 -1.000283300824397e+00 -1.895241916114580e-03 -9.139432496339646e-04 -1.007696140527264e+00
18 23 -1.000283012464143e+00 -1.894732467746907e-03 -9.142125632206805e-04 -1.007698207192227e+00
18 24 -1.000282788572139e+00 -1.894397856849820e-03 -9.143527985588984e-04 -1.007699735287266e+00
18 25 -1.000282637944780e+00 -1.894252736457971e-03 -9.143510849167641e-04 -1.007700662405992e+00
18 26 -1.000282566234125e+00 -1.894304065964937e-03 -9.142013463493932e-04 -1.007700950515873e+00
18 27 -1.000282575738282e+00 -1.894550605123717e-03 -9.139055236834824e-04 -1.007700587876749e+00
18 28 -1.000282665375760e+00 -1.894982840522517e-03 -9.134740916852596e-04 -1.007699589627115e+00
18 29 -1.000282830837607e+00 -1.895583370047657e-03 -9.129257565944556e-04 -1.007697996981811e+00
18 30 -1.000283064893643e+00 -1.896327722856780e-03 -9.122863418995416e-04 -1.007695875121539e+00
18 31 -1.000283357815795e+00 -1.897185548325141e-03 -9.115869898871916e-04 -1.007693309973443e+00
19 0 -1.000283332819172e+00 -1.898233955784667e-03 -9.096289102945133e-04 -1.007690785744978e+00
19 1 -1.000283705170247e+00 -1.899206496283895e-03 -9.089189796939296e-04 -1.007687666440017e+00
19 2 -1.000284098331381e+00 -1.900183893811375e-03 -9.082485853621178e-04 -1.007684435338349e+00
19 3 -1.000284497735649e+00 -1.901128044909844e-03 -9.076468083480800e-04 -1.007681216743852e+00
19 4 -1.000284888803980e+00 -1.902002765724690e-03 -9.071374880683932e-04 -1.007678132972567e+00
19 5 -1.000285257379770e+00 -1.902775144520010e-03 -9.067382660456452e-04 -1.007675299922306e+00
19 6 -1.000285590134753e+00 -1.903416693061535e-03 -9.064602330508262e-04 -1.007672823033154e+00
19 7 -1.000285874952418e+00 -1.903904269890160e-03 -9.063081339831042e-04 -1.007670793733588e+00
19 8 -1.000286101293489e+00 -1.904220760170210e-03 -9.062810333297443e-04 -1.007669286449461e+00
19 9 -1.000286260543750e+00 -1.904355509395266e-03 -9.063733072297901e-04 -1.007668356231258e+00
19 10 -1.000286346338562e+00 -1.904304521081568e-03 -9.065758050908607e-04 -1.007668037031427e+00
19 11 -1.000286354851544e+00 -1.904070439240927e-03 -9.068770147538203e-04 -1.007668340644800e+00
19 12 -1.000286285028249e+00 -1.903662342029007e-03 -9.072640737377621e-04 -1.007669256316623e+00
19 13 -1.000286138740787e+00 -1.903095372098411e-03 -9.077234988474744e-04 -1.007670751024174e+00
19 14 -1.000285920838258e+00 -1.902390223131803e-03 -9.082415569252874e-04 -1.007672770442580e+00
19 15 -1.000285639071698e+00 -1.901572494157433e-03 -9.088042647308155e-04 -1.007675240603585e+00
19 16 -1.000285303880791e+00 -1.900671916927043e-03 -9.093970766044441e-04 -1.007678070241687e+00
19 17 -1.000284928041061e+00 -1.899721458506723e-03 -9.100043844794002e-04 -1.007681153796565e+00
19 18 -1.000284526182056e+00 -1.898756301226553e-03 -9.106090045751761e-04 -1.007684375011527e+00
19 19 -1.000284114196976e+00 -1.897812704764619e-03 -9.111918467105736e-04 -1.007687611042327e+00
19 20 -1.000283708571441e+00 -1.896926760579393e-03 -9.117319468171422e-04 -1.007690736971166e+00
19 21 -1.000283325663741e+00 -1.896133058097772e-03 -9.122069899219303e-04 -1.007693630602301e+00
19 22 -1.000282980972287e+00 -1.895463296090506e-03 -9.125943671755819e-04 -1.007696177389805e+00
19 23 -1.000282688428702e+00 -1.894944891644379e-03 -9.128727096743242e-04 -1.007698275309033e+00
19 24 -1.000282459757253e+00 -1.894599660884456e-03 -9.130237404359301e-04 -1.007699839434357e+00
19 25 -1.000282303941467e+00 -1.894442664770667e-03 -9.130342032819378e-04 -1.007700805941644e+00
19 26 -1.000282226834868e+00 -1.894481322377145e-03 -9.128975832317539e-04 -1.007701135237071e+00
19 27 -1.000282230943219e+00 -1.894714886461447e-03 -9.126153409039674e-04 -1.007700813943809e+00
19 28 -1.000282315390682e+00 -1.895134349660129e-03 -9.121974444187619e-04 -1.007699855561059e+00
19 29 -1.000282476064235e+00 -1.895722808086852e-03 -9.116620842065832e-04 -1.007698299733632e+00
19 30 -1.000282705912893e+00 -1.896456260979110e-03 -9.110345782950866e-04 -1.007696210207985e+00
19 31 -1.000282995364851e+00 -1.897304780690785e-03 -9.103455946020054e-04 -1.007693671670904e+00
20 0 -1.000282924684891e+00 -1.898213936625204e-03 -9.090043308741699e-04 -1.007691388320352e+00
20 1 -1.000283294734867e+00 -1.899180096804059e-03 -9.083001344558952e-04 -1.007688286046590e+00
20 2 -1.000283686568912e+00 -1.900153343634996e-03 -9.076330914491976e-04 -1.007685064567017e+00
20 3 -1.000284085670461e+00 -1.901095725945903e-03 -9.070321354094403e-04 -1.007681847869967e+00
20 4 -1.000284477474885e+00 -1.901971122565764e-03 -9.065210611720908e-04 -1.007678758237698e+00
20 5 -1.000284847803184e+00 -1.902746593285273e-03 -9.061175718478804e-04 -1.007675911811156e+00
20 6 -1.000285183267824e+00 -1.903393531553755e-03 -9.058329241679595e-04 -1.007673414539042e+00
20 7 -1.000285471657173e+00 -1.903888591955087e-03 -9.056721268622723e-04 -1.007671358606175e+00
20 8 -1.000285702303144e+00 -1.904214377069901e-03 -9.056345950762827e-04 -1.007669819418732e+00
20 9 -1.000285866432461e+00 -1.904359880914677e-03 -9.057151269325776e-04 -1.007668853201820e+00
20 10 -1.000285957496123e+00 -1.904320699072103e-03 -9.059050457576097e-04 -1.007668495240438e+00
20 11 -1.000285971464670e+00 -1.904099026166830e-03 -9.061933433261013e-04 -1.007668758776170e+00
20 12 -1.000285907069906e+00 -1.903703466533526e-03 -9.065676684218676e-04 -1.007669634564740e+00
20 13 -1.000285765968534e+00 -1.903148682713935e-03 -9.070150345084614e-04 -1.007671091102498e+00
20 14 -1.000285552802025e+00 -1.902454900403509e-03 -9.075221702787296e-04 -1.007673075534839e+00
20 15 -1.000285275130891e+00 -1.901647280809933e-03 -9.080755018012278e-04 -1.007675515257325e+00
20 16 -1.000284943230116e+00 -1.900755165056950e-03 -9.086608257060074e-04 -1.007678320206201e+00
20 17 -1.000284569743809e+00 -1.899811191966904e-03 -9.092627986737941e-04 -1.007681385810286e+00
20 18 -1.000284169209052e+00 -1.898850290645504e-03 -9.098644177322063e-04 -1.007684596546916e+00
20 19 -1.000283757469135e+00 -1.897908552360558e-03 -9.104466867616244e-04 -1.007687830017920e+00
20 20 -1.000283351003891e+00 -1.897021991938920e-03 -9.109886489118572e-04 -1.007690961441013e+00
20 21 -1.000282966209619e+00 -1.896225217893532e-03 -9.114679115367775e-04 -1.007693868434139e+00
20 22 -1.000282618664302e+00 -1.895550044156837e-03 -9.118617069922353e-04 -1.007696435945345e+00
20 23 -1.000282322416682e+00 -1.895024095344782e-03 -9.121484319949632e-04 -1.007698561141390e+00
20 24 -1.000282089340147e+00 -1.894669479720736e-03 -9.123095067357148e-04 -1.007700158017509e+00
20 25 -1.000281928592687e+00 -1.894501623593374e-03 -9.123313122928520e-04 -1.007701161445184e+00
20 26 -1.000281846220236e+00 -1.894528369993385e-03 -9.122069210469014e-04 -1.007701530357444e+00
20 27 -1.000281844931093e+00 -1.894749436881969e-03 -9.119373430818824e-04 -1.007701249800734e+00
20 28 -1.000281924054212e+00 -1.895156304003305e-03 -9.115320725360877e-04 -1.007700331664062e+00
20 29 -1.000282079676030e+00 -1.895732556342555e-03 -9.110088191858401e-04 -1.007698814018632e+00
20 30 -1.000282304932719e+00 -1.896454664054220e-03 -9.103924320092389e-04 -1.007696759139266e+00
20 31 -1.000282590421087e+00 -1.897293134049245e-03 -9.097131401965668e-04 -1.007694250400627e+00
21 0 -1.000282488473529e+00 -1.898062767391679e-03 -9.090085337751285e-04 -1.007692191748876e+00
21 1 -1.000282855643782e+00 -1.899021506239010e-03 -9.083095507472423e-04 -1.007689110517319e+00
21 2 -1.000283245488336e+00 -1.899989279907478e-03 -9.076456124474903e-04 -1.007685903412793e+00
21 3 -1.000283643565943e+00 -1.900928337677229e-03 -9.070455215930617e-04 -1.007682693928178e+00
21 4 -1.000284035354442e+00 -1.901802680680371e-03 -9.065330305987852e-04 -1.007679604103748e+00
21 5 -1.000284406682614e+00 -1.902579409419392e-03 -9.061258910255312e-04 -1.007676750094386e+00
21 6 -1.000284744134733e+00 -1.903229874819457e-03 -9.058354979591720e-04 -1.007674238117181e+00
21 7 -1.000285035434392e+00 -1.903730605971808e-03 -9.056670838859867e-04 -1.007672160874534e+00
21 8 -1.000285269812624e+00 -1.904063999700826e-03 -9.056203646361972e-04 -1.007670594528768e+00
21 9 -1.000285438361129e+00 -1.904218769652111e-03 -9.056905034140017e-04 -1.007669596281812e+00
21 10 -1.000285534365481e+00 -1.904190165199704e-03 -9.058692371492155e-04 -1.007669202589685e+00
21 11 -1.000285553606027e+00 -1.903979980739187e-03 -9.061460017237237e-04 -1.007669428023398e+00
21 12 -1.000285494607006e+00 -1.903596380992359e-03 -9.065089014123051e-04 -1.007670264781267e+00
21 13 -1.000285358809078e+00 -1.903053566530302e-03 -9.069453970779205e-04 -1.007671682861637e+00
21 14 -1.000285150639025e+00 -1.902371297335578e-03 -9.074426377867421e-04 -1.007673630911397e+00
21 15 -1.000284877454144e+00 -1.901574284269350e-03 -9.079874258524430e-04 -1.007676037764551e+00
21 16 -1.000284549347301e+00 -1.900691451994227e-03 -9.085658759922752e-04 -1.007678814671129e+00
21 17 -1.000284178810062e+00 -1.899755073840895e-03 -9.091628944019533e-04 -1.007681858191657e+00
21 18 -1.000283780263283e+00 -1.898799779388698e-03 -9.097616520473734e-04 -1.007685053702733e+00
21 19 -1.000283369475039e+00 -1.897861438657814e-03 -9.103432471736833e-04 -1.007688279432273e+00
21 20 -1.000282962893467e+00 -1.896975932607705e-03 -9.108867365559424e-04 -1.007691410921935e+00
21 21 -1.000282576927050e+00 -1.896177828782921e-03 -9.113696619872774e-04 -1.007694325795581e+00
21 22 -1.000282227208210e+00 -1.895498994777618e-03 -9.117691149448172e-04 -1.007696908687223e+00
21 23 -1.000281927878956e+00 -1.894967201331452e-03 -9.120632814772306e-04 -1.007699056142221e+00
21 24 -1.000281690939823e+00 -1.894604789209648e-03 -9.122333080595824e-04 -1.007700681254132e+00
21 25 -1.000281525703759e+00 -1.894427493780460e-03 -9.122652470488651e-04 -1.007701717752998e+00
21 26 -1.000281438392657e+00 -1.894443530569829e-03 -9.121517968978766e-04 -1.007702123242370e+00
21 27 -1.000281431904603e+00 -1.894653037692768e-03 -9.118935604674593e-04 -1.007701881311061e+00
21 28 -1.000281505764864e+00 -1.895047945079428e-03 -9.114996053041089e-04 -1.007701002326833e+00
21 29 -1.000281656255582e+00 -1.895612299411153e-03 -9.109872106315330e-04 -1.007699522841301e+00
21 30 -1.000281876701330e+00 -1.896323025657882e-03 -9.103808071016375e-04 -1.007697503673307e+00
21 31 -1.000282157873951e+00 -1.897151061316637e-03 -9.097102341607363e-04 -1.007695026860473e+00
22 0 -1.000282040346166e+00 -1.897785921182232e-03 -9.096377458073834e-04 -1.007693169302386e+00
22 1 -1.000282404154631e+00 -1.898736448902327e-03 -9.089433344193896e-04 -1.007690112420027e+00
22 2 -1.000282791410298e+00 -1.899697604486455e-03 -9.082822059929301e-04 -1.007686923991646e+00
22 3 -1.000283187770006e+00 -1.900631879637397e-03 -9.076830514912361e-04 -1.007683726848909e+00
22 4 -1.000283578781130e+00 -1.901503454117763e-03 -9.071695826714081e-04 -1.007680642586584e+00
22 5 -1.000283950310547e+00 -1.902279537656528e-03 -9.067595836211033e-04 -1.007677787140678e+00
22 6 -1.000284288946605e+00 -1.902931516453518e-03 -9.064645547915567e-04 -1.007675266744741e+00
22 7 -1.000284582380897e+00 -1.903435877600486e-03 -9.062899037767252e-04 -1.007673174359459e+00
22 8 -1.000284819775272e+00 -1.903774897166766e-03 -9.062355852906802e-04 -1.007671586649559e+00
22 9 -1.000284992115494e+00 -1.903937090493223e-03 -9.062970564799176e-04 -1.007670561558444e+00
22 10 -1.000285092546803e+00 -1.903917435671137e-03 -9.064663920579607e-04 -1.007670136507545e+00
22 11 -1.000285116679271e+00 -1.903717391078891e-03 -9.067333961087388e-04 -1.007670327230463e+00
22 12 -1.000285062843476e+00 -1.903344732591841e-03 -9.070865562733208e-04 -1.007671127246432e+00
22 13 -1.000284932271472e+00 -1.902813234366133e-03 -9.075137155153721e-04 -1.007672507982728e+00
22 14 -1.000284729176335e+00 -1.902142210273445e-03 -9.080023872240035e-04 -1.007674419563625e+00
22 15 -1.000284460707029e+00 -1.901355924658122e-03 -9.085397049942531e-04 -1.007676792284083e+00
22 16 -1.000284136763625e+00 -1.900482874662355e-03 -9.091120687859344e-04 -1.007679538773064e+00
22 17 -1.000283769669559e+00 -1.899554943581685e-03 -9.097046136036145e-04 -1.007682556825568e+00
22 18 -1.000283373709779e+00 -1.898606425266666e-03 -9.103006749219427e-04 -1.007685732851985e+00
22 19 -1.000282964554304e+00 -1.897672922678566e-03 -9.108814459683763e-04 -1.007688945866300e+00
22 20 -1.000282558594480e+00 -1.896790129409586e-03 -9.114260067834239e-04 -1.007692071913717e+00
22 21 -1.000282172224359e+00 -1.895992512394842e-03 -9.119118516434325e-04 -1.007694988818710e+00
22 22 -1.000281821103250e+00 -1.895311928437311e-03 -9.123159571115178e-04 -1.007697581107272e+00
22 23 -1.000281519438583e+00 -1.894776226648258e-03 -9.126163317704622e-04 -1.007699744916279e+00
22 24 -1.000281279330757e+00 -1.894407911134335e-03 -9.127938880036979e-04 -1.007701392651546e+00
22 25 -1.000281110221902e+00 -1.894222957852137e-03 -9.128343949334869e-04 -1.007702457109687e+00
22 26 -1.000281018486549e+00 -1.894229889132768e-03 -9.127302282367734e-04 -1.007702894759586e+00
22 27 -1.000281007192547e+00 -1.894429202470961e-03 -9.124816400215803e-04 -1.007702687906575e+00
22 28 -1.000281076045582e+00 -1.894813224438424e-03 -9.120973318812741e-04 -1.007701845542877e+00
22 29 -1.000281221512525e+00 -1.895366419456426e-03 -9.115942152808060e-04 -1.007700402810325e+00
22 30 -1.000281437100869e+00 -1.896066134982002e-03 -9.109963651604375e-04 -1.007698419139766e+00
22 31 -1.000281713757851e+00 -1.896883719930620e-03 -9.103332913657511e-04 -1.007695975254099e+00
23 0 -1.000281597097565e+00 -1.897393442608616e-03 -9.108647387251227e-04 -1.007694288040235e+00
23 1 -1.000281957175172e+00 -1.898335246016238e-03 -9.101741717260273e-04 -1.007691257996103e+00
23 2 -1.000282341325747e+00 -1.899288853546357e-03 -9.095155362474858e-04 -1.007688091946610e+00
23 3 -1.000282735324075e+00 -1.900217033646737e-03 -9.089174317700727e-04 -1.007684911916535e+00
23 4 -1.000283124812273e+00 -1.901084195704698e-03 -9.084035306067874e-04 -1.007681838863541e+00
23 5 -1.000283495724754e+00 -1.901857724191900e-03 -9.079916308581069e-04 -1.007678988276132e+00
23 6 -1.000283834686378e+00 -1.902509117852775e-03 -9.076933002062458e-04 -1.007676466148920e+00
23 7 -1.000284129390874e+00 -1.903014907496511e-03 -9.075140648504360e-04 -1.007674365429790e+00
23 8 -1.000284368965350e+00 -1.903357338631765e-03 -9.074540464357240e-04 -1.007672763011305e+00
23 9 -1.000284544322820e+00 -1.903524818466277e-03 -9.075089130817199e-04 -1.007671717313257e+00
23 10 -1.000284648498577e+00 -1.903512139482221e-03 -9.076709883271302e-04 -1.007671266479164e+00
23 11 -1.000284676958690e+00 -1.903320501340728e-03 -9.079303542497294e-04 -1.007671427193760e+00
23 12 -1.000284627861228e+00 -1.902957356896804e-03 -9.082757947033464e-04 -1.007672194125194e+00
23 13 -1.000284502244955e+00 -1.902436105826442e-03 -9.086954547762089e-04 -1.007673540002519e+00
23 14 -1.000284304118278e+00 -1.901775652249745e-03 -9.091771431517752e-04 -1.007675416348287e+00
23 15 -1.000284040424408e+00 -1.900999834063430e-03 -9.097082693218608e-04 -1.007677754887936e+00
23 16 -1.000283720866925e+00 -1.900136724970535e-03 -9.102754778662214e-04 -1.007680469645578e+00
23 17 -1.000283357591581e+00 -1.899217807307998e-03 -9.108641065922174e-04 -1.007683459710150e+00
23 18 -1.000282964732577e+00 -1.898277014505827e-03 -9.114576434554631e-04 -1.007686612624618e+00
23 19 -1.000282557842410e+00 -1.897349645327416e-03 -9.120373779005303e-04 -1.007689808323068e+00
23 20 -1.000282153232243e+00 -1.896471157855064e-03 -9.125824267910108e-04 -1.007692923519263e+00
23 21 -1.000281767255075e+00 -1.895675860807677e-03 -9.130702614323038e-04 -1.007695836429921e+00
23 22 -1.000281415567974e+00 -1.894995534656891e-03 -9.134777775344647e-04 -1.007698431686999e+00
23 23 -1.000281112412961e+00 -1.894458034985566e-03 -9.137828486414328e-04 -1.007700605250489e+00
23 24 -1.000280869958744e+00 -1.894085952851809e-03 -9.139662031567552e-04 -1.007702269081455e+00
23 25 -1.000280697745503e+00 -1.893895426269294e-03 -9.140133842318511e-04 -1.007703355289293e+00
23 26 -1.000280602270898e+00 -1.893895206431890e-03 -9.139165083603795e-04 -1.007703819448072e+00
23 27 -1.000280586745840e+00 -1.894086075728147e-03 -9.136755455163725e-04 -1.007703642803091e+00
23 28 -1.000280651033666e+00 -1.894460689185459e-03 -9.132989033113673e-04 -1.007702833168258e+00
23 29 -1.000280791768135e+00 -1.895003869818923e-03 -9.128031988979000e-04 -1.007701424437453e+00
23 30 -1.000281002627567e+00 -1.895693339979044e-03 -9.122122243133911e-04 -1.007699474772159e+00
23 31 -1.000281274728736e+00 -1.896500826116214e-03 -9.115552293459012e-04 -1.007697063650160e+00
24 0 -1.000281175578435e+00 -1.896899657139498e-03 -9.126403389037538e-04 -1.007695509357920e+00
24 1 -1.000281531683717e+00 -1.897832520696467e-03 -9.119528276520873e-04 -1.007692507722342e+00
24 2 -1.000281912315822e+00 -1.898777900707865e-03 -9.112963592367741e-04 -1.007689367013789e+00
24 3 -1.000282303383593e+00 -1.899698867499026e-03 -9.106994627093940e-04 -1.007686208330857e+00
24 4 -1.000282690646161e+00 -1.900560103561498e-03 -9.101857715579701e-04 -1.007683151822497e+00
24 5 -1.000283060132978e+00 -1.901329228279115e-03 -9.097730767205482e-04 -1.007680312313618e+00
24 6 -1.000283398537032e+00 -1.901977927215743e-03 -9.094729701978433e-04 -1.007677795309275e+00
24 7 -1.000283693588658e+00 -1.902482859949952e-03 -9.092910339730938e-04 -1.007675693470682e+00
24 8 -1.000283934416202e+00 -1.902826333462426e-03 -9.092274771912455e-04 -1.007674083632757e+00
24 9 -1.000284111895990e+00 -1.902996741748289e-03 -9.092780870715355e-04 -1.007673024406444e+00
24 10 -1.000284218988009e+00 -1.902988785225772e-03 -9.094353363098037e-04 -1.007672554384236e+00
24 11 -1.000284251046125e+00 -1.902803492833391e-03 -9.096894825619180e-04 -1.007672690952238e+00
24 12 -1.000284206083625e+00 -1.902448073119365e-03 -9.100295060712276e-04 -1.007673429710609e+00
24 13 -1.000284084968620e+00 -1.901935617679777e-03 -9.104437620135364e-04 -1.007674744513391e+00
24 14 -1.000283891521549e+00 -1.901284672731181e-03 -9.109202744556157e-04 -1.007676588149870e+00
24 15 -1.000283632490064e+00 -1.900518685633998e-03 -9.114466639193744e-04 -1.007678893692712e+00
24 16 -1.000283317384708e+00 -1.899665326136881e-03 -9.120097712380285e-04 -1.007681576526980e+00
24 17 -1.000282958170409e+00 -1.898755678931629e-03 -9.125951056034962e-04 -1.007684537049154e+00
24 18 -1.000282568821219e+00 -1.897823304808781e-03 -9.131862928998759e-04 -1.007687663994029e+00
24 19 -1.000282164756805e+00 -1.896903171325542e-03 -9.137647205515719e-04 -1.007690838318568e+00
24 20 -1.000281762187329e+00 -1.896030460154395e-03 -9.143095590806139e-04 -1.007693937549132e+00
24 21 -1.000281377399056e+00 -1.895239268265008e-03 -9.147982868553722e-04 -1.007696840476680e+00
24 22 -1.000281026017118e+00 -1.894561235255736e-03 -9.152077600555696e-04 -1.007699432054338e+00
24 23 -1.000280722285466e+00 -1.894024149433744e-03 -9.155157684655622e-04 -1.007701608307824e+00
24 24 -1.000280478406528e+00 -1.893650607829244e-03 -9.157029169156006e-04 -1.007703281016674e+00
24 25 -1.000280303983216e+00 -1.893456824736177e-03 -9.157545910971282e-04 -1.007704381878316e+00
24 26 -1.000280205601663e+00 -1.893451692732270e-03 -9.156627232465231e-04 -1.007704865848375e+00
24 27 -1.000280186583373e+00 -1.893636193404613e-03 -9.154270804958713e-04 -1.007704713377299e+00
24 28 -1.000280246920468e+00 -1.894003229679336e-03 -9.150558583084593e-04 -1.007703931342781e+00
24 29 -1.000280383389472e+00 -1.894537910746180e-03 -9.145654622531951e-04 -1.007702552599405e+00
24 30 -1.000280589821044e+00 -1.895218272405294e-03 -9.139794828648938e-04 -1.007700634205439e+00
24 31 -1.000280857489374e+00 -1.896016371002377e-03 -9.133269865901133e-04 -1.007698254509171e+00
25 0 -1.000280792076965e+00 -1.896322737284923e-03 -9.148956280074954e-04 -1.007696789798463e+00
25 1 -1.000281144108234e+00 -1.897246758768448e-03 -9.142103354071781e-04 -1.007693817139992e+00
25 2 -1.000281520929544e+00 -1.898183514397372e-03 -9.135556997410557e-04 -1.007690703861642e+00
25 3 -1.000281908595376e+00 -1.899096391095811e-03 -9.129602009317126e-04 -1.007687570048352e+00
25 4 -1.000282293000247e+00 -1.899950378618489e-03 -9.124474332277338e-04 -1.007684534896054e+00
25 5 -1.000282660293157e+00 -1.900713383694074e-03 -9.120351568969371e-04 -1.007681712371236e+00
25 6 -1.000282997264889e+00 -1.901357347134653e-03 -9.117349421144251e-04 -1.007679207253125e+00
25 7 -1.000283291715990e+00 -1.901859138541590e-03 -9.115523599909632e-04 -1.007677111649414e+00
25 8 -1.000283532812303e+00 -1.902201216931279e-03 -9.114876230319724e-04 -1.007675502051006e+00
25 9 -1.000283711431094e+00 -1.902372059337518e-03 -9.115365395244804e-04 -1.007674436964740e+00
25 10 -1.000283820494723e+00 -1.902366372119569e-03 -9.116916238963995e-04 -1.007673955139006e+00
25 11 -1.000283855281112e+00 -1.902185108947877e-03 -9.119431981919523e-04 -1.007674074382069e+00
25 12 -1.000283813692112e+00 -1.901835322765053e-03 -9.122803302122148e-04 -1.007674790971840e+00
25 13 -1.000283696454262e+00 -1.901329875544492e-03 -9.126914842537061e-04 -1.007676079667055e+00
25 14 -1.000283507223741e+00 -1.900687021211299e-03 -9.131648109278989e-04 -1.007677894344067e+00
25 15 -1.000283252570116e+00 -1.899929867435446e-03 -9.136880682359252e-04 -1.007680169288741e+00
25 16 -1.000282941821557e+00 -1.899085714730168e-03 -9.142482373599341e-04 -1.007682821162166e+00
25 17 -1.000282586765730e+00 -1.898185268027771e-03 -9.148309620925296e-04 -1.007685751634236e+00
25 18 -1.000282201212968e+00 -1.897261716454916e-03 -9.154199888895606e-04 -1.007688850648372e+00
25 19 -1.000281800439493e+00 -1.896349680710536e-03 -9.159968043895765e-04 -1.007692000251731e+00
25 20 -1.000281400537081e+00 -1.895484034245034e-03 -9.165406510565204e-04 -1.007695078900378e+00
25 21 -1.000281017701618e+00 -1.894698615130650e-03 -9.170290479098730e-04 -1.007697966124358e+00
25 22 -1.000280667497306e+00 -1.894024861029070e-03 -9.174388588073580e-04 -1.007700547406137e+00
25 23 -1.000280364136758e+00 -1.893490419953532e-03 -9.177478489783675e-04 -1.007702719082131e+00
25 24 -1.000280119819782e+00 -1.893117812216429e-03 -9.179365691794851e-04 -1.007704393024303e+00
25 25 -1.000279944173903e+00 -1.892923238648658e-03 -9.179903255289950e-04 -1.007705500811814e+00
25 26 -1.000279843835344e+00 -1.892915639568963e-03 -9.179009501963394e-04 -1.007705997083939e+00
25 27 -1.000279822199218e+00 -1.893096101859848e-03 -9.176680958978333e-04 -1.007705861793600e+00
25 28 -1.000279879352416e+00 -1.893457685899210e-03 -9.172998366287039e-04 -1.007705101161554e+00
25 29 -1.000280012184466e+00 -1.893985703538974e-03 -9.168124570903603e-04 -1.007703747252332e+00
25 30 -1.000280214653948e+00 -1.894658430774743e-03 -9.162294341310223e-04 -1.007701856229474e+00
25 31 -1.000280478174401e+00 -1.895448194145945e-03 -9.155797320877292e-04 -1.007699505469726e+00
26 0 -1.000280461678428e+00 -1.895684123702065e-03 -9.175447022584047e-04 -1.007698082200220e+00
26 1 -1.000280809682527e+00 -1.896599722495464e-03 -9.168607476653431e-04 -1.007695138027218e+00
26 2 -1.000281182537422e+00 -1.897527765855939e-03 -9.162075921637023e-04 -1.007692053281577e+00
26 3 -1.000281566449673e+00 -1.898431960791701e-03 -9.156136873164435e-04 -1.007688946983299e+00
26 4 -1.000281947462901e+00 -1.899277627726871e-03 -9.151025865854459e-04 -1.007685937264422e+00
26 5 -1.000282311866107e+00 -1.900033003069200e-03 -9.146919950431802e-04 -1.007683137068140e+00
26 6 -1.000282646574288e+00 -1.900670342366167e-03 -9.143934141203982e-04 -1.007680650236390e+00
26 7 -1.000282939489594e+00 -1.901166799429310e-03 -9.142123362543912e-04 -1.007678568074116e+00
26 8 -1.000283179850622e+00 -1.901505071194993e-03 -9.141488910426100e-04 -1.007676966450997e+00
26 9 -1.000283358573532e+00 -1.901673811868895e-03 -9.141988067100463e-04 -1.007675903474955e+00
26 10 -1.000283468582410e+00 -1.901667832316236e-03 -9.143545283382172e-04 -1.007675417748608e+00
26 11 -1.000283505118544e+00 -1.901488109871471e-03 -9.146063270970327e-04 -1.007675527204967e+00
26 12 -1.000283466010023e+00 -1.901141637113542e-03 -9.149432446776333e-04 -1.007676228517618e+00
26 13 -1.000283351876289e+00 -1.900641134228568e-03 -9.153537475887876e-04 -1.007677497093507e+00
26 14 -1.000283166239172e+00 -1.900004640133896e-03 -9.158260172886692e-04 -1.007679287673914e+00
26 15 -1.000282915514374e+00 -1.899254986990303e-03 -9.163478686496128e-04 -1.007681535577087e+00
26 16 -1.000282608865313e+00 -1.898419155120455e-03 -9.169063608584000e-04 -1.007684158606295e+00
26 17 -1.000282257912684e+00 -1.897527502078341e-03 -9.174872302239914e-04 -1.007687059622392e+00
26 18 -1.000281876305586e+00 -1.896612860086187e-03 -9.180743224563430e-04 -1.007690129749581e+00
26 19 -1.000281479171349e+00 -1.895709499736578e-03 -9.186492221585860e-04 -1.007693252153720e+00
26 20 -1.000281082470163e+00 -1.894851965100548e-03 -9.191912613231390e-04 -1.007696306305640e+00
26 21 -1.000280702287078e+00 -1.894073796833045e-03 -9.196780346960638e-04 -1.007699172614622e+00
26 22 -1.000280354098377e+00 -1.893406175886833e-03 -9.200864647780642e-04 -1.007701737284184e+00
26 23 -1.000280052052838e+00 -1.892876540765834e-03 -9.203943569533002e-04 -1.007703897198694e+00
26 24 -1.000279808310962e+00 -1.892507253865551e-03 -9.205822837877104e-04 -1.007705564596848e+00
26 25 -1.000279632485498e+00 -1.892314412261386e-03 -9.206355563989722e-04 -1.007706671240534e+00
26 26 -1.000279531222253e+00 -1.892306907788482e-03 -9.205459980642184e-04 -1.007707171768691e+00
26 27 -1.000279507949901e+00 -1.892485833931078e-03 -9.203132428546696e-04 -1.007707045955040e+00
26 28 -1.000279562812058e+00 -1.892844311188840e-03 -9.199453411281973e-04 -1.007706299670411e+00
26 29 -1.000279692776757e+00 -1.893367762177966e-03 -9.194585533351564e-04 -1.007704964471082e+00
26 30 -1.000279891900964e+00 -1.894034620579123e-03 -9.188763344519281e-04 -1.007703095869506e+00
26 31 -1.000280151714198e+00 -1.894817413496589e-03 -9.182276303775049e-04 -1.007700770465527e+00
27 0 -1.000280197629794e+00 -1.895007805970008e-03 -9.204878661574191e-04 -1.007699337214831e+00
27 1 -1.000280541806183e+00 -1.895915721484391e-03 -9.198043264317439e-04 -1.007696419950263e+00
27 2 -1.000280910687555e+00 -1.896835291651577e-03 -9.191522633708770e-04 -1.007693363766470e+00
27 3 -1.000281290633379e+00 -1.897730535173940e-03 -9.185601202413619e-04 -1.007690286607147e+00
27 4 -1.000281667844725e+00 -1.898567114417854e-03 -9.180514080112750e-04 -1.007687305468784e+00
27 5 -1.000282028765999e+00 -1.899313625606801e-03 -9.176437528499757e-04 -1.007684532144192e+00
27 6 -1.000282360458330e+00 -1.899942686873344e-03 -9.173485419457883e-04 -1.007682069360898e+00
27 7 -1.000282650953327e+00 -1.900431800247133e-03 -9.171711225908277e-04 -1.007680007400018e+00
27 8 -1.000282889595291e+00 -1.900763978358230e-03 -9.171114562482663e-04 -1.007678421252994e+00
27 9 -1.000283067376177e+00 -1.900928140836961e-03 -9.171650910536334e-04 -1.007677368345921e+00
27 10 -1.000283177261344e+00 -1.900919298131412e-03 -9.173242929097804e-04 -1.007676886837380e+00
27 11 -1.000283214496229e+00 -1.900738549583315e-03 -9.175791675320229e-04 -1.007676994481471e+00
27 12 -1.000283176875695e+00 -1.900392925480710e-03 -9.179186159951678e-04 -1.007677688048414e+00
27 13 -1.000283064950748e+00 -1.899895098282923e-03 -9.183309974875504e-04 -1.007678943309760e+00
27 14 -1.000282882144016e+00 -1.899262978214625e-03 -9.188044247729336e-04 -1.007680715614322e+00
27 15 -1.000282634747518e+00 -1.898519197271643e-03 -9.193266845635507e-04 -1.007682941090839e+00
27 16 -1.000282331783885e+00 -1.897690477407834e-03 -9.198848468429225e-04 -1.007685538505886e+00
27 17 -1.000281984723548e+00 -1.896806874966827e-03 -9.204646930209942e-04 -1.007688411782195e+00
27 18 -1.000281607062994e+00 -1.895900893948254e-03 -9.210501414039757e-04 -1.007691453151593e+00
27 19 -1.000281213780781e+00 -1.895006464790897e-03 -9.216228689069612e-04 -1.007694546885610e+00
27 20 -1.000280820697214e+00 -1.894157793040005e-03 -9.221623119371252e-04 -1.007697573518202e+00
27 21 -1.000280443770178e+00 -1.893388094073132e-03 -9.226461751384549e-04 -1.007700414446480e+00
27 22 -1.000280098364297e+00 -1.892728246447214e-03 -9.230514911398488e-04 -1.007702956761075e+00
27 23 -1.000279798534279e+00 -1.892205417094023e-03 -9.233561718197251e-04 -1.007705098112942e+00
27 24 -1.000279556365888e+00 -1.891841734301307e-03 -9.235408901192283e-04 -1.007706751370608e+00
27 25 -1.000279381418059e+00 -1.891653104021789e-03 -9.235910504395309e-04 -1.007707848775363e+00
27 26 -1.000279280305117e+00 -1.891648274319931e-03 -9.234985627956505e-04 -1.007708345284032e+00
27 27 -1.000279256447670e+00 -1.891828245484716e-03 -9.232631429847435e-04 -1.007708220818486e+00
27 28 -1.000279310005435e+00 -1.892186097653109e-03 -9.228929196028243e-04 -1.007707481222613e+00
27 29 -1.000279437987033e+00 -1.892707267356232e-03 -9.224042284923452e-04 -1.007706157848157e+00
27 30 -1.000279634514273e+00 -1.893370257042700e-03 -9.218205965753742e-04 -1.007704305826563e+00
27 31 -1.000279891204743e+00 -1.894147716983389e-03 -9.211710362750354e-04 -1.007702001205817e+00
28 0 -1.000280010743108e+00 -1.894319477005879e-03 -9.236151514543420e-04 -1.007700505175787e+00
28 1 -1.000280351442184e+00 -1.895220754964352e-03 -9.229310624182047e-04 -1.007697612173357e+00
28 2 -1.000280716498071e+00 -1.896132424512349e-03 -9.222796499529231e-04 -1.007694583458319e+00
28 3 -1.000281092417993e+00 -1.897018795345965e-03 -9.216893691129875e-04 -1.007691535929481e+00
28 4 -1.000281465562733e+00 -1.897845869675730e-03 -9.211836879939708e-04 -1.007688585420656e+00
28 5 -1.000281822541589e+00 -1.898582619880372e-03 -9.207801324653150e-04 -1.007685842491343e+00
28 6 -1.000282150578315e+00 -1.899202060888144e-03 -9.204899330487812e-04 -1.007683408619409e+00
28 7 -1.000282437857132e+00 -1.899682093975524e-03 -9.203182294667316e-04 -1.007681372878948e+00
28 8 -1.000282673857262e+00 -1.900006113481560e-03 -9.202647350580609e-04 -1.007679809158210e+00
28 9 -1.000282849680769e+00 -1.900163382846218e-03 -9.203247238988521e-04 -1.007678773942925e+00
28 10 -1.000282958372467e+00 -1.900149199849096e-03 -9.204901788049286e-04 -1.007678304664573e+00
28 11 -1.000282995222693e+00 -1.899964879883196e-03 -9.207509302883853e-04 -1.007678418599814e+00
28 12 -1.000282958034981e+00 -1.899617588049867e-03 -9.210956275845187e-04 -1.007679112311012e+00
28 13 -1.000282847333313e+00 -1.899120045610725e-03 -9.215124147586808e-04 -1.007680361634598e+00
28 14 -1.000282666480253e+00 -1.898490126162793e-03 -9.219892365462835e-04 -1.007682122243567e+00
28 15 -1.000282421679227e+00 -1.897750345466490e-03 -9.225137649809912e-04 -1.007684330821349e+00
28 16 -1.000282121841553e+00 -1.896927239722532e-03 -9.230730102959538e-04 -1.007686906879603e+00
28 17 -1.000281778309928e+00 -1.896050622577905e-03 -9.236527466603000e-04 -1.007689755231367e+00
28 18 -1.000281404442795e+00 -1.895152711746398e-03 -9.242369326048086e-04 -1.007692769099225e+00
28 19 -1.000281015075907e+00 -1.894267120984422e-03 -9.248073261513740e-04 -1.007695833804201e+00
28 20 -1.000280625886840e+00 -1.893427721368314e-03 -9.253434781696042e-04 -1.007698830950805e+00
28 21 -1.000280252694896e+00 -1.892667387624159e-03 -9.258232332679968e-04 -1.007701642995022e+00
28 22 -1.000279910733628e+00 -1.892016661734509e-03 -9.262237822249755e-04 -1.007704158047118e+00
28 23 -1.000279613937137e+00 -1.891502387223830e-03 -9.265232071765947e-04 -1.007706274714381e+00
28 24 -1.000279374283957e+00 -1.891146390622510e-03 -9.267023587697154e-04 -1.007707906735108e+00
28 25 -1.000279201242157e+00 -1.890964305944286e-03 -9.267468231204543e-04 -1.007708987110157e+00
28 26 -1.000279101354456e+00 -1.890964646757246e-03 -9.266486934689240e-04 -1.007709471422716e+00
28 27 -1.000279077991787e+00 -1.891148223110114e-03 -9.264078683897400e-04 -1.007709340066735e+00
28 28 -1.000279131288483e+00 -1.891507975257712e-03 -9.260326567717883e-04 -1.007708599184813e+00
28 29 -1.000279258254081e+00 -1.892029255736088e-03 -9.255395695081506e-04 -1.007707280237226e+00
28 30 -1.000279453038932e+00 -1.892690543533569e-03 -9.249522994463300e-04 -1.007705438261069e+00
28 31 -1.000279707317038e+00 -1.893464529194565e-03 -9.243000105311498e-04 -1.007703149001084e+00
29 0 -1.000279908875359e+00 -1.893645585015128e-03 -9.268100701899321e-04 -1.007701538241878e+00
29 1 -1.000280246590234e+00 -1.894541549966782e-03 -9.261244331479506e-04 -1.007698665849489e+00
29 2 -1.000280608123967e+00 -1.895446217051434e-03 -9.254731604855170e-04 -1.007695662386971e+00
29 3 -1.000280980120234e+00 -1.896324154099261e-03 -9.248847398984774e-04 -1.007692643783291e+00
29 4 -1.000281349095244e+00 -1.897141687159825e-03 -9.243825984646591e-04 -1.007689724730166e+00
29 5 -1.000281701826192e+00 -1.897868166285213e-03 -9.239841438024512e-04 -1.007687014519651e+00
29 6 -1.000282025709788e+00 -1.898477022162666e-03 -9.237004124139230e-04 -1.007684613292805e+00
29 7 -1.000282309100311e+00 -1.898946590911215e-03 -9.235362813923258e-04 -1.007682608779970e+00
29 8 -1.000282541636018e+00 -1.899260699585046e-03 -9.234911454760463e-04 -1.007681073584210e+00
29 9 -1.000282714559240e+00 -1.899409020364532e-03 -9.235599211456382e-04 -1.007680063028541e+00
29 10 -1.000282821029564e+00 -1.899387215247340e-03 -9.237342142224392e-04 -1.007679613560946e+00
29 11 -1.000282856421499e+00 -1.899196901867497e-03 -9.240034792917997e-04 -1.007679741698463e+00
29 12 -1.000282818588990e+00 -1.898845472448420e-03 -9.243560105833270e-04 -1.007680443497349e+00
29 13 -1.000282708071571e+00 -1.898345792064170e-03 -9.247796359533113e-04 -1.007681694555027e+00
29 14 -1.000282528213332e+00 -1.897715791821842e-03 -9.252620371983810e-04 -1.007683450570346e+00
29 15 -1.000282285167808e+00 -1.896977960708869e-03 -9.257906865652555e-04 -1.007685648500914e+00
29 16 -1.000281987768946e+00 -1.896158730075366e-03 -9.263524625821605e-04 -1.007688208353420e+00
29 17 -1.000281647259315e+00 -1.895287739666983e-03 -9.269330764037745e-04 -1.007691035623089e+00
29 18 -1.000281276879390e+00 -1.894396974722952e-03 -9.275164895575792e-04 -1.007694024366273e+00
29 19 -1.000280891333841e+00 -1.893519768972045e-03 -9.280845238681771e-04 -1.007697060854513e+00
29 20 -1.000280506160456e+00 -1.892689677002610e-03 -9.286168475837582e-04 -1.007700027726660e+00
29 21 -1.000280137034112e+00 -1.891939231438898e-03 -9.290914677743342e-04 -1.007702808526230e+00
29 22 -1.000279799043151e+00 -1.891298616934505e-03 -9.294857741664146e-04 -1.007705292475563e+00
29 23 -1.000279505979448e+00 -1.890794314475679e-03 -9.297780765950230e-04 -1.007707379290537e+00
29 24 -1.000279269686180e+00 -1.890447792880035e-03 -9.299494754526836e-04 -1.007708983785161e+00
29 25 -1.000279099507045e+00 -1.890274343630483e-03 -9.299858225286815e-04 -1.007710039971239e+00
29 26 -1.000279001875662e+00 -1.890282163529029e-03 -9.298794867597494e-04 -1.007710504344277e+00
29 27 -1.000278980073426e+00 -1.890471782048678e-03 -9.296306467506196e-04 -1.007710358077708e+00
29 28 -1.000279034168716e+00 -1.890835904983960e-03 -9.292478902266502e-04 -1.007709607927928e+00
29 29 -1.000279161132201e+00 -1.891359705733328e-03 -9.287479998030753e-04 -1.007708285773506e+00
29 30 -1.000279355105055e+00 -1.892021547680621e-03 -9.281549257552136e-04 -1.007706446849593e+00
29 31 -1.000279607783344e+00 -1.892794076067147e-03 -9.274980661975389e-04 -1.007704166861376e+00
30 0 -1.000279896522129e+00 -1.893012315763757e-03 -9.299535276413854e-04 -1.007702392690883e+00
30 1 -1.000280231873490e+00 -1.893904529015172e-03 -9.292653257217461e-04 -1.007699536364508e+00
30 2 -1.000280590336364e+00 -1.894803392967164e-03 -9.286136082520563e-04 -1.007696554869385e+00
30 3 -1.000280958673654e+00 -1.895673689568218e-03 -9.280269171230146e-04 -1.007693563281270e+00
30 4 -1.000281323546199e+00 -1.896482039248202e-03 -9.275286427429928e-04 -1.007690675217966e+00
30 5 -1.000281671895323e+00 -1.897198155962194e-03 -9.271360614031882e-04 -1.007687998721470e+00
30 6 -1.000281991294244e+00 -1.897795888491511e-03 -9.268599860254096e-04 -1.007685632562347e+00
30 7 -1.000282270278125e+00 -1.898254026029376e-03 -9.267049866417889e-04 -1.007683663043976e+00
30 8 -1.000282498662175e+00 -1.898556862094880e-03 -9.266700815733145e-04 -1.007682161353322e+00
30 9 -1.000282667853742e+00 -1.898694526411297e-03 -9.267497598301014e-04 -1.007681181474006e+00
30 10 -1.000282771158218e+00 -1.898663107985242e-03 -9.269351702833521e-04 -1.007680758651721e+00
30 11 -1.000282804070550e+00 -1.898464601393536e-03 -9.272153046970889e-04 -1.007680908389753e+00
30 12 -1.000282764535123e+00 -1.898106709757962e-03 -9.275780122067851e-04 -1.007681625957945e+00
30 13 -1.000282653149121e+00 -1.897602531732776e-03 -9.280107145931501e-04 -1.007682886418328e+00
30 14 -1.000282473280581e+00 -1.896970148406979e-03 -9.285007440359130e-04 -1.007684645194096e+00
30 15 -1.000282231073947e+00 -1.896232113355977e-03 -9.290352926849177e-04 -1.007686839223146e+00
30 16 -1.000281935322971e+00 -1.895414839062003e-03 -9.296010370961963e-04 -1.007689388734984e+00
30 17 -1.000281597201825e+00 -1.894547867935652e-03 -9.301835686582646e-04 -1.007692199669602e+00
30 18 -1.000281229857902e+00 -1.893663016671114e-03 -9.307668110511209e-04 -1.007695166724876e+00
30 19 -1.000280847881906e+00 -1.892793387801571e-03 -9.313326262179912e-04 -1.007698176983705e+00
30 20 -1.000280466680579e+00 -1.891972251146120e-03 -9.318607939720844e-04 -1.007701114039418e+00
30 21 -1.000280101784562e+00 -1.891231810359327e-03 -9.323294963587582e-04 -1.007703862506461e+00
30 22 -1.000279768128860e+00 -1.890601886804264e-03 -9.327163527197449e-04 -1.007706312766392e+00
30 23 -1.000279479347325e+00 -1.890108574448818e-03 -9.329999481742499e-04 -1.007708365751481e+00
30 24 -1.000279247125140e+00 -1.889772942723670e-03 -9.331616951641487e-04 -1.007709937514562e+00
30 25 -1.000279080653140e+00 -1.889609883536145e-03 -9.331877854407828e-04 -1.007710963289801e+00
30 26 -1.000278986222715e+00 -1.889627206954342e-03 -9.330709469142071e-04 -1.007711400735444e+00
30 27 -1.000278966989410e+00 -1.889825082141951e-03 -9.328117272531522e-04 -1.007711232082050e+00
30 28 -1.000279022917641e+00 -1.890195894448115e-03 -9.324190843776084e-04 -1.007710464991959e+00
30 29 -1.000279150900756e+00 -1.890724549292146e-03 -9.319101627685246e-04 -1.007709132056864e+00
30 30 -1.000279345033074e+00 -1.891389205964093e-03 -9.313092554927117e-04 -1.007707288996780e+00
30 31 -1.000279596997043e+00 -1.892162379505263e-03 -9.306460719823123e-04 -1.007705011745658e+00
31 0 -1.000279974557160e+00 -1.892444545128542e-03 -9.329278312657700e-04 -1.007703031204171e+00
31 1 -1.000280308271247e+00 -1.893334748415684e-03 -9.322360586978131e-04 -1.007700185671583e+00
31 2 -1.000280664247412e+00 -1.894229268522750e-03 -9.315832465625143e-04 -1.007697221901189e+00
31 3 -1.000281029345306e+00 -1.895093048008091e-03 -9.309980126349590e-04 -1.007694254269274e+00
31 4 -1.000281390353526e+00 -1.895892959873608e-03 -9.305037179566560e-04 -1.007691395432844e+00
31 5 -1.000281734366984e+00 -1.896599053074444e-03 -9.301175010440612e-04 -1.007688752253159e+00
31 6 -1.000282049131732e+00 -1.897185579503267e-03 -9.298499318926101e-04 -1.007686422153344e+00
31 7 -1.000282323367370e+00 -1.897631781239071e-03 -9.297052419144390e-04 -1.007684489984662e+00
31 8 -1.000282547077058e+00 -1.897922433498340e-03 -9.296820299368268e-04 -1.007683025443414e+00
31 9 -1.000282711851578e+00 -1.898048154377660e-03 -9.297743040563788e-04 -1.007682081049792e+00
31 10 -1.000282811167611e+00 -1.898005505853160e-03 -9.299726941675726e-04 -1.007681690675565e+00
31 11 -1.000282840672261e+00 -1.897796919316928e-03 -9.302656607446968e-04 -1.007681868595428e+00
31 12 -1.000282798437043e+00 -1.897430480606859e-03 -9.306405350524999e-04 -1.007682609041866e+00
31 13 -1.000282685156866e+00 -1.896919603062523e-03 -9.310842578378460e-04 -1.007683886263965e+00
31 14 -1.000282504265365e+00 -1.896282604859186e-03 -9.315837370035237e-04 -1.007685655116595e+00
31 15 -1.000282261939180e+00 -1.895542193450375e-03 -9.321258132947538e-04 -1.007687852223167e+00
31 16 -1.000281966970794e+00 -1.894724849829370e-03 -9.326968966509836e-04 -1.007690397752901e+00
31 17 -1.000281630500647e+00 -1.893860100526923e-03 -9.332824036474869e-04 -1.007693197832482e+00
31 18 -1.000281265611907e+00 -1.892979665622642e-03 -9.338661768863731e-04 -1.007696147580091e+00
31 19 -1.000280886803216e+00 -1.892116475808399e-03 -9.344300887357141e-04 -1.007699134715292e+00
31 20 -1.000280509364548e+00 -1.891303560424797e-03 -9.349540159653297e-04 -1.007702043665092e+00
31 21 -1.000280148688596e+00 -1.890572821547209e-03 -9.354163173076388e-04 -1.007704760052828e+00
31 22 -1.000279819555334e+00 -1.889953726755929e-03 -9.357948601025156e-04 -1.007707175417893e+00
31 23 -1.000279535431270e+00 -1.889471974628020e-03 -9.360685389283026e-04 -1.007709191966940e+00
31 24 -1.000279307827364e+00 -1.889148209829384e-03 -9.362191264375830e-04 -1.007710727104878e+00
31 25 -1.000279145759353e+00 -1.888996883797392e-03 -9.362332143533457e-04 -1.007711717450550e+00
31 26 -1.000279055349182e+00 -1.889025365400857e-03 -9.361039591408502e-04 -1.007712122028553e+00
31 27 -1.000279039595386e+00 -1.889233397866917e-03 -9.358323539458135e-04 -1.007711924362316e+00
31 28 -1.000279098324414e+00 -1.889612972160626e-03 -9.354278066684825e-04 -1.007711133277742e+00
31 29 -1.000279228316637e+00 -1.890148646549694e-03 -9.349079029895611e-04 -1.007709782348549e+00
31 30 -1.000279423583366e+00 -1.890818294833737e-03 -9.342973541781724e-04 -1.007707928049681e+00
31 31 -1.000279675757920e+00 -1.891594221033728e-03 -9.336262497354534e-04 -1.007705646805829e+00
