2.685185777438224e-07
1.000000000000000e-12
1.000000000000000e-17
3.538319374738085e-01
1.940526670296676e-01
-4.614814814814814e-01
-1.500017464083440e+00
1.901109735892602e-07
32
32
-4.740740740740740e-02
1
0 0 -1.000278389262298e+00 -1.889801895733228e-03 -9.415208887581225e-04 -1.007710700451657e+00
0 1 -1.000278899096110e+00 -1.891189368223540e-03 -9.403777294310668e-04 -1.007706291240884e+00
0 2 -1.000279441297694e+00 -1.892575793454615e-03 -9.393166277586950e-04 -1.007701711805956e+00
0 3 -1.000279996483512e+00 -1.893906227433316e-03 -9.383870648582561e-04 -1.007697139058424e+00
0 4 -1.000280545521374e+00 -1.895129827244747e-03 -9.376266945941026e-04 -1.007692744760984e+00
0 5 -1.000281069913421e+00 -1.896201698006292e-03 -9.370598698415179e-04 -1.007688689658583e+00
0 6 -1.000281552105763e+00 -1.897084297379292e-03 -9.366975626166467e-04 -1.007685118489134e+00
0 7 -1.000281975770712e+00 -1.897748380474456e-03 -9.365385161590894e-04 -1.007682155945751e+00
0 8 -1.000282326103944e+00 -1.898173489872790e-03 -9.365713789938025e-04 -1.007679903620291e+00
0 9 -1.000282590171439e+00 -1.898348031944992e-03 -9.367775077731516e-04 -1.007678437865789e+00
0 10 -1.000282757328721e+00 -1.898269025886832e-03 -9.371340742737170e-04 -1.007677808405479e+00
0 11 -1.000282819714066e+00 -1.897941646261981e-03 -9.376170743150928e-04 -1.007678037456173e+00
0 12 -1.000282772787108e+00 -1.897378682289208e-03 -9.382038326231151e-04 -1.007679119177869e+00
0 13 -1.000282615851234e+00 -1.896600000935795e-03 -9.388746516217259e-04 -1.007681019404730e+00
0 14 -1.000282352474655e+00 -1.895632040585188e-03 -9.396133713052868e-04 -1.007683675786432e+00
0 15 -1.000281990722298e+00 -1.894507304306285e-03 -9.404067770112818e-04 -1.007686998584320e+00
0 16 -1.000281543130683e+00 -1.893263787389695e-03 -9.412429864208919e-04 -1.007690872373296e+00
0 17 -1.000281026393228e+00 -1.891944266132501e-03 -9.421091402329813e-04 -1.007695158814431e+00
0 18 -1.000280460760985e+00 -1.890595383130381e-03 -9.429888831601020e-04 -1.007699700546591e+00
0 19 -1.000279869193150e+00 -1.889266476705174e-03 -9.438602155670746e-04 -1.007704326156897e+00
0 20 -1.000279276308660e+00 -1.888008115077619e-03 -9.446942852147849e-04 -1.007708856148915e+00
0 21 -1.000278707197670e+00 -1.886870314603018e-03 -9.454555588341634e-04 -1.007713109810313e+00
0 22 -1.000278186156470e+00 -1.885900454154264e-03 -9.461035821238203e-04 -1.007716912841258e+00
0 23 -1.000277735417671e+00 -1.885140950483191e-03 -9.465962456343322e-04 -1.007720105499703e+00
0 24 -1.000277373960359e+00 -1.884626830591856e-03 -9.468941747937972e-04 -1.007722550841584e+00
0 25 -1.000277116496673e+00 -1.884383413305059e-03 -9.469656109946820e-04 -1.007724142425408e+00
0 26 -1.000276972731688e+00 -1.884424367838840e-03 -9.467910025442463e-04 -1.007724810700193e+00
0 27 -1.000276946973943e+00 -1.884750423639173e-03 -9.463665210761569e-04 -1.007724527299232e+00
0 28 -1.000277038133197e+00 -1.885348946839779e-03 -9.457058714860876e-04 -1.007723306667619e+00
0 29 -1.000277240087849e+00 -1.886194481887725e-03 -9.448400441554156e-04 -1.007721204822077e+00
0 30 -1.000277542351646e+00 -1.887250212609513e-03 -9.438150091021905e-04 -1.007718315467172e+00
0 31 -1.000277930932269e+00 -1.888470165735347e-03 -9.426876982634209e-04 -1.007714764041716e+00
1 0 -1.000278812218246e+00 -1.889265343879374e-03 -9.451443228915234e-04 -1.007710720637332e+00
1 1 -1.000279321955390e+00 -1.890657043181141e-03 -9.439877770784830e-04 -1.007706309765493e+00
1 2 -1.000279861406824e+00 -1.892040916166978e-03 -9.429207937130804e-04 -1.007701749779582e+00
1 3 -1.000280411298611e+00 -1.893362111746509e-03 -9.419931678883209e-04 -1.007697216711821e+00
1 4 -1.000280952708391e+00 -1.894570157138400e-03 -9.412425459588493e-04 -1.007692880630000e+00
1 5 -1.000281467439329e+00 -1.895620789310855e-03 -9.406929417963880e-04 -1.007688899857451e+00
1 6 -1.000281938316634e+00 -1.896477330013154e-03 -9.403546657536663e-04 -1.007685416104490e+00
1 7 -1.000282349453751e+00 -1.897111589615701e-03 -9.402255038140400e-04 -1.007682550572775e+00
1 8 -1.000282686531764e+00 -1.897504307944170e-03 -9.402928947052361e-04 -1.007680401051295e+00
1 9 -1.000282937127560e+00 -1.897645176612222e-03 -9.405367888545466e-04 -1.007679039933817e+00
1 10 -1.000283091113521e+00 -1.897532532036202e-03 -9.409328213450281e-04 -1.007678512981119e+00
1 11 -1.000283141130788e+00 -1.897172842683244e-03 -9.414553928269500e-04 -1.007678838591550e+00
1 12 -1.000283083108428e+00 -1.896580117055225e-03 -9.420802476533111e-04 -1.007680007385297e+00
1 13 -1.000282916768100e+00 -1.895775322740793e-03 -9.427861920003352e-04 -1.007681982050184e+00
1 14 -1.000282646030159e+00 -1.894785845280410e-03 -9.435557147810721e-04 -1.007684697573831e+00
1 15 -1.000282279233751e+00 -1.893644955693060e-03 -9.443744458725080e-04 -1.007688062107863e+00
1 16 -1.000281829103029e+00 -1.892391219499774e-03 -9.452295825290312e-04 -1.007691958720404e+00
1 17 -1.000281312426670e+00 -1.891067772230422e-03 -9.461076084112238e-04 -1.007696248207186e+00
1 18 -1.000280749455561e+00 -1.889721395694450e-03 -9.469917912264478e-04 -1.007700773012172e+00
1 19 -1.000280163052989e+00 -1.888401342742315e-03 -9.478600384897505e-04 -1.007705362216982e+00
1 20 -1.000279577648731e+00 -1.887157871666721e-03 -9.486836813212578e-04 -1.007709837515685e+00
1 21 -1.000279018055900e+00 -1.886040470201009e-03 -9.494276283517115e-04 -1.007714020072835e+00
1 22 -1.000278508214329e+00 -1.885095782172615e-03 -9.500521015826607e-04 -1.007717738119990e+00
1 23 -1.000278069932624e+00 -1.884365303038081e-03 -9.505158742319545e-04 -1.007720835039182e+00
1 24 -1.000277721713702e+00 -1.883882981431265e-03 -9.507806300103702e-04 -1.007723177505239e+00
1 25 -1.000277477759826e+00 -1.883672938633695e-03 -9.508158110460022e-04 -1.007724663056202e+00
1 26 -1.000277347252953e+00 -1.883747571782213e-03 -9.506031733640200e-04 -1.007725226318011e+00
1 27 -1.000277333986364e+00 -1.884106312316520e-03 -9.501402655976361e-04 -1.007724843117596e+00
1 28 -1.000277436383051e+00 -1.884735252692835e-03 -9.494421988796879e-04 -1.007723531924021e+00
1 29 -1.000277647882567e+00 -1.885607738397629e-03 -9.485413564105766e-04 -1.007721352426105e+00
1 30 -1.000277957625362e+00 -1.886685878161743e-03 -9.474850421832913e-04 -1.007718401480081e+00
1 31 -1.000278351326464e+00 -1.887922793472336e-03 -9.463314152281067e-04 -1.007714807011506e+00
2 0 -1.000279350374478e+00 -1.888923124719951e-03 -9.480225958017383e-04 -1.007710298580741e+00
2 1 -1.000279862266717e+00 -1.890323871228039e-03 -9.468505472836544e-04 -1.007705870108798e+00
2 2 -1.000280401152722e+00 -1.891710062054205e-03 -9.457757011223083e-04 -1.007701313885782e+00
2 3 -1.000280947781476e+00 -1.893026763575179e-03 -9.448482112673722e-04 -1.007696805645393e+00
2 4 -1.000281483356867e+00 -1.894223695151018e-03 -9.441057533864377e-04 -1.007692514335621e+00
2 5 -1.000281989906521e+00 -1.895257051046015e-03 -9.435720347739622e-04 -1.007688596405816e+00
2 6 -1.000282450569146e+00 -1.896090853230656e-03 -9.432567351937408e-04 -1.007685191033818e+00
2 7 -1.000282849848375e+00 -1.896697822316499e-03 -9.431567147922846e-04 -1.007682416345431e+00
2 8 -1.000283173877622e+00 -1.897059777681516e-03 -9.432582341417608e-04 -1.007680366635967e+00
2 9 -1.000283410731887e+00 -1.897167613704198e-03 -9.435398673389511e-04 -1.007679110518949e+00
2 10 -1.000283550809252e+00 -1.897020943100047e-03 -9.439757374335015e-04 -1.007678689824086e+00
2 11 -1.000283587284285e+00 -1.896627532997641e-03 -9.445386647950207e-04 -1.007679119006156e+00
2 12 -1.000283516606485e+00 -1.896002663103355e-03 -9.452028135179776e-04 -1.007680384864996e+00
2 13 -1.000283338984573e+00 -1.895168499189014e-03 -9.459454742185918e-04 -1.007682446518015e+00
2 14 -1.000283058773660e+00 -1.894153512411890e-03 -9.467477426638010e-04 -1.007685235745828e+00
2 15 -1.000282684678640e+00 -1.892991913440711e-03 -9.475940272758229e-04 -1.007688657956216e+00
2 16 -1.000282229706385e+00 -1.891723033259274e-03 -9.484705163746317e-04 -1.007692594024284e+00
2 17 -1.000281710834292e+00 -1.890390574646822e-03 -9.493629296566182e-04 -1.007696903180615e+00
2 18 -1.000281148400368e+00 -1.889041668459925e-03 -9.502540390040526e-04 -1.007701426997664e+00
2 19 -1.000280565249555e+00 -1.887725683334232e-03 -9.511215366019780e-04 -1.007705994430425e+00
2 20 -1.000279985687970e+00 -1.886492751451011e-03 -9.519368195512056e-04 -1.007710427822738e+00
2 21 -1.000279434304105e+00 -1.885391991740094e-03 -9.526651342046624e-04 -1.007714549771414e+00
2 22 -1.000278934720672e+00 -1.884469444571959e-03 -9.532672946907477e-04 -1.007718190698149e+00
2 23 -1.000278508348976e+00 -1.883765784868488e-03 -9.537028981673165e-04 -1.007721196872991e+00
2 24 -1.000278173230317e+00 -1.883313951195815e-03 -9.539346573968978e-04 -1.007723438457991e+00
2 25 -1.000277943059754e+00 -1.883136902368113e-03 -9.539332176547336e-04 -1.007724816941118e+00
2 26 -1.000277826486959e+00 -1.883245765611035e-03 -9.536816762378298e-04 -1.007725271193709e+00
2 27 -1.000277826768832e+00 -1.883638644987058e-03 -9.531790199361140e-04 -1.007724781397608e+00
2 28 -1.000277941808299e+00 -1.884300300486161e-03 -9.524418485678194e-04 -1.007723370293935e+00
2 29 -1.000278164560575e+00 -1.885202793125808e-03 -9.515040336072952e-04 -1.007721101571547e+00
2 30 -1.000278483735647e+00 -1.886307047608385e-03 -9.504143123924874e-04 -1.007718075637234e+00
2 31 -1.000278884688286e+00 -1.887565151528295e-03 -9.492321659025599e-04 -1.007714423362052e+00
3 0 -1.000279981672898e+00 -1.888789825378730e-03 -9.500400206593114e-04 -1.007709449629959e+00
3 1 -1.000280497902091e+00 -1.890204111900123e-03 -9.488508867310432e-04 -1.007704988245734e+00
3 2 -1.000281038446327e+00 -1.891597430006270e-03 -9.477663898296423e-04 -1.007700419875887e+00
3 3 -1.000281583989321e+00 -1.892914590382603e-03 -9.468370821300430e-04 -1.007695920548071e+00
3 4 -1.000282115771550e+00 -1.894105317576874e-03 -9.461007134443678e-04 -1.007691658711961e+00
3 5 -1.000282615958213e+00 -1.895126068868538e-03 -9.455807377556831e-04 -1.007687789568968e+00
3 6 -1.000283067922068e+00 -1.895941373533724e-03 -9.452862674132932e-04 -1.007684450364473e+00
3 7 -1.000283456489481e+00 -1.896524680828808e-03 -9.452133096155035e-04 -1.007681756689261e+00
3 8 -1.000283768194656e+00 -1.896858729487969e-03 -9.453470275439179e-04 -1.007679799794634e+00
3 9 -1.000283991578146e+00 -1.896935487266256e-03 -9.456647040888167e-04 -1.007678644844015e+00
3 10 -1.000284117552211e+00 -1.896755752706871e-03 -9.461390346505457e-04 -1.007678329923924e+00
3 11 -1.000284139835188e+00 -1.896328546055296e-03 -9.467413367976067e-04 -1.007678865576660e+00
3 12 -1.000284055428564e+00 -1.895670420671038e-03 -9.474442585234026e-04 -1.007680234652395e+00
3 13 -1.000283865078736e+00 -1.894804790676968e-03 -9.482236197490700e-04 -1.007682392416465e+00
3 14 -1.000283573641864e+00 -1.893761307356261e-03 -9.490591435856101e-04 -1.007685267026927e+00
3 15 -1.000283190266306e+00 -1.892575253938904e-03 -9.499340093836787e-04 -1.007688760624640e+00
3 16 -1.000282728326082e+00 -1.891286890216850e-03 -9.508333591233545e-04 -1.007692751293165e+00
3 17 -1.000282205073692e+00 -1.889940670606562e-03 -9.517420823767571e-04 -1.007697096058940e+00
3 18 -1.000281641018335e+00 -1.888584270517941e-03 -9.526423641556332e-04 -1.007701634977743e+00
3 19 -1.000281059065038e+00 -1.887267371571042e-03 -9.535115715167176e-04 -1.007706196256440e+00
3 20 -1.000280483466901e+00 -1.886040170558167e-03 -9.543210464943905e-04 -1.007710602313967e+00
3 21 -1.000279938649485e+00 -1.884951595194320e-03 -9.550362489806313e-04 -1.007714676667823e+00
3 22 -1.000279447970642e+00 -1.884047241592761e-03 -9.556184661044729e-04 -1.007718251491857e+00
3 23 -1.000279032487093e+00 -1.883367100846057e-03 -9.560280126862089e-04 -1.007721175586043e+00
3 24 -1.000278709811490e+00 -1.882943212441556e-03 -9.562285438882100e-04 -1.007723322325469e+00
3 25 -1.000278493154433e+00 -1.882797455499413e-03 -9.561918461022594e-04 -1.007724596961029e+00
3 26 -1.000278390644996e+00 -1.882939740196007e-03 -9.559023229058696e-04 -1.007724942512570e+00
3 27 -1.000278405003336e+00 -1.883366865528112e-03 -9.553603905710616e-04 -1.007724343511808e+00
3 28 -1.000278533599063e+00 -1.884062251290190e-03 -9.545841514038683e-04 -1.007722827058389e+00
3 29 -1.000278768876409e+00 -1.884996637609191e-03 -9.536089952965622e-04 -1.007720461016965e+00
3 30 -1.000279099074760e+00 -1.886129701711537e-03 -9.524851324357557e-04 -1.007717349606557e+00
3 31 -1.000279509135440e+00 -1.887412408470552e-03 -9.512734083800031e-04 -1.007713626987015e+00
4 0 -1.000280680235370e+00 -1.888871448517293e-03 -9.511113372297670e-04 -1.007708209737674e+00
4 1 -1.000281202809119e+00 -1.890303217074720e-03 -9.499042669556988e-04 -1.007703701498037e+00
4 2 -1.000281747168475e+00 -1.891708176051320e-03 -9.488087202378635e-04 -1.007699105615258e+00
4 3 -1.000282293846585e+00 -1.893030718190895e-03 -9.478756760670622e-04 -1.007694598985867e+00
4 4 -1.000282824029106e+00 -1.894220386301626e-03 -9.471430071200549e-04 -1.007690350198867e+00
4 5 -1.000283319925634e+00 -1.895233695732531e-03 -9.466339848482829e-04 -1.007686513882103e+00
4 6 -1.000283765053091e+00 -1.896035469554153e-03 -9.463572467553691e-04 -1.007683226026060e+00
4 7 -1.000284144479112e+00 -1.896599674727728e-03 -9.463080591150788e-04 -1.007680600330120e+00
4 8 -1.000284445070301e+00 -1.896909772527317e-03 -9.464706151857445e-04 -1.007678725574652e+00
4 9 -1.000284655781296e+00 -1.896958632466350e-03 -9.468210441109594e-04 -1.007677663942126e+00
4 10 -1.000284768006809e+00 -1.896748102331839e-03 -9.473307544213638e-04 -1.007677450113174e+00
4 11 -1.000284775998505e+00 -1.896288361549762e-03 -9.479696975914922e-04 -1.007678090903679e+00
4 12 -1.000284677320696e+00 -1.895597190304088e-03 -9.487091307259944e-04 -1.007679565240877e+00
4 13 -1.000284473288056e+00 -1.894699252375593e-03 -9.495235097851506e-04 -1.007681824409166e+00
4 14 -1.000284169305427e+00 -1.893625426644927e-03 -9.503912670792823e-04 -1.007684792673224e+00
4 15 -1.000283775025741e+00 -1.892412158186749e-03 -9.512944042573447e-04 -1.007688368515443e+00
4 16 -1.000283304260701e+00 -1.891100760413671e-03 -9.522170336677663e-04 -1.007692426742300e+00
4 17 -1.000282774613713e+00 -1.889736592020507e-03 -9.531431949131843e-04 -1.007696821626502e+00
4 18 -1.000282206842483e+00 -1.888368045149828e-03 -9.540544306535929e-04 -1.007701391123100e+00
4 19 -1.000281623988027e+00 -1.887045298128505e-03 -9.549276953524473e-04 -1.007705962098253e+00
4 20 -1.000281050322906e+00 -1.885818800399399e-03 -9.557341624439822e-04 -1.007710356465652e+00
4 21 -1.000280510177545e+00 -1.884737474372064e-03 -9.564393733646725e-04 -1.007714398111421e+00
4 22 -1.000280026707242e+00 -1.883846649897382e-03 -9.570049464847105e-04 -1.007717920450262e+00
4 23 -1.000279620670261e+00 -1.883185799153666e-03 -9.573917718141135e-04 -1.007720774351518e+00
4 24 -1.000279309299766e+00 -1.882786209782426e-03 -9.575643122524377e-04 -1.007722836002370e+00
4 25 -1.000279105362891e+00 -1.882668806668787e-03 -9.574953754907641e-04 -1.007724014084218e+00
4 26 -1.000279016499401e+00 -1.882842383217900e-03 -9.571705710611696e-04 -1.007724255510529e+00
4 27 -1.000279044912675e+00 -1.883302506124448e-03 -9.565916655485309e-04 -1.007723548993239e+00
4 28 -1.000279187446255e+00 -1.884031299127036e-03 -9.557782044956134e-04 -1.007721925911401e+00
4 29 -1.000279436026846e+00 -1.884998196662306e-03 -9.547670536526482e-04 -1.007719458320217e+00
4 30 -1.000279778402169e+00 -1.886161614525509e-03 -9.536098664280086e-04 -1.007716254362184e+00
4 31 -1.000280199064193e+00 -1.887471351311104e-03 -9.523688333752907e-04 -1.007712451695674e+00
5 0 -1.000281417586491e+00 -1.889165007176240e-03 -9.511862171417908e-04 -1.007706633698677e+00
5 1 -1.000281948240533e+00 -1.890617449971640e-03 -9.499612515470353e-04 -1.007702066709077e+00
5 2 -1.000282498401903e+00 -1.892038046807526e-03 -9.488538243896614e-04 -1.007697429226798e+00
5 3 -1.000283048375029e+00 -1.893370629098861e-03 -9.479153538042363e-04 -1.007692899547176e+00
5 4 -1.000283579202061e+00 -1.894564379889398e-03 -9.471838823915152e-04 -1.007688647022174e+00
5 5 -1.000284073041960e+00 -1.895575666439353e-03 -9.466825816731152e-04 -1.007684826397266e+00
5 6 -1.000284513459454e+00 -1.896369380761401e-03 -9.464197307053555e-04 -1.007681573132968e+00
5 7 -1.000284885671196e+00 -1.896919775657047e-03 -9.463900007475048e-04 -1.007678999757015e+00
5 8 -1.000285176793355e+00 -1.897210808923952e-03 -9.465767842019333e-04 -1.007677193252812e+00
5 9 -1.000285376125910e+00 -1.897236044396059e-03 -9.469552410489536e-04 -1.007676213411731e+00
5 10 -1.000285475494969e+00 -1.896998201541272e-03 -9.474956848378066e-04 -1.007676091982033e+00
5 11 -1.000285469654350e+00 -1.896508480126330e-03 -9.481668917552702e-04 -1.007676832387153e+00
5 12 -1.000285356720634e+00 -1.895785792838899e-03 -9.489389093762814e-04 -1.007678409813248e+00
5 13 -1.000285138586098e+00 -1.894856005845576e-03 -9.497849935199080e-04 -1.007680771592054e+00
5 14 -1.000284821231494e+00 -1.893751224842366e-03 -9.506824244564832e-04 -1.007683837978330e+00
5 15 -1.000284414856531e+00 -1.892509099390449e-03 -9.516121330900453e-04 -1.007687503551288e+00
5 16 -1.000283933764402e+00 -1.891172077839847e-03 -9.525572715369671e-04 -1.007691639488855e+00
5 17 -1.000283395971470e+00 -1.889786537462806e-03 -9.535010570707505e-04 -1.007696096874980e+00
5 18 -1.000282822551230e+00 -1.888401728239901e-03 -9.544243741249446e-04 -1.007700711068328e+00
5 19 -1.000282236750714e+00 -1.887068486752709e-03 -9.553037065401474e-04 -1.007705307059184e+00
5 20 -1.000281662932840e+00 -1.885837690843751e-03 -9.561099633422846e-04 -1.007709705699473e+00
5 21 -1.000281125403367e+00 -1.884758441688638e-03 -9.568086405624606e-04 -1.007713730680863e+00
5 22 -1.000280647184074e+00 -1.883875989699264e-03 -9.573615377831427e-04 -1.007717216101744e+00
5 23 -1.000280248801315e+00 -1.883229472161099e-03 -9.577299559462571e-04 -1.007720014361886e+00
5 24 -1.000279947171381e+00 -1.882849600427550e-03 -9.578789961232749e-04 -1.007722003953264e+00
5 25 -1.000279754674832e+00 -1.882756506792318e-03 -9.577823203918734e-04 -1.007723096526467e+00
5 26 -1.000279678511283e+00 -1.882958010909401e-03 -9.574265859521757e-04 -1.007723242487175e+00
5 27 -1.000279720406713e+00 -1.883448567856908e-03 -9.568147636120742e-04 -1.007722434398735e+00
5 28 -1.000279876706254e+00 -1.884209100765250e-03 -9.559677098279897e-04 -1.007720707674854e+00
5 29 -1.000280138833247e+00 -1.885207806108497e-03 -9.549236481279405e-04 -1.007718138410920e+00
5 30 -1.000280494043009e+00 -1.886401875903757e-03 -9.537355716924671e-04 -1.007714838625981e+00
5 31 -1.000280926361569e+00 -1.887739947661483e-03 -9.524669284465014e-04 -1.007710949540921e+00
6 0 -1.000282163977223e+00 -1.889658581053726e-03 -9.502526359482480e-04 -1.007704792061469e+00
6 1 -1.000282704090203e+00 -1.891133978617468e-03 -9.490108049911016e-04 -1.007700157051709e+00
6 2 -1.000283261775289e+00 -1.892573500226194e-03 -9.478913742798215e-04 -1.007695465826786e+00
6 3 -1.000283817041209e+00 -1.893920298576693e-03 -9.469461918257139e-04 -1.007690898540654e+00
6 4 -1.000284350705013e+00 -1.895123036182395e-03 -9.462135091259555e-04 -1.007686625889167e+00
6 5 -1.000284844782574e+00 -1.896137733968329e-03 -9.457164849420831e-04 -1.007682803412867e+00
6 6 -1.000285282787904e+00 -1.896929126245203e-03 -9.454631723075187e-04 -1.007679566783336e+00
6 7 -1.000285649987579e+00 -1.897471508486895e-03 -9.454478192605546e-04 -1.007677028121743e+00
6 8 -1.000285933653397e+00 -1.897749088955869e-03 -9.456532202051442e-04 -1.007675273360875e+00
6 9 -1.000286123347169e+00 -1.897755890638465e-03 -9.460537902733205e-04 -1.007674360587366e+00
6 10 -1.000286211257590e+00 -1.897495292791751e-03 -9.466189839406418e-04 -1.007674319208114e+00
6 11 -1.000286192589497e+00 -1.896979336932481e-03 -9.473166398888730e-04 -1.007675149722873e+00
6 12 -1.000286065979826e+00 -1.896227930111235e-03 -9.481158262735810e-04 -1.007676823906190e+00
6 13 -1.000285833885886e+00 -1.895268047113602e-03 -9.489888120582205e-04 -1.007679285320983e+00
6 14 -1.000285502869853e+00 -1.894132971766571e-03 -9.499119135984116e-04 -1.007682450254402e+00
6 15 -1.000285083699636e+00 -1.892861552729662e-03 -9.508651466466969e-04 -1.007686209294989e+00
6 16 -1.000284591204698e+00 -1.891497408074514e-03 -9.518308196196148e-04 -1.007690429790110e+00
6 17 -1.000284043860019e+00 -1.890088004942791e-03 -9.527913995097644e-04 -1.007694959334306e+00
6 18 -1.000283463109177e+00 -1.888683554846636e-03 -9.537271367278583e-04 -1.007699630306370e+00
6 19 -1.000282872466160e+00 -1.887335684085751e-03 -9.546140205023509e-04 -1.007704265369919e+00
6 20 -1.000282296450238e+00 -1.886095853239135e-03 -9.554226259788778e-04 -1.007708683811212e+00
6 21 -1.000281759412282e+00 -1.885013514646396e-03 -9.561182937892333e-04 -1.007712708582637e+00
6 22 -1.000281284313002e+00 -1.884134024878407e-03 -9.566628605912537e-04 -1.007716173892028e+00
6 23 -1.000280891520544e+00 -1.883496379712464e-03 -9.570178673410186e-04 -1.007718933079327e+00
6 24 -1.000280597707395e+00 -1.883130909281726e-03 -9.571488634810493e-04 -1.007720866351624e+00
6 25 -1.000280414937739e+00 -1.883057143779587e-03 -9.570301643990062e-04 -1.007721887757982e+00
6 26 -1.000280350036001e+00 -1.883282109241350e-03 -9.566492691275736e-04 -1.007721950663009e+00
6 27 -1.000280404308058e+00 -1.883799313705203e-03 -9.560101474014276e-04 -1.007721051003722e+00
6 28 -1.000280573647762e+00 -1.884588623815965e-03 -9.551347664446037e-04 -1.007719227824297e+00
6 29 -1.000280849009680e+00 -1.885617117007926e-03 -9.540625171143447e-04 -1.007716560947095e+00
6 30 -1.000281217176737e+00 -1.886840850718453e-03 -9.528475565039948e-04 -1.007713166060902e+00
6 31 -1.000281661712868e+00 -1.888207356485417e-03 -9.515544342104387e-04 -1.007709187861719e+00
7 0 -1.000282889731043e+00 -1.890331854166737e-03 -9.483387477965252e-04 -1.007702766941170e+00
7 1 -1.000283440257604e+00 -1.891831462690929e-03 -9.470820848052425e-04 -1.007698057698012e+00
7 2 -1.000284006841779e+00 -1.893292332086909e-03 -9.459513116839729e-04 -1.007693303082142e+00
7 3 -1.000284569144173e+00 -1.894656850711524e-03 -9.449986711481391e-04 -1.007688685474908e+00
7 4 -1.000285107686202e+00 -1.895873024353568e-03 -9.442626482142024e-04 -1.007684377428823e+00
7 5 -1.000285604255063e+00 -1.896896345762568e-03 -9.437664729001286e-04 -1.007680535914469e+00
7 6 -1.000286042217846e+00 -1.897691172740015e-03 -9.435181117074097e-04 -1.007677297539885e+00
7 7 -1.000286406789646e+00 -1.898231599429400e-03 -9.435115773314674e-04 -1.007674774796367e+00
7 8 -1.000286685296994e+00 -1.898501828925231e-03 -9.437292929076670e-04 -1.007673053351849e+00
7 9 -1.000286867468647e+00 -1.898496090034558e-03 -9.441451832510301e-04 -1.007672190341747e+00
7 10 -1.000286945771816e+00 -1.898218183856692e-03 -9.447281144228407e-04 -1.007672213515651e+00
7 11 -1.000286915792894e+00 -1.897680782287908e-03 -9.454452627899656e-04 -1.007673121033807e+00
7 12 -1.000286776636733e+00 -1.896904610309824e-03 -9.462649858226323e-04 -1.007674881722440e+00
7 13 -1.000286531291155e+00 -1.895917614836984e-03 -9.471588179388942e-04 -1.007677435707841e+00
7 14 -1.000286186882783e+00 -1.894754163189789e-03 -9.481023387125747e-04 -1.007680695509945e+00
7 15 -1.000285754747073e+00 -1.893454250112902e-03 -9.490748430944197e-04 -1.007684547800740e+00
7 16 -1.000285250253861e+00 -1.892062650654742e-03 -9.500579507923247e-04 -1.007688856053121e+00
7 17 -1.000284692363993e+00 -1.890627947415777e-03 -9.510334887748218e-04 -1.007693464219403e+00
7 18 -1.000284102929971e+00 -1.889201374995374e-03 -9.519811352804951e-04 -1.007698201445995e+00
7 19 -1.000283505781828e+00 -1.887835444212602e-03 -9.528763968769099e-04 -1.007702887726531e+00
7 20 -1.000282925653323e+00 -1.886582323459997e-03 -9.536894776127080e-04 -1.007707340355828e+00
7 21 -1.000282387006521e+00 -1.885491968300086e-03 -9.543854789103017e-04 -1.007711381047217e+00
7 22 -1.000281912813759e+00 -1.884610016569807e-03 -9.549261480387923e-04 -1.007714843554441e+00
7 23 -1.000281523362588e+00 -1.883975515823448e-03 -9.552731018189721e-04 -1.007717581543938e+00
7 24 -1.000281235162120e+00 -1.883618620623078e-03 -9.553921419886345e-04 -1.007719476291606e+00
7 25 -1.000281060040911e+00 -1.883558470574108e-03 -9.552580155437664e-04 -1.007720443586979e+00
7 26 -1.000281004526510e+00 -1.883801508597837e-03 -9.548588226750645e-04 -1.007720439107204e+00
7 27 -1.000281069577669e+00 -1.884340498210723e-03 -9.541992794144244e-04 -1.007719461552690e+00
7 28 -1.000281250701684e+00 -1.885154437218223e-03 -9.533022067409162e-04 -1.007717553048342e+00
7 29 -1.000281538438069e+00 -1.886209450096389e-03 -9.522079097514245e-04 -1.007714796677511e+00
7 30 -1.000281919137497e+00 -1.887460597674978e-03 -9.509714693544602e-04 -1.007711311437917e+00
7 31 -1.000282375926090e+00 -1.888854408922892e-03 -9.496583194013121e-04 -1.007707245264198e+00
8 0 -1.000283566534111e+00 -1.891157105509051e-03 -9.455129700133115e-04 -1.007700647108514e+00
8 1 -1.000284127961978e+00 -1.892681103009225e-03 -9.442444333903327e-04 -1.007695860731205e+00
8 2 -1.000284704413230e+00 -1.894164776091809e-03 -9.431037620193782e-04 -1.007691035972411e+00
8 3 -1.000285275164815e+00 -1.895549698584564e-03 -9.421435302614188e-04 -1.007686357704305e+00
8 4 -1.000285820386300e+00 -1.896783113744312e-03 -9.414024620799678e-04 -1.007682000759831e+00
8 5 -1.000286321561511e+00 -1.897819828539790e-03 -9.409039324648477e-04 -1.007678124105318e+00
8 6 -1.000286761821327e+00 -1.898623622808755e-03 -9.406559589843740e-04 -1.007674865963457e+00
8 7 -1.000287126230414e+00 -1.899168155123259e-03 -9.406525126985901e-04 -1.007672339949726e+00
8 8 -1.000287402066826e+00 -1.899437369155680e-03 -9.408758850357149e-04 -1.007670632257708e+00
8 9 -1.000287579124166e+00 -1.899425438715986e-03 -9.412997837665211e-04 -1.007669799859183e+00
8 10 -1.000287650052292e+00 -1.899136332627953e-03 -9.418927801599032e-04 -1.007669869593698e+00
8 11 -1.000287610733907e+00 -1.898583117631627e-03 -9.426216887557985e-04 -1.007670837956639e+00
8 12 -1.000287460670359e+00 -1.897787128909989e-03 -9.434544512837768e-04 -1.007672671404169e+00
8 13 -1.000287203324201e+00 -1.896777111613410e-03 -9.443621463478202e-04 -1.007675307093697e+00
8 14 -1.000286846347038e+00 -1.895588379809000e-03 -9.453198703595752e-04 -1.007678654128828e+00
8 15 -1.000286401618671e+00 -1.894261976185956e-03 -9.463064186803957e-04 -1.007682595497549e+00
8 16 -1.000285885041865e+00 -1.892843773495053e-03 -9.473029053378020e-04 -1.007686990913904e+00
8 17 -1.000285316070868e+00 -1.891383448911781e-03 -9.482906577315356e-04 -1.007691680689466e+00
8 18 -1.000284716988838e+00 -1.889933276916169e-03 -9.492488765379730e-04 -1.007696490628254e+00
8 19 -1.000284111977070e+00 -1.888546706677141e-03 -9.501526320977712e-04 -1.007701237834097e+00
8 20 -1.000283526031804e+00 -1.887276704469488e-03 -9.509717543420077e-04 -1.007705737282500e+00
8 21 -1.000282983786051e+00 -1.886173853836350e-03 -9.516710529474956e-04 -1.007709809015958e+00
8 22 -1.000282508293845e+00 -1.885284230633386e-03 -9.522120848170737e-04 -1.007713285806520e+00
8 23 -1.000282119840685e+00 -1.884647119054293e-03 -9.525563952523041e-04 -1.007716021036161e+00
8 24 -1.000281834857068e+00 -1.884292705923911e-03 -9.526698476425908e-04 -1.007717896372583e+00
8 25 -1.000281665024216e+00 -1.884239964470894e-03 -9.525273914326195e-04 -1.007718828625716e+00
8 26 -1.000281616661475e+00 -1.884494987133463e-03 -9.521174669664757e-04 -1.007718775050174e+00
8 27 -1.000281690466203e+00 -1.885050025300879e-03 -9.514452521883130e-04 -1.007717736390220e+00
8 28 -1.000281881638767e+00 -1.885883431497067e-03 -9.505341239953765e-04 -1.007715757177488e+00
8 29 -1.000282180374108e+00 -1.886960583607114e-03 -9.494250016493757e-04 -1.007712923156155e+00
8 30 -1.000282572649055e+00 -1.888235726684016e-03 -9.481735998857949e-04 -1.007709356133356e+00
8 31 -1.000283041195335e+00 -1.889654534146833e-03 -9.468459697959566e-04 -1.007705206908001e+00
9 0 -1.000284168596382e+00 -1.892100577637459e-03 -9.418821019147628e-04 -1.007698522832166e+00
9 1 -1.000284740931619e+00 -1.893648074141483e-03 -9.406054057899135e-04 -1.007693659789628e+00
9 2 -1.000285327774467e+00 -1.895154994607769e-03 -9.394569783528001e-04 -1.007688761256107e+00
9 3 -1.000285908000683e+00 -1.896562084841600e-03 -9.384896360308439e-04 -1.007684014745763e+00
9 4 -1.000286461388426e+00 -1.897815754228044e-03 -9.377423255982536e-04 -1.007679597691294e+00
9 5 -1.000286969057935e+00 -1.898869997420789e-03 -9.372386248567150e-04 -1.007675671527464e+00
9 6 -1.000287413825864e+00 -1.899687841038912e-03 -9.369867301996755e-04 -1.007672376693146e+00
9 7 -1.000287780514697e+00 -1.900242293626720e-03 -9.369807608774006e-04 -1.007669828626905e+00
9 8 -1.000288056253274e+00 -1.900516797308110e-03 -9.372031177026177e-04 -1.007668114809118e+00
9 9 -1.000288230795401e+00 -1.900505213719952e-03 -9.376275706639854e-04 -1.007667292834955e+00
9 10 -1.000288296870089e+00 -1.900211419928732e-03 -9.382226991375553e-04 -1.007667389411557e+00
9 11 -1.000288250558647e+00 -1.899648627467522e-03 -9.389552676907383e-04 -1.007668400106096e+00
9 12 -1.000288091670885e+00 -1.898838550843419e-03 -9.397931096382451e-04 -1.007670289674669e+00
9 13 -1.000287824068652e+00 -1.897810529031283e-03 -9.407071391947218e-04 -1.007672992890218e+00
9 14 -1.000287455867652e+00 -1.896600649822295e-03 -9.416722362582526e-04 -1.007676415926086e+00
9 15 -1.000286999446858e+00 -1.895250865154845e-03 -9.426669320923983e-04 -1.007680438466065e+00
9 16 -1.000286471213031e+00 -1.893808042676289e-03 -9.436720350656059e-04 -1.007684916734136e+00
9 17 -1.000285891101317e+00 -1.892322888214795e-03 -9.446685344423783e-04 -1.007689687555170e+00
9 18 -1.000285281829474e+00 -1.890848688211253e-03 -9.456352733433145e-04 -1.007694573425685e+00
9 19 -1.000284667950347e+00 -1.889439841632266e-03 -9.465469615188346e-04 -1.007699388470385e+00
9 20 -1.000284074758887e+00 -1.888150164572377e-03 -9.473730832299269e-04 -1.007703945128026e+00
9 21 -1.000283527110344e+00 -1.887030961238344e-03 -9.480781353026188e-04 -1.007708061424135e+00
9 22 -1.000283048205444e+00 -1.886128877932850e-03 -9.486234118423408e-04 -1.007711568678442e+00
9 23 -1.000282658404432e+00 -1.885483605101630e-03 -9.489702619673600e-04 -1.007714319403449e+00
9 24 -1.000282374145376e+00 -1.885125564071818e-03 -9.490844345783168e-04 -1.007716194976649e+00
9 25 -1.000282207054729e+00 -1.885073789726104e-03 -9.489408573555390e-04 -1.007717112474611e+00
9 26 -1.000282163339186e+00 -1.885334269090756e-03 -9.485280449831587e-04 -1.007717029935549e+00
9 27 -1.000282243529752e+00 -1.885898993796769e-03 -9.478513390968510e-04 -1.007715949348244e+00
9 28 -1.000282442610996e+00 -1.886745920817807e-03 -9.469343531982627e-04 -1.007713916880884e+00
9 29 -1.000282750517259e+00 -1.887839918662575e-03 -9.458182933201192e-04 -1.007711020230762e+00
9 30 -1.000283152925082e+00 -1.889134631522757e-03 -9.445591868088933e-04 -1.007707383400370e+00
9 31 -1.000283632231842e+00 -1.890575060533973e-03 -9.432234016515646e-04 -1.007703159560036e+00
10 0 -1.000284673623186e+00 -1.893124113511494e-03 -9.375874490507091e-04 -1.007696480978506e+00
10 1 -1.000285256404996e+00 -1.894693224139543e-03 -9.363068175074954e-04 -1.007691544966725e+00
10 2 -1.000285853712015e+00 -1.896222838747128e-03 -9.351533120252184e-04 -1.007686572181781e+00
10 3 -1.000286444019222e+00 -1.897652897452239e-03 -9.341798798584708e-04 -1.007681752818177e+00
10 4 -1.000287006691822e+00 -1.898928941080913e-03 -9.334256535789905e-04 -1.007677267113631e+00
10 5 -1.000287522443375e+00 -1.900004061586250e-03 -9.329144526559438e-04 -1.007673279332912e+00
10 6 -1.000287973713265e+00 -1.900840390645020e-03 -9.326547640380891e-04 -1.007669932631325e+00
10 7 -1.000288345001583e+00 -1.901410101039559e-03 -9.326410324036590e-04 -1.007667344885240e+00
10 8 -1.000288623194396e+00 -1.901695913412280e-03 -9.328559996394807e-04 -1.007665605561682e+00
10 9 -1.000288797903256e+00 -1.901691134360986e-03 -9.332737704210469e-04 -1.007664773632564e+00
10 10 -1.000288861829636e+00 -1.901399294949616e-03 -9.338632304668729e-04 -1.007664876448273e+00
10 11 -1.000288811147203e+00 -1.900833496932089e-03 -9.345914032648072e-04 -1.007665909416295e+00
10 12 -1.000288645872921e+00 -1.900015589324403e-03 -9.354263192380774e-04 -1.007667836326820e+00
10 13 -1.000288370175620e+00 -1.898975278417022e-03 -9.363390185990084e-04 -1.007670590244293e+00
10 14 -1.000287992555060e+00 -1.897749223913871e-03 -9.373044314190770e-04 -1.007674075010798e+00
10 15 -1.000287525823941e+00 -1.896380114070410e-03 -9.383010626153705e-04 -1.007678167514410e+00
10 16 -1.000286986843812e+00 -1.894915670194676e-03 -9.393096208234343e-04 -1.007682720896341e+00
10 17 -1.000286395998942e+00 -1.893407519820537e-03 -9.403109291777167e-04 -1.007687568790389e+00
10 18 -1.000285776428183e+00 -1.891909891607897e-03 -9.412836088653930e-04 -1.007692530558444e+00
10 19 -1.000285153061042e+00 -1.890478104817558e-03 -9.422021051398157e-04 -1.007697417385643e+00
10 20 -1.000284551514730e+00 -1.889166838816994e-03 -9.430356094951847e-04 -1.007702039071609e+00
10 21 -1.000283996908090e+00 -1.888028176933934e-03 -9.437483116450804e-04 -1.007706211375004e+00
10 22 -1.000283512646481e+00 -1.887109440206155e-03 -9.443011975065899e-04 -1.007709763765329e+00
10 23 -1.000283119237564e+00 -1.886450874159239e-03 -9.446553203696580e-04 -1.007712547347223e+00
10 24 -1.000282833211688e+00 -1.886083323843210e-03 -9.447761597249671e-04 -1.007714442546746e+00
10 25 -1.000282666234029e+00 -1.886026108450437e-03 -9.446384134516597e-04 -1.007715365950001e+00
10 26 -1.000282624497419e+00 -1.886285356674704e-03 -9.442304151388138e-04 -1.007715275559197e+00
10 27 -1.000282708467036e+00 -1.886853061662341e-03 -9.435573762665573e-04 -1.007714173762412e+00
10 28 -1.000282913010381e+00 -1.887707049415502e-03 -9.426428263404732e-04 -1.007712107531811e+00
10 29 -1.000283227894628e+00 -1.888811935890760e-03 -9.415279244333656e-04 -1.007709165735257e+00
10 30 -1.000283638580876e+00 -1.890121002855079e-03 -9.402686784312632e-04 -1.007705473871998e+00
10 31 -1.000284127205344e+00 -1.891578789466037e-03 -9.389314579729787e-04 -1.007701186897747e+00
11 0 -1.000285063556881e+00 -1.894186935860460e-03 -9.327990826006300e-04 -1.007694600812751e+00
11 1 -1.000285655899786e+00 -1.895774908766747e-03 -9.315189533873996e-04 -1.007689598433800e+00
11 2 -1.000286263310345e+00 -1.897325739067099e-03 -9.303633627644613e-04 -1.007684553930566e+00
11 3 -1.000286863880097e+00 -1.898778616692350e-03 -9.293852636642656e-04 -1.007679660108318e+00
11 4 -1.000287436557940e+00 -1.900078215932877e-03 -9.286239202896529e-04 -1.007675100098025e+00
11 5 -1.000287961626178e+00 -1.901176674441405e-03 -9.281034134093493e-04 -1.007671041234572e+00
11 6 -1.000288421101406e+00 -1.902035125883060e-03 -9.278326122309131e-04 -1.007667629771151e+00
11 7 -1.000288799096237e+00 -1.902624757578573e-03 -9.278064442050899e-04 -1.007664986528692e+00
11 8 -1.000289082171797e+00 -1.902927379730538e-03 -9.280082047438689e-04 -1.007663203571678e+00
11 9 -1.000289259701534e+00 -1.902935524775215e-03 -9.284125873714969e-04 -1.007662341939128e+00
11 10 -1.000289324253943e+00 -1.902652138451188e-03 -9.289890651439588e-04 -1.007662430368455e+00
11 11 -1.000289271984659e+00 -1.902089963559347e-03 -9.297052131938359e-04 -1.007663464877155e+00
11 12 -1.000289103007494e+00 -1.901270734860580e-03 -9.305295495015525e-04 -1.007665409056703e+00
11 13 -1.000288821693011e+00 -1.900224286892167e-03 -9.314335169959278e-04 -1.007668195000544e+00
11 14 -1.000288436829192e+00 -1.898987629303851e-03 -9.323923510357468e-04 -1.007671724903981e+00
11 15 -1.000287961579588e+00 -1.897603987242586e-03 -9.333847593067922e-04 -1.007675873471752e+00
11 16 -1.000287413193402e+00 -1.896121763103470e-03 -9.343915516863393e-04 -1.007680491285783e+00
11 17 -1.000286812454787e+00 -1.894593364538478e-03 -9.353935565522690e-04 -1.007685409206866e+00
11 18 -1.000286182893844e+00 -1.893073856136620e-03 -9.363693130346656e-04 -1.007690443758637e+00
11 19 -1.000285549807078e+00 -1.891619410817383e-03 -9.372931074463879e-04 -1.007695403346220e+00
11 20 -1.000284939144622e+00 -1.890285548422706e-03 -9.381339059001360e-04 -1.007700095139643e+00
11 21 -1.000284376319478e+00 -1.889125156057814e-03 -9.388556155217590e-04 -1.007704332480147e+00
11 22 -1.000283884991061e+00 -1.888186303782594e-03 -9.394188907815460e-04 -1.007707942672271e+00
11 23 -1.000283485880767e+00 -1.887509915731772e-03 -9.397844139563353e-04 -1.007710774939458e+00
11 24 -1.000283195691664e+00 -1.887127429880633e-03 -9.399172658094782e-04 -1.007712708141202e+00
11 25 -1.000283026218880e+00 -1.887058658096840e-03 -9.397917316936800e-04 -1.007713657642832e+00
11 26 -1.000282983739837e+00 -1.887310109506501e-03 -9.393957322504512e-04 -1.007713580598728e+00
11 27 -1.000283068755973e+00 -1.887874037554792e-03 -9.387340757449029e-04 -1.007712478941124e+00
11 28 -1.000283276119806e+00 -1.888728404707111e-03 -9.378299044234447e-04 -1.007710399588026e+00
11 29 -1.000283595529951e+00 -1.889837838929709e-03 -9.367240100232212e-04 -1.007707431755922e+00
11 30 -1.000284012323978e+00 -1.891155510367461e-03 -9.354720577133598e-04 -1.007703701690022e+00
11 31 -1.000284508459207e+00 -1.892625723321572e-03 -9.341401074374930e-04 -1.007699365481091e+00
12 0 -1.000285325073273e+00 -1.895247446554001e-03 -9.277085149855496e-04 -1.007692950811251e+00
12 1 -1.000285925731148e+00 -1.896850831982597e-03 -9.264332256841213e-04 -1.007687891115368e+00
12 2 -1.000286542493783e+00 -1.898420592821041e-03 -9.252786051326056e-04 -1.007682780139978e+00
12 3 -1.000287153101564e+00 -1.899895253117265e-03 -9.242974825588152e-04 -1.007677813133784e+00
12 4 -1.000287736100899e+00 -1.901218657174656e-03 -9.235291886241509e-04 -1.007673176096177e+00
12 5 -1.000288271336785e+00 -1.902341975633047e-03 -9.229980681209681e-04 -1.007669039548394e+00
12 6 -1.000288740376263e+00 -1.903225282365661e-03 -9.227134425272143e-04 -1.007665553094593e+00
12 7 -1.000289126896897e+00 -1.903838670602488e-03 -9.226708542823664e-04 -1.007662840882608e+00
12 8 -1.000289417067404e+00 -1.904162888918568e-03 -9.228543376932182e-04 -1.007660998074672e+00
12 9 -1.000289599937832e+00 -1.904189508129688e-03 -9.232394015157996e-04 -1.007660088379477e+00
12 10 -1.000289667843932e+00 -1.903920673075963e-03 -9.237963593974736e-04 -1.007660142605578e+00
12 11 -1.000289616813612e+00 -1.903368533493474e-03 -9.244936035560733e-04 -1.007661158120597e+00
12 12 -1.000289446943218e+00 -1.902554467274520e-03 -9.253004037468355e-04 -1.007663099084999e+00
12 13 -1.000289162691618e+00 -1.901508195471641e-03 -9.261888580562489e-04 -1.007665897387989e+00
12 14 -1.000288773027731e+00 -1.900266844897345e-03 -9.271347407294753e-04 -1.007669454317204e+00
12 15 -1.000288291369453e+00 -1.898873960522416e-03 -9.281171729624009e-04 -1.007673643081095e+00
12 16 -1.000287735271779e+00 -1.897378430354974e-03 -9.291172517699944e-04 -1.007678312314680e+00
12 17 -1.000287125854515e+00 -1.895833273725668e-03 -9.301159707422309e-04 -1.007683290622220e+00
12 18 -1.000286486994510e+00 -1.894294255121338e-03 -9.310919197757356e-04 -1.007688392089378e+00
12 19 -1.000285844331802e+00 -1.892818303001271e-03 -9.320193297545944e-04 -1.007693422606044e+00
12 20 -1.000285224147588e+00 -1.891461722898711e-03 -9.328670122000204e-04 -1.007698186824574e+00
12 21 -1.000284652168539e+00 -1.890278198849804e-03 -9.335986254053285e-04 -1.007702495614860e+00
12 22 -1.000284152347887e+00 -1.889316593824658e-03 -9.341744845721051e-04 -1.007706173891041e+00
12 23 -1.000283745678822e+00 -1.888618605442487e-03 -9.345548474592296e-04 -1.007709068602296e+00
12 24 -1.000283449110789e+00 -1.888216407856369e-03 -9.347042939676538e-04 -1.007711056495105e+00
12 25 -1.000283274654873e+00 -1.888130491747333e-03 -9.345965453809154e-04 -1.007712051038470e+00
12 26 -1.000283228767853e+00 -1.888367967553677e-03 -9.342189109090795e-04 -1.007712007767014e+00
12 27 -1.000283312087258e+00 -1.888921594470108e-03 -9.335755563530228e-04 -1.007710927327232e+00
12 28 -1.000283519551970e+00 -1.889769730240529e-03 -9.326889660862362e-04 -1.007708855735389e+00
12 29 -1.000283840891609e+00 -1.890877275732550e-03 -9.315992741680463e-04 -1.007705881730071e+00
12 30 -1.000284261414961e+00 -1.892197541612644e-03 -9.303615060299705e-04 -1.007702131532062e+00
12 31 -1.000284762987511e+00 -1.893674830622820e-03 -9.290411221471570e-04 -1.007697761683190e+00
13 0 -1.000285449842698e+00 -1.896264941191553e-03 -9.225201999791872e-04 -1.007691586621816e+00
13 1 -1.000286057286774e+00 -1.897879784551860e-03 -9.212536911902772e-04 -1.007686480566374e+00
13 2 -1.000286682318791e+00 -1.899465534959849e-03 -9.201029053357537e-04 -1.007681310674556e+00
13 3 -1.000287302372386e+00 -1.900960157858731e-03 -9.191204247502356e-04 -1.007676274388310e+00
13 4 -1.000287895620378e+00 -1.902306734541940e-03 -9.183455779004290e-04 -1.007671560447454e+00
13 5 -1.000288441481778e+00 -1.903455492791497e-03 -9.178029635334564e-04 -1.007667342556033e+00
13 6 -1.000288921065933e+00 -1.904365426416486e-03 -9.175024042953274e-04 -1.007663773791806e+00
13 7 -1.000289317586319e+00 -1.905005469403435e-03 -9.174401620604122e-04 -1.007660981879239e+00
13 8 -1.000289616768685e+00 -1.905355199792516e-03 -9.176011630200608e-04 -1.007659065453630e+00
13 9 -1.000289807268341e+00 -1.905405077492755e-03 -9.179619224785112e-04 -1.007658091387379e+00
13 10 -1.000289881098614e+00 -1.905156262780011e-03 -9.184938117159331e-04 -1.007658093158474e+00
13 11 -1.000289834055709e+00 -1.904620102430777e-03 -9.191662694062314e-04 -1.007659070165486e+00
13 12 -1.000289666105431e+00 -1.903817390524425e-03 -9.199495465636362e-04 -1.007660987874678e+00
13 13 -1.000289381678565e+00 -1.902777499806080e-03 -9.208166164497927e-04 -1.007663778735021e+00
13 14 -1.000288989811134e+00 -1.901537440179694e-03 -9.217439962176012e-04 -1.007667343888275e+00
13 15 -1.000288504069618e+00 -1.900140851023649e-03 -9.227114047321583e-04 -1.007671555777429e+00
13 16 -1.000287942221831e+00 -1.898636896348932e-03 -9.237003885186335e-04 -1.007676261763387e+00
13 17 -1.000287325646806e+00 -1.897079019972218e-03 -9.246922460925136e-04 -1.007681288783288e+00
13 18 -1.000286678511085e+00 -1.895523527986657e-03 -9.256657343621159e-04 -1.007686448966636e+00
13 19 -1.000286026762462e+00 -1.894027981515886e-03 -9.265951200682613e-04 -1.007691546039314e+00
13 20 -1.000285396999624e+00 -1.892649390406594e-03 -9.274491241383123e-04 -1.007696382336854e+00
13 21 -1.000284815271370e+00 -1.891442200573135e-03 -9.281911898555760e-04 -1.007700766294409e+00
13 22 -1.000284305854094e+00 -1.890456082148536e-03 -9.287812935817397e-04 -1.007704520301818e+00
13 23 -1.000283890061096e+00 -1.889733570676339e-03 -9.291792321457068e-04 -1.007707488731536e+00
13 24 -1.000283585152956e+00 -1.889307689610813e-03 -9.293490081212786e-04 -1.007709545757006e+00
13 25 -1.000283403434830e+00 -1.889199765946077e-03 -9.292636603392313e-04 -1.007710602354287e+00
13 26 -1.000283351630786e+00 -1.889417706146839e-03 -9.289097270214716e-04 -1.007710611735341e+00
13 27 -1.000283430608566e+00 -1.889954997766667e-03 -9.282905347750921e-04 -1.007709572488080e+00
13 28 -1.000283635490365e+00 -1.890790633918977e-03 -9.274276832773960e-04 -1.007707528922514e+00
13 29 -1.000283956133502e+00 -1.891890035202128e-03 -9.263604015795751e-04 -1.007704568500548e+00
13 30 -1.000284377911530e+00 -1.893206895717677e-03 -9.251428189889908e-04 -1.007700816660434e+00
13 31 -1.000284882685810e+00 -1.894685745660266e-03 -9.238395435808359e-04 -1.007696429707946e+00
14 0 -1.000285434585472e+00 -1.897201159061356e-03 -9.174423559029815e-04 -1.007690550139414e+00
14 1 -1.000286047087568e+00 -1.898823200296010e-03 -9.161879224451226e-04 -1.007685410021146e+00
14 2 -1.000286679043690e+00 -1.900421509878317e-03 -9.150434228281011e-04 -1.007680190621639e+00
14 3 -1.000287307634014e+00 -1.901933618341568e-03 -9.140610853189618e-04 -1.007675091260284e+00
14 4 -1.000287910698981e+00 -1.903301936155111e-03 -9.132801717685604e-04 -1.007670303199515e+00
14 5 -1.000288467258245e+00 -1.904475805699034e-03 -9.127255171202814e-04 -1.007666003211631e+00
14 6 -1.000288957972739e+00 -1.905413160138194e-03 -9.124074753373571e-04 -1.007662347844251e+00
14 7 -1.000289365581205e+00 -1.906081752700257e-03 -9.123231040364918e-04 -1.007659468514117e+00
14 8 -1.000289675334032e+00 -1.906459926834616e-03 -9.124583388587869e-04 -1.007657467571235e+00
14 9 -1.000289875437179e+00 -1.906536925554772e-03 -9.127908526143605e-04 -1.007656415420577e+00
14 10 -1.000289957505967e+00 -1.906312779930933e-03 -9.132932485038730e-04 -1.007656348698938e+00
14 11 -1.000289917011437e+00 -1.905797856269195e-03 -9.139361983137258e-04 -1.007657269430512e+00
14 12 -1.000289753682172e+00 -1.905012162141123e-03 -9.146911229217226e-04 -1.007659145064551e+00
14 13 -1.000289471806736e+00 -1.903984502900465e-03 -9.155320526101028e-04 -1.007661909341095e+00
14 14 -1.000289080372879e+00 -1.902751545139397e-03 -9.164364162220863e-04 -1.007665464010204e+00
14 15 -1.000288592985079e+00 -1.901356797618602e-03 -9.173846822019188e-04 -1.007669681494859e+00
14 16 -1.000288027523598e+00 -1.899849484851039e-03 -9.183589797454567e-04 -1.007674408587991e+00
14 17 -1.000287405541120e+00 -1.898283277002592e-03 -9.193410257863543e-04 -1.007679471196930e+00
14 18 -1.000286751426712e+00 -1.896714848699127e-03 -9.203098372889333e-04 -1.007684680035215e+00
14 19 -1.000286091389641e+00 -1.895202252940571e-03 -9.212397885596636e-04 -1.007689837082412e+00
14 20 -1.000285452321826e+00 -1.893803101484506e-03 -9.220995594392228e-04 -1.007694742632271e+00
14 21 -1.000284860591871e+00 -1.892572542679950e-03 -9.228524045804442e-04 -1.007699202804074e+00
14 22 -1.000284340817833e+00 -1.891561040367011e-03 -9.234579633073343e-04 -1.007703037419291e+00
14 23 -1.000283914670644e+00 -1.890812001963035e-03 -9.238755464330227e-04 -1.007706088066794e+00
14 24 -1.000283599776154e+00 -1.890359380942454e-03 -9.240685244299591e-04 -1.007708225985597e+00
14 25 -1.000283408801421e+00 -1.890225464905475e-03 -9.240091669537728e-04 -1.007709359160362e+00
14 26 -1.000283348816068e+00 -1.890419118434350e-03 -9.236831219635780e-04 -1.007709437870835e+00
14 27 -1.000283421003454e+00 -1.890934749497563e-03 -9.230927268490689e-04 -1.007708457957589e+00
14 28 -1.000283620758471e+00 -1.891752199361410e-03 -9.222585203611190e-04 -1.007706461291426e+00
14 29 -1.000283938156566e+00 -1.892837631793314e-03 -9.212186313173708e-04 -1.007703533316184e+00
14 30 -1.000284358724819e+00 -1.894145348244285e-03 -9.200260879765459e-04 -1.007699797971626e+00
14 31 -1.000284864405233e+00 -1.895620321500823e-03 -9.187444417149562e-04 -1.007695410665432e+00
15 0 -1.000285280962019e+00 -1.898021614754609e-03 -9.126776564420627e-04 -1.007689869530572e+00
15 1 -1.000285896674991e+00 -1.899646478148111e-03 -9.114377701652045e-04 -1.007684708440240e+00
15 2 -1.000286534016866e+00 -1.901253592600729e-03 -9.103014290431318e-04 -1.007679450335503e+00
15 3 -1.000287169973423e+00 -1.902780187537558e-03 -9.093204240919571e-04 -1.007674296048247e+00
15 4 -1.000287782103309e+00 -1.904168114525274e-03 -9.085338971599179e-04 -1.007669439070015e+00
15 5 -1.000288349066192e+00 -1.905365916840595e-03 -9.079668991112905e-04 -1.007665059027241e+00
15 6 -1.000288851099433e+00 -1.906330523024038e-03 -9.076303297517072e-04 -1.007661315815040e+00
15 7 -1.000289270473993e+00 -1.907028526495064e-03 -9.075220913339334e-04 -1.007658344526287e+00
15 8 -1.000289591951210e+00 -1.907437018083444e-03 -9.076292094067383e-04 -1.007656251329119e+00
15 9 -1.000289803251708e+00 -1.907543964693722e-03 -9.079306213312388e-04 -1.007655110393191e+00
15 10 -1.000289895534456e+00 -1.907348167890708e-03 -9.084002892306884e-04 -1.007654961877076e+00
15 11 -1.000289863866443e+00 -1.906858874979242e-03 -9.090102572755703e-04 -1.007655810917201e+00
15 12 -1.000289707643375e+00 -1.906095135965818e-03 -9.097332596791681e-04 -1.007657627538450e+00
15 13 -1.000289430904521e+00 -1.905084993196176e-03 -9.105445238720340e-04 -1.007660347444237e+00
15 14 -1.000289042477053e+00 -1.903864558902493e-03 -9.114225211293840e-04 -1.007663873713202e+00
15 15 -1.000288555892271e+00 -1.902476994096072e-03 -9.123485867987047e-04 -1.007668079482864e+00
15 16 -1.000287989038882e+00 -1.900971369812673e-03 -9.133055343301525e-04 -1.007672811692797e+00
15 17 -1.000287363551772e+00 -1.899401380835904e-03 -9.142755835612284e-04 -1.007677895881590e+00
15 18 -1.000286703967939e+00 -1.897823889475908e-03 -9.152380780525005e-04 -1.007683141923114e+00
15 19 -1.000286036703276e+00 -1.896297288149882e-03 -9.161675480192731e-04 -1.007688350515890e+00
15 20 -1.000285388909191e+00 -1.894879672333400e-03 -9.170326628535092e-04 -1.007693320246499e+00
15 21 -1.000284787261477e+00 -1.893626813145766e-03 -9.177965023903015e-04 -1.007697855109380e+00
15 22 -1.000284256727385e+00 -1.892589929898509e-03 -9.184183663711493e-04 -1.007701772398235e+00
15 23 -1.000283819361395e+00 -1.891813306622382e-03 -9.188570600979713e-04 -1.007704910807890e+00
15 24 -1.000283493196660e+00 -1.891331874417574e-03 -9.190752838360223e-04 -1.007707138387626e+00
15 25 -1.000283291317645e+00 -1.891168969891603e-03 -9.190444792664212e-04 -1.007708359744053e+00
15 26 -1.000283221205724e+00 -1.891334540805096e-03 -9.187493230760057e-04 -1.007708521727036e+00
15 27 -1.000283284433907e+00 -1.891824071121169e-03 -9.181910602690666e-04 -1.007707616847499e+00
15 28 -1.000283476748774e+00 -1.892618428465386e-03 -9.173890456599050e-04 -1.007705683900967e+00
15 29 -1.000283788525115e+00 -1.893684711606302e-03 -9.163801696697570e-04 -1.007702805656115e+00
15 30 -1.000284205524564e+00 -1.894978025760696e-03 -9.152162127129092e-04 -1.007699103906840e+00
15 31 -1.000284709848714e+00 -1.896443979356808e-03 -9.139595214809994e-04 -1.007694732550170e+00
16 0 -1.000284995339056e+00 -1.898696682685066e-03 -9.084143328672430e-04 -1.007689559953390e+00
16 1 -1.000285612368588e+00 -1.900320045185734e-03 -9.071905510216347e-04 -1.007684391287114e+00
16 2 -1.000286253428781e+00 -1.901932038193267e-03 -9.060635692657481e-04 -1.007679106247822e+00
16 3 -1.000286895373275e+00 -1.903469728470799e-03 -9.050846875636303e-04 -1.007673906779729e+00
16 4 -1.000287515536205e+00 -1.904874535227458e-03 -9.042928903536173e-04 -1.007668988247370e+00
16 5 -1.000288092266837e+00 -1.906094313226596e-03 -9.037134256396417e-04 -1.007664532829337e+00
16 6 -1.000288605417367e+00 -1.907085075575120e-03 -9.033577404338279e-04 -1.007660703535913e+00
16 7 -1.000289036814409e+00 -1.907812317505978e-03 -9.032246036798962e-04 -1.007657638992303e+00
16 8 -1.000289370735136e+00 -1.908251905171498e-03 -9.033021731190866e-04 -1.007655449149156e+00
16 9 -1.000289594398388e+00 -1.908390518461364e-03 -9.035707117118413e-04 -1.007654212030611e+00
16 10 -1.000289698467602e+00 -1.908225676531860e-03 -9.040056176574452e-04 -1.007653971543114e+00
16 11 -1.000289677544328e+00 -1.907765412678715e-03 -9.045803967181757e-04 -1.007654736298387e+00
16 12 -1.000289530610449e+00 -1.907027685612642e-03 -9.052691924455168e-04 -1.007656479385655e+00
16 13 -1.000289261359968e+00 -1.906039608725229e-03 -9.060485264172027e-04 -1.007659139063664e+00
16 14 -1.000288878354340e+00 -1.904836550477062e-03 -9.068980048157722e-04 -1.007662620404127e+00
16 15 -1.000288394943943e+00 -1.903461121294492e-03 -9.077999131955704e-04 -1.007666797960219e+00
16 16 -1.000287828922161e+00 -1.901962032964208e-03 -9.087378199074641e-04 -1.007671519518049e+00
16 17 -1.000287201912237e+00 -1.900392806316655e-03 -9.096945034800050e-04 -1.007676610909484e+00
16 18 -1.000286538519926e+00 -1.898810309036267e-03 -9.106496741138067e-04 -1.007681881760491e+00
16 19 -1.000285865306413e+00 -1.897273114388654e-03 -9.115780426123491e-04 -1.007687131983909e+00
16 20 -1.000285209640705e+00 -1.895839672448306e-03 -9.124482787144889e-04 -1.007692158839024e+00
16 21 -1.000284598483539e+00 -1.894566281427066e-03 -9.132232865861636e-04 -1.007696764447592e+00
16 22 -1.000284057147852e+00 -1.893504856357958e-03 -9.138620162101414e-04 -1.007700763694081e+00
16 23 -1.000283608085249e+00 -1.892700535334713e-03 -9.143227493481874e-04 -1.007703992363682e+00
16 24 -1.000283269764807e+00 -1.892189241973856e-03 -9.145674900871566e-04 -1.007706315170520e+00
16 25 -1.000283055729878e+00 -1.891995413280490e-03 -9.145668166962953e-04 -1.007707633076978e+00
16 26 -1.000282973925665e+00 -1.892130165501644e-03 -9.143043877698487e-04 -1.007707889130891e+00
16 27 -1.000283026375113e+00 -1.892590173258982e-03 -9.137802967045393e-04 -1.007707072056191e+00
16 28 -1.000283209242557e+00 -1.893357468242334e-03 -9.130126433809970e-04 -1.007705217056066e+00
16 29 -1.000283513271641e+00 -1.894400237702235e-03 -9.120369993227862e-04 -1.007702403674449e+00
16 30 -1.000283924529541e+00 -1.895674552652190e-03 -9.109038106089799e-04 -1.007698751002792e+00
16 31 -1.000284425348344e+00 -1.897126821393035e-03 -9.096741310532218e-04 -1.007694410884810e+00
17 0 -1.000284588467009e+00 -1.899202429498261e-03 -9.048181860029891e-04 -1.007689624678014e+00
17 1 -1.000285204931868e+00 -1.900820160860231e-03 -9.036111484783727e-04 -1.007684461720455e+00
17 2 -1.000285847968989e+00 -1.902433065134807e-03 -9.024940450367613e-04 -1.007679162110447e+00
17 3 -1.000286494363391e+00 -1.903978184999728e-03 -9.015176626735383e-04 -1.007673928480523e+00
17 4 -1.000287121286558e+00 -1.905396644061290e-03 -9.007208093005666e-04 -1.007668957660697e+00
17 5 -1.000287706835082e+00 -1.906635739463960e-03 -9.001289144383249e-04 -1.007664434002103e+00
17 6 -1.000288230526157e+00 -1.907650688016089e-03 -8.997539612472797e-04 -1.007660523296150e+00
17 7 -1.000288673780579e+00 -1.908405986702478e-03 -8.995955804743006e-04 -1.007657367434870e+00
17 8 -1.000289020413991e+00 -1.908876349439874e-03 -8.996430655394316e-04 -1.007655079980264e+00
17 9 -1.000289257146413e+00 -1.909047206069674e-03 -8.998780192040730e-04 -1.007653742758792e+00
17 10 -1.000289374126479e+00 -1.908914788698657e-03 -9.002773021620357e-04 -1.007653403510138e+00
17 11 -1.000289365448059e+00 -1.908485867402726e-03 -9.008159201895558e-04 -1.007654074552381e+00
17 12 -1.000289229615448e+00 -1.907777216713913e-03 -9.014694744402782e-04 -1.007655732411248e+00
17 13 -1.000288969895636e+00 -1.906814889304815e-03 -9.022158349570099e-04 -1.007658318396370e+00
17 14 -1.000288594490042e+00 -1.905633347399009e-03 -9.030357983065688e-04 -1.007661740162196e+00
17 15 -1.000288116467739e+00 -1.904274468205596e-03 -9.039126515539068e-04 -1.007665874324083e+00
17 16 -1.000287553427165e+00 -1.902786412862732e-03 -9.048307602710048e-04 -1.007670570177891e+00
17 17 -1.000286926887240e+00 -1.901222338865222e-03 -9.057734917440413e-04 -1.007675654490645e+00
17 18 -1.000286261441662e+00 -1.899638941131376e-03 -9.067209394214035e-04 -1.007680937228432e+00
17 19 -1.000285583731335e+00 -1.898094814220856e-03 -9.076479985527997e-04 -1.007686218027052e+00
17 20 -1.000284921294305e+00 -1.896648627261958e-03 -9.085233325240188e-04 -1.007691293229693e+00
17 21 -1.000284301345023e+00 -1.895357097572954e-03 -9.093096558568573e-04 -1.007695963388438e+00
17 22 -1.000283749527446e+00 -1.894272757459685e-03 -9.099655512979485e-04 -1.007700041168716e+00
17 23 -1.000283288690823e+00 -1.893441551184258e-03 -9.104487592499771e-04 -1.007703359522971e+00
17 24 -1.000282937754228e+00 -1.892900378072999e-03 -9.107205708694474e-04 -1.007705779795939e+00
17 25 -1.000282710745867e+00 -1.892674789720425e-03 -9.107506847358416e-04 -1.007707199165752e+00
17 26 -1.000282616110884e+00 -1.892777114723450e-03 -9.105217238728504e-04 -1.007707556642153e+00
17 27 -1.000282656366607e+00 -1.893205288938434e-03 -9.100326099316455e-04 -1.007706836844680e+00
17 28 -1.000282828146102e+00 -1.893942601069417e-03 -9.093001645188237e-04 -1.007705071003777e+00
17 29 -1.000283122617675e+00 -1.894958437123161e-03 -9.083586140520395e-04 -1.007702335014967e+00
17 30 -1.000283526213147e+00 -1.896209956417370e-03 -9.072570421217125e-04 -1.007698744819290e+00
17 31 -1.000284021556273e+00 -1.897644497326368e-03 -9.060551808408366e-04 -1.007694449750961e+00
18 0 -1.000284075093432e+00 -1.899521210719828e-03 -9.020259220263569e-04 -1.007690056309483e+00
18 1 -1.000284689174396e+00 -1.901129484285456e-03 -9.008354300217142e-04 -1.007684911885913e+00
18 2 -1.000285332419259e+00 -1.902739400270278e-03 -8.997281089157240e-04 -1.007679610335332e+00
18 3 -1.000285981607876e+00 -1.904288112382577e-03 -8.987542420934490e-04 -1.007674354540129e+00
18 4 -1.000286613814047e+00 -1.905716591989305e-03 -8.979524594025514e-04 -1.007669342346303e+00
18 5 -1.000287206945975e+00 -1.906971726416533e-03 -8.973483584367936e-04 -1.007664759829227e+00
18 6 -1.000287740246110e+00 -1.908008081984877e-03 -8.969544340799808e-04 -1.007660775134503e+00
18 7 -1.000288194781373e+00 -1.908789292446467e-03 -8.967711465508946e-04 -1.007657533042602e+00
18 8 -1.000288553944779e+00 -1.909289033463178e-03 -8.967888896429853e-04 -1.007655150428042e+00
18 9 -1.000288803978919e+00 -1.909491567491861e-03 -8.969905735615325e-04 -1.007653712730777e+00
18 10 -1.000288934517971e+00 -1.909391882175433e-03 -8.973544976514984e-04 -1.007653271470091e+00
18 11 -1.000288939125556e+00 -1.908995481168675e-03 -8.978571561363560e-04 -1.007653842767231e+00
18 12 -1.000288815783167e+00 -1.908317904394946e-03 -8.984756094608760e-04 -1.007655406833182e+00
18 13 -1.000288567265661e+00 -1.907384049460781e-03 -8.991890891166858e-04 -1.007657908415273e+00
18 14 -1.000288201334163e+00 -1.906227341627674e-03 -8.999796020437238e-04 -1.007661258248062e+00
18 15 -1.000287730687215e+00 -1.904888768157981e-03 -9.008314582702407e-04 -1.007665335580529e+00
18 16 -1.000287172636628e+00 -1.903415768274888e-03 -9.017298379872598e-04 -1.007669991824071e+00
18 17 -1.000286548508945e+00 -1.901860961329911e-03 -9.026587063338421e-04 -1.007675055283068e+00
18 18 -1.000285882806338e+00 -1.900280700518500e-03 -9.035985387441377e-04 -1.007680336829988e+00
18 19 -1.000285202181933e+00 -1.898733445743624e-03 -9.045244037410527e-04 -1.007685636329564e+00
18 20 -1.000284534289064e+00 -1.897277947059494e-03 -9.054049398754127e-04 -1.007690749638762e+00
18 21 -1.000283906556293e+00 -1.895971223471874e-03 -9.062026502279369e-04 -1.007695476085197e+00
18 22 -1.000283344932675e+00 -1.894866329505825e-03 -9.068757296411080e-04 -1.007699626371915e+00
18 23 -1.000282872651955e+00 -1.894009943962613e-03 -9.073813615100239e-04 -1.007703030785432e+00
18 24 -1.000282509081742e+00 -1.893439894427518e-03 -9.076801158848121e-04 -1.007705547378552e+00
18 25 -1.000282268744161e+00 -1.893182824195133e-03 -9.077408115822580e-04 -1.007707069535652e+00
18 26 -1.000282160602787e+00 -1.893252275641520e-03 -9.075450432816288e-04 -1.007707532136690e+00
18 27 -1.000282187696201e+00 -1.893647470493281e-03 -9.070905740770744e-04 -1.007706915530284e+00
18 28 -1.000282347160420e+00 -1.894353000266637e-03 -9.063929653167726e-04 -1.007705246742611e+00
18 29 -1.000282630628929e+00 -1.895339513944245e-03 -9.054851203162637e-04 -1.007702597735903e+00
18 30 -1.000283024943977e+00 -1.896565338871689e-03 -9.044147852392255e-04 -1.007699080974427e+00
18 31 -1.000283513071171e+00 -1.897978836240577e-03 -9.032403972179359e-04 -1.007694842925234e+00
19 0 -1.000283473525053e+00 -1.899642063066624e-03 -9.001401121520733e-04 -1.007690837852183e+00
19 1 -1.000284083505174e+00 -1.901237440765722e-03 -8.989652706225677e-04 -1.007685724033425e+00
19 2 -1.000284725200440e+00 -1.902840626327907e-03 -8.978671498871319e-04 -1.007680433144651e+00
19 3 -1.000285375448127e+00 -1.904389013481464e-03 -8.968955665200432e-04 -1.007675167873104e+00
19 4 -1.000286011291393e+00 -1.905823568345102e-03 -8.960889849509589e-04 -1.007670126597896e+00
19 5 -1.000286610519536e+00 -1.907090929702911e-03 -8.954731569042785e-04 -1.007665496611508e+00
19 6 -1.000287152168876e+00 -1.908145181890054e-03 -8.950610496556497e-04 -1.007661447905257e+00
19 7 -1.000287617015843e+00 -1.908949261163067e-03 -8.948538929058800e-04 -1.007658127668896e+00
19 8 -1.000287988084064e+00 -1.909475956189935e-03 -8.948431075831566e-04 -1.007655655674376e+00
19 9 -1.000288251176901e+00 -1.909708486755878e-03 -8.950128338515720e-04 -1.007654120659012e+00
19 10 -1.000288395432998e+00 -1.909640683236414e-03 -8.953427371667991e-04 -1.007653577735204e+00
19 11 -1.000288413882550e+00 -1.909276824498079e-03 -8.958107400768190e-04 -1.007654046791579e+00
19 12 -1.000288303958400e+00 -1.908631208553961e-03 -8.963953185753163e-04 -1.007655511845453e+00
19 13 -1.000288067896648e+00 -1.907727523702424e-03 -8.970770381067496e-04 -1.007657921349223e+00
19 14 -1.000287712954775e+00 -1.906598063602436e-03 -8.978391014074485e-04 -1.007661189506644e+00
19 15 -1.000287251386040e+00 -1.905282799968933e-03 -8.986668348155436e-04 -1.007665198677868e+00
19 16 -1.000286700135355e+00 -1.903828304299054e-03 -8.995462289943820e-04 -1.007669802918840e+00
19 17 -1.000286080256726e+00 -1.902286502496928e-03 -9.004618404595050e-04 -1.007674832615484e+00
19 18 -1.000285416085457e+00 -1.900713250576246e-03 -9.013945147010402e-04 -1.007680100074859e+00
19 19 -1.000284734219618e+00 -1.899166725027080e-03 -9.023194756784421e-04 -1.007685405880394e+00
19 20 -1.000284062370296e+00 -1.897705618958130e-03 -9.032053155869684e-04 -1.007690545840943e+00
19 21 -1.000283428132924e+00 -1.896387128388174e-03 -9.040143047107648e-04 -1.007695318439464e+00
19 22 -1.000282857724645e+00 -1.895264720056236e-03 -9.047042329938069e-04 -1.007699532734734e+00
19 23 -1.000282374736525e+00 -1.894385713123214e-03 -9.052317179551808e-04 -1.007703016601781e+00
19 24 -1.000281998966863e+00 -1.893788786027349e-03 -9.055566107454263e-04 -1.007705624991214e+00
19 25 -1.000281745422716e+00 -1.893501614008647e-03 -9.056468654735856e-04 -1.007707247617924e+00
19 26 -1.000281623585659e+00 -1.893538912072369e-03 -9.054830767933206e-04 -1.007707815289850e+00
19 27 -1.000281637023517e+00 -1.893901166094648e-03 -9.050618902349469e-04 -1.007707304075206e+00
19 28 -1.000281783391477e+00 -1.894574268353285e-03 -9.043976595595792e-04 -1.007705736720191e+00
19 29 -1.000282054812276e+00 -1.895530147972755e-03 -9.035220280188381e-04 -1.007703181115055e+00
19 30 -1.000282438570052e+00 -1.896728336031778e-03 -9.024814755426641e-04 -1.007699746049895e+00
19 31 -1.000282918010682e+00 -1.898118270436954e-03 -9.013332199610056e-04 -1.007695574872267e+00
20 0 -1.000282805138543e+00 -1.899560927818313e-03 -8.992259436317893e-04 -1.007691943436657e+00
20 1 -1.000283409438655e+00 -1.901140426233865e-03 -8.980653414019143e-04 -1.007686871274996e+00
20 2 -1.000284047875779e+00 -1.902733373885018e-03 -8.969755186125466e-04 -1.007681603340180e+00
20 3 -1.000284697405717e+00 -1.904277525381018e-03 -8.960058827628030e-04 -1.007676341680369e+00
20 4 -1.000285335109158e+00 -1.905713989319216e-03 -8.951947547406039e-04 -1.007671284701179e+00
20 5 -1.000285938729713e+00 -1.906989326605124e-03 -8.945680230599604e-04 -1.007666620358787e+00
20 6 -1.000286487172644e+00 -1.908057325723325e-03 -8.941390722784019e-04 -1.007662519914884e+00
20 7 -1.000286960996569e+00 -1.908880416441829e-03 -8.939098146704506e-04 -1.007659132403735e+00
20 8 -1.000287342921125e+00 -1.909430683623990e-03 -8.938725890036644e-04 -1.007656579977771e+00
20 9 -1.000287618363456e+00 -1.909690466306974e-03 -8.940126452423292e-04 -1.007654954240768e+00
20 10 -1.000287776002670e+00 -1.909652565727503e-03 -8.943108959400411e-04 -1.007654313587763e+00
20 11 -1.000287808351195e+00 -1.909320120694866e-03 -8.947465844992612e-04 -1.007654681509246e+00
20 12 -1.000287712287261e+00 -1.908706223694572e-03 -8.952995133290564e-04 -1.007656045818149e+00
20 13 -1.000287489481628e+00 -1.907833342055134e-03 -8.959515133939986e-04 -1.007658358809893e+00
20 14 -1.000287146643886e+00 -1.906732582974700e-03 -8.966869341131043e-04 -1.007661538424492e+00
20 15 -1.000286695524429e+00 -1.905442812539064e-03 -8.974920846247939e-04 -1.007665470500829e+00
20 16 -1.000286152635302e+00 -1.904009618832963e-03 -8.983537433459649e-04 -1.007670012174462e+00
20 17 -1.000285538688516e+00 -1.902484102874251e-03 -8.992570413127361e-04 -1.007674996382666e+00
20 18 -1.000284877783688e+00 -1.900921484995592e-03 -9.001831791432447e-04 -1.007680237343622e+00
20 19 -1.000284196398604e+00 -1.899379519184625e-03 -9.011075213639167e-04 -1.007685536822563e+00
20 20 -1.000283522242182e+00 -1.897916705925127e-03 -9.019985995511164e-04 -1.007690691018112e+00
20 21 -1.000282883022884e+00 -1.896590288106551e-03 -9.028184398815477e-04 -1.007695497975664e+00
20 22 -1.000282305178410e+00 -1.895454021253592e-03 -9.035244221865154e-04 -1.007699765483747e+00
20 23 -1.000281812615990e+00 -1.894555749152901e-03 -9.040726022389770e-04 -1.007703319345213e+00
20 24 -1.000281425529973e+00 -1.893934894324187e-03 -9.044221287698137e-04 -1.007706011710127e+00
20 25 -1.000281159384642e+00 -1.893620067971750e-03 -9.045401224638093e-04 -1.007707728882497e+00
20 26 -1.000281024159493e+00 -1.893627074905253e-03 -9.044062256378737e-04 -1.007708397806110e+00
20 27 -1.000281023939932e+00 -1.893957598027954e-03 -9.040160310238877e-04 -1.007707990417468e+00
20 28 -1.000281156897721e+00 -1.894598781257343e-03 -9.033827664060093e-04 -1.007706525264791e+00
20 29 -1.000281415651769e+00 -1.895523804642062e-03 -9.025369120217226e-04 -1.007704066175977e+00
20 30 -1.000281787944693e+00 -1.896693395330729e-03 -9.015237908662910e-04 -1.007700718200450e+00
20 31 -1.000282257528829e+00 -1.898058083373455e-03 -9.003995175939281e-04 -1.007696621421825e+00
21 0 -1.000282093828665e+00 -1.899280731491118e-03 -8.993097911987371e-04 -1.007693338651368e+00
21 1 -1.000282691042009e+00 -1.900841877230339e-03 -8.981616880042560e-04 -1.007688317926330e+00
21 2 -1.000283324599271e+00 -1.902421386639378e-03 -8.970791116857998e-04 -1.007683084636556e+00
21 3 -1.000283971633598e+00 -1.903957485969475e-03 -8.961111316375015e-04 -1.007677839757389e+00
21 4 -1.000284609331339e+00 -1.905391571401412e-03 -8.952959512293807e-04 -1.007672781202760e+00
21 5 -1.000285215465750e+00 -1.906670301186706e-03 -8.946595729031153e-04 -1.007668097008081e+00
21 6 -1.000285768890551e+00 -1.907747365828923e-03 -8.942157279963957e-04 -1.007663959080436e+00
21 7 -1.000286250026293e+00 -1.908584898497842e-03 -8.939668996068884e-04 -1.007660517666037e+00
21 8 -1.000286641363860e+00 -1.909154489037229e-03 -8.939062019935254e-04 -1.007657896696026e+00
21 9 -1.000286927999868e+00 -1.909437789232074e-03 -8.940198352522421e-04 -1.007656190109546e+00
21 10 -1.000287098205399e+00 -1.909426736128354e-03 -8.942897959285681e-04 -1.007655459159467e+00
21 11 -1.000287144008941e+00 -1.909123454381929e-03 -8.946964942848116e-04 -1.007655730645865e+00
21 12 -1.000287061748312e+00 -1.908539911292478e-03 -8.952209239241547e-04 -1.007656996031306e+00
21 13 -1.000286852523385e+00 -1.907697386027869e-03 -8.958460706768488e-04 -1.007659211454672e+00
21 14 -1.000286522472271e+00 -1.906625787112871e-03 -8.965573462750557e-04 -1.007662298726236e+00
21 15 -1.000286082804018e+00 -1.905362823896717e-03 -8.973419828863987e-04 -1.007666147408206e+00
21 16 -1.000285549548315e+00 -1.903953019201259e-03 -8.981875076888143e-04 -1.007670618043014e+00
21 17 -1.000284943018565e+00 -1.902446545027931e-03 -8.990796033716578e-04 -1.007675546501675e+00
21 18 -1.000284287018321e+00 -1.900897867202897e-03 -8.999998144114825e-04 -1.007680749327439e+00
21 19 -1.000283607843595e+00 -1.899364189777344e-03 -9.009236425393036e-04 -1.007686029894949e+00
21 20 -1.000282933140332e+00 -1.897903688780057e-03 -9.018195610529928e-04 -1.007691185222429e+00
21 21 -1.000282290670901e+00 -1.896573519975504e-03 -9.026493597649085e-04 -1.007696013344849e+00
21 22 -1.000281707036533e+00 -1.895427592345954e-03 -9.033700229780516e-04 -1.007700321204218e+00
21 23 -1.000281206406133e+00 -1.894514138357497e-03 -9.039370686086119e-04 -1.007703932950528e+00
21 24 -1.000280809319027e+00 -1.893873189809814e-03 -9.043089789101470e-04 -1.007706698342751e+00
21 25 -1.000280531650474e+00 -1.893534163280382e-03 -9.044520918142558e-04 -1.007708500662755e+00
21 26 -1.000280383838172e+00 -1.893513830843892e-03 -9.043451651641120e-04 -1.007709263343874e+00
21 27 -1.000280370453619e+00 -1.893814962042089e-03 -9.039828258290139e-04 -1.007708954493844e+00
21 28 -1.000280490163509e+00 -1.894425858408877e-03 -9.033772822211256e-04 -1.007707588699303e+00
21 29 -1.000280736072408e+00 -1.895320877461441e-03 -9.025579764315935e-04 -1.007705225881050e+00
21 30 -1.000281096382841e+00 -1.896461893319976e-03 -9.015692137794122e-04 -1.007701967410730e+00
21 31 -1.000281555267162e+00 -1.897800506499351e-03 -9.004661528263482e-04 -1.007697950072138e+00
22 0 -1.000281365374173e+00 -1.898811330699804e-03 -9.003795090382452e-04 -1.007694980565176e+00
22 1 -1.000281954302770e+00 -1.900352212611016e-03 -8.992419999897857e-04 -1.007690019524155e+00
22 2 -1.000282581486979e+00 -1.901915465275072e-03 -8.981656173678989e-04 -1.007684831656591e+00
22 3 -1.000283224292561e+00 -1.903439884760283e-03 -8.971991694909737e-04 -1.007679616453288e+00
22 4 -1.000283860078083e+00 -1.904867293330174e-03 -8.963807682033337e-04 -1.007674570821516e+00
22 5 -1.000284466722151e+00 -1.906144621125890e-03 -8.957365003360853e-04 -1.007669882277337e+00
22 6 -1.000285023108894e+00 -1.907225663969908e-03 -8.952803595801948e-04 -1.007665722717300e+00
22 7 -1.000285509605306e+00 -1.908072480157425e-03 -8.950152665708274e-04 -1.007662242919078e+00
22 8 -1.000285908556220e+00 -1.908656391833422e-03 -8.949349397131587e-04 -1.007659567925127e+00
22 9 -1.000286204813999e+00 -1.908958582524255e-03 -8.950263337537573e-04 -1.007657793394257e+00
22 10 -1.000286386307217e+00 -1.908970322468874e-03 -8.952723246369689e-04 -1.007656982908147e+00
22 11 -1.000286444631527e+00 -1.908692886691118e-03 -8.956542902575247e-04 -1.007657166161978e+00
22 12 -1.000286375618406e+00 -1.908137240706739e-03 -8.961542342247092e-04 -1.007658337986486e+00
22 13 -1.000286179812643e+00 -1.907323553379948e-03 -8.967561436924827e-04 -1.007660458222565e+00
22 14 -1.000285862778790e+00 -1.906280566783836e-03 -8.974463722678516e-04 -1.007663452543895e+00
22 15 -1.000285435166389e+00 -1.905044823889339e-03 -8.982129889623450e-04 -1.007667214347971e+00
22 16 -1.000284912491156e+00 -1.903659736878889e-03 -8.990442155946666e-04 -1.007671607793627e+00
22 17 -1.000284314625594e+00 -1.902174474454124e-03 -8.999262602551812e-04 -1.007676471971001e+00
22 18 -1.000283665026888e+00 -1.900642651263163e-03 -9.008410076004722e-04 -1.007681626090271e+00
22 19 -1.000282989753251e+00 -1.899120808035280e-03 -9.017641097443260e-04 -1.007686875518150e+00
22 20 -1.000282316327676e+00 -1.897666670463960e-03 -9.026640066383837e-04 -1.007692018505634e+00
22 21 -1.000281672503584e+00 -1.896337171109656e-03 -9.035022851768166e-04 -1.007696853516906e+00
22 22 -1.000281084980694e+00 -1.895186226982434e-03 -9.042355752911773e-04 -1.007701187113420e+00
22 23 -1.000280578123222e+00 -1.894262305325763e-03 -9.048189070499243e-04 -1.007704842282924e+00
22 24 -1.000280172749351e+00 -1.893605887146594e-03 -9.052101572650804e-04 -1.007707666900594e+00
22 25 -1.000279885081698e+00 -1.893247032177510e-03 -9.053749558180824e-04 -1.007709541734955e+00
22 26 -1.000279725957663e+00 -1.893203320568612e-03 -9.052912672395206e-04 -1.007710387198858e+00
22 27 -1.000279700384166e+00 -1.893478458106715e-03 -9.049528624665013e-04 -1.007710168019382e+00
22 28 -1.000279807482532e+00 -1.894061768460076e-03 -9.043710600826387e-04 -1.007708895203986e+00
22 29 -1.000280040815158e+00 -1.894928672137259e-03 -9.035744117380248e-04 -1.007706625060970e+00
22 30 -1.000280389030471e+00 -1.896042102207759e-03 -9.026063667761318e-04 -1.007703455473664e+00
22 31 -1.000280836721174e+00 -1.897354672553733e-03 -9.015212962177940e-04 -1.007699519999376e+00
23 0 -1.000280646699396e+00 -1.898169305759021e-03 -9.023862393159604e-04 -1.007696817658476e+00
23 1 -1.000281226392966e+00 -1.899688628844125e-03 -9.012573746707040e-04 -1.007691922746603e+00
23 2 -1.000281845885744e+00 -1.901233269220539e-03 -9.001862336525195e-04 -1.007686789824499e+00
23 3 -1.000282482826135e+00 -1.902742675366781e-03 -8.992214409052910e-04 -1.007681616522665e+00
23 4 -1.000283114808126e+00 -1.904159223170369e-03 -8.984010397126062e-04 -1.007676598246398e+00
23 5 -1.000283719889838e+00 -1.905430283070794e-03 -8.977511646986101e-04 -1.007671921397892e+00
23 6 -1.000284277068089e+00 -1.906509958423138e-03 -8.972859756439767e-04 -1.007667757196284e+00
23 7 -1.000284766743271e+00 -1.907360458880338e-03 -8.970086799179229e-04 -1.007664256243456e+00
23 8 -1.000285171202000e+00 -1.907953077387968e-03 -8.969134045858889e-04 -1.007661543980279e+00
23 9 -1.000285475137180e+00 -1.908268767192563e-03 -8.969876323589785e-04 -1.007659717101739e+00
23 10 -1.000285666212663e+00 -1.908298356257971e-03 -8.972148764063208e-04 -1.007658840897784e+00
23 11 -1.000285735658243e+00 -1.908042469006847e-03 -8.975772410466428e-04 -1.007658947431032e+00
23 12 -1.000285678851972e+00 -1.907511232777590e-03 -8.980575152402950e-04 -1.007660034488690e+00
23 13 -1.000285495820218e+00 -1.906723827725187e-03 -8.986404924044912e-04 -1.007662065331184e+00
23 14 -1.000285191573487e+00 -1.905707906375445e-03 -8.993133116580728e-04 -1.007664969344631e+00
23 15 -1.000284776204482e+00 -1.904498878449548e-03 -9.000647657043237e-04 -1.007668643735359e+00
23 16 -1.000284264701969e+00 -1.903139038417527e-03 -9.008837011800978e-04 -1.007672956363547e+00
23 17 -1.000283676470708e+00 -1.901676509532402e-03 -9.017568215653138e-04 -1.007677749718785e+00
23 18 -1.000283034582785e+00 -1.900163983622624e-03 -9.026663553773629e-04 -1.007682845938103e+00
23 19 -1.000282364809871e+00 -1.898657241966193e-03 -9.035881350390153e-04 -1.007688052707143e+00
23 20 -1.000281694494743e+00 -1.897213442974177e-03 -9.044906160393791e-04 -1.007693169895880e+00
23 21 -1.000281051317181e+00 -1.895889160452266e-03 -9.053352444689192e-04 -1.007697996840301e+00
23 22 -1.000280462004335e+00 -1.894738166669957e-03 -9.060783679240014e-04 -1.007702340218942e+00
23 23 -1.000279951039754e+00 -1.893808995274160e-03 -9.066746097681073e-04 -1.007706022406022e+00
23 24 -1.000279539441663e+00 -1.893142395311517e-03 -9.070813327461554e-04 -1.007708889982649e+00
23 25 -1.000279243701233e+00 -1.892768880259544e-03 -9.072635625013441e-04 -1.007710821816852e+00
23 26 -1.000279074980168e+00 -1.892706646963906e-03 -9.071985888688005e-04 -1.007711735911787e+00
23 27 -1.000279038652454e+00 -1.892960151573757e-03 -9.068794619645040e-04 -1.007711594192665e+00
23 28 -1.000279134236127e+00 -1.893519567349064e-03 -9.063167624582206e-04 -1.007710404603780e+00
23 29 -1.000279355706671e+00 -1.894361226070351e-03 -9.055383186102428e-04 -1.007708220266341e+00
23 30 -1.000279692128723e+00 -1.895448995613652e-03 -9.045869017475491e-04 -1.007705135887668e+00
23 31 -1.000280128501785e+00 -1.896736412629607e-03 -9.035162769327972e-04 -1.007701281981356e+00
24 0 -1.000279965015640e+00 -1.897377571134615e-03 -9.052474667979653e-04 -1.007698789965844e+00
24 1 -1.000280534811939e+00 -1.898874712937166e-03 -9.041253163267678e-04 -1.007693965550218e+00
24 2 -1.000281145519893e+00 -1.900398936971309e-03 -9.030586104571522e-04 -1.007688895478889e+00
24 3 -1.000281775113474e+00 -1.901890407987226e-03 -9.020958637211754e-04 -1.007683775196948e+00
24 4 -1.000282401479871e+00 -1.903292167620662e-03 -9.012750687285450e-04 -1.007678798149531e+00
24 5 -1.000283002927136e+00 -1.904552183168288e-03 -9.006223644580496e-04 -1.007674149054501e+00
24 6 -1.000283558645033e+00 -1.905625059907006e-03 -9.001519710948316e-04 -1.007669997797358e+00
24 7 -1.000284049154369e+00 -1.906473382266316e-03 -8.998672187016065e-04 -1.007666494092011e+00
24 8 -1.000284456774200e+00 -1.907068656189001e-03 -8.997624289744694e-04 -1.007663763040265e+00
24 9 -1.000284766128985e+00 -1.907391854223275e-03 -8.998253610524038e-04 -1.007661901641597e+00
24 10 -1.000284964705636e+00 -1.907433606682978e-03 -9.000398922304393e-04 -1.007660976200188e+00
24 11 -1.000285043448801e+00 -1.907194114604421e-03 -9.003885765491755e-04 -1.007661020520673e+00
24 12 -1.000284997353098e+00 -1.906682865878526e-03 -9.008547258766007e-04 -1.007662034816377e+00
24 13 -1.000284825982716e+00 -1.905918213811270e-03 -9.014237074445405e-04 -1.007663985350743e+00
24 14 -1.000284533834466e+00 -1.904926841201323e-03 -9.020832556070541e-04 -1.007666804929807e+00
24 15 -1.000284130467513e+00 -1.903743100295920e-03 -9.028227463412095e-04 -1.007670394402404e+00
24 16 -1.000283630349764e+00 -1.902408200488233e-03 -9.036315631744649e-04 -1.007674625285115e+00
24 17 -1.000283052407826e+00 -1.900969212257669e-03 -9.044968672291794e-04 -1.007679343533634e+00
24 18 -1.000282419303019e+00 -1.899477861541166e-03 -9.054012371754983e-04 -1.007684374378994e+00
24 19 -1.000281756480821e+00 -1.897989095212857e-03 -9.063207278943823e-04 -1.007689528084935e+00
24 20 -1.000281091051290e+00 -1.896559400425640e-03 -9.072238799282927e-04 -1.007694606487116e+00
24 21 -1.000280450556389e+00 -1.895244861365070e-03 -9.080720879304834e-04 -1.007699410225271e+00
24 22 -1.000279861676300e+00 -1.894098949856209e-03 -9.088215207868464e-04 -1.007703746609033e+00
24 23 -1.000279348931207e+00 -1.893170087887645e-03 -9.094265099882263e-04 -1.007707437988615e+00
24 24 -1.000278933450940e+00 -1.892499095565775e-03 -9.098440296507300e-04 -1.007710330303821e+00
24 25 -1.000278631904303e+00 -1.892116729310636e-03 -9.100386381001742e-04 -1.007712301218009e+00
24 26 -1.000278455687868e+00 -1.892041585170290e-03 -9.099870999330423e-04 -1.007713267034787e+00
24 27 -1.000278410458996e+00 -1.892278654134125e-03 -9.096819067827085e-04 -1.007713187567385e+00
24 28 -1.000278496058478e+00 -1.892818754580999e-03 -9.091330758805674e-04 -1.007712068330945e+00
24 29 -1.000278706813986e+00 -1.893638944810078e-03 -9.083678964700364e-04 -1.007709959805041e+00
24 30 -1.000279032161065e+00 -1.894703870553172e-03 -9.074286517267712e-04 -1.007706953949959e+00
24 31 -1.000279457478100e+00 -1.895967869494943e-03 -9.063686890331515e-04 -1.007703178526043e+00
25 0 -1.000279346842497e+00 -1.896464767505559e-03 -9.088510247086681e-04 -1.007700829742964e+00
25 1 -1.000279906406397e+00 -1.897939833318082e-03 -9.077336879119531e-04 -1.007696077846865e+00
25 2 -1.000280507513231e+00 -1.899442481641783e-03 -9.066707438927868e-04 -1.007691076536904e+00
25 3 -1.000281128496311e+00 -1.900913635492756e-03 -9.057106637905195e-04 -1.007686018813449e+00
25 4 -1.000281747586053e+00 -1.902297094387896e-03 -9.048914009999418e-04 -1.007681095759175e+00
25 5 -1.000282343404488e+00 -1.903541561206917e-03 -9.042390492707515e-04 -1.007676489883099e+00
25 6 -1.000282895409881e+00 -1.904602322782338e-03 -9.037677768048350e-04 -1.007672369114813e+00
25 7 -1.000283384327973e+00 -1.905442551478658e-03 -9.034808637555763e-04 -1.007668881586301e+00
25 8 -1.000283792601153e+00 -1.906034204139901e-03 -9.033726006231321e-04 -1.007666151321433e+00
25 9 -1.000284104879936e+00 -1.906358525114921e-03 -9.034307553365086e-04 -1.007664274868285e+00
25 10 -1.000284308569191e+00 -1.906406202763433e-03 -9.036392753214574e-04 -1.007663318801719e+00
25 11 -1.000284394420095e+00 -1.906177261628908e-03 -9.039808622176485e-04 -1.007663317967042e+00
25 12 -1.000284357128423e+00 -1.905680776751438e-03 -9.044390595192849e-04 -1.007664274372648e+00
25 13 -1.000284195869941e+00 -1.904934471031475e-03 -9.049995453956682e-04 -1.007666156747979e+00
25 14 -1.000283914687430e+00 -1.903964216444679e-03 -9.056504293873432e-04 -1.007668900893545e+00
25 15 -1.000283522649674e+00 -1.902803424654572e-03 -9.063815035625071e-04 -1.007672410996999e+00
25 16 -1.000283033728971e+00 -1.901492293262663e-03 -9.071825789111226e-04 -1.007676562052529e+00
25 17 -1.000282466380673e+00 -1.900076870343239e-03 -9.080412222215474e-04 -1.007681203426089e+00
25 18 -1.000281842844069e+00 -1.898607905338233e-03 -9.089403631544371e-04 -1.007686163505876e+00
25 19 -1.000281188209631e+00 -1.897139461397228e-03 -9.098563252209380e-04 -1.007691255312516e+00
25 20 -1.000280529309238e+00 -1.895727268508032e-03 -9.107578168039694e-04 -1.007696282939527e+00
25 21 -1.000279893486179e+00 -1.894426800830282e-03 -9.116062919688071e-04 -1.007701048733808e+00
25 22 -1.000279307299111e+00 -1.893291077207957e-03 -9.123578725734878e-04 -1.007705361146624e+00
25 23 -1.000278795218854e+00 -1.892368226376147e-03 -9.129667456105005e-04 -1.007709043113459e+00
25 24 -1.000278378392358e+00 -1.891698933146860e-03 -9.133896566409849e-04 -1.007711940625826e+00
25 25 -1.000278073566760e+00 -1.891313971758853e-03 -9.135908679263774e-04 -1.007713930896048e+00
25 26 -1.000277892273630e+00 -1.891232101317854e-03 -9.135468002318171e-04 -1.007714929311611e+00
25 27 -1.000277840357719e+00 -1.891458609557552e-03 -9.132495769721729e-04 -1.007714894350823e+00
25 28 -1.000277917894805e+00 -1.891984729661441e-03 -9.127088490059264e-04 -1.007713829832125e+00
25 29 -1.000278119489125e+00 -1.892788033760021e-03 -9.119515671814169e-04 -1.007711784244054e+00
25 30 -1.000278434886954e+00 -1.893833759867513e-03 -9.110197258468660e-04 -1.007708847335136e+00
25 31 -1.000278849803242e+00 -1.895076896777969e-03 -9.099664460831672e-04 -1.007705144505641e+00
26 0 -1.000278816933175e+00 -1.895464412354370e-03 -9.130597701240562e-04 -1.007702862899154e+00
26 1 -1.000279366290704e+00 -1.896918281720992e-03 -9.119453433927831e-04 -1.007698182971021e+00
26 2 -1.000279957307998e+00 -1.898398930803220e-03 -9.108855596812899e-04 -1.007693253970207e+00
26 3 -1.000280568700054e+00 -1.899848057814838e-03 -9.099289049303344e-04 -1.007688266274700e+00
26 4 -1.000281179080107e+00 -1.901210287546220e-03 -9.091132977891965e-04 -1.007683408278564e+00
26 5 -1.000281767438940e+00 -1.902435173305986e-03 -9.084647322070194e-04 -1.007678859826577e+00
26 6 -1.000282313571225e+00 -1.903478841318509e-03 -9.079972085379555e-04 -1.007674786328816e+00
26 7 -1.000282798486670e+00 -1.904305246821858e-03 -9.077137815010360e-04 -1.007671333685449e+00
26 8 -1.000283204839078e+00 -1.904887022193660e-03 -9.076084811576406e-04 -1.007668624129347e+00
26 9 -1.000283517399789e+00 -1.905205929085247e-03 -9.076688114765335e-04 -1.007666753005397e+00
26 10 -1.000283723590369e+00 -1.905252970307266e-03 -9.078784878114390e-04 -1.007665786394417e+00
26 11 -1.000283814067898e+00 -1.905028250382864e-03 -9.082200448210352e-04 -1.007665759431944e+00
26 12 -1.000283783325396e+00 -1.904540676784716e-03 -9.086769493289198e-04 -1.007666675213582e+00
26 13 -1.000283630238711e+00 -1.903807565373215e-03 -9.092349066215122e-04 -1.007668504296859e+00
26 14 -1.000283358473411e+00 -1.902854169781172e-03 -9.098821576732603e-04 -1.007671184931941e+00
26 15 -1.000282976669597e+00 -1.901713116236077e-03 -9.106087184808547e-04 -1.007674624210540e+00
26 16 -1.000282498347983e+00 -1.900423704291718e-03 -9.114046938475063e-04 -1.007678700291047e+00
26 17 -1.000281941517248e+00 -1.899031029653611e-03 -9.122579834795529e-04 -1.007683265765158e+00
26 18 -1.000281327998866e+00 -1.897584890665586e-03 -9.131518543332335e-04 -1.007688152127398e+00
26 19 -1.000280682512054e+00 -1.896138447818117e-03 -9.140629384636261e-04 -1.007693175240295e+00
26 20 -1.000280031574489e+00 -1.894746611942487e-03 -9.149601977947125e-04 -1.007698141676020e+00
26 21 -1.000279402276252e+00 -1.893464143950954e-03 -9.158052686705845e-04 -1.007702855843405e+00
26 22 -1.000278820983220e+00 -1.892343467607651e-03 -9.165543778488804e-04 -1.007707127819731e+00
26 23 -1.000278312031345e+00 -1.891432240871708e-03 -9.171617418783563e-04 -1.007710781729993e+00
26 24 -1.000277896488204e+00 -1.890770805477588e-03 -9.175840683286570e-04 -1.007713664323883e+00
26 25 -1.000277591075724e+00 -1.890389722317004e-03 -9.177855260789572e-04 -1.007715653145723e+00
26 26 -1.000277407354165e+00 -1.890307667143148e-03 -9.177424033898814e-04 -1.007716663494722e+00
26 27 -1.000277351251015e+00 -1.890529971881581e-03 -9.174466722419863e-04 -1.007716653350790e+00
26 28 -1.000277422978543e+00 -1.891048035874203e-03 -9.169078357216150e-04 -1.007715625641488e+00
26 29 -1.000277617329606e+00 -1.891839711057952e-03 -9.161527221653612e-04 -1.007713627598946e+00
26 30 -1.000277924287722e+00 -1.892870618838410e-03 -9.152232448163643e-04 -1.007710747385852e+00
26 31 -1.000278329848341e+00 -1.894096224637917e-03 -9.141724917750754e-04 -1.007707108529375e+00
27 0 -1.000278397155180e+00 -1.894413809784180e-03 -9.177166880308921e-04 -1.007704811302763e+00
27 1 -1.000278936718001e+00 -1.895848164063299e-03 -9.166032065920710e-04 -1.007700200052010e+00
27 2 -1.000279517529827e+00 -1.897307204478441e-03 -9.155459585338811e-04 -1.007695344219931e+00
27 3 -1.000280118695932e+00 -1.898733393223991e-03 -9.145934942612420e-04 -1.007690431481826e+00
27 4 -1.000280719238684e+00 -1.900072218361407e-03 -9.137836957599786e-04 -1.007685647313648e+00
27 5 -1.000281298560096e+00 -1.901274168746851e-03 -9.131423995205927e-04 -1.007681168533052e+00
27 6 -1.000281836848347e+00 -1.902296338943366e-03 -9.126833227676630e-04 -1.007677157551514e+00
27 7 -1.000282315467333e+00 -1.903103635267152e-03 -9.124091232178257e-04 -1.007673757460106e+00
27 8 -1.000282717364046e+00 -1.903669567234751e-03 -9.123133476279685e-04 -1.007671088043971e+00
27 9 -1.000283027522210e+00 -1.903976641799576e-03 -9.123829703840971e-04 -1.007669242728211e+00
27 10 -1.000283233479138e+00 -1.904016422478851e-03 -9.126011782582451e-04 -1.007668286344431e+00
27 11 -1.000283325901307e+00 -1.903789348888153e-03 -9.129500264197165e-04 -1.007668253548951e+00
27 12 -1.000283299182962e+00 -1.903304414437201e-03 -9.134125934975706e-04 -1.007669147768244e+00
27 13 -1.000283151999973e+00 -1.902578769173301e-03 -9.139743186293845e-04 -1.007670940673185e+00
27 14 -1.000282887731961e+00 -1.901637267585093e-03 -9.146233147374079e-04 -1.007673572317179e+00
27 15 -1.000282514668656e+00 -1.900511939422370e-03 -9.153496084817196e-04 -1.007676952141271e+00
27 16 -1.000282045940792e+00 -1.899241338196075e-03 -9.161434403612422e-04 -1.007680961025228e+00
27 17 -1.000281499152323e+00 -1.897869716957172e-03 -9.169929452934483e-04 -1.007685454472680e+00
27 18 -1.000280895727206e+00 -1.896445986636449e-03 -9.178816915825071e-04 -1.007690266912919e+00
27 19 -1.000280260011257e+00 -1.895022420849843e-03 -9.187866430937107e-04 -1.007695217029257e+00
27 20 -1.000279618183649e+00 -1.893653078996258e-03 -9.196770920932836e-04 -1.007700114005296e+00
27 21 -1.000278997035938e+00 -1.892391929533043e-03 -9.205149800007050e-04 -1.007704764597897e+00
27 22 -1.000278422676761e+00 -1.891290677314203e-03 -9.212567989975585e-04 -1.007708980944754e+00
27 23 -1.000277919226212e+00 -1.890396344895481e-03 -9.218569851666375e-04 -1.007712588931783e+00
27 24 -1.000277507578331e+00 -1.889748731117057e-03 -9.222724197652865e-04 -1.007715436756275e+00
27 25 -1.000277204326414e+00 -1.889377955701342e-03 -9.224674048574543e-04 -1.007717403075752e+00
27 26 -1.000277020950926e+00 -1.889302363560005e-03 -9.224183317898052e-04 -1.007718403942199e+00
27 27 -1.000276963352957e+00 -1.889527072961513e-03 -9.221172602981194e-04 -1.007718397701691e+00
27 28 -1.000277031776008e+00 -1.890043391451971e-03 -9.215737829073559e-04 -1.007717387239291e+00
27 29 -1.000277221104697e+00 -1.890829203604318e-03 -9.208148347658250e-04 -1.007715419321928e+00
27 30 -1.000277521475486e+00 -1.891850288582493e-03 -9.198824633765097e-04 -1.007712581221789e+00
27 31 -1.000277919095999e+00 -1.893062394070399e-03 -9.188299191046062e-04 -1.007708995159829e+00
28 0 -1.000278105401104e+00 -1.893352747083946e-03 -9.226502414926540e-04 -1.007706595908141e+00
28 1 -1.000278635976538e+00 -1.894770066749553e-03 -9.215356176688689e-04 -1.007702047243905e+00
28 2 -1.000279206871849e+00 -1.896208754708211e-03 -9.204801498098698e-04 -1.007697262514003e+00
28 3 -1.000279797575414e+00 -1.897611995434134e-03 -9.195324956107977e-04 -1.007692426720960e+00
28 4 -1.000280387529220e+00 -1.898926144917782e-03 -9.187304941996036e-04 -1.007687722307933e+00
28 5 -1.000280956573801e+00 -1.900102677578860e-03 -9.180997670126970e-04 -1.007683322817264e+00
28 6 -1.000281485333980e+00 -1.901099749489714e-03 -9.176536385336651e-04 -1.007679387293094e+00
28 7 -1.000281955585865e+00 -1.901883351146927e-03 -9.173942094708147e-04 -1.007676055541665e+00
28 8 -1.000282350641614e+00 -1.902428038282450e-03 -9.173143368672444e-04 -1.007673444330791e+00
28 9 -1.000282655782086e+00 -1.902717263426023e-03 -9.174002191811694e-04 -1.007671644515926e+00
28 10 -1.000282858756010e+00 -1.902743376178801e-03 -9.176342375413646e-04 -1.007670718965712e+00
28 11 -1.000282950343006e+00 -1.902507393975865e-03 -9.179976718826161e-04 -1.007670701100526e+00
28 12 -1.000282924946542e+00 -1.902018647104729e-03 -9.184729123798371e-04 -1.007671593903144e+00
28 13 -1.000282781150209e+00 -1.901294369104957e-03 -9.190448422031438e-04 -1.007673369393147e+00
28 14 -1.000282522150142e+00 -1.900359252986576e-03 -9.197011812032279e-04 -1.007675968701591e+00
28 15 -1.000282155977859e+00 -1.899244948238130e-03 -9.204317392890135e-04 -1.007679302961934e+00
28 16 -1.000281695451255e+00 -1.897989447910306e-03 -9.212267134478818e-04 -1.007683255215686e+00
28 17 -1.000281157827706e+00 -1.896636309393273e-03 -9.220743505712442e-04 -1.007687683441626e+00
28 18 -1.000280564169984e+00 -1.895233658407411e-03 -9.229584573996488e-04 -1.007692424710440e+00
28 19 -1.000279938463441e+00 -1.893832934907005e-03 -9.238563277577255e-04 -1.007697300390977e+00
28 20 -1.000279306538006e+00 -1.892487348986986e-03 -9.247376408067696e-04 -1.007702122309396e+00
28 21 -1.000278694853204e+00 -1.891250027779151e-03 -9.255647524823643e-04 -1.007706699769370e+00
28 22 -1.000278129206078e+00 -1.890171859555232e-03 -9.262945751128871e-04 -1.007710847329569e+00
28 23 -1.000277633428339e+00 -1.889299088993365e-03 -9.268819556297989e-04 -1.007714393146642e+00
28 24 -1.000277228153010e+00 -1.888670790236594e-03 -9.272841681143868e-04 -1.007717187505815e+00
28 25 -1.000276929745961e+00 -1.888316427583099e-03 -9.274658864760285e-04 -1.007719110923627e+00
28 26 -1.000276749501834e+00 -1.888253776728760e-03 -9.274038554466349e-04 -1.007720081024758e+00
28 27 -1.000276693186382e+00 -1.888487489364430e-03 -9.270904766934820e-04 -1.007720057379052e+00
28 28 -1.000276760966902e+00 -1.889008524042362e-03 -9.265356825666425e-04 -1.007719043685379e+00
28 29 -1.000276947718147e+00 -1.889794546950239e-03 -9.257667542795037e-04 -1.007717087061422e+00
28 30 -1.000277243637776e+00 -1.890811260510450e-03 -9.248260948277214e-04 -1.007714274627119e+00
28 31 -1.000277635067346e+00 -1.892014486505298e-03 -9.237673135407714e-04 -1.007710727924529e+00
29 0 -1.000277954617405e+00 -1.892322026655949e-03 -9.276798519387443e-04 -1.007708140510791e+00
29 1 -1.000278477399487e+00 -1.893725548141623e-03 -9.265618318801145e-04 -1.007703645617504e+00
29 2 -1.000279039086008e+00 -1.895146016218500e-03 -9.255071608872149e-04 -1.007698926893546e+00
29 3 -1.000279619524347e+00 -1.896527264591557e-03 -9.245646428287629e-04 -1.007694166815956e+00
29 4 -1.000280198568926e+00 -1.897816485902080e-03 -9.237720670617101e-04 -1.007689544808316e+00
29 5 -1.000280756508516e+00 -1.898966150670452e-03 -9.231547869740993e-04 -1.007685231022790e+00
29 6 -1.000281274430995e+00 -1.899935527945722e-03 -9.227256362217956e-04 -1.007681380900684e+00
29 7 -1.000281734567541e+00 -1.900691783307099e-03 -9.224860174417702e-04 -1.007678130614778e+00
29 8 -1.000282120654468e+00 -1.901210647155542e-03 -9.224279170870078e-04 -1.007675593460728e+00
29 9 -1.000282418344217e+00 -1.901476681036996e-03 -9.225365415153546e-04 -1.007673857170972e+00
29 10 -1.000282615685411e+00 -1.901483215167066e-03 -9.227932211733636e-04 -1.007672982010199e+00
29 11 -1.000282703670828e+00 -1.901232064769273e-03 -9.231781954964793e-04 -1.007672999450347e+00
29 12 -1.000282676821169e+00 -1.900733135048478e-03 -9.236728912955414e-04 -1.007673911268148e+00
29 13 -1.000282533739252e+00 -1.900003990305138e-03 -9.242613630755471e-04 -1.007675689046533e+00
29 14 -1.000282277547503e+00 -1.899069408494797e-03 -9.249306795304016e-04 -1.007678274217208e+00
29 15 -1.000281916121720e+00 -1.897960893550124e-03 -9.256702025720878e-04 -1.007681578871859e+00
29 16 -1.000281462056766e+00 -1.896716090157605e-03 -9.264698925510509e-04 -1.007685487557276e+00
29 17 -1.000280932335870e+00 -1.895378039515672e-03 -9.273179628589836e-04 -1.007689860180998e+00
29 18 -1.000280347712033e+00 -1.893994220493386e-03 -9.281983679154561e-04 -1.007694536046302e+00
29 19 -1.000279731838256e+00 -1.892615330166627e-03 -9.290886994702257e-04 -1.007699338957294e+00
29 20 -1.000279110199183e+00 -1.891293768591785e-03 -9.299590507887002e-04 -1.007704083303600e+00
29 21 -1.000278508902736e+00 -1.890081808259207e-03 -9.307722757692795e-04 -1.007708581031113e+00
29 22 -1.000277953393052e+00 -1.889029456565818e-03 -9.314858406547279e-04 -1.007712649383958e+00
29 23 -1.000277467152948e+00 -1.888182068607211e-03 -9.320551796048013e-04 -1.007716119210819e+00
29 24 -1.000277070477685e+00 -1.887577839683856e-03 -9.324381700247466e-04 -1.007718843445251e+00
29 25 -1.000276779416117e+00 -1.887245388480195e-03 -9.326000934261673e-04 -1.007720705138799e+00
29 26 -1.000276604978385e+00 -1.887201703235422e-03 -9.325182996787653e-04 -1.007721624250742e+00
29 27 -1.000276552691163e+00 -1.887450732045162e-03 -9.321857905561549e-04 -1.007721562388017e+00
29 28 -1.000276622540765e+00 -1.887982838492846e-03 -9.316130933683178e-04 -1.007720524891600e+00
29 29 -1.000276809290173e+00 -1.888775225278858e-03 -9.308280786162731e-04 -1.007718560037002e+00
29 30 -1.000277103102980e+00 -1.889793283567431e-03 -9.298737280540942e-04 -1.007715755543070e+00
29 31 -1.000277490369564e+00 -1.890992694651089e-03 -9.288042061455373e-04 -1.007712232936640e+00
30 0 -1.000277952038253e+00 -1.891361892914985e-03 -9.326214578840669e-04 -1.007709375839185e+00
30 1 -1.000278468576722e+00 -1.892755518497876e-03 -9.314976162487479e-04 -1.007704923412259e+00
30 2 -1.000279022171532e+00 -1.894160734922176e-03 -9.304424670734965e-04 -1.007700262636378e+00
30 3 -1.000279592987945e+00 -1.895521921695840e-03 -9.295049986186832e-04 -1.007695573727761e+00
30 4 -1.000280161267212e+00 -1.896787040115324e-03 -9.287229471856205e-04 -1.007691033237554e+00
30 5 -1.000280707737057e+00 -1.897909525342489e-03 -9.281213549737965e-04 -1.007686807957921e+00
30 6 -1.000281213956186e+00 -1.898849765270658e-03 -9.277124841494938e-04 -1.007683049641144e+00
30 7 -1.000281662636256e+00 -1.899576144320021e-03 -9.274969236621451e-04 -1.007679890624260e+00
30 8 -1.000282037981023e+00 -1.900065649366754e-03 -9.274656415139876e-04 -1.007677440413032e+00
30 9 -1.000282326075447e+00 -1.900304070314868e-03 -9.276026749146730e-04 -1.007675783185590e+00
30 10 -1.000282515345671e+00 -1.900285873319808e-03 -9.278881011769523e-04 -1.007674976062640e+00
30 11 -1.000282597090016e+00 -1.900013859516647e-03 -9.283008963903428e-04 -1.007675047928929e+00
30 12 -1.000282566050356e+00 -1.899498724501756e-03 -9.288212874448692e-04 -1.007675998635435e+00
30 13 -1.000282420959800e+00 -1.898758598258980e-03 -9.294322583532265e-04 -1.007677798553946e+00
30 14 -1.000282164979872e+00 -1.897818588151710e-03 -9.301199893245666e-04 -1.007680388620577e+00
30 15 -1.000281805939412e+00 -1.896710295426231e-03 -9.308731719087608e-04 -1.007683681104280e+00
30 16 -1.000281356309252e+00 -1.895471246024106e-03 -9.316813330796604e-04 -1.007687561330020e+00
30 17 -1.000280832882450e+00 -1.894144169781917e-03 -9.325324920140672e-04 -1.007691890498564e+00
30 18 -1.000280256166901e+00 -1.892776068237318e-03 -9.334106353955216e-04 -1.007696509635519e+00
30 19 -1.000279649525691e+00 -1.891417021430097e-03 -9.342935896474482e-04 -1.007701244621267e+00
30 20 -1.000279038117145e+00 -1.890118696173687e-03 -9.351518544284628e-04 -1.007705912217041e+00
30 21 -1.000278447693344e+00 -1.888932535806216e-03 -9.359488291374611e-04 -1.007710326991811e+00
30 22 -1.000277903319507e+00 -1.887907641413238e-03 -9.366426334170092e-04 -1.007714309025647e+00
30 23 -1.000277428083975e+00 -1.887088404638952e-03 -9.371894346158490e-04 -1.007717692169146e+00
30 24 -1.000277041881865e+00 -1.886512023940072e-03 -9.375478987671437e-04 -1.007720332456938e+00
30 25 -1.000276760368911e+00 -1.886206116144789e-03 -9.376841310968184e-04 -1.007722116049129e+00
30 26 -1.000276594184218e+00 -1.886186694735109e-03 -9.375763238895447e-04 -1.007722965907434e+00
30 27 -1.000276548521739e+00 -1.886456793986358e-03 -9.372183271319113e-04 -1.007722846408232e+00
30 28 -1.000276623089438e+00 -1.887005958147497e-03 -9.366215114624886e-04 -1.007721765299524e+00
30 29 -1.000276812440813e+00 -1.887810697037047e-03 -9.358145750275089e-04 -1.007719772779508e+00
30 30 -1.000277106610659e+00 -1.888835865134163e-03 -9.348412973397149e-04 -1.007716957899390e+00
30 31 -1.000277491949510e+00 -1.890036790170035e-03 -9.337565897911595e-04 -1.007713442844853e+00
31 0 -1.000278098696924e+00 -1.890510416265153e-03 -9.372931487789473e-04 -1.007710243645254e+00
31 1 -1.000278610843463e+00 -1.891898576217344e-03 -9.361609349061726e-04 -1.007705820291901e+00
31 2 -1.000279157838156e+00 -1.893292248388694e-03 -9.351037278991178e-04 -1.007701206701318e+00
31 3 -1.000279720107150e+00 -1.894636227202945e-03 -9.341707406829775e-04 -1.007696581203247e+00
31 4 -1.000280278234928e+00 -1.895879139284989e-03 -9.333996609089614e-04 -1.007692117755106e+00
31 5 -1.000280813359723e+00 -1.896975311056868e-03 -9.328151911460323e-04 -1.007687979966586e+00
31 6 -1.000281307499404e+00 -1.897886208365630e-03 -9.324289640537181e-04 -1.007684315970889e+00
31 7 -1.000281743852544e+00 -1.898581428646579e-03 -9.322406702502703e-04 -1.007681254224856e+00
31 8 -1.000282107115783e+00 -1.899039246701458e-03 -9.322401504737386e-04 -1.007678900279400e+00
31 9 -1.000282383851320e+00 -1.899246751156883e-03 -9.324101417169454e-04 -1.007677334468434e+00
31 10 -1.000282562926446e+00 -1.899199654165033e-03 -9.327293163423492e-04 -1.007676610352181e+00
31 11 -1.000282636026134e+00 -1.898901891615838e-03 -9.331752162675283e-04 -1.007676753689535e+00
31 12 -1.000282598209230e+00 -1.898365133492262e-03 -9.337266815707953e-04 -1.007677761758868e+00
31 13 -1.000282448445367e+00 -1.897608287889820e-03 -9.343654275732800e-04 -1.007679602990352e+00
31 14 -1.000282190046570e+00 -1.896657023260754e-03 -9.350765429465333e-04 -1.007682217043199e+00
31 15 -1.000281830905492e+00 -1.895543278337698e-03 -9.358478487768282e-04 -1.007685515569297e+00
31 16 -1.000281383473166e+00 -1.894304697148713e-03 -9.366682506043375e-04 -1.007689383905011e+00
31 17 -1.000280864444610e+00 -1.892983919249082e-03 -9.375254076297532e-04 -1.007693683846282e+00
31 18 -1.000280294157898e+00 -1.891627662336990e-03 -9.384032057753975e-04 -1.007698257549499e+00
31 19 -1.000279695741362e+00 -1.890285545611204e-03 -9.392796147298045e-04 -1.007702932515801e+00
31 20 -1.000279094060416e+00 -1.889008614928441e-03 -9.401254966210880e-04 -1.007707527577233e+00
31 21 -1.000278514522818e+00 -1.887847549267604e-03 -9.409048024488368e-04 -1.007711859788221e+00
31 22 -1.000277981805495e+00 -1.886850559648615e-03 -9.415763610827728e-04 -1.007715752090276e+00
31 23 -1.000277518573891e+00 -1.886061043185747e-03 -9.420971759157561e-04 -1.007719041516914e+00
31 24 -1.000277144277921e+00 -1.885515126436212e-03 -9.424268464993533e-04 -1.007721587525884e+00
31 25 -1.000276874121206e+00 -1.885239310306553e-03 -9.425324815967774e-04 -1.007723279829500e+00
31 26 -1.000276718301458e+00 -1.885248486348106e-03 -9.423933219090535e-04 -1.007724044935081e+00
31 27 -1.000276681600690e+00 -1.885544601275386e-03 -9.420042878736152e-04 -1.007723850607337e+00
31 28 -1.000276763362906e+00 -1.886116186992222e-03 -9.413778211442406e-04 -1.007722707670093e+00
31 29 -1.000276957842767e+00 -1.886938856105296e-03 -9.405436695836641e-04 -1.007720668935572e+00
31 30 -1.000277254855847e+00 -1.887976718735626e-03 -9.395466165925196e-04 -1.007717825474405e+00
31 31 -1.000277640624010e+00 -1.889184545374052e-03 -9.384425021046817e-04 -1.007714300789862e+00
