3.365873528405722e-07
1.000000000000000e-12
1.000000000000000e-17
3.538761837552900e-01
1.941410439185565e-01
-6.511111111111108e-01
-1.500017464083440e+00
1.901109735892602e-07
32
32
-2.370370370370370e-02
1
0 0 -1.000279298371820e+00 -1.890919331959849e-03 -9.384641324308495e-04 -1.007706924267290e+00
0 1 -1.000279718186605e+00 -1.892051167932992e-03 -9.375563129889138e-04 -1.007703319307474e+00
0 2 -1.000280164804699e+00 -1.893183855788781e-03 -9.367080654641442e-04 -1.007699574390321e+00
0 3 -1.000280621980170e+00 -1.894272759815519e-03 -9.359577555086814e-04 -1.007695834108647e+00
0 4 -1.000281073537525e+00 -1.895276185537490e-03 -9.353355833275971e-04 -1.007692239726987e+00
0 5 -1.000281503770840e+00 -1.896156924310742e-03 -9.348623537683760e-04 -1.007688924206145e+00
0 6 -1.000281897791394e+00 -1.896883474367539e-03 -9.345492107266081e-04 -1.007686007874535e+00
0 7 -1.000282241848786e+00 -1.897430919043229e-03 -9.343982463773378e-04 -1.007683594816046e+00
0 8 -1.000282523649419e+00 -1.897781464384810e-03 -9.344038199930051e-04 -1.007681770002470e+00
0 9 -1.000282732690765e+00 -1.897924662984435e-03 -9.345543651435970e-04 -1.007680597145529e+00
0 10 -1.000282860619937e+00 -1.897857375165285e-03 -9.348344260764664e-04 -1.007680117193735e+00
0 11 -1.000282901610809e+00 -1.897583534805977e-03 -9.352266466037743e-04 -1.007680347376752e+00
0 12 -1.000282852736407e+00 -1.897113787771797e-03 -9.357134445517618e-04 -1.007681280721655e+00
0 13 -1.000282714296728e+00 -1.896465054217973e-03 -9.362781489887059e-04 -1.007682886026694e+00
0 14 -1.000282490051610e+00 -1.895660037569800e-03 -9.369054584253556e-04 -1.007685108352047e+00
0 15 -1.000282187308309e+00 -1.894726673311214e-03 -9.375811894890176e-04 -1.007687870138400e+00
0 16 -1.000281816824832e+00 -1.893697489523191e-03 -9.382914119809123e-04 -1.007691073070135e+00
0 17 -1.000281392509726e+00 -1.892608842484945e-03 -9.390211872224338e-04 -1.007694600761879e+00
0 18 -1.000280930921280e+00 -1.891499992620539e-03 -9.397532202425275e-04 -1.007698322286847e+00
0 19 -1.000280450588430e+00 -1.890411994262617e-03 -9.404667822911939e-04 -1.007702096508162e+00
0 20 -1.000279971189403e+00 -1.889386384659376e-03 -9.411372431129690e-04 -1.007705777132293e+00
0 21 -1.000279512632598e+00 -1.888463674635686e-03 -9.417364671059729e-04 -1.007709218369583e+00
0 22 -1.000279094090325e+00 -1.887681668723052e-03 -9.422341827918586e-04 -1.007712281040088e+00
0 23 -1.000278733042242e+00 -1.887073678282252e-03 -9.426002541685210e-04 -1.007714838887125e+00
0 24 -1.000278444391497e+00 -1.886666734021066e-03 -9.428075988318260e-04 -1.007716784758028e+00
0 25 -1.000278239719783e+00 -1.886479944797003e-03 -9.428353478870604e-04 -1.007718036209652e+00
0 26 -1.000278126743145e+00 -1.886523173765047e-03 -9.426717593400595e-04 -1.007718540040041e+00
0 27 -1.000278109015143e+00 -1.886796197802266e-03 -9.423164014132172e-04 -1.007718275278663e+00
0 28 -1.000278185898221e+00 -1.887288475932791e-03 -9.417812191446877e-04 -1.007717254301589e+00
0 29 -1.000278352792080e+00 -1.887979582426594e-03 -9.410902702685489e-04 -1.007715521953493e+00
0 30 -1.000278601576734e+00 -1.888840275790327e-03 -9.402781303065884e-04 -1.007713152802834e+00
0 31 -1.000278921205235e+00 -1.889834096467296e-03 -9.393871775218653e-04 -1.007710246866652e+00
1 0 -1.000279626816103e+00 -1.890462490678319e-03 -9.414098585296928e-04 -1.007707020102113e+00
1 1 -1.000280046613102e+00 -1.891597131995280e-03 -9.404932404483521e-04 -1.007703413708556e+00
1 2 -1.000280491501727e+00 -1.892728262846192e-03 -9.396410180935833e-04 -1.007699680935788e+00
1 3 -1.000280945304286e+00 -1.893811305353578e-03 -9.388917576642150e-04 -1.007695965838949e+00
1 4 -1.000281391977803e+00 -1.894804799035178e-03 -9.382756542544745e-04 -1.007692408623680e+00
1 5 -1.000281816007627e+00 -1.895671935379957e-03 -9.378132969024086e-04 -1.007689140724619e+00
1 6 -1.000282202747121e+00 -1.896381760811894e-03 -9.375154092673945e-04 -1.007686280549580e+00
1 7 -1.000282538728930e+00 -1.896910030106658e-03 -9.373834758246645e-04 -1.007683929953677e+00
1 8 -1.000282811972194e+00 -1.897239713880368e-03 -9.374110873747616e-04 -1.007682171466834e+00
1 9 -1.000283012304507e+00 -1.897361188544187e-03 -9.375857834754163e-04 -1.007681066245784e+00
1 10 -1.000283131707602e+00 -1.897272161855724e-03 -9.378911306107801e-04 -1.007680652671225e+00
1 11 -1.000283164681508e+00 -1.896977403650175e-03 -9.383087564873783e-04 -1.007680945487927e+00
1 12 -1.000283108604487e+00 -1.896488351707463e-03 -9.388200702574803e-04 -1.007681935408265e+00
1 13 -1.000282964049359e+00 -1.895822645368242e-03 -9.394074430600583e-04 -1.007683589162410e+00
1 14 -1.000282735006374e+00 -1.895003610558896e-03 -9.400547049063551e-04 -1.007685850053114e+00
1 15 -1.000282428962714e+00 -1.894059689808004e-03 -9.407469258505947e-04 -1.007688639124954e+00
1 16 -1.000282056799859e+00 -1.893023789016817e-03 -9.414695764369854e-04 -1.007691857065431e+00
1 17 -1.000281632489448e+00 -1.891932503486207e-03 -9.422072840289266e-04 -1.007695386919063e+00
1 18 -1.000281172590389e+00 -1.890825187655542e-03 -9.429424956025652e-04 -1.007699097635148e+00
1 19 -1.000280695569572e+00 -1.889742841850006e-03 -9.436544036336060e-04 -1.007702848410298e+00
1 20 -1.000280220982322e+00 -1.888726801888422e-03 -9.443184750034263e-04 -1.007706493742742e+00
1 21 -1.000279768557194e+00 -1.887817234424842e-03 -9.449068381950169e-04 -1.007709889080760e+00
1 22 -1.000279357235646e+00 -1.887051466126133e-03 -9.453896396888470e-04 -1.007712896901319e+00
1 23 -1.000279004223379e+00 -1.886462210616220e-03 -9.457372991857887e-04 -1.007715392978670e+00
1 24 -1.000278724116378e+00 -1.886075800126838e-03 -9.459234088847936e-04 -1.007717272499634e+00
1 25 -1.000278528167743e+00 -1.885910568758955e-03 -9.459278719904592e-04 -1.007718455582716e+00
1 26 -1.000278423756525e+00 -1.885975557372359e-03 -9.457397925910062e-04 -1.007718891706321e+00
1 27 -1.000278414104369e+00 -1.886269704346631e-03 -9.453596337847501e-04 -1.007718562585505e+00
1 28 -1.000278498260039e+00 -1.886781646497782e-03 -9.448002572705063e-04 -1.007717483170613e+00
1 29 -1.000278671340206e+00 -1.887490184873519e-03 -9.440866299114828e-04 -1.007715700655406e+00
1 30 -1.000278924983801e+00 -1.888365385604448e-03 -9.432541972515893e-04 -1.007713291626818e+00
1 31 -1.000279247954428e+00 -1.889370207099916e-03 -9.423461355811235e-04 -1.007710357699332e+00
2 0 -1.000280047496229e+00 -1.890162659007582e-03 -9.437505974639723e-04 -1.007706763860972e+00
2 1 -1.000280468712116e+00 -1.891303188742228e-03 -9.428239324729071e-04 -1.007703145838714e+00
2 2 -1.000280913261114e+00 -1.892435871881420e-03 -9.419665528493909e-04 -1.007699415205715e+00
2 3 -1.000281364979240e+00 -1.893516075150551e-03 -9.412172556556146e-04 -1.007695715851359e+00
2 4 -1.000281807903730e+00 -1.894502458091031e-03 -9.406062575934130e-04 -1.007692187287128e+00
2 5 -1.000282226663459e+00 -1.895358501483604e-03 -9.401539565843238e-04 -1.007688959765403e+00
2 6 -1.000282606813059e+00 -1.896053696875014e-03 -9.398706794716158e-04 -1.007686150080970e+00
2 7 -1.000282935136612e+00 -1.896564380252697e-03 -9.397573250866891e-04 -1.007683858115167e+00
2 8 -1.000283199945593e+00 -1.896874214505857e-03 -9.398067357962134e-04 -1.007682164142673e+00
2 9 -1.000283391390064e+00 -1.896974350171477e-03 -9.400055740539764e-04 -1.007681126869547e+00
2 10 -1.000283501792301e+00 -1.896863319049975e-03 -9.403364406592045e-04 -1.007680782120673e+00
2 11 -1.000283525997953e+00 -1.896546732070622e-03 -9.407799521519721e-04 -1.007681142071313e+00
2 12 -1.000283461722569e+00 -1.896036853117047e-03 -9.413165042806076e-04 -1.007682194939887e+00
2 13 -1.000283309854789e+00 -1.895352102760304e-03 -9.419274938085705e-04 -1.007683905122461e+00
2 14 -1.000283074666917e+00 -1.894516516418659e-03 -9.425958531383619e-04 -1.007686213824833e+00
2 15 -1.000282763883473e+00 -1.893559151025995e-03 -9.433058643245323e-04 -1.007689040300777e+00
2 16 -1.000282388569369e+00 -1.892513412145161e-03 -9.440423463565627e-04 -1.007692283813115e+00
2 17 -1.000281962818650e+00 -1.891416263910656e-03 -9.447894317993179e-04 -1.007695826398530e+00
2 18 -1.000281503246788e+00 -1.890307286104958e-03 -9.455292434051458e-04 -1.007699536456444e+00
2 19 -1.000281028309039e+00 -1.889227551854344e-03 -9.462408274947055e-04 -1.007703273121699e+00
2 20 -1.000280557481133e+00 -1.888218312431488e-03 -9.468996841526447e-04 -1.007706891335350e+00
2 21 -1.000280110346925e+00 -1.887319492840517e-03 -9.474781498484209e-04 -1.007710247492686e+00
2 22 -1.000279705643552e+00 -1.886568026915804e-03 -9.479467441812785e-04 -1.007713205501601e+00
2 23 -1.000279360320712e+00 -1.885996096207224e-03 -9.482764113683242e-04 -1.007715643008902e+00
2 24 -1.000279088676835e+00 -1.885629379646567e-03 -9.484414024129100e-04 -1.007717457450443e+00
2 25 -1.000278901637780e+00 -1.885485460548576e-03 -9.484223933374740e-04 -1.007718571483333e+00
2 26 -1.000278806238710e+00 -1.885572560061339e-03 -9.482093514814121e-04 -1.007718937309327e+00
2 27 -1.000278805354240e+00 -1.885888759952883e-03 -9.478036665319822e-04 -1.007718539434854e+00
2 28 -1.000278897696364e+00 -1.886421837531598e-03 -9.472191595032740e-04 -1.007717395548004e+00
2 29 -1.000279078068041e+00 -1.887149766018970e-03 -9.464817556546071e-04 -1.007715555406899e+00
2 30 -1.000279337829383e+00 -1.888041849169164e-03 -9.456278223731882e-04 -1.007713097878009e+00
2 31 -1.000279665510555e+00 -1.889060379962016e-03 -9.447013849457779e-04 -1.007710126473501e+00
3 0 -1.000280543359381e+00 -1.890032316689301e-03 -9.453929383865995e-04 -1.007706164752265e+00
3 1 -1.000280967383321e+00 -1.891181602443111e-03 -9.444553371815475e-04 -1.007702525324114e+00
3 2 -1.000281413004967e+00 -1.892318903719373e-03 -9.435917628403632e-04 -1.007698786696803e+00
3 3 -1.000281864018592e+00 -1.893399419977924e-03 -9.428412687932119e-04 -1.007695092973540e+00
3 4 -1.000282304485591e+00 -1.894381811099214e-03 -9.422341240513430e-04 -1.007691583365744e+00
3 5 -1.000282719124276e+00 -1.895229724065893e-03 -9.417905719950239e-04 -1.007688387336267e+00
3 6 -1.000283093641193e+00 -1.895912974437919e-03 -9.415205849857346e-04 -1.007685620439873e+00
3 7 -1.000283415029907e+00 -1.896408366085197e-03 -9.414245237354549e-04 -1.007683380918364e+00
3 8 -1.000283671862054e+00 -1.896700154521227e-03 -9.414945336809765e-04 -1.007681747068059e+00
3 9 -1.000283854589712e+00 -1.896780184193274e-03 -9.417164533299585e-04 -1.007680775346665e+00
3 10 -1.000283955868293e+00 -1.896647755192759e-03 -9.420719691785190e-04 -1.007680499137178e+00
3 11 -1.000283970895169e+00 -1.896309291787556e-03 -9.425407323624633e-04 -1.007680928062733e+00
3 12 -1.000283897742388e+00 -1.895777885798313e-03 -9.431021618742447e-04 -1.007682047767332e+00
3 13 -1.000283737645466e+00 -1.895072770177380e-03 -9.437367047732937e-04 -1.007683820139566e+00
3 14 -1.000283495199743e+00 -1.894218748397441e-03 -9.444264062648300e-04 -1.007686184032334e+00
3 15 -1.000283178415489e+00 -1.893245574320620e-03 -9.451547549457941e-04 -1.007689056585244e+00
3 16 -1.000282798594054e+00 -1.892187254815685e-03 -9.459058963690184e-04 -1.007692335264774e+00
3 17 -1.000282370006633e+00 -1.891081237898758e-03 -9.466634308652978e-04 -1.007695900700717e+00
3 18 -1.000281909379216e+00 -1.889967451238862e-03 -9.474091063197568e-04 -1.007699620336290e+00
3 19 -1.000281435206524e+00 -1.888887165172412e-03 -9.481217625412532e-04 -1.007703352848772e+00
3 20 -1.000280966931293e+00 -1.887881667553400e-03 -9.487768668270043e-04 -1.007706953251902e+00
3 21 -1.000280524033653e+00 -1.886990755125934e-03 -9.493468961208240e-04 -1.007710278555476e+00
3 22 -1.000280125081124e+00 -1.886251071019115e-03 -9.498026779822038e-04 -1.007713193811704e+00
3 23 -1.000279786795573e+00 -1.885694352945951e-03 -9.501156220144491e-04 -1.007715578304187e+00
3 24 -1.000279523199312e+00 -1.885345698788141e-03 -9.502605883676919e-04 -1.007717331536229e+00
3 25 -1.000279344905263e+00 -1.885221995508407e-03 -9.502189884102720e-04 -1.007718378579370e+00
3 26 -1.000279258611299e+00 -1.885330679803218e-03 -9.499816286526885e-04 -1.007718674294755e+00
3 27 -1.000279266843444e+00 -1.885668992391664e-03 -9.495508140533504e-04 -1.007718205977574e+00
3 28 -1.000279367966967e+00 -1.886223847221655e-03 -9.489413244302465e-04 -1.007716994111552e+00
3 29 -1.000279556452715e+00 -1.886972367074179e-03 -9.481800513109075e-04 -1.007715091135683e+00
3 30 -1.000279823355206e+00 -1.887883052678246e-03 -9.473042977630291e-04 -1.007712578368923e+00
3 31 -1.000280156936344e+00 -1.888917473805609e-03 -9.463589555411478e-04 -1.007709561447444e+00
4 0 -1.000281094296194e+00 -1.890077046898644e-03 -9.462685965567261e-04 -1.007705247959559e+00
4 1 -1.000281522405360e+00 -1.891237603336583e-03 -9.453196343660628e-04 -1.007701578225295e+00
4 2 -1.000281970469010e+00 -1.892382399696814e-03 -9.444490805601648e-04 -1.007697821814955e+00
4 3 -1.000282422185924e+00 -1.893466363033833e-03 -9.436962626802797e-04 -1.007694123414684e+00
4 4 -1.000282861584496e+00 -1.894448033944396e-03 -9.430915335024361e-04 -1.007690622340326e+00
4 5 -1.000283273414533e+00 -1.895291095997370e-03 -9.426550272865034e-04 -1.007687447688377e+00
4 6 -1.000283643478730e+00 -1.895965554810748e-03 -9.423964208976983e-04 -1.007684714195605e+00
4 7 -1.000283958929512e+00 -1.896448550257017e-03 -9.423156082642471e-04 -1.007682518863806e+00
4 8 -1.000284208555911e+00 -1.896724807457625e-03 -9.424041190602749e-04 -1.007680938366581e+00
4 9 -1.000284383079458e+00 -1.896786757334747e-03 -9.426470548997664e-04 -1.007680027205125e+00
4 10 -1.000284475468099e+00 -1.896634382443372e-03 -9.430252761570263e-04 -1.007679816531825e+00
4 11 -1.000284481263353e+00 -1.896274860804089e-03 -9.435175531871100e-04 -1.007680313536752e+00
4 12 -1.000284398899336e+00 -1.895722081580945e-03 -9.441024050749927e-04 -1.007681501311180e+00
4 13 -1.000284229976375e+00 -1.894996089296904e-03 -9.447593943252377e-04 -1.007683339162141e+00
4 14 -1.000283979441590e+00 -1.894122483504003e-03 -9.454697286222128e-04 -1.007685763427211e+00
4 15 -1.000283655628520e+00 -1.893131769426986e-03 -9.462161340798066e-04 -1.007688688893133e+00
4 16 -1.000283270118907e+00 -1.892058632389621e-03 -9.469820931210151e-04 -1.007692010930527e+00
4 17 -1.000282837409076e+00 -1.890941099496884e-03 -9.477506631985776e-04 -1.007695608419452e+00
4 18 -1.000282374385238e+00 -1.889819554457456e-03 -9.485031869579052e-04 -1.007699347478524e+00
4 19 -1.000281899631020e+00 -1.888735580902585e-03 -9.492182498476518e-04 -1.007703085949738e+00
4 20 -1.000281432603846e+00 -1.887730622702783e-03 -9.498712240387403e-04 -1.007706678546135e+00
4 21 -1.000280992724970e+00 -1.886844467014448e-03 -9.504346538338514e-04 -1.007709982534024e+00
4 22 -1.000280598433528e+00 -1.886113580425914e-03 -9.508795952807109e-04 -1.007712863776378e+00
4 23 -1.000280266260496e+00 -1.885569363056388e-03 -9.511778422857828e-04 -1.007715202892140e+00
4 24 -1.000280009984003e+00 -1.885236427029152e-03 -9.513047858108378e-04 -1.007716901189474e+00
4 25 -1.000279839930164e+00 -1.885131044700180e-03 -9.512425003097846e-04 -1.007717885936818e+00
4 26 -1.000279762479027e+00 -1.885259934360625e-03 -9.509825673695706e-04 -1.007718114488019e+00
4 27 -1.000279779819953e+00 -1.885619544325532e-03 -9.505281523538968e-04 -1.007717576816372e+00
4 28 -1.000279889975090e+00 -1.886195955209112e-03 -9.498949485374703e-04 -1.007716296150715e+00
4 29 -1.000280087077846e+00 -1.886965450035163e-03 -9.491107774827092e-04 -1.007714327623263e+00
4 30 -1.000280361862560e+00 -1.887895717513347e-03 -9.482138498572043e-04 -1.007711755081979e+00
4 31 -1.000280702299004e+00 -1.888947575405849e-03 -9.472499030037184e-04 -1.007708686427871e+00
5 0 -1.000281678066728e+00 -1.890295218142120e-03 -9.463378486506228e-04 -1.007704053393682e+00
5 1 -1.000282111366282e+00 -1.891469084843092e-03 -9.453776472081175e-04 -1.007700345749906e+00
5 2 -1.000282563134652e+00 -1.892623927602367e-03 -9.444996787829353e-04 -1.007696562569907e+00
5 3 -1.000283016925700e+00 -1.893714307886167e-03 -9.437435514449935e-04 -1.007692849463692e+00
5 4 -1.000283456679292e+00 -1.894698533174522e-03 -9.431397301277502e-04 -1.007689346247323e+00
5 5 -1.000283867117638e+00 -1.895540193314026e-03 -9.427082907714164e-04 -1.007686182085302e+00
5 6 -1.000284234079833e+00 -1.896209342829819e-03 -9.424586872467102e-04 -1.007683471349168e+00
5 7 -1.000284544819873e+00 -1.896683312498712e-03 -9.423904384898629e-04 -1.007681310248919e+00
5 8 -1.000284788292442e+00 -1.896947155593118e-03 -9.424945653357596e-04 -1.007679774255321e+00
5 9 -1.000284955445031e+00 -1.896993759191461e-03 -9.427555493406283e-04 -1.007678916282378e+00
5 10 -1.000285039525100e+00 -1.896823675860632e-03 -9.431535460600912e-04 -1.007678765551654e+00
5 11 -1.000285036397259e+00 -1.896444748280649e-03 -9.436665655065454e-04 -1.007679327035967e+00
5 12 -1.000284944849271e+00 -1.895871601100769e-03 -9.442723410922855e-04 -1.007680581396940e+00
5 13 -1.000284766850246e+00 -1.895125057767878e-03 -9.449496534351971e-04 -1.007682485388206e+00
5 14 -1.000284507714438e+00 -1.894231510543004e-03 -9.456789588241154e-04 -1.007684972769389e+00
5 15 -1.000284176123826e+00 -1.893222240393727e-03 -9.464422864779700e-04 -1.007687955829865e+00
5 16 -1.000283783973705e+00 -1.892132660555622e-03 -9.472224980568965e-04 -1.007691327629892e+00
5 17 -1.000283346024698e+00 -1.891001448291293e-03 -9.480021258524204e-04 -1.007694965028870e+00
5 18 -1.000282879366454e+00 -1.889869532085956e-03 -9.487621000003986e-04 -1.007698732507666e+00
5 19 -1.000282402717075e+00 -1.888778911206936e-03 -9.494807201201434e-04 -1.007702486731122e+00
5 20 -1.000281935595289e+00 -1.887771297586003e-03 -9.501332097054852e-04 -1.007706081752657e+00
5 21 -1.000281497410134e+00 -1.886886586810967e-03 -9.506921082903351e-04 -1.007709374729077e+00
5 22 -1.000281106518118e+00 -1.886161189189182e-03 -9.511286142089162e-04 -1.007712231970328e+00
5 23 -1.000280779303147e+00 -1.885626285971084e-03 -9.514148101359127e-04 -1.007714535078627e+00
5 24 -1.000280529339940e+00 -1.885306117104421e-03 -9.515265172747719e-04 -1.007716186836110e+00
5 25 -1.000280366704430e+00 -1.885216445528053e-03 -9.514463712105596e-04 -1.007717116407379e+00
5 26 -1.000280297490185e+00 -1.885363364969631e-03 -9.511666284456201e-04 -1.007717283377129e+00
5 27 -1.000280323574720e+00 -1.885742611043397e-03 -9.506912191628756e-04 -1.007716680182647e+00
5 28 -1.000280442654059e+00 -1.886339494056374e-03 -9.500366612186573e-04 -1.007715332640155e+00
5 29 -1.000280648532268e+00 -1.887129501566176e-03 -9.492316253535548e-04 -1.007713298480963e+00
5 30 -1.000280931621947e+00 -1.888079534232354e-03 -9.483151578934417e-04 -1.007710664056839e+00
5 31 -1.000281279589125e+00 -1.889149660032273e-03 -9.473337801239254e-04 -1.007707539581241e+00
6 0 -1.000282271309126e+00 -1.890678016940350e-03 -9.455920071007079e-04 -1.007702633493716e+00
6 1 -1.000282710680141e+00 -1.891866659373721e-03 -9.446212802884202e-04 -1.007698881988938e+00
6 2 -1.000283167250802e+00 -1.893033654561180e-03 -9.437358839957431e-04 -1.007695064266696e+00
6 3 -1.000283624387413e+00 -1.894133121763211e-03 -9.429756987637103e-04 -1.007691327157533e+00
6 4 -1.000284065890086e+00 -1.895123032469641e-03 -9.423713237332839e-04 -1.007687811347043e+00
6 5 -1.000284476395854e+00 -1.895966757413497e-03 -9.419428291694933e-04 -1.007684646494364e+00
6 6 -1.000284841719059e+00 -1.896634257673890e-03 -9.416995276168294e-04 -1.007681947069796e+00
6 7 -1.000285149153727e+00 -1.897102902713188e-03 -9.416406700268661e-04 -1.007679808969343e+00
6 8 -1.000285387761529e+00 -1.897357919826379e-03 -9.417568955927351e-04 -1.007678306927636e+00
6 9 -1.000285548663212e+00 -1.897392504188861e-03 -9.420322073781190e-04 -1.007677492703199e+00
6 10 -1.000285625341552e+00 -1.897207643721421e-03 -9.424462059034046e-04 -1.007677393962633e+00
6 11 -1.000285613950444e+00 -1.896811730757617e-03 -9.429762923290042e-04 -1.007678013764793e+00
6 12 -1.000285513609048e+00 -1.896220034882923e-03 -9.435995608441932e-04 -1.007679330560772e+00
6 13 -1.000285326644944e+00 -1.895454095385285e-03 -9.442941451588431e-04 -1.007681298680096e+00
6 14 -1.000285058740740e+00 -1.894541062699971e-03 -9.450398682045088e-04 -1.007683849344290e+00
6 15 -1.000284718938627e+00 -1.893512986982235e-03 -9.458181591142464e-04 -1.007686892301075e+00
6 16 -1.000284319468375e+00 -1.892406029144402e-03 -9.466113310242339e-04 -1.007690318180172e+00
6 17 -1.000283875383483e+00 -1.891259560439600e-03 -9.474014361349078e-04 -1.007694001633778e+00
6 18 -1.000283404011834e+00 -1.890115119422695e-03 -9.481690083452920e-04 -1.007697805261907e+00
6 19 -1.000282924245744e+00 -1.889015204853137e-03 -9.488920487672403e-04 -1.007701584262285e+00
6 20 -1.000282455708805e+00 -1.888001896017309e-03 -9.495455921496228e-04 -1.007705191701161e+00
6 21 -1.000282017844179e+00 -1.887115308386921e-03 -9.501021087242376e-04 -1.007708484269590e+00
6 22 -1.000281628973814e+00 -1.886391916183181e-03 -9.505328537055577e-04 -1.007711328348577e+00
6 23 -1.000281305383134e+00 -1.885862807124431e-03 -9.508100960203064e-04 -1.007713606137911e+00
6 24 -1.000281060491254e+00 -1.885551975668729e-03 -9.509099713684820e-04 -1.007715221509135e+00
6 25 -1.000280904169543e+00 -1.885474799471443e-03 -9.508155516047956e-04 -1.007716105151351e+00
6 26 -1.000280842266986e+00 -1.885636865400669e-03 -9.505196383678889e-04 -1.007716218533534e+00
6 27 -1.000280876385833e+00 -1.886033303907031e-03 -9.500267958334804e-04 -1.007715556247841e+00
6 28 -1.000281003925662e+00 -1.886648748834972e-03 -9.493542378820932e-04 -1.007714146438305e+00
6 29 -1.000281218382529e+00 -1.887457969125378e-03 -9.485313612365357e-04 -1.007712049236624e+00
6 30 -1.000281509859098e+00 -1.888427134121698e-03 -9.475979335561278e-04 -1.007709353370507e+00
6 31 -1.000281865718962e+00 -1.889515595683857e-03 -9.466011588404983e-04 -1.007706171317160e+00
7 0 -1.000282850571949e+00 -1.891209840656312e-03 -9.440546857235475e-04 -1.007701050244853e+00
7 1 -1.000283296630740e+00 -1.892414081357888e-03 -9.430747386093654e-04 -1.007697250846414e+00
7 2 -1.000283758886492e+00 -1.893594794747589e-03 -9.421823590616561e-04 -1.007693392365554e+00
7 3 -1.000284220484141e+00 -1.894705601300762e-03 -9.414176759698736e-04 -1.007689623092952e+00
7 4 -1.000284665039457e+00 -1.895704049026128e-03 -9.408114358477886e-04 -1.007686084910871e+00
7 5 -1.000285077050791e+00 -1.896553174410091e-03 -9.403837538368051e-04 -1.007682908373895e+00
7 6 -1.000285442247882e+00 -1.897222707638060e-03 -9.401438866446850e-04 -1.007680208506359e+00
7 7 -1.000285747901690e+00 -1.897689903997551e-03 -9.400909333919969e-04 -1.007678081377099e+00
7 8 -1.000285983117842e+00 -1.897940004363074e-03 -9.402152930681881e-04 -1.007676601478315e+00
7 9 -1.000286139130555e+00 -1.897966352118946e-03 -9.405006506352210e-04 -1.007675819889239e+00
7 10 -1.000286209604206e+00 -1.897770219044033e-03 -9.409262235746447e-04 -1.007675763157850e+00
7 11 -1.000286190936644e+00 -1.897360410938363e-03 -9.414689798178282e-04 -1.007676432806901e+00
7 12 -1.000286082543110e+00 -1.896752726914460e-03 -9.421055458459277e-04 -1.007677805382574e+00
7 13 -1.000285887085299e+00 -1.895969331206299e-03 -9.428135691295453e-04 -1.007679833015257e+00
7 14 -1.000285610601012e+00 -1.895038068058322e-03 -9.435723834617788e-04 -1.007682444529492e+00
7 15 -1.000285262490270e+00 -1.893991719542855e-03 -9.443629408899628e-04 -1.007685547189677e+00
7 16 -1.000284855324953e+00 -1.892867183612516e-03 -9.451671036857547e-04 -1.007689029174492e+00
7 17 -1.000284404468166e+00 -1.891704540446223e-03 -9.459665130132440e-04 -1.007692762834803e+00
7 18 -1.000283927510955e+00 -1.890545977755677e-03 -9.467413449891406e-04 -1.007696608727573e+00
7 19 -1.000283443552091e+00 -1.889434555279760e-03 -9.474693095483974e-04 -1.007700420358857e+00
7 20 -1.000282972358660e+00 -1.888412801414359e-03 -9.481252296405765e-04 -1.007704049527099e+00
7 21 -1.000282533451944e+00 -1.887521151046544e-03 -9.486814543103950e-04 -1.007707352127928e+00
7 22 -1.000282145167579e+00 -1.886796256811092e-03 -9.491092170127082e-04 -1.007710194242762e+00
7 23 -1.000281823743800e+00 -1.886269239151055e-03 -9.493808702065041e-04 -1.007712458266852e+00
7 24 -1.000281582497005e+00 -1.885963981268198e-03 -9.494727407842808e-04 -1.007714048739284e+00
7 25 -1.000281431146767e+00 -1.885895613396716e-03 -9.493681972163611e-04 -1.007714897446011e+00
7 26 -1.000281375348263e+00 -1.886069352403660e-03 -9.490604347769217e-04 -1.007714967322261e+00
7 27 -1.000281416475350e+00 -1.886479854836921e-03 -9.485544926904296e-04 -1.007714254722397e+00
7 28 -1.000281551672343e+00 -1.887111199250875e-03 -9.478681189970561e-04 -1.007712789766395e+00
7 29 -1.000281774161058e+00 -1.887937542523214e-03 -9.470312768421828e-04 -1.007710634690336e+00
7 30 -1.000282073758932e+00 -1.888924410047489e-03 -9.460843040715845e-04 -1.007707880372032e+00
7 31 -1.000282437541334e+00 -1.890030501458653e-03 -9.450749510781276e-04 -1.007704641409148e+00
8 0 -1.000283393312320e+00 -1.891869030619034e-03 -9.417816608470678e-04 -1.007699371666497e+00
8 1 -1.000283846384217e+00 -1.893089015819717e-03 -9.407943370393097e-04 -1.007695522420760e+00
8 2 -1.000284314955665e+00 -1.894284408667252e-03 -9.398958691028244e-04 -1.007691618772592e+00
8 3 -1.000284781926621e+00 -1.895408296453773e-03 -9.391265942360411e-04 -1.007687810646458e+00
8 4 -1.000285230692478e+00 -1.896417735215532e-03 -9.385174085353126e-04 -1.007684241393190e+00
8 5 -1.000285645565863e+00 -1.897275327248162e-03 -9.380885163781895e-04 -1.007681042821060e+00
8 6 -1.000286012136104e+00 -1.897950445147254e-03 -9.378492026876340e-04 -1.007678330935713e+00
8 7 -1.000286317589322e+00 -1.898420082906580e-03 -9.377985343279121e-04 -1.007676202453909e+00
8 8 -1.000286551010463e+00 -1.898669334864497e-03 -9.379268195154702e-04 -1.007674732125043e+00
8 9 -1.000286703682848e+00 -1.898691527515077e-03 -9.382175971371278e-04 -1.007673970849438e+00
8 10 -1.000286769391369e+00 -1.898488054417613e-03 -9.386498877237493e-04 -1.007673944534881e+00
8 11 -1.000286744722676e+00 -1.898067983055160e-03 -9.392004173212030e-04 -1.007674653604657e+00
8 12 -1.000286629341005e+00 -1.897447506495800e-03 -9.398455332798879e-04 -1.007676073079343e+00
8 13 -1.000286426204564e+00 -1.896649298888653e-03 -9.405625757674217e-04 -1.007678153201470e+00
8 14 -1.000286141679030e+00 -1.895701806693949e-03 -9.413305527297159e-04 -1.007680820635299e+00
8 15 -1.000285785505542e+00 -1.894638477497573e-03 -9.421300814347731e-04 -1.007683980320692e+00
8 16 -1.000285370591963e+00 -1.893496905906977e-03 -9.429426902006476e-04 -1.007687518065163e+00
8 17 -1.000284912615215e+00 -1.892317866753472e-03 -9.437496975766525e-04 -1.007691303919911e+00
8 18 -1.000284429443624e+00 -1.891144208345681e-03 -9.445309800221447e-04 -1.007695196323940e+00
8 19 -1.000283940405868e+00 -1.890019587876894e-03 -9.452639831508670e-04 -1.007699046942259e+00
8 20 -1.000283465444603e+00 -1.888987043428749e-03 -9.459233131783310e-04 -1.007702706084398e+00
8 21 -1.000283024199097e+00 -1.888087412614929e-03 -9.464811612108162e-04 -1.007706028561894e+00
8 22 -1.000282635065282e+00 -1.887357630501123e-03 -9.469086711727676e-04 -1.007708879806728e+00
8 23 -1.000282314286239e+00 -1.886828972144821e-03 -9.471781821070789e-04 -1.007711142007769e+00
8 24 -1.000282075131509e+00 -1.886525345587786e-03 -9.472660887782132e-04 -1.007712719929998e+00
8 25 -1.000281927226657e+00 -1.886461779516867e-03 -9.471559101151523e-04 -1.007713545989917e+00
8 26 -1.000281876090702e+00 -1.886643271415547e-03 -9.468410702105385e-04 -1.007713584115644e+00
8 27 -1.000281922924512e+00 -1.887064153863448e-03 -9.463269048610310e-04 -1.007712831962262e+00
8 28 -1.000282064668211e+00 -1.887708093747076e-03 -9.456315102133308e-04 -1.007711321195277e+00
8 29 -1.000282294314090e+00 -1.888548767508574e-03 -9.447852293235917e-04 -1.007709115774459e+00
8 30 -1.000282601430776e+00 -1.889551170677030e-03 -9.438287908988870e-04 -1.007706308414112e+00
8 31 -1.000282972831771e+00 -1.890673442067201e-03 -9.428103271093552e-04 -1.007703015600904e+00
9 0 -1.000283878807292e+00 -1.892628896849121e-03 -9.388592163015485e-04 -1.007697668081108e+00
9 1 -1.000284338916828e+00 -1.893864100804134e-03 -9.378667958490939e-04 -1.007693769157050e+00
9 2 -1.000284814159544e+00 -1.895074499918358e-03 -9.369635321410405e-04 -1.007689817887417e+00
9 3 -1.000285287177718e+00 -1.896212637022126e-03 -9.361899161465497e-04 -1.007685965933162e+00
9 4 -1.000285741120296e+00 -1.897235029299783e-03 -9.355769835930262e-04 -1.007682358320489e+00
9 5 -1.000286160075697e+00 -1.898103764189842e-03 -9.351450631865028e-04 -1.007679128412792e+00
9 6 -1.000286529443609e+00 -1.898787745950395e-03 -9.349035464805187e-04 -1.007676393578761e+00
9 7 -1.000286836267637e+00 -1.899263571921339e-03 -9.348515857955040e-04 -1.007674251626717e+00
9 8 -1.000287069548635e+00 -1.899516036753657e-03 -9.349795492333914e-04 -1.007672778047725e+00
9 9 -1.000287220552858e+00 -1.899538286679411e-03 -9.352710050578576e-04 -1.007672024066416e+00
9 10 -1.000287283119804e+00 -1.899331671124252e-03 -9.357049681549830e-04 -1.007672015450648e+00
9 11 -1.000287253962159e+00 -1.898905357987229e-03 -9.362581210801420e-04 -1.007672752001630e+00
9 12 -1.000287132936005e+00 -1.898275783887741e-03 -9.369067294132415e-04 -1.007674207652012e+00
9 13 -1.000286923246476e+00 -1.897465998337085e-03 -9.376280149394860e-04 -1.007676331141242e+00
9 14 -1.000286631546550e+00 -1.896504935103383e-03 -9.384008336819617e-04 -1.007679047295290e+00
9 15 -1.000286267888009e+00 -1.895426614808719e-03 -9.392056217100449e-04 -1.007682258981201e+00
9 16 -1.000285845495065e+00 -1.894269260602196e-03 -9.400237027662793e-04 -1.007685849811203e+00
9 17 -1.000285380350042e+00 -1.893074299423985e-03 -9.408361753904757e-04 -1.007689687633082e+00
9 18 -1.000284890601361e+00 -1.891885223898736e-03 -9.416226903155151e-04 -1.007693628782164e+00
9 19 -1.000284395821413e+00 -1.890746299101937e-03 -9.423604723422915e-04 -1.007697523013214e+00
9 20 -1.000283916152819e+00 -1.889701110186530e-03 -9.430239224678406e-04 -1.007701218993408e+00
9 21 -1.000283471387192e+00 -1.888790961578691e-03 -9.435850524237920e-04 -1.007704570213555e+00
9 22 -1.000283080024093e+00 -1.888053160365363e-03 -9.440148621929212e-04 -1.007707441140744e+00
9 23 -1.000282758362349e+00 -1.887519248986230e-03 -9.442855908664604e-04 -1.007709713371609e+00
9 24 -1.000282519681357e+00 -1.887213292899019e-03 -9.443735839827215e-04 -1.007711291453041e+00
9 25 -1.000282373573260e+00 -1.887150367317969e-03 -9.442623657350359e-04 -1.007712107945696e+00
9 26 -1.000282325483242e+00 -1.887335408650708e-03 -9.439454196616269e-04 -1.007712127260737e+00
9 27 -1.000282376500958e+00 -1.887762587910035e-03 -9.434281903053000e-04 -1.007711347842233e+00
9 28 -1.000282523421178e+00 -1.888415320196463e-03 -9.427289228745876e-04 -1.007709802410190e+00
9 29 -1.000282759060294e+00 -1.889266952343392e-03 -9.418781380503928e-04 -1.007707556199344e+00
9 30 -1.000283072784443e+00 -1.890282085663315e-03 -9.409167580040692e-04 -1.007704703373413e+00
9 31 -1.000283451182403e+00 -1.891418412936894e-03 -9.398931123863437e-04 -1.007701361999411e+00
10 0 -1.000284288935261e+00 -1.893458962318177e-03 -9.354009670985189e-04 -1.007696008490037e+00
10 1 -1.000284755813164e+00 -1.894708228134960e-03 -9.344060241219630e-04 -1.007692062107088e+00
10 2 -1.000285237800528e+00 -1.895933331091387e-03 -9.334995620303560e-04 -1.007688062753705e+00
10 3 -1.000285717280332e+00 -1.897086281235394e-03 -9.327221591642004e-04 -1.007684163857508e+00
10 4 -1.000286177139837e+00 -1.898123032986411e-03 -9.321049693504513e-04 -1.007680512255674e+00
10 5 -1.000286601214842e+00 -1.899005100378712e-03 -9.316684702891797e-04 -1.007677243100761e+00
10 6 -1.000286974674826e+00 -1.899700828796713e-03 -9.314222298493838e-04 -1.007674475446089e+00
10 7 -1.000287284369772e+00 -1.900186300779911e-03 -9.313655964099211e-04 -1.007672308585965e+00
10 8 -1.000287519157014e+00 -1.900445871367966e-03 -9.314891428008002e-04 -1.007670819202699e+00
10 9 -1.000287670220633e+00 -1.900472351533109e-03 -9.317766375699090e-04 -1.007670059330575e+00
10 10 -1.000287731386817e+00 -1.900266883468019e-03 -9.322072783019384e-04 -1.007670055099031e+00
10 11 -1.000287699426433e+00 -1.899838571108032e-03 -9.327579012163647e-04 -1.007670806185923e+00
10 12 -1.000287574322348e+00 -1.899203935334734e-03 -9.334048876048630e-04 -1.007672285914309e+00
10 13 -1.000287359466900e+00 -1.898386252446388e-03 -9.341255307722670e-04 -1.007674441962793e+00
10 14 -1.000287061748163e+00 -1.897414810290912e-03 -9.348987105951653e-04 -1.007677197711849e+00
10 15 -1.000286691485665e+00 -1.896324088256176e-03 -9.357048389173688e-04 -1.007680454287983e+00
10 16 -1.000286262187747e+00 -1.895152845510490e-03 -9.365251699652536e-04 -1.007684093370678e+00
10 17 -1.000285790121516e+00 -1.893943092583948e-03 -9.373406930199358e-04 -1.007687980789266e+00
10 18 -1.000285293707019e+00 -1.892738923823528e-03 -9.381309172065265e-04 -1.007691970876134e+00
10 19 -1.000284792764235e+00 -1.891585197153434e-03 -9.388729017375492e-04 -1.007695911486880e+00
10 20 -1.000284307651850e+00 -1.890526058561909e-03 -9.395408668706933e-04 -1.007699649563930e+00
10 21 -1.000283858341648e+00 -1.889603322441013e-03 -9.401066374320978e-04 -1.007703037100129e+00
10 22 -1.000283463475422e+00 -1.888854740081158e-03 -9.405410291071727e-04 -1.007705937327845e+00
10 23 -1.000283139455731e+00 -1.888312220955306e-03 -9.408161074136927e-04 -1.007708230895846e+00
10 24 -1.000282899627451e+00 -1.888000112173103e-03 -9.409080620910040e-04 -1.007709821703140e+00
10 25 -1.000282753610547e+00 -1.887933680062561e-03 -9.408002848968167e-04 -1.007710641966792e+00
10 26 -1.000282706841006e+00 -1.888117959383002e-03 -9.404861538858514e-04 -1.007710656055506e+00
10 27 -1.000282760362866e+00 -1.888547127338093e-03 -9.399710360594506e-04 -1.007709862662209e+00
10 28 -1.000282910889612e+00 -1.889204516321016e-03 -9.392731252226269e-04 -1.007708295030941e+00
10 29 -1.000283151121871e+00 -1.890063306993115e-03 -9.384229129020416e-04 -1.007706019174001e+00
10 30 -1.000283470277338e+00 -1.891087857639087e-03 -9.374613100278169e-04 -1.007703130261246e+00
10 31 -1.000283854766086e+00 -1.892235547747461e-03 -9.364366500856636e-04 -1.007699747569093e+00
11 0 -1.000284608797282e+00 -1.894326340911878e-03 -9.315432712833583e-04 -1.007694457351062e+00
11 1 -1.000285081903047e+00 -1.895587953539052e-03 -9.305485053624521e-04 -1.007690467602605e+00
11 2 -1.000285570434487e+00 -1.896826866888887e-03 -9.296406232523942e-04 -1.007686421627676e+00
11 3 -1.000286056524369e+00 -1.897994591535331e-03 -9.288602166541552e-04 -1.007682474580153e+00
11 4 -1.000286522794100e+00 -1.899046518246294e-03 -9.282385269386155e-04 -1.007678775170268e+00
11 5 -1.000286952809351e+00 -1.899943552775389e-03 -9.277961954096028e-04 -1.007675460499849e+00
11 6 -1.000287331478927e+00 -1.900653414441124e-03 -9.275430248615044e-04 -1.007672651557397e+00
11 7 -1.000287645416697e+00 -1.901151574559200e-03 -9.274786584449356e-04 -1.007670449453798e+00
11 8 -1.000287883283526e+00 -1.901421827280542e-03 -9.275940065816463e-04 -1.007668932460018e+00
11 9 -1.000288036120039e+00 -1.901456507600838e-03 -9.278731977982995e-04 -1.007668153868726e+00
11 10 -1.000288097671987e+00 -1.901256396400275e-03 -9.282957906279999e-04 -1.007668140654098e+00
11 11 -1.000288064698223e+00 -1.900830372574776e-03 -9.288389628955413e-04 -1.007668892870725e+00
11 12 -1.000287937238113e+00 -1.900194879537377e-03 -9.294794004952808e-04 -1.007670383731273e+00
11 13 -1.000287718803832e+00 -1.899373263963114e-03 -9.301946504652260e-04 -1.007672560334258e+00
11 14 -1.000287416456973e+00 -1.898395021932961e-03 -9.309637862730513e-04 -1.007675345060649e+00
11 15 -1.000287040731409e+00 -1.897294960642260e-03 -9.317673487763213e-04 -1.007678637693443e+00
11 16 -1.000286605376273e+00 -1.896112262793162e-03 -9.325866564940766e-04 -1.007682318315121e+00
11 17 -1.000286126911653e+00 -1.894889431714041e-03 -9.334027012962242e-04 -1.007686250999673e+00
11 18 -1.000285624010062e+00 -1.893671097419673e-03 -9.341949382410753e-04 -1.007690288256343e+00
11 19 -1.000285116733220e+00 -1.892502672068693e-03 -9.349403221610812e-04 -1.007694276128889e+00
11 20 -1.000284625663453e+00 -1.891428853392468e-03 -9.356129257647141e-04 -1.007698059823291e+00
11 21 -1.000284170973277e+00 -1.890491987487744e-03 -9.361843905471279e-04 -1.007701489720378e+00
11 22 -1.000283771479402e+00 -1.889730322841533e-03 -9.366253201873882e-04 -1.007704427601650e+00
11 23 -1.000283443731679e+00 -1.889176219441149e-03 -9.369075462752604e-04 -1.007706752854593e+00
11 24 -1.000283201193212e+00 -1.888854417640701e-03 -9.370070095236102e-04 -1.007708368330171e+00
11 25 -1.000283053571618e+00 -1.888780510446302e-03 -9.369068447513599e-04 -1.007709205431395e+00
11 26 -1.000283006358214e+00 -1.888959784928943e-03 -9.366001722554226e-04 -1.007709227964687e+00
11 27 -1.000283060618175e+00 -1.889386590395289e-03 -9.360921064875739e-04 -1.007708434326113e+00
11 28 -1.000283213050270e+00 -1.890044347521633e-03 -9.354005983726298e-04 -1.007706857736465e+00
11 29 -1.000283456303413e+00 -1.890906239797575e-03 -9.345559098236394e-04 -1.007704564460785e+00
11 30 -1.000283779506179e+00 -1.891936542470659e-03 -9.335987397550959e-04 -1.007701650195167e+00
11 31 -1.000284168942459e+00 -1.893092466107357e-03 -9.325772337590625e-04 -1.007698235009953e+00
12 0 -1.000284827163562e+00 -1.895197160784660e-03 -9.274394481067725e-04 -1.007693071978511e+00
12 1 -1.000285305720967e+00 -1.896468945227887e-03 -9.264475062702966e-04 -1.007689044571514e+00
12 2 -1.000285800343890e+00 -1.897720250667669e-03 -9.255400230288133e-04 -1.007684955203980e+00
12 3 -1.000286292933704e+00 -1.898902140641784e-03 -9.247575274731724e-04 -1.007680960650503e+00
12 4 -1.000286765852462e+00 -1.899969463365995e-03 -9.241313125119586e-04 -1.007677211484131e+00
12 5 -1.000287202389280e+00 -1.900882505549155e-03 -9.236821886090028e-04 -1.007673846839246e+00
12 6 -1.000287587172747e+00 -1.901608318453168e-03 -9.234202396063459e-04 -1.007670989812241e+00
12 7 -1.000287906548242e+00 -1.902121690608651e-03 -9.233454870908704e-04 -1.007668743586738e+00
12 8 -1.000288148935745e+00 -1.902405756861925e-03 -9.234492956230499e-04 -1.007667188353789e+00
12 9 -1.000288305177369e+00 -1.902452254858346e-03 -9.237162967742258e-04 -1.007666379060284e+00
12 10 -1.000288368874807e+00 -1.902261464836445e-03 -9.241265715992041e-04 -1.007666343971816e+00
12 11 -1.000288336705310e+00 -1.901841889129489e-03 -9.246578107799244e-04 -1.007667084001441e+00
12 12 -1.000288208692290e+00 -1.901209736032490e-03 -9.252871774794077e-04 -1.007668572750764e+00
12 13 -1.000287988395781e+00 -1.900388264795476e-03 -9.259926398599097e-04 -1.007670757236786e+00
12 14 -1.000287682982639e+00 -1.899407027343619e-03 -9.267536220591984e-04 -1.007673559320649e+00
12 15 -1.000287303139468e+00 -1.898301016677067e-03 -9.275509368293146e-04 -1.007676877885733e+00
12 16 -1.000286862803663e+00 -1.897109711834233e-03 -9.283660925564124e-04 -1.007680591810226e+00
12 17 -1.000286378706872e+00 -1.895876000620577e-03 -9.291801895941259e-04 -1.007684563739836e+00
12 18 -1.000285869745351e+00 -1.894644963126113e-03 -9.299727134322951e-04 -1.007688644608375e+00
12 19 -1.000285356207555e+00 -1.893462506386786e-03 -9.307205761697407e-04 -1.007692678804050e+00
12 20 -1.000284858898516e+00 -1.892373849645039e-03 -9.313977400806321e-04 -1.007696509852123e+00
12 21 -1.000284398204365e+00 -1.891421871653380e-03 -9.319756738799441e-04 -1.007699986471093e+00
12 22 -1.000283993142710e+00 -1.890645351277112e-03 -9.324247512265172e-04 -1.007702968833831e+00
12 23 -1.000283660448606e+00 -1.890077164159290e-03 -9.327165218634772e-04 -1.007705334804780e+00
12 24 -1.000283413751578e+00 -1.889742539039666e-03 -9.328265994540868e-04 -1.007706985830555e+00
12 25 -1.000283262903228e+00 -1.889657516999811e-03 -9.327377548578741e-04 -1.007707852064848e+00
12 26 -1.000283213512274e+00 -1.889827779904204e-03 -9.324427170109075e-04 -1.007707896257880e+00
12 27 -1.000283266730445e+00 -1.890248006665411e-03 -9.319461914420834e-04 -1.007707115979060e+00
12 28 -1.000283419308262e+00 -1.890901872154838e-03 -9.312657124777729e-04 -1.007705543884043e+00
12 29 -1.000283663908215e+00 -1.891762730014215e-03 -9.304311284447140e-04 -1.007703245960536e+00
12 30 -1.000283989631661e+00 -1.892794934110516e-03 -9.294827403268116e-04 -1.007700317935371e+00
12 31 -1.000284382692747e+00 -1.893955675450368e-03 -9.284683266415098e-04 -1.007696880231839e+00
13 0 -1.000284936746002e+00 -1.896037952308947e-03 -9.232531117971338e-04 -1.007691900686462e+00
13 1 -1.000285419787741e+00 -1.897317388184062e-03 -9.222664191944100e-04 -1.007687842624426e+00
13 2 -1.000285919830052e+00 -1.898579229216992e-03 -9.213610538997975e-04 -1.007683714634200e+00
13 3 -1.000286418569949e+00 -1.899774160107242e-03 -9.205774103570711e-04 -1.007679674948816e+00
13 4 -1.000286898126312e+00 -1.900856527654909e-03 -9.199467951603345e-04 -1.007675875925873e+00
13 5 -1.000287341516007e+00 -1.901786012269559e-03 -9.194901859233034e-04 -1.007672458739201e+00
13 6 -1.000287733079069e+00 -1.902528980925322e-03 -9.192179811949743e-04 -1.007669548684940e+00
13 7 -1.000288058870985e+00 -1.903059494375895e-03 -9.191306484235916e-04 -1.007667251194697e+00
13 8 -1.000288307036417e+00 -1.903359955586721e-03 -9.192201037510082e-04 -1.007665648634902e+00
13 9 -1.000288468172223e+00 -1.903421407053068e-03 -9.194716035723696e-04 -1.007664797935946e+00
13 10 -1.000288535678480e+00 -1.903243509006639e-03 -9.198658903780703e-04 -1.007664729048482e+00
13 11 -1.000288506084860e+00 -1.902834251073443e-03 -9.203813160582120e-04 -1.007665444188674e+00
13 12 -1.000288379327433e+00 -1.902209459003159e-03 -9.209956717517664e-04 -1.007666917826353e+00
13 13 -1.000288158940671e+00 -1.901392151665620e-03 -9.216874938930138e-04 -1.007669097392759e+00
13 14 -1.000287852124700e+00 -1.900411784046799e-03 -9.224366960545119e-04 -1.007671904722453e+00
13 15 -1.000287469651627e+00 -1.899303387815731e-03 -9.232244893666669e-04 -1.007675238271029e+00
13 16 -1.000287025587662e+00 -1.898106602015075e-03 -9.240326834069268e-04 -1.007678976144481e+00
13 17 -1.000286536826893e+00 -1.896864578196931e-03 -9.248425813766727e-04 -1.007682979935372e+00
13 18 -1.000286022452448e+00 -1.895622745854313e-03 -9.256337754558059e-04 -1.007687099304382e+00
13 19 -1.000285502956206e+00 -1.894427430390053e-03 -9.263831919222796e-04 -1.007691177199573e+00
13 20 -1.000284999356797e+00 -1.893324323783629e-03 -9.270647184572369e-04 -1.007695055582601e+00
13 21 -1.000284532259101e+00 -1.892356819098062e-03 -9.276496638783634e-04 -1.007698581520922e+00
13 22 -1.000284120900407e+00 -1.891564239100255e-03 -9.281081602997199e-04 -1.007701613481557e+00
13 23 -1.000283782232235e+00 -1.890980020452181e-03 -9.284114388995493e-04 -1.007704027602954e+00
13 24 -1.000283530092602e+00 -1.890629955945047e-03 -9.285347240878758e-04 -1.007705723627001e+00
13 25 -1.000283374527972e+00 -1.890530637706239e-03 -9.284603352889905e-04 -1.007706630073844e+00
13 26 -1.000283321321945e+00 -1.890688268306487e-03 -9.281804985761090e-04 -1.007706708187503e+00
13 27 -1.000283371774649e+00 -1.891097999593128e-03 -9.276993779748381e-04 -1.007705954216334e+00
13 28 -1.000283522752319e+00 -1.891743915031115e-03 -9.270339423780843e-04 -1.007704399735120e+00
13 29 -1.000283766994938e+00 -1.892599697155060e-03 -9.262134676632441e-04 -1.007702109940324e+00
13 30 -1.000284093638441e+00 -1.893629934871793e-03 -9.252776949313787e-04 -1.007699180099276e+00
13 31 -1.000284488885032e+00 -1.894791947520930e-03 -9.242738777881583e-04 -1.007695730540718e+00
14 0 -1.000284934310402e+00 -1.896816934173999e-03 -9.191509952092527e-04 -1.007690981689529e+00
14 1 -1.000285420727374e+00 -1.898101276860218e-03 -9.181716115751862e-04 -1.007686900928695e+00
14 2 -1.000285925336521e+00 -1.899371457132687e-03 -9.172698597452423e-04 -1.007682740359822e+00
14 3 -1.000286429663948e+00 -1.900577861049520e-03 -9.164859364546137e-04 -1.007678659465307e+00
14 4 -1.000286915609880e+00 -1.901674392435838e-03 -9.158511258246018e-04 -1.007674812247849e+00
14 5 -1.000287365933159e+00 -1.902620160001634e-03 -9.153865653957017e-04 -1.007671341854745e+00
14 6 -1.000287764687855e+00 -1.903380855404733e-03 -9.151029908673297e-04 -1.007668375793076e+00
14 7 -1.000288097629424e+00 -1.903929793831288e-03 -9.150013664845126e-04 -1.007666021833599e+00
14 8 -1.000288352603733e+00 -1.904248601587312e-03 -9.150742361702931e-04 -1.007664364690378e+00
14 9 -1.000288519925610e+00 -1.904327555092347e-03 -9.153075778681312e-04 -1.007663463529178e+00
14 10 -1.000288592744421e+00 -1.904165599577197e-03 -9.156829072701592e-04 -1.007663350311915e+00
14 11 -1.000288567382710e+00 -1.903770096317707e-03 -9.161793585409900e-04 -1.007664028948491e+00
14 12 -1.000288443621912e+00 -1.903156356829222e-03 -9.167754753781746e-04 -1.007665475217835e+00
14 13 -1.000288224899140e+00 -1.902347017238694e-03 -9.174504850667300e-04 -1.007667637439204e+00
14 14 -1.000287918375065e+00 -1.901371288266041e-03 -9.181849064576235e-04 -1.007670437908067e+00
14 15 -1.000287534837270e+00 -1.900264093730891e-03 -9.189604546759661e-04 -1.007673775133139e+00
14 16 -1.000287088416896e+00 -1.899065092646145e-03 -9.197593336365207e-04 -1.007677526902105e+00
14 17 -1.000286596115672e+00 -1.897817572191880e-03 -9.205631286144326e-04 -1.007681554161650e+00
14 18 -1.000286077160162e+00 -1.896567200118461e-03 -9.213516025541164e-04 -1.007685705642164e+00
14 19 -1.000285552215179e+00 -1.895360630608556e-03 -9.221017435388380e-04 -1.007689823114417e+00
14 20 -1.000285042496378e+00 -1.894243964288561e-03 -9.227873946053720e-04 -1.007693747146641e+00
14 21 -1.000284568824968e+00 -1.893261072902808e-03 -9.233797160593612e-04 -1.007697323224030e+00
14 22 -1.000284150669148e+00 -1.892451817614944e-03 -9.238485907684256e-04 -1.007700408071583e+00
14 23 -1.000283805220621e+00 -1.891850220997224e-03 -9.241649040932509e-04 -1.007702875962507e+00
14 24 -1.000283546560531e+00 -1.891482694183649e-03 -9.243034437843681e-04 -1.007704624698428e+00
14 25 -1.000283384973991e+00 -1.891366461841826e-03 -9.242460099041745e-04 -1.007705580845218e+00
14 26 -1.000283326470515e+00 -1.891508352446241e-03 -9.239842379099810e-04 -1.007705703750078e+00
14 27 -1.000283372554812e+00 -1.891904114858489e-03 -9.235216450811112e-04 -1.007704987898913e+00
14 28 -1.000283520268046e+00 -1.892538378305720e-03 -9.228745159624707e-04 -1.007703463314925e+00
14 29 -1.000283762487863e+00 -1.893385298321040e-03 -9.220714260873360e-04 -1.007701193924972e+00
14 30 -1.000284088444091e+00 -1.894409843890143e-03 -9.211514249981757e-04 -1.007698274070987e+00
14 31 -1.000284484383813e+00 -1.895569603056770e-03 -9.201611117017712e-04 -1.007694823551317e+00
15 0 -1.000284820650032e+00 -1.897505149084728e-03 -9.152956704918408e-04 -1.007690342683114e+00
15 1 -1.000285309240947e+00 -1.898791548471257e-03 -9.143251857297160e-04 -1.007686247789212e+00
15 2 -1.000285817425306e+00 -1.900067633148352e-03 -9.134282256230092e-04 -1.007682061678094e+00
15 3 -1.000286326596431e+00 -1.901283578940651e-03 -9.126447391254238e-04 -1.007677944835741e+00
15 4 -1.000286818467222e+00 -1.902392919186357e-03 -9.120059570451513e-04 -1.007674052717660e+00
15 5 -1.000287275561432e+00 -1.903354244896586e-03 -9.115331672774978e-04 -1.007670530311613e+00
15 6 -1.000287681659964e+00 -1.904132605255176e-03 -9.112374552745715e-04 -1.007667507268846e+00
15 7 -1.000288022219256e+00 -1.904700579205497e-03 -9.111203160914519e-04 -1.007665093705608e+00
15 8 -1.000288284774399e+00 -1.905039000519698e-03 -9.111749746135041e-04 -1.007663376768607e+00
15 9 -1.000288459332698e+00 -1.905137337712849e-03 -9.113881996605266e-04 -1.007662418025641e+00
15 10 -1.000288538754068e+00 -1.904993753661323e-03 -9.117423622197590e-04 -1.007662251697367e+00
15 11 -1.000288519103203e+00 -1.904614890300888e-03 -9.122174696752442e-04 -1.007662883709974e+00
15 12 -1.000288399946360e+00 -1.904015433716240e-03 -9.127929134748557e-04 -1.007664291538039e+00
15 13 -1.000288184555975e+00 -1.903217510598843e-03 -9.134487064037755e-04 -1.007666424823724e+00
15 14 -1.000287879982704e+00 -1.902249950733883e-03 -9.141660626457470e-04 -1.007669206787599e+00
15 15 -1.000287496959589e+00 -1.901147429370108e-03 -9.149272839255118e-04 -1.007672536463964e+00
15 16 -1.000287049616877e+00 -1.899949486790000e-03 -9.157150416371432e-04 -1.007676291781050e+00
15 17 -1.000286555005549e+00 -1.898699415117660e-03 -9.165112650517702e-04 -1.007680333463518e+00
15 18 -1.000286032447323e+00 -1.897443003301416e-03 -9.172959370069371e-04 -1.007684509680733e+00
15 19 -1.000285502743687e+00 -1.896227135764224e-03 -9.180461427334637e-04 -1.007688661324238e+00
15 20 -1.000284987284198e+00 -1.895098245723320e-03 -9.187357019771501e-04 -1.007692627782725e+00
15 21 -1.000284507096738e+00 -1.894100632960277e-03 -9.193356341264606e-04 -1.007696253080052e+00
15 22 -1.000284081883819e+00 -1.893274673640542e-03 -9.198155667114069e-04 -1.007699392222899e+00
15 23 -1.000283729092798e+00 -1.892654980808832e-03 -9.201460191597482e-04 -1.007701917546161e+00
15 24 -1.000283463074155e+00 -1.892268616030258e-03 -9.203013079319104e-04 -1.007703724746203e+00
15 25 -1.000283294387063e+00 -1.892133494551708e-03 -9.202626644258590e-04 -1.007704738186545e+00
15 26 -1.000283229309860e+00 -1.892257151998693e-03 -9.200210700593921e-04 -1.007704914999047e+00
15 27 -1.000283269600442e+00 -1.892636034827465e-03 -9.195793192195924e-04 -1.007704247534194e+00
15 28 -1.000283412527295e+00 -1.893255433152821e-03 -9.189529254758407e-04 -1.007702763854609e+00
15 29 -1.000283651160136e+00 -1.894090099894241e-03 -9.181696699717906e-04 -1.007700526191702e+00
15 30 -1.000283974877492e+00 -1.895105512464036e-03 -9.172678131065733e-04 -1.007697627537421e+00
15 31 -1.000284370025132e+00 -1.896259654985757e-03 -9.162932027169599e-04 -1.007694186752127e+00
16 0 -1.000284600444981e+00 -1.898077419470642e-03 -9.118385723131660e-04 -1.007690000957030e+00
16 1 -1.000285089962985e+00 -1.899363029394640e-03 -9.108780488087639e-04 -1.007685900782543e+00
16 2 -1.000285600632287e+00 -1.900642442530935e-03 -9.099866869743445e-04 -1.007681696881382e+00
16 3 -1.000286113754680e+00 -1.901865717477580e-03 -9.092041540279609e-04 -1.007677550470124e+00
16 4 -1.000286610892353e+00 -1.902986100313777e-03 -9.085616049778112e-04 -1.007673618220424e+00
16 5 -1.000287074364268e+00 -1.903961735040121e-03 -9.080804682662011e-04 -1.007670046767397e+00
16 6 -1.000287487700175e+00 -1.904757083280512e-03 -9.077721824867920e-04 -1.007666967766148e+00
16 7 -1.000287836069234e+00 -1.905344023422447e-03 -9.076387900107483e-04 -1.007664493601360e+00
16 8 -1.000288106695498e+00 -1.905702609961193e-03 -9.076742258327881e-04 -1.007662713848473e+00
16 9 -1.000288289265282e+00 -1.905821491904011e-03 -9.078660905673269e-04 -1.007661692554120e+00
16 10 -1.000288376321981e+00 -1.905698012107758e-03 -9.081976616493622e-04 -1.007661466358870e+00
16 11 -1.000288363632305e+00 -1.905338029807142e-03 -9.086498786301353e-04 -1.007662043449234e+00
16 12 -1.000288250495798e+00 -1.904755518694511e-03 -9.092030443033596e-04 -1.007663403314905e+00
16 13 -1.000288039959892e+00 -1.903971989205972e-03 -9.098380219224113e-04 -1.007665497302557e+00
16 14 -1.000287738899500e+00 -1.903015768593368e-03 -9.105367844043618e-04 -1.007668249983482e+00
16 15 -1.000287357925704e+00 -1.901921153148199e-03 -9.112822792902856e-04 -1.007671561365862e+00
16 16 -1.000286911102528e+00 -1.900727431700395e-03 -9.120576979793997e-04 -1.007675309966556e+00
16 17 -1.000286415470461e+00 -1.899477772688999e-03 -9.128453573157399e-04 -1.007679356713446e+00
16 18 -1.000285890395155e+00 -1.898217967616907e-03 -9.136254931993502e-04 -1.007683549596730e+00
16 19 -1.000285356774204e+00 -1.896995027439170e-03 -9.143753104780248e-04 -1.007687728950219e+00
16 20 -1.000284836142352e+00 -1.895855633054944e-03 -9.150686179374040e-04 -1.007691733231531e+00
16 21 -1.000284349717667e+00 -1.894844449040174e-03 -9.156762969336418e-04 -1.007695405170043e+00
16 22 -1.000283917432457e+00 -1.894002326952382e-03 -9.161677134941303e-04 -1.007698598134663e+00
16 23 -1.000283556996505e+00 -1.893364455358872e-03 -9.165130061225947e-04 -1.007701182515266e+00
16 24 -1.000283283046632e+00 -1.892958555960622e-03 -9.166859964737218e-04 -1.007703051811964e+00
16 25 -1.000283106441982e+00 -1.892803267920642e-03 -9.166673155694253e-04 -1.007704128017273e+00
16 26 -1.000283033763088e+00 -1.892906889051912e-03 -9.164472510654643e-04 -1.007704365811126e+00
16 27 -1.000283067060372e+00 -1.893266637365153e-03 -9.160278269571044e-04 -1.007703755116444e+00
16 28 -1.000283203873475e+00 -1.893868553153210e-03 -9.154237314313249e-04 -1.007702321702101e+00
16 29 -1.000283437511080e+00 -1.894688087114734e-03 -9.146618918654653e-04 -1.007700125745606e+00
16 30 -1.000283757548975e+00 -1.895691332175521e-03 -9.137797179751703e-04 -1.007697258520583e+00
16 31 -1.000284150480615e+00 -1.896836778290730e-03 -9.128222457321215e-04 -1.007693837584476e+00
17 0 -1.000284282030007e+00 -1.898513111697285e-03 -9.089136952618605e-04 -1.007689963858165e+00
17 1 -1.000284771224538e+00 -1.899795185863726e-03 -9.079636586155611e-04 -1.007685867250748e+00
17 2 -1.000285283227419e+00 -1.901075299200268e-03 -9.070783189392205e-04 -1.007681653767525e+00
17 3 -1.000285799291948e+00 -1.902303487442908e-03 -9.062970456212592e-04 -1.007677485064056e+00
17 4 -1.000286300870144e+00 -1.903432800423068e-03 -9.056509050209143e-04 -1.007673518754963e+00
17 5 -1.000286770112557e+00 -1.904421019923160e-03 -9.051614566004321e-04 -1.007669902876414e+00
17 6 -1.000287190327984e+00 -1.905232094869717e-03 -9.048404862794817e-04 -1.007666770879154e+00
17 7 -1.000287546420103e+00 -1.905837263636193e-03 -9.046905826449272e-04 -1.007664237259438e+00
17 8 -1.000287825313112e+00 -1.906215843095618e-03 -9.047063957633324e-04 -1.007662393929712e+00
17 9 -1.000288016371104e+00 -1.906355681473452e-03 -9.048763700916595e-04 -1.007661307400925e+00
17 10 -1.000288111806207e+00 -1.906253294557814e-03 -9.051847088377297e-04 -1.007661016804448e+00
17 11 -1.000288107058841e+00 -1.905913724879565e-03 -9.056133096874749e-04 -1.007661532746046e+00
17 12 -1.000288001121006e+00 -1.905350173513151e-03 -9.061434182255606e-04 -1.007662836973645e+00
17 13 -1.000287796763916e+00 -1.904583450877528e-03 -9.067567835188437e-04 -1.007664882855173e+00
17 14 -1.000287500628128e+00 -1.903641278889907e-03 -9.074361742999449e-04 -1.007667596686470e+00
17 15 -1.000287123140358e+00 -1.902557458951743e-03 -9.081652199446858e-04 -1.007670879859402e+00
17 16 -1.000286678235987e+00 -1.901370906023313e-03 -9.089276638580108e-04 -1.007674611901931e+00
17 17 -1.000286182886200e+00 -1.900124542544239e-03 -9.097062361776020e-04 -1.007678654357298e+00
17 18 -1.000285656448378e+00 -1.898864046233797e-03 -9.104814442832948e-04 -1.007682855417904e+00
17 19 -1.000285119872794e+00 -1.897636449065283e-03 -9.112306238044052e-04 -1.007687055193857e+00
17 20 -1.000284594805998e+00 -1.896488588741382e-03 -9.119275770375124e-04 -1.007691091485987e+00
17 21 -1.000284102633434e+00 -1.895465421249286e-03 -9.125430458140728e-04 -1.007694805935320e+00
17 22 -1.000283663504936e+00 -1.894608219605442e-03 -9.130461281650046e-04 -1.007698050406085e+00
17 23 -1.000283295390521e+00 -1.893952714504364e-03 -9.134065713894467e-04 -1.007700693401603e+00
17 24 -1.000283013220453e+00 -1.893527275246216e-03 -9.135976893376383e-04 -1.007702626210845e+00
17 25 -1.000282828169249e+00 -1.893351272898875e-03 -9.135994973258729e-04 -1.007703768370980e+00
17 26 -1.000282747142266e+00 -1.893433794995288e-03 -9.134015712711846e-04 -1.007704071962490e+00
17 27 -1.000282772511230e+00 -1.893772876449153e-03 -9.130051437931906e-04 -1.007703524278626e+00
17 28 -1.000282902120814e+00 -1.894355368403930e-03 -9.124240540375120e-04 -1.007702148548362e+00
17 29 -1.000283129556525e+00 -1.895157492313696e-03 -9.116843503982968e-04 -1.007700002616752e+00
17 30 -1.000283444632203e+00 -1.896146038791729e-03 -9.108225664664802e-04 -1.007697175739535e+00
17 31 -1.000283834031728e+00 -1.897280092214754e-03 -9.098829016569513e-04 -1.007693783860583e+00
18 0 -1.000283877088725e+00 -1.898796712431029e-03 -9.066322761803029e-04 -1.007690229410626e+00
18 1 -1.000284364742219e+00 -1.900072685251563e-03 -9.056927505443908e-04 -1.007686144954874e+00
18 2 -1.000284876900385e+00 -1.901350896652210e-03 -9.048135050311821e-04 -1.007681930312353e+00
18 3 -1.000285394811660e+00 -1.902581452537401e-03 -9.040336125023173e-04 -1.007677747275126e+00
18 4 -1.000285899861221e+00 -1.903717302707819e-03 -9.033840466728937e-04 -1.007673754098397e+00
18 5 -1.000286374072572e+00 -1.904715963116885e-03 -9.028864881197989e-04 -1.007670099926910e+00
18 6 -1.000286800570907e+00 -1.905540962365443e-03 -9.025530549937734e-04 -1.007666919737476e+00
18 7 -1.000287164025322e+00 -1.906162982013047e-03 -9.023868637586424e-04 -1.007664329906891e+00
18 8 -1.000287451082091e+00 -1.906560669698932e-03 -9.023832605379362e-04 -1.007662424509056e+00
18 9 -1.000287650793736e+00 -1.906721120998704e-03 -9.025315165322859e-04 -1.007661272415162e+00
18 10 -1.000287755038887e+00 -1.906640048047696e-03 -9.028167478417172e-04 -1.007660915227268e+00
18 11 -1.000287758915859e+00 -1.906321672618789e-03 -9.032218034251645e-04 -1.007661366040920e+00
18 12 -1.000287661080175e+00 -1.905778391066296e-03 -9.037288717293159e-04 -1.007662609022963e+00
18 13 -1.000287463986324e+00 -1.905030255387250e-03 -9.043205942085500e-04 -1.007664599805528e+00
18 14 -1.000287173991012e+00 -1.904104301350818e-03 -9.049805466387168e-04 -1.007667266719436e+00
18 15 -1.000286801281435e+00 -1.903033737783913e-03 -9.056930534206669e-04 -1.007670512898219e+00
18 16 -1.000286359607182e+00 -1.901856997612349e-03 -9.064424225146931e-04 -1.007674219263917e+00
18 17 -1.000285865814438e+00 -1.900616645009067e-03 -9.072118074029015e-04 -1.007678248360918e+00
18 18 -1.000285339200957e+00 -1.899358133260893e-03 -9.079819934670751e-04 -1.007682448952822e+00
18 19 -1.000284800724796e+00 -1.898128411100097e-03 -9.087304497135127e-04 -1.007686661262306e+00
18 20 -1.000284272107282e+00 -1.896974378915824e-03 -9.094309708308540e-04 -1.007690722724961e+00
18 21 -1.000283774872774e+00 -1.895941202862143e-03 -9.100541552804589e-04 -1.007694474132181e+00
18 22 -1.000283329368878e+00 -1.895070510835585e-03 -9.105688282012694e-04 -1.007697766024812e+00
18 23 -1.000282953814527e+00 -1.894398524853007e-03 -9.109443415052305e-04 -1.007700465141437e+00
18 24 -1.000282663430077e+00 -1.893954227509058e-03 -9.111534988681439e-04 -1.007702460621795e+00
18 25 -1.000282469709503e+00 -1.893757704398409e-03 -9.111756995401696e-04 -1.007703669550544e+00
18 26 -1.000282379893954e+00 -1.893818832248989e-03 -9.109998090984031e-04 -1.007704041355080e+00
18 27 -1.000282396693680e+00 -1.894136478431298e-03 -9.106262718647537e-04 -1.007703560593550e+00
18 28 -1.000282518281158e+00 -1.894698335199520e-03 -9.100680829148441e-04 -1.007702247804084e+00
18 29 -1.000282738546345e+00 -1.895481438116804e-03 -9.093504186204279e-04 -1.007700158309685e+00
18 30 -1.000283047572934e+00 -1.896453330379192e-03 -9.085089449768465e-04 -1.007697379126556e+00
18 31 -1.000283432270633e+00 -1.897573755803274e-03 -9.075870340586955e-04 -1.007694024337352e+00
19 0 -1.000283400285061e+00 -1.898918230866742e-03 -9.050786908238955e-04 -1.007690786926317e+00
19 1 -1.000283885245206e+00 -1.900185784046001e-03 -9.041492695983385e-04 -1.007686722714613e+00
19 2 -1.000284396384776e+00 -1.901459586358375e-03 -9.032759023913965e-04 -1.007682515324258e+00
19 3 -1.000284914990651e+00 -1.902689903385497e-03 -9.024973816674363e-04 -1.007678326377607e+00
19 4 -1.000285422426269e+00 -1.903829683869089e-03 -9.018445913788397e-04 -1.007674314446418e+00
19 5 -1.000285900633401e+00 -1.904836283233389e-03 -9.013393219631402e-04 -1.007670629453107e+00
19 6 -1.000286332596996e+00 -1.905672916844249e-03 -9.009939993059795e-04 -1.007667407577347e+00
19 7 -1.000286702790435e+00 -1.906309812571440e-03 -9.008122323984145e-04 -1.007664766778734e+00
19 8 -1.000286997613698e+00 -1.906725041459136e-03 -9.007900206945783e-04 -1.007662803039812e+00
19 9 -1.000287205829588e+00 -1.906905021991867e-03 -9.009174162990197e-04 -1.007661587403191e+00
19 10 -1.000287318993230e+00 -1.906844715309070e-03 -9.011804038780236e-04 -1.007661163832720e+00
19 11 -1.000287331857748e+00 -1.906547548017958e-03 -9.015627449846105e-04 -1.007661547895053e+00
19 12 -1.000287242725830e+00 -1.906025108480169e-03 -9.020475404638653e-04 -1.007662726250317e+00
19 13 -1.000287053706659e+00 -1.905296658963965e-03 -9.026183023738840e-04 -1.007664656956890e+00
19 14 -1.000286770834424e+00 -1.904388492929027e-03 -9.032593992439435e-04 -1.007667270617626e+00
19 15 -1.000286404010968e+00 -1.903333150446591e-03 -9.039558418739861e-04 -1.007670472401913e+00
19 16 -1.000285966750296e+00 -1.902168491894762e-03 -9.046924980226058e-04 -1.007674144956917e+00
19 17 -1.000285475722941e+00 -1.900936624195823e-03 -9.054529419253088e-04 -1.007678152175798e+00
19 18 -1.000284950118181e+00 -1.899682674252164e-03 -9.062182349132070e-04 -1.007682343739189e+00
19 19 -1.000284410856933e+00 -1.898453407328570e-03 -9.069659767536063e-04 -1.007686560311168e+00
19 20 -1.000283879695742e+00 -1.897295691570809e-03 -9.076699514101633e-04 -1.007690639262708e+00
19 21 -1.000283378264503e+00 -1.896254816108106e-03 -9.083006116409816e-04 -1.007694420800727e+00
19 22 -1.000282927081681e+00 -1.895372685915591e-03 -9.088265099077418e-04 -1.007697754368021e+00
19 23 -1.000282544594670e+00 -1.894685947235950e-03 -9.092166068606003e-04 -1.007700505121097e+00
19 24 -1.000282246299867e+00 -1.894224140777355e-03 -9.094432047475375e-04 -1.007702560188080e+00
19 25 -1.000282044003036e+00 -1.894008024421619e-03 -9.094851005487750e-04 -1.007703834291874e+00
19 26 -1.000281945279771e+00 -1.894048235453291e-03 -9.093304688248233e-04 -1.007704274249810e+00
19 27 -1.000281953183690e+00 -1.894344458930279e-03 -9.089789908124351e-04 -1.007703861880469e+00
19 28 -1.000282066225887e+00 -1.894885227340561e-03 -9.084428484210378e-04 -1.007702614980308e+00
19 29 -1.000282278617316e+00 -1.895648403297853e-03 -9.077463816130756e-04 -1.007700586254676e+00
19 30 -1.000282580733590e+00 -1.896602309196854e-03 -9.069244274974082e-04 -1.007697860341904e+00
19 31 -1.000282959737556e+00 -1.897707388342338e-03 -9.060195706114341e-04 -1.007694549284837e+00
20 0 -1.000282868835356e+00 -1.898873443847030e-03 -9.043076995583399e-04 -1.007691617492837e+00
20 1 -1.000283350044199e+00 -1.900130561433015e-03 -9.033876373726905e-04 -1.007687580917302e+00
20 2 -1.000283859025545e+00 -1.901397604374300e-03 -9.025197280873131e-04 -1.007683388960406e+00
20 3 -1.000284377146838e+00 -1.902625081927430e-03 -9.017425112383395e-04 -1.007679202772130e+00
20 4 -1.000284885795698e+00 -1.903766040979769e-03 -9.010867885692420e-04 -1.007675180903344e+00
20 5 -1.000285366880244e+00 -1.904777787689012e-03 -9.005744467006563e-04 -1.007671473693747e+00
20 6 -1.000285803293294e+00 -1.905623342811812e-03 -9.002181849345847e-04 -1.007668218158353e+00
20 7 -1.000286179358049e+00 -1.906272600301561e-03 -9.000220524858202e-04 -1.007665533484349e+00
20 8 -1.000286481268357e+00 -1.906703168275969e-03 -8.999826364577631e-04 -1.007663517241574e+00
20 9 -1.000286697529356e+00 -1.906900888235318e-03 -9.000906967954889e-04 -1.007662242377698e+00
20 10 -1.000286819394257e+00 -1.906860050117942e-03 -9.003330126872319e-04 -1.007661755025277e+00
20 11 -1.000286841280422e+00 -1.906583339651996e-03 -9.006941888930109e-04 -1.007662073115352e+00
20 12 -1.000286761134310e+00 -1.906081563057168e-03 -9.011581778729366e-04 -1.007663185786837e+00
20 13 -1.000286580704080e+00 -1.905373189997865e-03 -9.017093120915460e-04 -1.007665053599704e+00
20 14 -1.000286305674959e+00 -1.904483742159215e-03 -9.023327136351631e-04 -1.007667609584255e+00
20 15 -1.000285945628549e+00 -1.903445038661935e-03 -9.030140509232114e-04 -1.007670761166406e+00
20 16 -1.000285513802546e+00 -1.902294297220299e-03 -9.037387318328673e-04 -1.007674392987122e+00
20 17 -1.000285026647871e+00 -1.901073084651308e-03 -9.044907388283498e-04 -1.007678370587350e+00
20 18 -1.000284503200569e+00 -1.899826110950032e-03 -9.052514017118869e-04 -1.007682544877487e+00
20 19 -1.000283964300854e+00 -1.898599864121060e-03 -9.059984471679843e-04 -1.007686757275588e+00
20 20 -1.000283431699537e+00 -1.897441086301877e-03 -9.067056480643667e-04 -1.007690845390403e+00
20 21 -1.000282927094543e+00 -1.896395098110294e-03 -9.073433153204158e-04 -1.007694649130107e+00
20 22 -1.000282471141601e+00 -1.895503994085848e-03 -9.078797376972840e-04 -1.007698017104100e+00
20 23 -1.000282082487279e+00 -1.894804762742854e-03 -9.082834992939462e-04 -1.007700813126424e+00
20 24 -1.000281776879418e+00 -1.894327428076259e-03 -9.085264220619618e-04 -1.007702922524156e+00
20 25 -1.000281566416068e+00 -1.894093354014807e-03 -9.085867293052053e-04 -1.007704257835845e+00
20 26 -1.000281458993284e+00 -1.894113882158882e-03 -9.084519416326251e-04 -1.007704763408644e+00
20 27 -1.000281458000008e+00 -1.894389470537495e-03 -9.081210229787989e-04 -1.007704418419178e+00
20 28 -1.000281562284297e+00 -1.894909460268128e-03 -9.076053958015999e-04 -1.007703237972849e+00
20 29 -1.000281766383156e+00 -1.895652523894880e-03 -9.069286238047241e-04 -1.007701272157371e+00
20 30 -1.000282060976009e+00 -1.896587761368468e-03 -9.061247798329881e-04 -1.007698603180599e+00
20 31 -1.000282433497519e+00 -1.897676330082167e-03 -9.052357272379661e-04 -1.007695340939695e+00
21 0 -1.000282302017812e+00 -1.898663997206197e-03 -9.043430782123145e-04 -1.007692694302137e+00
21 1 -1.000282778539177e+00 -1.899909012670916e-03 -9.034313878452346e-04 -1.007688691859149e+00
21 2 -1.000283284286680e+00 -1.901167160969390e-03 -9.025683983372562e-04 -1.007684523067342e+00
21 3 -1.000283800748381e+00 -1.902389271458339e-03 -9.017924317460375e-04 -1.007680348313170e+00
21 4 -1.000284309381718e+00 -1.903528585988938e-03 -9.011342175970960e-04 -1.007676325784828e+00
21 5 -1.000284792110765e+00 -1.904542475532669e-03 -9.006157212435160e-04 -1.007672605859577e+00
21 6 -1.000285231787686e+00 -1.905393892770815e-03 -9.002498708320742e-04 -1.007669325986927e+00
21 7 -1.000285612636320e+00 -1.906052530245400e-03 -9.000410872254075e-04 -1.007666606180214e+00
21 8 -1.000285920691755e+00 -1.906495663972254e-03 -8.999864582628581e-04 -1.007664545217134e+00
21 9 -1.000286144242547e+00 -1.906708679677770e-03 -9.000773536241715e-04 -1.007663217615344e+00
21 10 -1.000286274272246e+00 -1.906685300396872e-03 -9.003012450597755e-04 -1.007662671405110e+00
21 11 -1.000286304883954e+00 -1.906427552444440e-03 -9.006434813851668e-04 -1.007662926689930e+00
21 12 -1.000286233677576e+00 -1.905945514570318e-03 -9.010887759112392e-04 -1.007663974983215e+00
21 13 -1.000286062038018e+00 -1.905256890090421e-03 -9.016222033342955e-04 -1.007665779331097e+00
21 14 -1.000285795288249e+00 -1.904386427485697e-03 -9.022295761831206e-04 -1.007668275259018e+00
21 15 -1.000285442666805e+00 -1.903365198470390e-03 -9.028971729897538e-04 -1.007671372589276e+00
21 16 -1.000285017104677e+00 -1.902229730500038e-03 -9.036109087591933e-04 -1.007674958154715e+00
21 17 -1.000284534797352e+00 -1.901020985962995e-03 -9.043551537304105e-04 -1.007678899385477e+00
21 18 -1.000284014588428e+00 -1.899783181237716e-03 -9.051114962351929e-04 -1.007683048692479e+00
21 19 -1.000283477196542e+00 -1.898562441789836e-03 -9.058577888759844e-04 -1.007687248536146e+00
21 20 -1.000282944325512e+00 -1.897405292940822e-03 -9.065678002875514e-04 -1.007691337060292e+00
21 21 -1.000282437700567e+00 -1.896356992773489e-03 -9.072117135404211e-04 -1.007695154174341e+00
21 22 -1.000281978075281e+00 -1.895459730011381e-03 -9.077575744654326e-04 -1.007698547952142e+00
21 23 -1.000281584257982e+00 -1.894750740398670e-03 -9.081736184518174e-04 -1.007701381156354e+00
21 24 -1.000281272213319e+00 -1.894260438254004e-03 -9.084312230499105e-04 -1.007703537592055e+00
21 25 -1.000281054300581e+00 -1.894010704649537e-03 -9.085080830481606e-04 -1.007704927873889e+00
21 26 -1.000280938709772e+00 -1.894013503067366e-03 -9.083911202390050e-04 -1.007705494112310e+00
21 27 -1.000280929144293e+00 -1.894269991371447e-03 -9.080786461757625e-04 -1.007705213038634e+00
21 28 -1.000281024775007e+00 -1.894770258386949e-03 -9.075813976554470e-04 -1.007704097217117e+00
21 29 -1.000281220458368e+00 -1.895493740461725e-03 -9.069222433694004e-04 -1.007702194212618e+00
21 30 -1.000281507179034e+00 -1.896410285880284e-03 -9.061345783837534e-04 -1.007699583836164e+00
21 31 -1.000281872653097e+00 -1.897481755641000e-03 -9.052596328856803e-04 -1.007696373807769e+00
22 0 -1.000281720611837e+00 -1.898297367602579e-03 -9.051775792427002e-04 -1.007693982868876e+00
22 1 -1.000282191658080e+00 -1.899529006021584e-03 -9.042731186729346e-04 -1.007690019970549e+00
22 2 -1.000282693190823e+00 -1.900776396514997e-03 -9.034144689553816e-04 -1.007685881400531e+00
22 3 -1.000283206855642e+00 -1.901990755275038e-03 -9.026397749253568e-04 -1.007681726510823e+00
22 4 -1.000283714223946e+00 -1.903125610811437e-03 -9.019797039863601e-04 -1.007677712790865e+00
22 5 -1.000284197285563e+00 -1.904138512411677e-03 -9.014562777733793e-04 -1.007673990267809e+00
22 6 -1.000284638905400e+00 -1.904992475050761e-03 -9.010825987804148e-04 -1.007670696404062e+00
22 7 -1.000285023262530e+00 -1.905657130623413e-03 -9.008633764608599e-04 -1.007667951604313e+00
22 8 -1.000285336286338e+00 -1.906109566664044e-03 -9.007960936942603e-04 -1.007665855428580e+00
22 9 -1.000285566097556e+00 -1.906334851632473e-03 -9.008726089634801e-04 -1.007664483570788e+00
22 10 -1.000285703451953e+00 -1.906326267418029e-03 -9.010809584085653e-04 -1.007663885617573e+00
22 11 -1.000285742171276e+00 -1.906085287373600e-03 -9.014071074813767e-04 -1.007664083572475e+00
22 12 -1.000285679531382e+00 -1.905621345010474e-03 -9.018364111697377e-04 -1.007665071130953e+00
22 13 -1.000285516565302e+00 -1.904951432380734e-03 -9.023545817266058e-04 -1.007666813717807e+00
22 14 -1.000285258234016e+00 -1.904099551910722e-03 -9.029480361119259e-04 -1.007669249330047e+00
22 15 -1.000284913422911e+00 -1.903096028358045e-03 -9.036035973207292e-04 -1.007672290240288e+00
22 16 -1.000284494737159e+00 -1.901976675426949e-03 -9.043076418951472e-04 -1.007675825594420e+00
22 17 -1.000284018090269e+00 -1.900781807128122e-03 -9.050449009374624e-04 -1.007679724888472e+00
22 18 -1.000283502100960e+00 -1.899555085314636e-03 -9.057972112361178e-04 -1.007683842255111e+00
22 19 -1.000282967329300e+00 -1.898342198205797e-03 -9.065425558544136e-04 -1.007688021453744e+00
22 20 -1.000282435391743e+00 -1.897189368576286e-03 -9.072547158289203e-04 -1.007692101447840e+00
22 21 -1.000281927998118e+00 -1.896141697590839e-03 -9.079037728671204e-04 -1.007695922454638e+00
22 22 -1.000281465955773e+00 -1.895241367067618e-03 -9.084575650304187e-04 -1.007699332335954e+00
22 23 -1.000281068190342e+00 -1.894525753907240e-03 -9.088840229203370e-04 -1.007702193138515e+00
22 24 -1.000280750839474e+00 -1.894025553685516e-03 -9.091541330879390e-04 -1.007704387486200e+00
22 25 -1.000280526481873e+00 -1.893763055277157e-03 -9.092451252133440e-04 -1.007705824406317e+00
22 26 -1.000280403563209e+00 -1.893750737916552e-03 -9.091433957086273e-04 -1.007706444092401e+00
22 27 -1.000280386068292e+00 -1.893990360266091e-03 -9.088466868976390e-04 -1.007706221119337e+00
22 28 -1.000280473464536e+00 -1.894472670776012e-03 -9.083651421337330e-04 -1.007705165754219e+00
22 29 -1.000280660909652e+00 -1.895177796110711e-03 -9.077210348844713e-04 -1.007703323225575e+00
22 30 -1.000280939684280e+00 -1.896076277359982e-03 -9.069471868073466e-04 -1.007700771066276e+00
22 31 -1.000281297786123e+00 -1.897130644544073e-03 -9.060842991780854e-04 -1.007697614862460e+00
23 0 -1.000281146259734e+00 -1.897786678207492e-03 -9.067740955903771e-04 -1.007695441263962e+00
23 1 -1.000281611218007e+00 -1.899004095154400e-03 -9.058756347029589e-04 -1.007691522055759e+00
23 2 -1.000282107681592e+00 -1.900239194314469e-03 -9.050207572513222e-04 -1.007687419857295e+00
23 3 -1.000282617486165e+00 -1.901443633747807e-03 -9.042474726933154e-04 -1.007683292744420e+00
23 4 -1.000283122358455e+00 -1.902571312254541e-03 -9.035863945255069e-04 -1.007679297188603e+00
23 5 -1.000283604402596e+00 -1.903580066580154e-03 -9.030595729104287e-04 -1.007675582484079e+00
23 6 -1.000284046550008e+00 -1.904433103784547e-03 -9.026802216241206e-04 -1.007672285677587e+00
23 7 -1.000284432991675e+00 -1.905100139408626e-03 -9.024532435841921e-04 -1.007669527111022e+00
23 8 -1.000284749608386e+00 -1.905558224244971e-03 -9.023763949172377e-04 -1.007667406668413e+00
23 9 -1.000284984407982e+00 -1.905792260994705e-03 -9.024418817419766e-04 -1.007666000779297e+00
23 10 -1.000285127968726e+00 -1.905795233888557e-03 -9.026381528706676e-04 -1.007665360184538e+00
23 11 -1.000285173874381e+00 -1.905568191654258e-03 -9.029516376633003e-04 -1.007665508442011e+00
23 12 -1.000285119111368e+00 -1.905120029980523e-03 -9.033681881410395e-04 -1.007666441153481e+00
23 13 -1.000284964385392e+00 -1.904467112112102e-03 -9.038740251385148e-04 -1.007668125925164e+00
23 14 -1.000284714309216e+00 -1.903632749736775e-03 -9.044560622029878e-04 -1.007670503110308e+00
23 15 -1.000284377418075e+00 -1.902646548504083e-03 -9.051015833287031e-04 -1.007673487396858e+00
23 16 -1.000283965984143e+00 -1.901543610038139e-03 -9.057973687596031e-04 -1.007676970283439e+00
23 17 -1.000283495622500e+00 -1.900363577804272e-03 -9.065284777477129e-04 -1.007680823438410e+00
23 18 -1.000282984702290e+00 -1.899149515823708e-03 -9.072769858944362e-04 -1.007684902881387e+00
23 19 -1.000282453593107e+00 -1.897946613229516e-03 -9.080210169491438e-04 -1.007689053887749e+00
23 20 -1.000281923785955e+00 -1.896800712237885e-03 -9.087343908903510e-04 -1.007693116503616e+00
23 21 -1.000281416932079e+00 -1.895756665007021e-03 -9.093871279852904e-04 -1.007696931558040e+00
23 22 -1.000280953845369e+00 -1.894856542166243e-03 -9.099469100684709e-04 -1.007700347041038e+00
23 23 -1.000280553518637e+00 -1.894137747253212e-03 -9.103814252981045e-04 -1.007703224654079e+00
23 24 -1.000280232210962e+00 -1.893631134890057e-03 -9.106613418875906e-04 -1.007705446232330e+00
23 25 -1.000280002669261e+00 -1.893359275322547e-03 -9.107635069227494e-04 -1.007706919617540e+00
23 26 -1.000279873546155e+00 -1.893335037139654e-03 -9.106738834626946e-04 -1.007707583481607e+00
23 27 -1.000279849063732e+00 -1.893560658043943e-03 -9.103897458785233e-04 -1.007707410614436e+00
23 28 -1.000279928948347e+00 -1.894027433666697e-03 -9.099207537827738e-04 -1.007706409316223e+00
23 29 -1.000280108629534e+00 -1.894716082545106e-03 -9.092887013448476e-04 -1.007704622751778e+00
23 30 -1.000280379663997e+00 -1.895597758666353e-03 -9.085259551197796e-04 -1.007702126376307e+00
23 31 -1.000280730321583e+00 -1.896635603678861e-03 -9.076728030991973e-04 -1.007699023759490e+00
24 0 -1.000280600748136e+00 -1.897150353461837e-03 -9.090678511235922e-04 -1.007697020537140e+00
24 1 -1.000281059205430e+00 -1.898353170512275e-03 -9.081741126751169e-04 -1.007693147725768e+00
24 2 -1.000281549904350e+00 -1.899574832343859e-03 -9.073224786273719e-04 -1.007689086906411e+00
24 3 -1.000282054897766e+00 -1.900767480308248e-03 -9.065508637111441e-04 -1.007684994675352e+00
24 4 -1.000282556104861e+00 -1.901885455943726e-03 -9.058898328255665e-04 -1.007681026195717e+00
24 5 -1.000283035789761e+00 -1.902886984161933e-03 -9.053614323324668e-04 -1.007677329664885e+00
24 6 -1.000283477002778e+00 -1.903735588742021e-03 -9.049789175025385e-04 -1.007674041293205e+00
24 7 -1.000283864003791e+00 -1.904401211870629e-03 -9.047472799927233e-04 -1.007671280901184e+00
24 8 -1.000284182684353e+00 -1.904861022456995e-03 -9.046644144255226e-04 -1.007669148220469e+00
24 9 -1.000284420998870e+00 -1.905099916915027e-03 -9.047227171553909e-04 -1.007667719942602e+00
24 10 -1.000284569405232e+00 -1.905110738267336e-03 -9.049108790536549e-04 -1.007667047512196e+00
24 11 -1.000284621301648e+00 -1.904894256648442e-03 -9.052156199512636e-04 -1.007667155632936e+00
24 12 -1.000284573430636e+00 -1.904458959085832e-03 -9.056231226173215e-04 -1.007668041462143e+00
24 13 -1.000284426207382e+00 -1.903820687285759e-03 -9.061199659402074e-04 -1.007669674506253e+00
24 14 -1.000284183923238e+00 -1.903002144148609e-03 -9.066934321649393e-04 -1.007671997270470e+00
24 15 -1.000283854779333e+00 -1.902032271017535e-03 -9.073311660263667e-04 -1.007674926733898e+00
24 16 -1.000283450719859e+00 -1.900945484783229e-03 -9.080202815852049e-04 -1.007678356703281e+00
24 17 -1.000282987055656e+00 -1.899780759250561e-03 -9.087461268779359e-04 -1.007682161050835e+00
24 18 -1.000282481890200e+00 -1.898580536827322e-03 -9.094910052740507e-04 -1.007686197785910e+00
24 19 -1.000281955376994e+00 -1.897389461089855e-03 -9.102331949539550e-04 -1.007690313869123e+00
24 20 -1.000281428847318e+00 -1.896252926298463e-03 -9.109465897083137e-04 -1.007694350661139e+00
24 21 -1.000280923851797e+00 -1.895215448871781e-03 -9.116012011982245e-04 -1.007698149893988e+00
24 22 -1.000280461162173e+00 -1.894318883979278e-03 -9.121646231380850e-04 -1.007701560031901e+00
24 23 -1.000280059784471e+00 -1.893600542390433e-03 -9.126043822418330e-04 -1.007704442824811e+00
24 24 -1.000279736041828e+00 -1.893091306439930e-03 -9.128909203669820e-04 -1.007706679749711e+00
24 25 -1.000279502790802e+00 -1.892813888470256e-03 -9.130008037956068e-04 -1.007708177915510e+00
24 26 -1.000279368833595e+00 -1.892781403860335e-03 -9.129196732142979e-04 -1.007708874929659e+00
24 27 -1.000279338575807e+00 -1.892996428675512e-03 -9.126444543999046e-04 -1.007708742238992e+00
24 28 -1.000279411954844e+00 -1.893450672476364e-03 -9.121844491619288e-04 -1.007707786582860e+00
24 29 -1.000279584632137e+00 -1.894125325478785e-03 -9.115611018394831e-04 -1.007706049412618e+00
24 30 -1.000279848410268e+00 -1.894992052777615e-03 -9.108064528394941e-04 -1.007703604382708e+00
24 31 -1.000280191812024e+00 -1.896014528945722e-03 -9.099605005372420e-04 -1.007700553236162e+00
25 0 -1.000280105216807e+00 -1.896411596514253e-03 -9.119694186483550e-04 -1.007698665509194e+00
25 1 -1.000280556982375e+00 -1.897599931523265e-03 -9.110790931003744e-04 -1.007694840209333e+00
25 2 -1.000281041411733e+00 -1.898807454011349e-03 -9.102302088796929e-04 -1.007690824403902e+00
25 3 -1.000281540795354e+00 -1.899986814492370e-03 -9.094606239306718e-04 -1.007686773053678e+00
25 4 -1.000282037276267e+00 -1.901092855421462e-03 -9.088008568569914e-04 -1.007682839764085e+00
25 5 -1.000282513319626e+00 -1.902084278146726e-03 -9.082729143532763e-04 -1.007679171304967e+00
25 6 -1.000282952143723e+00 -1.902925038029592e-03 -9.078900185532714e-04 -1.007675902653022e+00
25 7 -1.000283338132699e+00 -1.903585440550686e-03 -9.076571384337917e-04 -1.007673152660486e+00
25 8 -1.000283657248616e+00 -1.904042925233057e-03 -9.075721637651246e-04 -1.007671020428553e+00
25 9 -1.000283897454465e+00 -1.904282543837749e-03 -9.076275132829475e-04 -1.007669582420612e+00
25 10 -1.000284049149804e+00 -1.904297161817613e-03 -9.078119367770469e-04 -1.007668890301942e+00
25 11 -1.000284105606937e+00 -1.904087429145380e-03 -9.081122562818770e-04 -1.007668969464790e+00
25 12 -1.000284063379318e+00 -1.903661570581668e-03 -9.085148022368601e-04 -1.007669818208011e+00
25 13 -1.000283922639439e+00 -1.903035034745710e-03 -9.090063434310498e-04 -1.007671407582144e+00
25 14 -1.000283687396168e+00 -1.902230021681060e-03 -9.095743859611374e-04 -1.007673681957280e+00
25 15 -1.000283365545059e+00 -1.901274888711726e-03 -9.102068200213564e-04 -1.007676560393173e+00
25 16 -1.000282968719451e+00 -1.900203420916405e-03 -9.108910113291327e-04 -1.007679938874994e+00
25 17 -1.000282511931165e+00 -1.899053947529030e-03 -9.116125484447398e-04 -1.007683693431337e+00
25 18 -1.000282013011345e+00 -1.897868287092905e-03 -9.123539467097360e-04 -1.007687684095225e+00
25 19 -1.000281491879249e+00 -1.896690509013713e-03 -9.130936526710775e-04 -1.007691759626125e+00
25 20 -1.000280969677370e+00 -1.895565505709450e-03 -9.138056742748118e-04 -1.007695762890759e+00
25 21 -1.000280467816535e+00 -1.894537379949627e-03 -9.144600776670485e-04 -1.007699536791301e+00
25 22 -1.000280006978159e+00 -1.893647671319034e-03 -9.150244504249173e-04 -1.007702930604583e+00
25 23 -1.000279606125978e+00 -1.892933478169920e-03 -9.154662550848946e-04 -1.007705806530427e+00
25 24 -1.000279281586432e+00 -1.892425574939825e-03 -9.157558169180697e-04 -1.007708046139878e+00
25 25 -1.000279046262123e+00 -1.892146668780839e-03 -9.158695417991235e-04 -1.007709556296175e+00
25 26 -1.000278909040928e+00 -1.892109967884628e-03 -9.157928774473608e-04 -1.007710274045409e+00
25 27 -1.000278874450370e+00 -1.892318231738278e-03 -9.155225373079743e-04 -1.007710169988625e+00
25 28 -1.000278942582291e+00 -1.892763434172515e-03 -9.150676055918810e-04 -1.007709249772640e+00
25 29 -1.000279109280823e+00 -1.893427098975690e-03 -9.144493175426661e-04 -1.007707553552244e+00
25 30 -1.000279366554690e+00 -1.894281281652453e-03 -9.136995248680634e-04 -1.007705153526750e+00
25 31 -1.000279703150906e+00 -1.895290091666561e-03 -9.128580658895830e-04 -1.007702149870809e+00
26 0 -1.000279679316767e+00 -1.895597679245898e-03 -9.153683674031256e-04 -1.007700316075881e+00
26 1 -1.000280124440025e+00 -1.896772167741177e-03 -9.144801063938996e-04 -1.007696537688755e+00
26 2 -1.000280602314718e+00 -1.897965343935154e-03 -9.136334848873478e-04 -1.007692568946895e+00
26 3 -1.000281095481371e+00 -1.899130375856183e-03 -9.128663391127284e-04 -1.007688563076343e+00
26 4 -1.000281586330922e+00 -1.900222647958238e-03 -9.122091409752666e-04 -1.007684671928274e+00
26 5 -1.000282057564120e+00 -1.901201410176643e-03 -9.116838190691869e-04 -1.007681040561647e+00
26 6 -1.000282492611082e+00 -1.902031149951088e-03 -9.113034852026746e-04 -1.007677802361804e+00
26 7 -1.000282876031940e+00 -1.902682660943408e-03 -9.110729716429332e-04 -1.007675074795048e+00
26 8 -1.000283193917258e+00 -1.903133797447821e-03 -9.109900171111443e-04 -1.007672955870614e+00
26 9 -1.000283434300993e+00 -1.903369924062483e-03 -9.110468911944152e-04 -1.007671521335494e+00
26 10 -1.000283587589060e+00 -1.903384093085339e-03 -9.112322140495733e-04 -1.007670822578207e+00
26 11 -1.000283646992546e+00 -1.903176998954978e-03 -9.115327138080370e-04 -1.007670885190813e+00
26 12 -1.000283608938054e+00 -1.902756762177092e-03 -9.119346752783175e-04 -1.007671708151512e+00
26 13 -1.000283473412541e+00 -1.902138583196850e-03 -9.124248771104115e-04 -1.007673263636238e+00
26 14 -1.000283244192047e+00 -1.901344285485840e-03 -9.129908916868367e-04 -1.007675497519323e+00
26 15 -1.000282928906591e+00 -1.900401745791138e-03 -9.136207263918871e-04 -1.007678330650048e+00
26 16 -1.000282538907448e+00 -1.899344195012489e-03 -9.143019037790720e-04 -1.007681660978939e+00
26 17 -1.000282088923850e+00 -1.898209367651335e-03 -9.150201934947088e-04 -1.007685366562187e+00
26 18 -1.000281596518052e+00 -1.897038479261481e-03 -9.157582989949019e-04 -1.007689309416264e+00
26 19 -1.000281081365366e+00 -1.895875016616445e-03 -9.164948454771258e-04 -1.007693340150177e+00
26 20 -1.000280564396963e+00 -1.894763332896835e-03 -9.172039964150032e-04 -1.007697303278598e+00
26 21 -1.000280066849259e+00 -1.893747052008211e-03 -9.178559406920446e-04 -1.007701043104994e+00
26 22 -1.000279609267925e+00 -1.892867306728056e-03 -9.184183504210186e-04 -1.007704410034480e+00
26 23 -1.000279210519880e+00 -1.892160868365993e-03 -9.188587331149272e-04 -1.007707267108734e+00
26 24 -1.000278886873356e+00 -1.891658268958820e-03 -9.191474217945635e-04 -1.007709496448752e+00
26 25 -1.000278651210899e+00 -1.891382060586300e-03 -9.192607983514931e-04 -1.007711005175419e+00
26 26 -1.000278512438051e+00 -1.891345384410112e-03 -9.191842627394330e-04 -1.007711730303907e+00
26 27 -1.000278475137190e+00 -1.891551019681587e-03 -9.189144665134287e-04 -1.007711642123928e+00
26 28 -1.000278539491310e+00 -1.891991043579605e-03 -9.184604284237055e-04 -1.007710745703834e+00
26 29 -1.000278701470391e+00 -1.892647161853798e-03 -9.178433248740386e-04 -1.007709080371669e+00
26 30 -1.000278953241146e+00 -1.893491684419726e-03 -9.170949631984122e-04 -1.007706717275522e+00
26 31 -1.000279283737194e+00 -1.894489041067066e-03 -9.162551551191307e-04 -1.007703755341313e+00
27 0 -1.000279340355319e+00 -1.894739047300361e-03 -9.191373630673393e-04 -1.007701909091037e+00
27 1 -1.000279779136880e+00 -1.895900849730336e-03 -9.182497609799630e-04 -1.007698175231948e+00
27 2 -1.000280250415602e+00 -1.897080007536511e-03 -9.174048762520435e-04 -1.007694253842839e+00
27 3 -1.000280736985301e+00 -1.898230195434728e-03 -9.166405560701566e-04 -1.007690296380878e+00
27 4 -1.000281221500012e+00 -1.899307361346378e-03 -9.159872231886810e-04 -1.007686452810410e+00
27 5 -1.000281686922462e+00 -1.900271356405496e-03 -9.154666886680765e-04 -1.007682866257005e+00
27 6 -1.000282116931287e+00 -1.901087281774233e-03 -9.150918775413813e-04 -1.007679668212468e+00
27 7 -1.000282496308565e+00 -1.901726526937731e-03 -9.148673738415122e-04 -1.007676974386832e+00
27 8 -1.000282811327285e+00 -1.902167490629580e-03 -9.147906225053616e-04 -1.007674881271791e+00
27 9 -1.000283050152726e+00 -1.902395997144014e-03 -9.148535756916321e-04 -1.007673463431405e+00
27 10 -1.000283203262102e+00 -1.902405444137126e-03 -9.150445374482745e-04 -1.007672771485397e+00
27 11 -1.000283263872659e+00 -1.902196734592484e-03 -9.153499461822890e-04 -1.007672830724644e+00
27 12 -1.000283228351427e+00 -1.901778047925747e-03 -9.157558457881373e-04 -1.007673640314265e+00
27 13 -1.000283096564190e+00 -1.901164492119484e-03 -9.162488400214975e-04 -1.007675173089739e+00
27 14 -1.000282872112741e+00 -1.900377656254213e-03 -9.168164022700486e-04 -1.007677376007496e+00
27 15 -1.000282562411780e+00 -1.899445059953072e-03 -9.174465184260749e-04 -1.007680171343013e+00
27 16 -1.000282178570187e+00 -1.898399480390253e-03 -9.181267610121613e-04 -1.007683458720518e+00
27 17 -1.000281735061980e+00 -1.897278131263736e-03 -9.188430092444005e-04 -1.007687118014906e+00
27 18 -1.000281249194323e+00 -1.896121669770007e-03 -9.195781202939544e-04 -1.007691013109290e+00
27 19 -1.000280740398090e+00 -1.894973013667276e-03 -9.203109003299905e-04 -1.007694996443935e+00
27 20 -1.000280229378384e+00 -1.893875959081724e-03 -9.210157048455113e-04 -1.007698914264335e+00
27 21 -1.000279737168964e+00 -1.892873602556310e-03 -9.216629122473425e-04 -1.007702612457947e+00
27 22 -1.000279284139275e+00 -1.892006592481077e-03 -9.222203721459180e-04 -1.007705942836091e+00
27 23 -1.000278889008355e+00 -1.891311268830718e-03 -9.226557522410833e-04 -1.007708769647550e+00
27 24 -1.000278567926554e+00 -1.890817793625454e-03 -9.229395266963292e-04 -1.007710976003849e+00
27 25 -1.000278333690503e+00 -1.890548417538231e-03 -9.230482004862921e-04 -1.007712469782686e+00
27 26 -1.000278195154108e+00 -1.890516055290835e-03 -9.229672818682224e-04 -1.007713188505187e+00
27 27 -1.000278156884775e+00 -1.890723339678805e-03 -9.226935212332410e-04 -1.007713102700828e+00
27 28 -1.000278219089155e+00 -1.891162284771339e-03 -9.222360332019953e-04 -1.007712217400270e+00
27 29 -1.000278377800616e+00 -1.891814618313229e-03 -9.216160929663124e-04 -1.007710571610841e+00
27 30 -1.000278625288884e+00 -1.892652757826836e-03 -9.208656124856747e-04 -1.007708235877708e+00
27 31 -1.000278950628797e+00 -1.893641325976023e-03 -9.200245119811692e-04 -1.007705308248795e+00
28 0 -1.000279102478675e+00 -1.893868257748299e-03 -9.231365783039224e-04 -1.007703380803294e+00
28 1 -1.000279535471995e+00 -1.895019046782822e-03 -9.222481538652422e-04 -1.007699687296845e+00
28 2 -1.000280000372868e+00 -1.896185070376843e-03 -9.214043910801868e-04 -1.007695811674149e+00
28 3 -1.000280480221503e+00 -1.897320478979273e-03 -9.206431789777644e-04 -1.007691903660534e+00
28 4 -1.000280957940059e+00 -1.898381783696372e-03 -9.199948881832619e-04 -1.007688111274673e+00
28 5 -1.000281416769880e+00 -1.899329466748531e-03 -9.194811746075253e-04 -1.007684575559759e+00
28 6 -1.000281840665830e+00 -1.900129301690457e-03 -9.191147048956227e-04 -1.007681425882393e+00
28 7 -1.000282214670005e+00 -1.900753359219400e-03 -9.188997109591073e-04 -1.007678775890512e+00
28 8 -1.000282525285385e+00 -1.901180691898783e-03 -9.188332107018889e-04 -1.007676720187640e+00
28 9 -1.000282760864496e+00 -1.901397713591163e-03 -9.189066808202083e-04 -1.007675331730144e+00
28 10 -1.000282912018602e+00 -1.901398313225795e-03 -9.191079328982542e-04 -1.007674659902660e+00
28 11 -1.000282972038652e+00 -1.901183759010774e-03 -9.194229288778111e-04 -1.007674729201807e+00
28 12 -1.000282937301871e+00 -1.900762450847254e-03 -9.198372831922988e-04 -1.007675538476481e+00
28 13 -1.000282807621972e+00 -1.900149564556114e-03 -9.203372428592371e-04 -1.007677060726485e+00
28 14 -1.000282586491893e+00 -1.899366607633019e-03 -9.209100152017158e-04 -1.007679243521618e+00
28 15 -1.000282281169734e+00 -1.898440881846856e-03 -9.215434197463644e-04 -1.007682010139654e+00
28 16 -1.000281902571268e+00 -1.897404830749718e-03 -9.222249627209795e-04 -1.007685261516907e+00
28 17 -1.000281464952793e+00 -1.896295243211116e-03 -9.229405500927220e-04 -1.007688879063479e+00
28 18 -1.000280985390248e+00 -1.895152285897226e-03 -9.236731461177868e-04 -1.007692728337025e+00
28 19 -1.000280483079237e+00 -1.894018344409407e-03 -9.244017280470005e-04 -1.007696663518105e+00
28 20 -1.000279978493000e+00 -1.892936662239765e-03 -9.251008690007962e-04 -1.007700532598517e+00
28 21 -1.000279492442395e+00 -1.891949780422454e-03 -9.257411955602477e-04 -1.007704183172400e+00
28 22 -1.000279045087054e+00 -1.891097803345691e-03 -9.262908231982726e-04 -1.007707468683513e+00
28 23 -1.000278654952745e+00 -1.890416550801254e-03 -9.267176937192604e-04 -1.007710254909747e+00
28 24 -1.000278338016724e+00 -1.889935700061642e-03 -9.269925570072870e-04 -1.007712426358937e+00
28 25 -1.000278106926998e+00 -1.889677064208252e-03 -9.270921911514528e-04 -1.007713892138936e+00
28 26 -1.000277970418270e+00 -1.889653179249457e-03 -9.270023731446891e-04 -1.007714590797762e+00
28 27 -1.000277932973326e+00 -1.889866369239917e-03 -9.267201181780481e-04 -1.007714493650447e+00
28 28 -1.000277994753504e+00 -1.890308419408513e-03 -9.262548031439918e-04 -1.007713606236369e+00
28 29 -1.000278151789958e+00 -1.890960917129893e-03 -9.256279632977916e-04 -1.007711967764772e+00
28 30 -1.000278396395721e+00 -1.891796235231857e-03 -9.248717657178987e-04 -1.007709648653699e+00
28 31 -1.000278717735285e+00 -1.892779053143464e-03 -9.240263737490709e-04 -1.007706746482014e+00
29 0 -1.000278975950294e+00 -1.893018781393754e-03 -9.272183118389080e-04 -1.007704669729298e+00
29 1 -1.000279403951714e+00 -1.894160704555457e-03 -9.263275011252532e-04 -1.007701010688334e+00
29 2 -1.000279862956505e+00 -1.895315030681536e-03 -9.254841138516367e-04 -1.007697177338114e+00
29 3 -1.000280336233871e+00 -1.896436334874709e-03 -9.247261109425853e-04 -1.007693317782906e+00
29 4 -1.000280806968101e+00 -1.897481667999196e-03 -9.240838098225993e-04 -1.007689578117551e+00
29 5 -1.000281258684752e+00 -1.898412147989087e-03 -9.235786789680656e-04 -1.007686097237745e+00
29 6 -1.000281675632027e+00 -1.899194253115955e-03 -9.232230638833990e-04 -1.007683002236640e+00
29 7 -1.000282043140393e+00 -1.899800794294632e-03 -9.230207526710169e-04 -1.007680404473758e+00
29 8 -1.000282347981958e+00 -1.900211562047006e-03 -9.229682181235271e-04 -1.007678396365858e+00
29 9 -1.000282578745710e+00 -1.900413666881024e-03 -9.230563208480819e-04 -1.007677048897534e+00
29 10 -1.000282726235042e+00 -1.900401615962001e-03 -9.232722219664729e-04 -1.007676409797751e+00
29 11 -1.000282783879655e+00 -1.900177185452187e-03 -9.236012377574363e-04 -1.007676502303966e+00
29 12 -1.000282748136557e+00 -1.899749149201527e-03 -9.240283794835332e-04 -1.007677324454866e+00
29 13 -1.000282618838650e+00 -1.899132909392231e-03 -9.245393661427328e-04 -1.007678848909058e+00
29 14 -1.000282399439853e+00 -1.898350049336836e-03 -9.251209773315156e-04 -1.007681023352017e+00
29 15 -1.000282097106761e+00 -1.897427802627325e-03 -9.257607214580674e-04 -1.007683771594878e+00
29 16 -1.000281722619158e+00 -1.896398414478196e-03 -9.264459173640143e-04 -1.007686995467272e+00
29 17 -1.000281290061875e+00 -1.895298363723182e-03 -9.271624057052896e-04 -1.007690577565689e+00
29 18 -1.000280816312862e+00 -1.894167415782310e-03 -9.278931983554388e-04 -1.007694384859869e+00
29 19 -1.000280320351312e+00 -1.893047484070609e-03 -9.286174187366305e-04 -1.007698273106908e+00
29 20 -1.000279822422469e+00 -1.891981287494759e-03 -9.293098678876887e-04 -1.007702091988091e+00
29 21 -1.000279343103277e+00 -1.891010806478184e-03 -9.299414652340648e-04 -1.007705690857856e+00
29 22 -1.000278902318490e+00 -1.890175563573611e-03 -9.304806685538679e-04 -1.007708924954444e+00
29 23 -1.000278518362992e+00 -1.889510789837498e-03 -9.308957977886242e-04 -1.007711661847821e+00
29 24 -1.000278206992708e+00 -1.889045581700754e-03 -9.311580052491350e-04 -1.007713787794260e+00
29 25 -1.000277980650326e+00 -1.888801194987351e-03 -9.312444865933592e-04 -1.007715213558120e+00
29 26 -1.000277847888521e+00 -1.888789648519542e-03 -9.311414447562398e-04 -1.007715879196878e+00
29 27 -1.000277813038977e+00 -1.889012806022667e-03 -9.308463240793932e-04 -1.007715757328815e+00
29 28 -1.000277876150198e+00 -1.889462065604903e-03 -9.303689288854316e-04 -1.007714854531607e+00
29 29 -1.000278033185140e+00 -1.890118715913580e-03 -9.297312140379901e-04 -1.007713210734466e+00
29 30 -1.000278276438144e+00 -1.890954932948306e-03 -9.289657499562664e-04 -1.007710896713090e+00
29 31 -1.000278595107482e+00 -1.891935312740469e-03 -9.281130752210834e-04 -1.007708010009751e+00
30 0 -1.000278966582697e+00 -1.892223713070383e-03 -9.312317495418558e-04 -1.007705719772521e+00
30 1 -1.000279390608638e+00 -1.893359328314479e-03 -9.303369193166952e-04 -1.007702087769889e+00
30 2 -1.000279844453423e+00 -1.894503912677419e-03 -9.294930054305193e-04 -1.007698291358478e+00
30 3 -1.000280311587602e+00 -1.895612395770140e-03 -9.287380712748420e-04 -1.007694477204431e+00
30 4 -1.000280775440310e+00 -1.896642321536642e-03 -9.281023842969159e-04 -1.007690789583563e+00
30 5 -1.000281219815101e+00 -1.897555421762374e-03 -9.276072015478574e-04 -1.007687365268977e+00
30 6 -1.000281629258865e+00 -1.898318883185868e-03 -9.272644969558027e-04 -1.007684329024920e+00
30 7 -1.000281989407612e+00 -1.898906286472565e-03 -9.270775396383422e-04 -1.007681789787578e+00
30 8 -1.000282287331575e+00 -1.899298215063485e-03 -9.270421599063801e-04 -1.007679837574400e+00
30 9 -1.000282511896639e+00 -1.899482555658669e-03 -9.271484857328152e-04 -1.007678541110996e+00
30 10 -1.000282654149294e+00 -1.899454536213871e-03 -9.273828954103871e-04 -1.007677946113962e+00
30 11 -1.000282707717953e+00 -1.899216563711724e-03 -9.277299152913234e-04 -1.007678074144203e+00
30 12 -1.000282669206164e+00 -1.898777925148009e-03 -9.281738020867572e-04 -1.007678921965077e+00
30 13 -1.000282538536834e+00 -1.898154399449210e-03 -9.286995939026988e-04 -1.007680461397963e+00
30 14 -1.000282319196500e+00 -1.897367801222620e-03 -9.292934944095238e-04 -1.007682639737186e+00
30 15 -1.000282018329188e+00 -1.896445449658972e-03 -9.299425636537433e-04 -1.007685380832250e+00
30 16 -1.000281646641386e+00 -1.895419536609675e-03 -9.306338128059558e-04 -1.007688586946570e+00
30 17 -1.000281218099792e+00 -1.894326360243252e-03 -9.313529193028709e-04 -1.007692141461388e+00
30 18 -1.000280749425895e+00 -1.893205392534623e-03 -9.320828717487716e-04 -1.007695912433991e+00
30 19 -1.000280259410502e+00 -1.892098156096562e-03 -9.328028995230327e-04 -1.007699756965736e+00
30 20 -1.000279768084421e+00 -1.891046896642783e-03 -9.334880242684431e-04 -1.007703526298058e+00
30 21 -1.000279295789562e+00 -1.890093053330695e-03 -9.341094841393731e-04 -1.007707071524882e+00
30 22 -1.000278862200618e+00 -1.889275553864053e-03 -9.346361365844850e-04 -1.007710249766349e+00
30 23 -1.000278485353637e+00 -1.888628996525741e-03 -9.350367653664253e-04 -1.007712930574212e+00
30 24 -1.000278180744212e+00 -1.888181824390681e-03 -9.352830353775063e-04 -1.007715002234930e+00
30 25 -1.000277960561546e+00 -1.887954638441547e-03 -9.353526901432937e-04 -1.007716377529825e+00
30 26 -1.000277833120954e+00 -1.887958821899104e-03 -9.352325037965556e-04 -1.007716998448942e+00
30 27 -1.000277802542652e+00 -1.888195644039263e-03 -9.349205038022388e-04 -1.007716839380786e+00
30 28 -1.000277868699216e+00 -1.888655971801588e-03 -9.344270778693597e-04 -1.007715908431492e+00
30 29 -1.000278027421871e+00 -1.889320647063020e-03 -9.337747520675700e-04 -1.007714246742692e+00
30 30 -1.000278270924434e+00 -1.890161502665688e-03 -9.329966418171287e-04 -1.007711925922782e+00
30 31 -1.000278588380834e+00 -1.891142911988281e-03 -9.321337876032267e-04 -1.007709043917417e+00
31 0 -1.000279075372285e+00 -1.891514441073181e-03 -9.350278238734779e-04 -1.007706483349549e+00
31 1 -1.000279496623609e+00 -1.892646625697885e-03 -9.341273112220554e-04 -1.007702869682838e+00
31 2 -1.000279946275091e+00 -1.893783877732897e-03 -9.332818162529783e-04 -1.007699103211677e+00
31 3 -1.000280407961559e+00 -1.894881394314739e-03 -9.325295368798104e-04 -1.007695329413137e+00
31 4 -1.000280865328827e+00 -1.895897143969055e-03 -9.319006994572597e-04 -1.007691690928818e+00
31 5 -1.000281302440361e+00 -1.896793424378027e-03 -9.314163358883458e-04 -1.007688322524802e+00
31 6 -1.000281704134797e+00 -1.897538105128204e-03 -9.310880134998472e-04 -1.007685346678316e+00
31 7 -1.000282056358716e+00 -1.898105534864273e-03 -9.309184280208083e-04 -1.007682869866448e+00
31 8 -1.000282346497941e+00 -1.898477113143570e-03 -9.309026955482706e-04 -1.007680979591023e+00
31 9 -1.000282563725143e+00 -1.898641551581630e-03 -9.310301241364981e-04 -1.007679742120774e+00
31 10 -1.000282699371672e+00 -1.898594872948404e-03 -9.312862080470614e-04 -1.007679200882111e+00
31 11 -1.000282747317149e+00 -1.898340213046786e-03 -9.316545706629557e-04 -1.007679375406889e+00
31 12 -1.000282704373056e+00 -1.897887491212970e-03 -9.321185922886158e-04 -1.007680260766028e+00
31 13 -1.000282570619960e+00 -1.897252999103530e-03 -9.326625034489401e-04 -1.007681827477491e+00
31 14 -1.000282349647648e+00 -1.896458929602961e-03 -9.332718048802760e-04 -1.007684021949526e+00
31 15 -1.000282048647581e+00 -1.895532838807775e-03 -9.339329856527856e-04 -1.007686767569665e+00
31 16 -1.000281678318781e+00 -1.894507013773146e-03 -9.346326359970760e-04 -1.007689966553607e+00
31 17 -1.000281252568249e+00 -1.893417710717350e-03 -9.353561715625791e-04 -1.007693502628365e+00
31 18 -1.000280788009317e+00 -1.892304230279769e-03 -9.360864792994391e-04 -1.007697244564033e+00
31 19 -1.000280303280511e+00 -1.891207803977922e-03 -9.368028410894818e-04 -1.007701050513635e+00
31 20 -1.000279818220891e+00 -1.890170277357033e-03 -9.374804737660825e-04 -1.007704773080863e+00
31 21 -1.000279352946275e+00 -1.889232592071212e-03 -9.380909380646926e-04 -1.007708265002584e+00
31 22 -1.000278926876880e+00 -1.888433094415206e-03 -9.386035239837886e-04 -1.007711385287037e+00
31 23 -1.000278557773074e+00 -1.887805733269300e-03 -9.389875397467443e-04 -1.007714005573546e+00
31 24 -1.000278260842122e+00 -1.887378253195959e-03 -9.392152488459659e-04 -1.007716016376676e+00
31 25 -1.000278047982170e+00 -1.887170529442289e-03 -9.392650502298924e-04 -1.007717332773377e+00
31 26 -1.000277927225715e+00 -1.887193216747714e-03 -9.391244130879875e-04 -1.007717899031423e+00
31 27 -1.000277902429958e+00 -1.887446879370369e-03 -9.387920822089388e-04 -1.007717691705407e+00
31 28 -1.000277973235640e+00 -1.887921729424449e-03 -9.382791672305269e-04 -1.007716720859982e+00
31 29 -1.000278135283775e+00 -1.888598030157440e-03 -9.376089024542718e-04 -1.007715029296315e+00
31 30 -1.000278380648423e+00 -1.889447136294208e-03 -9.368150779558975e-04 -1.007712689902422e+00
31 31 -1.000278698420996e+00 -1.890433065498199e-03 -9.359393527457508e-04 -1.007709801457819e+00
