1.291730240882799e-06
1.000000000000000e-12
1.000000000000000e-17
3.539518090257373e-01
1.942920967505626e-01
-7.916327441880527e-02
-1.500017464083440e+00
1.901109735892602e-07
32
32
-6.570627465068695e-04
1
0 0 -1.000282080331369e+00 -1.894412612324671e-03 -9.290081684325927e-04 -1.007695355460512e+00
0 1 -1.000282199689524e+00 -1.894726058362846e-03 -9.287768544691450e-04 -1.007694350730482e+00
0 2 -1.000282326653179e+00 -1.895040903755943e-03 -9.285562782365350e-04 -1.007693307056244e+00
0 3 -1.000282456403407e+00 -1.895344964007708e-03 -9.283553579162848e-04 -1.007692264610645e+00
0 4 -1.000282584044889e+00 -1.895626556147501e-03 -9.281819398011569e-04 -1.007691263306386e+00
0 5 -1.000282704779816e+00 -1.895874946461427e-03 -9.280424805942611e-04 -1.007690341287496e+00
0 6 -1.000282814075661e+00 -1.896080749213992e-03 -9.279418324811276e-04 -1.007689533515599e+00
0 7 -1.000282907823003e+00 -1.896236263390071e-03 -9.278831332595400e-04 -1.007688870496944e+00
0 8 -1.000282982479762e+00 -1.896335737828256e-03 -9.278677944636899e-04 -1.007688377189593e+00
0 9 -1.000283035198230e+00 -1.896375558669509e-03 -9.278955727102850e-04 -1.007688072122124e+00
0 10 -1.000283063931391e+00 -1.896354356816034e-03 -9.279647035056280e-04 -1.007687966746052e+00
0 11 -1.000283067515009e+00 -1.896273036276517e-03 -9.280720737838170e-04 -1.007688065036208e+00
0 12 -1.000283045721818e+00 -1.896134726138210e-03 -9.282134107184945e-04 -1.007688363348065e+00
0 13 -1.000282999284111e+00 -1.895944659760143e-03 -9.283834693156566e-04 -1.007688850537035e+00
0 14 -1.000282929881546e+00 -1.895709985582676e-03 -9.285762080560139e-04 -1.007689508339392e+00
0 15 -1.000282840092232e+00 -1.895439515136511e-03 -9.287849489857104e-04 -1.007690312007032e+00
0 16 -1.000282733306788e+00 -1.895143415023381e-03 -9.290025257419818e-04 -1.007691231180368e+00
0 17 -1.000282613606867e+00 -1.894832850489892e-03 -9.292214294201369e-04 -1.007692230976490e+00
0 18 -1.000282485611528e+00 -1.894519589098536e-03 -9.294339663326589e-04 -1.007693273262521e+00
0 19 -1.000282354296862e+00 -1.894215574530929e-03 -9.296324420152699e-04 -1.007694318075826e+00
0 20 -1.000282224796268e+00 -1.893932482773877e-03 -9.298093820803558e-04 -1.007695325143666e+00
0 21 -1.000282102190301e+00 -1.893681275301675e-03 -9.299577936382832e-04 -1.007696255446814e+00
0 22 -1.000281991296020e+00 -1.893471765906661e-03 -9.300714620678770e-04 -1.007697072765364e+00
0 23 -1.000281896466061e+00 -1.893312219372490e-03 -9.301452680048376e-04 -1.007697745141172e+00
0 24 -1.000281821407501e+00 -1.893209000990433e-03 -9.301755002800274e-04 -1.007698246190367e+00
0 25 -1.000281769029596e+00 -1.893166295504234e-03 -9.301601343857147e-04 -1.007698556202493e+00
0 26 -1.000281741327822e+00 -1.893185912067514e-03 -9.300990443329386e-04 -1.007698662970406e+00
0 27 -1.000281739309427e+00 -1.893267188240987e-03 -9.299941186370869e-04 -1.007698562306937e+00
0 28 -1.000281762963136e+00 -1.893407001149101e-03 -9.298492582517647e-04 -1.007698258219934e+00
0 29 -1.000281811273086e+00 -1.893599887825706e-03 -9.296702452365808e-04 -1.007697762735959e+00
0 30 -1.000281882274383e+00 -1.893838269934075e-03 -9.294644847572846e-04 -1.007697095383314e+00
0 31 -1.000281973145529e+00 -1.894112771420219e-03 -9.292406371675168e-04 -1.007696282364128e+00
1 0 -1.000282158307849e+00 -1.894271528948640e-03 -9.298143648427218e-04 -1.007695442943582e+00
1 1 -1.000282277673981e+00 -1.894585188620648e-03 -9.295824077012468e-04 -1.007694438032900e+00
1 2 -1.000282404525645e+00 -1.894899945460914e-03 -9.293615188117374e-04 -1.007693395118420e+00
1 3 -1.000282534048205e+00 -1.895203618333114e-03 -9.291606293732236e-04 -1.007692354342568e+00
1 4 -1.000282661355158e+00 -1.895484539460376e-03 -9.289875850949915e-04 -1.007691355551761e+00
1 5 -1.000282781661647e+00 -1.895732001421610e-03 -9.288488284670284e-04 -1.007690436791083e+00
1 6 -1.000282890451690e+00 -1.895936654754823e-03 -9.287491843745827e-04 -1.007689632894863e+00
1 7 -1.000282983635363e+00 -1.896090843261137e-03 -9.286917513031572e-04 -1.007688974218814e+00
1 8 -1.000283057692295e+00 -1.896188867339119e-03 -9.286778910680193e-04 -1.007688485553135e+00
1 9 -1.000283109797873e+00 -1.896227169313472e-03 -9.287073022845669e-04 -1.007688185247884e+00
1 10 -1.000283137928657e+00 -1.896204438625498e-03 -9.287781566683368e-04 -1.007688084572383e+00
1 11 -1.000283140943533e+00 -1.896121637923365e-03 -9.288872741644447e-04 -1.007688187322483e+00
1 12 -1.000283118637009e+00 -1.895981952845131e-03 -9.290303142888775e-04 -1.007688489684468e+00
1 13 -1.000283071760998e+00 -1.895790669109902e-03 -9.292019662669582e-04 -1.007688980360473e+00
1 14 -1.000283002011929e+00 -1.895554981393837e-03 -9.293961273285364e-04 -1.007689640954805e+00
1 15 -1.000282911981220e+00 -1.895283739663119e-03 -9.296060653635216e-04 -1.007690446613299e+00
1 16 -1.000282805068796e+00 -1.894987139748669e-03 -9.298245690342161e-04 -1.007691366900144e+00
1 17 -1.000282685361196e+00 -1.894676365781333e-03 -9.300440950783443e-04 -1.007692366889289e+00
1 18 -1.000282557477718e+00 -1.894363193093328e-03 -9.302569270528652e-04 -1.007693408439882e+00
1 19 -1.000282426390088e+00 -1.894059561779059e-03 -9.304553600941253e-04 -1.007694451616780e+00
1 20 -1.000282297222969e+00 -1.893777133186849e-03 -9.306319221805107e-04 -1.007695456208757e+00
1 21 -1.000282175044169e+00 -1.893526843779543e-03 -9.307796353397504e-04 -1.007696383289537e+00
1 22 -1.000282064654449e+00 -1.893318472835040e-03 -9.308923115932301e-04 -1.007697196760446e+00
1 23 -1.000281970387184e+00 -1.893160242189477e-03 -9.309648688557048e-04 -1.007697864809020e+00
1 24 -1.000281895927925e+00 -1.893058467163860e-03 -9.309936427492308e-04 -1.007698361216583e+00
1 25 -1.000281844162935e+00 -1.893017277324594e-03 -9.309766637016877e-04 -1.007698666451258e+00
1 26 -1.000281817064088e+00 -1.893038423576338e-03 -9.309138668555440e-04 -1.007698768490877e+00
1 27 -1.000281815615335e+00 -1.893121184479189e-03 -9.308072055655745e-04 -1.007698663332173e+00
1 28 -1.000281839783393e+00 -1.893262379793444e-03 -9.306606467400734e-04 -1.007698355158093e+00
1 29 -1.000281888532595e+00 -1.893456493134986e-03 -9.304800371590586e-04 -1.007697856154100e+00
1 30 -1.000281959881217e+00 -1.893695898746309e-03 -9.302728433138089e-04 -1.007697185984848e+00
1 31 -1.000282050994465e+00 -1.893971180857627e-03 -9.300477812788898e-04 -1.007696370961389e+00
2 0 -1.000282260350213e+00 -1.894172549737745e-03 -9.304552221886661e-04 -1.007695440481745e+00
2 1 -1.000282379821830e+00 -1.894486632983925e-03 -9.302225612575031e-04 -1.007694434694985e+00
2 2 -1.000282506654834e+00 -1.894801511673304e-03 -9.300013003514181e-04 -1.007693391863951e+00
2 3 -1.000282636035242e+00 -1.895104999965936e-03 -9.298003858378557e-04 -1.007692352126764e+00
2 4 -1.000282763081984e+00 -1.895385437446429e-03 -9.296276649963880e-04 -1.007691355288086e+00
2 5 -1.000282883020232e+00 -1.895632135811842e-03 -9.294895679610596e-04 -1.007690439315624e+00
2 6 -1.000282991348197e+00 -1.895835775571122e-03 -9.293908937843086e-04 -1.007689638934423e+00
2 7 -1.000283083993704e+00 -1.895988739954881e-03 -9.293347029072437e-04 -1.007688984364066e+00
2 8 -1.000283157456973e+00 -1.896085376591353e-03 -9.293223086365537e-04 -1.007688500237367e+00
2 9 -1.000283208936076e+00 -1.896122181087542e-03 -9.293533525236513e-04 -1.007688204731349e+00
2 10 -1.000283236431577e+00 -1.896097900360414e-03 -9.294259427424169e-04 -1.007688108932513e+00
2 11 -1.000283238826797e+00 -1.896013556616310e-03 -9.295368316554027e-04 -1.007688216450672e+00
2 12 -1.000283215940144e+00 -1.895872394752473e-03 -9.296816099684867e-04 -1.007688523290110e+00
2 13 -1.000283168545907e+00 -1.895679757010195e-03 -9.298548998000710e-04 -1.007689017982255e+00
2 14 -1.000283098360484e+00 -1.895442889648352e-03 -9.300505356931480e-04 -1.007689681978494e+00
2 15 -1.000283007992092e+00 -1.895170687442634e-03 -9.302617295885876e-04 -1.007690490294997e+00
2 16 -1.000282900853646e+00 -1.894873382728060e-03 -9.304812228529098e-04 -1.007691412394138e+00
2 17 -1.000282781040370e+00 -1.894562186512065e-03 -9.307014351799739e-04 -1.007692413279710e+00
2 18 -1.000282653175627e+00 -1.894248890308758e-03 -9.309146246652540e-04 -1.007693454775240e+00
2 19 -1.000282522230432e+00 -1.893945439034734e-03 -9.311130735395954e-04 -1.007694496946111e+00
2 20 -1.000282393323972e+00 -1.893663487334195e-03 -9.312893098500149e-04 -1.007695499617948e+00
2 21 -1.000282271514020e+00 -1.893413953736415e-03 -9.314363684273407e-04 -1.007696423936395e+00
2 22 -1.000282161587132e+00 -1.893206589013589e-03 -9.315480861077032e-04 -1.007697233907231e+00
2 23 -1.000282067858885e+00 -1.893049576881839e-03 -9.316194167374778e-04 -1.007697897851283e+00
2 24 -1.000281993994117e+00 -1.892949186212368e-03 -9.316467419901558e-04 -1.007698389707296e+00
2 25 -1.000281942856208e+00 -1.892909493465308e-03 -9.316281470707648e-04 -1.007698690119152e+00
2 26 -1.000281916392836e+00 -1.892932191851045e-03 -9.315636285552788e-04 -1.007698787251893e+00
2 27 -1.000281915563418e+00 -1.893016500001835e-03 -9.314552053173846e-04 -1.007698677293139e+00
2 28 -1.000281940310834e+00 -1.893159177956707e-03 -9.313069113036041e-04 -1.007698364612364e+00
2 29 -1.000281989577240e+00 -1.893354652152037e-03 -9.311246595664143e-04 -1.007697861569583e+00
2 30 -1.000282061361196e+00 -1.893595244332745e-03 -9.309159798872515e-04 -1.007697187985309e+00
2 31 -1.000282152811313e+00 -1.893871492861162e-03 -9.306896462032311e-04 -1.007696370302022e+00
3 0 -1.000282382477177e+00 -1.894119556252839e-03 -9.309058290115988e-04 -1.007695348094639e+00
3 1 -1.000282502147780e+00 -1.894434256766914e-03 -9.306724303339253e-04 -1.007694340770171e+00
3 2 -1.000282629056288e+00 -1.894749463264628e-03 -9.304507514775086e-04 -1.007693297342562e+00
3 3 -1.000282758385737e+00 -1.895052977379914e-03 -9.302497556207757e-04 -1.007692257971538e+00
3 4 -1.000282885256890e+00 -1.895333137920247e-03 -9.300772936116956e-04 -1.007691262446199e+00
3 5 -1.000283004901584e+00 -1.895579267666163e-03 -9.299397855309715e-04 -1.007690348681930e+00
3 6 -1.000283112829275e+00 -1.895782069472927e-03 -9.298420072775920e-04 -1.007689551317317e+00
3 7 -1.000283204983073e+00 -1.895933958997695e-03 -9.297869843069738e-04 -1.007688900455763e+00
3 8 -1.000283277881873e+00 -1.896029325000719e-03 -9.297759846158292e-04 -1.007688420589034e+00
3 9 -1.000283328745187e+00 -1.896064711573635e-03 -9.298085956419569e-04 -1.007688129732829e+00
3 10 -1.000283355597120e+00 -1.896038919941266e-03 -9.298828644886795e-04 -1.007688038796976e+00
3 11 -1.000283357345808e+00 -1.895953030433170e-03 -9.299954780164618e-04 -1.007688151205536e+00
3 12 -1.000283333834715e+00 -1.895810347435541e-03 -9.301419600051499e-04 -1.007688462775494e+00
3 13 -1.000283285862341e+00 -1.895616271530064e-03 -9.303168671005395e-04 -1.007688961857166e+00
3 14 -1.000283215167457e+00 -1.895378103915447e-03 -9.305139722047481e-04 -1.007689629734029e+00
3 15 -1.000283124377951e+00 -1.895104788952481e-03 -9.307264314922899e-04 -1.007690441273674e+00
3 16 -1.000283016922977e+00 -1.894806601450970e-03 -9.309469384319288e-04 -1.007691365814645e+00
3 17 -1.000282896909958e+00 -1.894494786228718e-03 -9.311678745695110e-04 -1.007692368266219e+00
3 18 -1.000282768969964e+00 -1.894181158686449e-03 -9.313814710420619e-04 -1.007693410390234e+00
3 19 -1.000282638076937e+00 -1.893877676779220e-03 -9.315799951443236e-04 -1.007694452225718e+00
3 20 -1.000282509348064e+00 -1.893595996743773e-03 -9.317559723688219e-04 -1.007695453608868e+00
3 21 -1.000282387834221e+00 -1.893347027046030e-03 -9.319024474251235e-04 -1.007696375733150e+00
3 22 -1.000282278310433e+00 -1.893140497036272e-03 -9.320132791812494e-04 -1.007697182687951e+00
3 23 -1.000282185076597e+00 -1.892984558483184e-03 -9.320834549374921e-04 -1.007697842910172e+00
3 24 -1.000282111778385e+00 -1.892885439045544e-03 -9.321094000321469e-04 -1.007698330482402e+00
3 25 -1.000282061257280e+00 -1.892847166282775e-03 -9.320892519280590e-04 -1.007698626214527e+00
3 26 -1.000282035437173e+00 -1.892871378687400e-03 -9.320230661166495e-04 -1.007698718453253e+00
3 27 -1.000282035252750e+00 -1.892957236500379e-03 -9.319129248826757e-04 -1.007698603576188e+00
3 28 -1.000282060622195e+00 -1.893101439990832e-03 -9.317629277898595e-04 -1.007698286143418e+00
3 29 -1.000282110463924e+00 -1.893298356746168e-03 -9.315790533369444e-04 -1.007697778698707e+00
3 30 -1.000282182754565e+00 -1.893540252836077e-03 -9.313688940785418e-04 -1.007697101232377e+00
3 31 -1.000282274623423e+00 -1.893817616314421e-03 -9.311412814660385e-04 -1.007696280336111e+00
4 0 -1.000282519921365e+00 -1.894114630276080e-03 -9.311484678147751e-04 -1.007695169472649e+00
4 1 -1.000282639876700e+00 -1.894430117639523e-03 -9.309143268067775e-04 -1.007694160009229e+00
4 2 -1.000282766951862e+00 -1.894745844993396e-03 -9.306922007864430e-04 -1.007693115329017e+00
4 3 -1.000282896323446e+00 -1.895049594233472e-03 -9.304910705415972e-04 -1.007692075637966e+00
4 4 -1.000283023110435e+00 -1.895329695335916e-03 -9.303187922357968e-04 -1.007691080736150e+00
4 5 -1.000283142547703e+00 -1.895575473581625e-03 -9.301817787341978e-04 -1.007690168514048e+00
4 6 -1.000283250152475e+00 -1.895777645497824e-03 -9.300847866032094e-04 -1.007689373550614e+00
4 7 -1.000283341880020e+00 -1.895928650878773e-03 -9.300308107571919e-04 -1.007688725857742e+00
4 8 -1.000283414265310e+00 -1.896022912120820e-03 -9.300210785906003e-04 -1.007688249807443e+00
4 9 -1.000283464547325e+00 -1.896057015370620e-03 -9.300551282522522e-04 -1.007687963271263e+00
4 10 -1.000283490772405e+00 -1.896029810948242e-03 -9.301309507390802e-04 -1.007687876995051e+00
4 11 -1.000283491872882e+00 -1.895942433434566e-03 -9.302451724641729e-04 -1.007687994225039e+00
4 12 -1.000283467717353e+00 -1.895798244362223e-03 -9.303932551366732e-04 -1.007688310593679e+00
4 13 -1.000283419129339e+00 -1.895602702065636e-03 -9.305696941449360e-04 -1.007688814267368e+00
4 14 -1.000283347871515e+00 -1.895363163960079e-03 -9.307682040048456e-04 -1.007689486353201e+00
4 15 -1.000283256593632e+00 -1.895088627009142e-03 -9.309818873912093e-04 -1.007690301556575e+00
4 16 -1.000283148743805e+00 -1.894789412970262e-03 -9.312033912959810e-04 -1.007691229074389e+00
4 17 -1.000283028444735e+00 -1.894476806142816e-03 -9.314250597159156e-04 -1.007692233700381e+00
4 18 -1.000282900338519e+00 -1.894162652537503e-03 -9.316390964107078e-04 -1.007693277111142e+00
4 19 -1.000282769405486e+00 -1.893858930760224e-03 -9.318377521321484e-04 -1.007694319293919e+00
4 20 -1.000282640764334e+00 -1.893577306802593e-03 -9.320135471871582e-04 -1.007695320069157e+00
4 21 -1.000282519462446e+00 -1.893328687305203e-03 -9.321595329605901e-04 -1.007696240652282e+00
4 22 -1.000282410266435e+00 -1.893122788115909e-03 -9.322695869144230e-04 -1.007697045192110e+00
4 23 -1.000282317463241e+00 -1.892967736477386e-03 -9.323387260712799e-04 -1.007697702219806e+00
4 24 -1.000282244681656e+00 -1.892869725694028e-03 -9.323634151599921e-04 -1.007698185942614e+00
4 25 -1.000282194743118e+00 -1.892832740568416e-03 -9.323418391037957e-04 -1.007698477320128e+00
4 26 -1.000282169549107e+00 -1.892858370006368e-03 -9.322741074151091e-04 -1.007698564867984e+00
4 27 -1.000282170010361e+00 -1.892945719649282e-03 -9.321623612785990e-04 -1.007698445145471e+00
4 28 -1.000282196020435e+00 -1.893091432235730e-03 -9.320107618906782e-04 -1.007698122900081e+00
4 29 -1.000282246473326e+00 -1.893289817123812e-03 -9.318253495931902e-04 -1.007697610861464e+00
4 30 -1.000282319322374e+00 -1.893533083738331e-03 -9.316137764378366e-04 -1.007696929197041e+00
4 31 -1.000282411675624e+00 -1.893811667354806e-03 -9.313849286754562e-04 -1.007696104659644e+00
5 0 -1.000282667323695e+00 -1.894157966712038e-03 -9.311733576140772e-04 -1.007694911814344e+00
5 1 -1.000282787638299e+00 -1.894474379492712e-03 -9.309385006411816e-04 -1.007693899695205e+00
5 2 -1.000282914964586e+00 -1.894790799998317e-03 -9.307159173581142e-04 -1.007692853156680e+00
5 3 -1.000283044469525e+00 -1.895094983977209e-03 -9.305146061343583e-04 -1.007691812473688e+00
5 4 -1.000283171266832e+00 -1.895375244905167e-03 -9.303424300803676e-04 -1.007690817483162e+00
5 5 -1.000283290590679e+00 -1.895620901871374e-03 -9.302057981245857e-04 -1.007689906078991e+00
5 6 -1.000283397962241e+00 -1.895822675842725e-03 -9.301094520351628e-04 -1.007689112809752e+00
5 7 -1.000283489345329e+00 -1.895973021579636e-03 -9.300563615393633e-04 -1.007688467624041e+00
5 8 -1.000283561287805e+00 -1.896066386458724e-03 -9.300477194690312e-04 -1.007687994799694e+00
5 9 -1.000283611045464e+00 -1.896099390729801e-03 -9.300830215058328e-04 -1.007687712086446e+00
5 10 -1.000283636684739e+00 -1.896070926651688e-03 -9.301602100673192e-04 -1.007687630085162e+00
5 11 -1.000283637160543e+00 -1.895982176934675e-03 -9.302758588662065e-04 -1.007687751879442e+00
5 12 -1.000283612365645e+00 -1.895836555584027e-03 -9.304253748424670e-04 -1.007688072927573e+00
5 13 -1.000283563148399e+00 -1.895639575836691e-03 -9.306031985536037e-04 -1.007688581216585e+00
5 14 -1.000283491296009e+00 -1.895398650439328e-03 -9.308029916086808e-04 -1.007689257675589e+00
5 15 -1.000283399481473e+00 -1.895122829955973e-03 -9.310178077329648e-04 -1.007690076840356e+00
5 16 -1.000283291173866e+00 -1.894822485803248e-03 -9.312402508918131e-04 -1.007691007753575e+00
5 17 -1.000283170513689e+00 -1.894508946011520e-03 -9.314626295784931e-04 -1.007692015076495e+00
5 18 -1.000283042156972e+00 -1.894194092789216e-03 -9.316771206645534e-04 -1.007693060380039e+00
5 19 -1.000282911093629e+00 -1.893889932080736e-03 -9.318759574341636e-04 -1.007694103576615e+00
5 20 -1.000282782447243e+00 -1.893608147173621e-03 -9.320516529361783e-04 -1.007695104445969e+00
5 21 -1.000282661265165e+00 -1.893359651041005e-03 -9.321972621403604e-04 -1.007696024199267e+00
5 22 -1.000282552309028e+00 -1.893154154544398e-03 -9.323066769498119e-04 -1.007696827018113e+00
5 23 -1.000282459856089e+00 -1.892999768967277e-03 -9.323749388829564e-04 -1.007697481501913e+00
5 24 -1.000282387521269e+00 -1.892902661551031e-03 -9.323985459708122e-04 -1.007697961958177e+00
5 25 -1.000282338108613e+00 -1.892866782061915e-03 -9.323757240287551e-04 -1.007698249474258e+00
5 26 -1.000282313499391e+00 -1.892893676709820e-03 -9.323066298670335e-04 -1.007698332715856e+00
5 27 -1.000282314582032e+00 -1.892982402349329e-03 -9.321934568289336e-04 -1.007698208408917e+00
5 28 -1.000282341226442e+00 -1.893129548684641e-03 -9.320404210497611e-04 -1.007697881477937e+00
5 29 -1.000282392302491e+00 -1.893329369827478e-03 -9.318536182816960e-04 -1.007697364833185e+00
5 30 -1.000282465739833e+00 -1.893574019897004e-03 -9.316407543038319e-04 -1.007696678819242e+00
5 31 -1.000282558624180e+00 -1.893853881027662e-03 -9.314107654355614e-04 -1.007695850355460e+00
6 0 -1.000282818950935e+00 -1.894247864976961e-03 -9.309791000170081e-04 -1.007694585499565e+00
6 1 -1.000282939685113e+00 -1.894565305090054e-03 -9.307435842225689e-04 -1.007693570313200e+00
6 2 -1.000283067336963e+00 -1.894882563356512e-03 -9.305205539429460e-04 -1.007692521385089e+00
6 3 -1.000283197060989e+00 -1.895187363887956e-03 -9.303190245104589e-04 -1.007691479079545e+00
6 4 -1.000283323962332e+00 -1.895467996653281e-03 -9.301468674095563e-04 -1.007690483294767e+00
6 5 -1.000283443270775e+00 -1.895713766236328e-03 -9.300104909059290e-04 -1.007689571955799e+00
6 6 -1.000283550507530e+00 -1.895915388790661e-03 -9.299146267878883e-04 -1.007688779610787e+00
6 7 -1.000283641641045e+00 -1.896065324360423e-03 -9.298622257753031e-04 -1.007688136175436e+00
6 8 -1.000283713228406e+00 -1.896158035645305e-03 -9.298544536457026e-04 -1.007687665862702e+00
6 9 -1.000283762538875e+00 -1.896190167639680e-03 -9.298907723478434e-04 -1.007687386327798e+00
6 10 -1.000283787656022e+00 -1.896160645702304e-03 -9.299690852697484e-04 -1.007687308051405e+00
6 11 -1.000283787554844e+00 -1.896070692716155e-03 -9.300859231257601e-04 -1.007687433975947e+00
6 12 -1.000283762150428e+00 -1.895923768549963e-03 -9.302366473593278e-04 -1.007687759402426e+00
6 13 -1.000283712314854e+00 -1.895725436428722e-03 -9.304156522721479e-04 -1.007688272149817e+00
6 14 -1.000283639859540e+00 -1.895483161347494e-03 -9.306165543304849e-04 -1.007688952974656e+00
6 15 -1.000283547481145e+00 -1.895206046272751e-03 -9.308323649834649e-04 -1.007689776242601e+00
6 16 -1.000283438670856e+00 -1.894904513025242e-03 -9.310556502945541e-04 -1.007690710835724e+00
6 17 -1.000283317588806e+00 -1.894589935998616e-03 -9.312786865446241e-04 -1.007691721270814e+00
6 18 -1.000283188907382e+00 -1.894274237842764e-03 -9.314936252945078e-04 -1.007692768996565e+00
6 19 -1.000283057628904e+00 -1.893969457355032e-03 -9.316926824971998e-04 -1.007693813830608e+00
6 20 -1.000282928884951e+00 -1.893687301755537e-03 -9.318683626324131e-04 -1.007694815489230e+00
6 21 -1.000282807726222e+00 -1.893438698132064e-03 -9.320137211934723e-04 -1.007695735153765e+00
6 22 -1.000282698912991e+00 -1.893233361167652e-03 -9.321226595720864e-04 -1.007696537010538e+00
6 23 -1.000282606716562e+00 -1.893079395565674e-03 -9.321902373012538e-04 -1.007697189697982e+00
6 24 -1.000282534741595e+00 -1.892982951864089e-03 -9.322129783377254e-04 -1.007697667595315e+00
6 25 -1.000282485778040e+00 -1.892947953733093e-03 -9.321891415081359e-04 -1.007697951891018e+00
6 26 -1.000282461689851e+00 -1.892975913043449e-03 -9.321189225342867e-04 -1.007698031376750e+00
6 27 -1.000282463345565e+00 -1.893065845477294e-03 -9.320045579999043e-04 -1.007697902924056e+00
6 28 -1.000282490593327e+00 -1.893214294274809e-03 -9.318503098577956e-04 -1.007697571617246e+00
6 29 -1.000282542280142e+00 -1.893415463486629e-03 -9.316623205593612e-04 -1.007697050534764e+00
6 30 -1.000282616312550e+00 -1.893661455494351e-03 -9.314483418221344e-04 -1.007696360191185e+00
6 31 -1.000282709753774e+00 -1.893942601109903e-03 -9.312173533607382e-04 -1.007695527670799e+00
7 0 -1.000282968926399e+00 -1.894380799585425e-03 -9.305728004552132e-04 -1.007694203617865e+00
7 1 -1.000283090123808e+00 -1.894699328162368e-03 -9.303367117676867e-04 -1.007693185074602e+00
7 2 -1.000283218162681e+00 -1.895017535286941e-03 -9.301132653001932e-04 -1.007692133321316e+00
7 3 -1.000283348182636e+00 -1.895323109075746e-03 -9.299114921467522e-04 -1.007691088829022e+00
7 4 -1.000283475277220e+00 -1.895604309934307e-03 -9.297392730381916e-04 -1.007690091579287e+00
7 5 -1.000283594668349e+00 -1.895850420376356e-03 -9.296030184756688e-04 -1.007689179554390e+00
7 6 -1.000283701873465e+00 -1.896052142877039e-03 -9.295074552703718e-04 -1.007688387331267e+00
7 7 -1.000283792861658e+00 -1.896201932928608e-03 -9.294555222202028e-04 -1.007687744824025e+00
7 8 -1.000283864195176e+00 -1.896294258173854e-03 -9.294483669155826e-04 -1.007687276212812e+00
7 9 -1.000283913152793e+00 -1.896325777869583e-03 -9.294854276938196e-04 -1.007686999089875e+00
7 10 -1.000283937831530e+00 -1.896295440331525e-03 -9.295645797296623e-04 -1.007686923845415e+00
7 11 -1.000283937223258e+00 -1.896204499255627e-03 -9.296823218069412e-04 -1.007687053307243e+00
7 12 -1.000283911262759e+00 -1.896056452179670e-03 -9.298339808656480e-04 -1.007687382641402e+00
7 13 -1.000283860843879e+00 -1.895856905542489e-03 -9.300139155372591e-04 -1.007687899516292e+00
7 14 -1.000283787800945e+00 -1.895613371418908e-03 -9.302157068651672e-04 -1.007688584528119e+00
7 15 -1.000283694853715e+00 -1.895335001837965e-03 -9.304323323383246e-04 -1.007689411878904e+00
7 16 -1.000283585515730e+00 -1.895032267729489e-03 -9.306563266399490e-04 -1.007690350290287e+00
7 17 -1.000283463967828e+00 -1.894716590621174e-03 -9.308799385014556e-04 -1.007691364128475e+00
7 18 -1.000283334900520e+00 -1.894399936210574e-03 -9.310952971072552e-04 -1.007692414708296e+00
7 19 -1.000283203330854e+00 -1.894094380325364e-03 -9.312946022630080e-04 -1.007693461736433e+00
7 20 -1.000283074401197e+00 -1.893811659801888e-03 -9.314703490070630e-04 -1.007694464845439e+00
7 21 -1.000282953168847e+00 -1.893562723085337e-03 -9.316155901475540e-04 -1.007695385162396e+00
7 22 -1.000282844396408e+00 -1.893357297339560e-03 -9.317242311686050e-04 -1.007696186850165e+00
7 23 -1.000282752353192e+00 -1.893203490292099e-03 -9.317913425892272e-04 -1.007696838555580e+00
7 24 -1.000282680637587e+00 -1.893107445746543e-03 -9.318134661441172e-04 -1.007697314698274e+00
7 25 -1.000282632029263e+00 -1.893073071201833e-03 -9.317888845659130e-04 -1.007697596537357e+00
7 26 -1.000282608378371e+00 -1.893101853839377e-03 -9.317178224419784e-04 -1.007697672961644e+00
7 27 -1.000282610536719e+00 -1.893192777299797e-03 -9.316025488878151e-04 -1.007697540961903e+00
7 28 -1.000282638333397e+00 -1.893342346634668e-03 -9.314473608864665e-04 -1.007697205759180e+00
7 29 -1.000282690594699e+00 -1.893544722926702e-03 -9.312584372628744e-04 -1.007696680581158e+00
7 30 -1.000282765205546e+00 -1.893791962481919e-03 -9.310435660689980e-04 -1.007695986098322e+00
7 31 -1.000282859207433e+00 -1.894074348770637e-03 -9.308117616999600e-04 -1.007695149551436e+00
8 0 -1.000283111463371e+00 -1.894551566397652e-03 -9.299698497569458e-04 -1.007693781381644e+00
8 1 -1.000283233149306e+00 -1.894871201330391e-03 -9.297332994343659e-04 -1.007692759325172e+00
8 2 -1.000283361621223e+00 -1.895190430434445e-03 -9.295094871740539e-04 -1.007691704424223e+00
8 3 -1.000283492001993e+00 -1.895496902912815e-03 -9.293074578042806e-04 -1.007690657269618e+00
8 4 -1.000283619370995e+00 -1.895778844742755e-03 -9.291351014729636e-04 -1.007689657945169e+00
8 5 -1.000283738939145e+00 -1.896025509740944e-03 -9.289988335224896e-04 -1.007688744514050e+00
8 6 -1.000283846216535e+00 -1.896227578495571e-03 -9.289033810158584e-04 -1.007687951609591e+00
8 7 -1.000283937168924e+00 -1.896377492367294e-03 -9.288516785060473e-04 -1.007687309175231e+00
8 8 -1.000284008359442e+00 -1.896469713319605e-03 -9.288448649820807e-04 -1.007686841391762e+00
8 9 -1.000284057071986e+00 -1.896500903721025e-03 -9.288823660390519e-04 -1.007686565822912e+00
8 10 -1.000284081412807e+00 -1.896470023785721e-03 -9.289620403293518e-04 -1.007686492801837e+00
8 11 -1.000284080386831e+00 -1.896378347581039e-03 -9.290803669131756e-04 -1.007686625072419e+00
8 12 -1.000284053945206e+00 -1.896229400803242e-03 -9.292326506016114e-04 -1.007686957692820e+00
8 13 -1.000284003000739e+00 -1.896028824729020e-03 -9.294132263690349e-04 -1.007687478203918e+00
8 14 -1.000283929408477e+00 -1.895784171533717e-03 -9.296156508695471e-04 -1.007688167059994e+00
8 15 -1.000283835909815e+00 -1.895504637053666e-03 -9.298328772115481e-04 -1.007688998312291e+00
8 16 -1.000283726040022e+00 -1.895200738037997e-03 -9.300574166065173e-04 -1.007689940528658e+00
8 17 -1.000283604000837e+00 -1.894883941892550e-03 -9.302814963703612e-04 -1.007690957925047e+00
8 18 -1.000283474501878e+00 -1.894566258117956e-03 -9.304972274524080e-04 -1.007692011676605e+00
8 19 -1.000283342576647e+00 -1.894259802327334e-03 -9.306967953170089e-04 -1.007693061367237e+00
8 20 -1.000283213380731e+00 -1.893976345690883e-03 -9.308726848196355e-04 -1.007694066528173e+00
8 21 -1.000283091981108e+00 -1.893726864527558e-03 -9.310179429243046e-04 -1.007694988209522e+00
8 22 -1.000282983146295e+00 -1.893521106511298e-03 -9.311264739875837e-04 -1.007695790523746e+00
8 23 -1.000282891147552e+00 -1.893367191626900e-03 -9.311933525068719e-04 -1.007696442095878e+00
8 24 -1.000282819581147e+00 -1.893271267075940e-03 -9.312151292921838e-04 -1.007696917353491e+00
8 25 -1.000282771220677e+00 -1.893237234839121e-03 -9.311901007393329e-04 -1.007697197592870e+00
8 26 -1.000282747906582e+00 -1.893266568107211e-03 -9.311185089726248e-04 -1.007697271767152e+00
8 27 -1.000282750477750e+00 -1.893358228780384e-03 -9.310026438511680e-04 -1.007697136955493e+00
8 28 -1.000282778747636e+00 -1.893508693337612e-03 -9.308468255855601e-04 -1.007696798487645e+00
8 29 -1.000282831524754e+00 -1.893712088625078e-03 -9.306572577185571e-04 -1.007696269715868e+00
8 30 -1.000282906674754e+00 -1.893960432419768e-03 -9.304417533160707e-04 -1.007695571446212e+00
8 31 -1.000283001219039e+00 -1.894243966756255e-03 -9.302093510073982e-04 -1.007694731061194e+00
9 0 -1.000283241091022e+00 -1.894753497086499e-03 -9.291933665372113e-04 -1.007693335459899e+00
9 1 -1.000283363271464e+00 -1.895074212403162e-03 -9.289564864286241e-04 -1.007692309873045e+00
9 2 -1.000283492205178e+00 -1.895394495844456e-03 -9.287323760198528e-04 -1.007691251627524e+00
9 3 -1.000283622997147e+00 -1.895701956452173e-03 -9.285300909701736e-04 -1.007690201441928e+00
9 4 -1.000283750710611e+00 -1.895984782265914e-03 -9.283575305766822e-04 -1.007689199517079e+00
9 5 -1.000283870542790e+00 -1.896232192843244e-03 -9.282211175850452e-04 -1.007688284017623e+00
9 6 -1.000283977993135e+00 -1.896434839548330e-03 -9.281255845622714e-04 -1.007687489658624e+00
9 7 -1.000284069020227e+00 -1.896585140681055e-03 -9.280738694066635e-04 -1.007686846442419e+00
9 8 -1.000284140183785e+00 -1.896677542199915e-03 -9.280671120751759e-04 -1.007686378583697e+00
9 9 -1.000284188768263e+00 -1.896708698308337e-03 -9.281047366289202e-04 -1.007686103653225e+00
9 10 -1.000284212884583e+00 -1.896677569564556e-03 -9.281845976178606e-04 -1.007686031962788e+00
9 11 -1.000284211546382e+00 -1.896585439176467e-03 -9.283031674593074e-04 -1.007686166206269e+00
9 12 -1.000284184717179e+00 -1.896435850436184e-03 -9.284557419871236e-04 -1.007686501365152e+00
9 13 -1.000284133325198e+00 -1.896234469793651e-03 -9.286366452173779e-04 -1.007687024880667e+00
9 14 -1.000284059243253e+00 -1.895988881066578e-03 -9.288394212508337e-04 -1.007687717088818e+00
9 15 -1.000283965232145e+00 -1.895708316987449e-03 -9.290570094693296e-04 -1.007688551908523e+00
9 16 -1.000283854847396e+00 -1.895403334986104e-03 -9.292819067633296e-04 -1.007689497766566e+00
9 17 -1.000283732310945e+00 -1.895085445129995e-03 -9.295063262581146e-04 -1.007690518735379e+00
9 18 -1.000283602351664e+00 -1.894766699644264e-03 -9.297223654913388e-04 -1.007691575850590e+00
9 19 -1.000283470020593e+00 -1.894459255198480e-03 -9.299221977217411e-04 -1.007692628566238e+00
9 20 -1.000283340488558e+00 -1.894174920865481e-03 -9.300982971690808e-04 -1.007693636298016e+00
9 21 -1.000283218834979e+00 -1.893924706340825e-03 -9.302437022522704e-04 -1.007694559998955e+00
9 22 -1.000283109837593e+00 -1.893718386873615e-03 -9.303523114520374e-04 -1.007695363706500e+00
9 23 -1.000283017773354e+00 -1.893564103204263e-03 -9.304191963681593e-04 -1.007696015995312e+00
9 24 -1.000282946240569e+00 -1.893468015803960e-03 -9.304409078446879e-04 -1.007696491268641e+00
9 25 -1.000282898011212e+00 -1.893434032038372e-03 -9.304157451249947e-04 -1.007696770825053e+00
9 26 -1.000282874920525e+00 -1.893463622415871e-03 -9.303439560053412e-04 -1.007696843646443e+00
9 27 -1.000282877798807e+00 -1.893555738257798e-03 -9.302278387440178e-04 -1.007696706865923e+00
9 28 -1.000282906447900e+00 -1.893706838213100e-03 -9.300717241303999e-04 -1.007696365889585e+00
9 29 -1.000282959662166e+00 -1.893911024999571e-03 -9.298818275883440e-04 -1.007695834164689e+00
9 30 -1.000283035291088e+00 -1.894160286899486e-03 -9.296659746841556e-04 -1.007695132607348e+00
9 31 -1.000283130338363e+00 -1.894444831899471e-03 -9.294332169442990e-04 -1.007694288722023e+00
10 0 -1.000283352863533e+00 -1.894978731354446e-03 -9.282733166634445e-04 -1.007692883270814e+00
10 1 -1.000283475525018e+00 -1.895300458562617e-03 -9.280362531178732e-04 -1.007691854275129e+00
10 2 -1.000283604930998e+00 -1.895621787050798e-03 -9.278119257668578e-04 -1.007690792620304e+00
10 3 -1.000283736168215e+00 -1.895930286142940e-03 -9.276093976782323e-04 -1.007689739155197e+00
10 4 -1.000283864282479e+00 -1.896214103919364e-03 -9.274365768483934e-04 -1.007688734207590e+00
10 5 -1.000283984455157e+00 -1.896462421386058e-03 -9.272998958289037e-04 -1.007687816060294e+00
10 6 -1.000284092172115e+00 -1.896665854423947e-03 -9.272040975563226e-04 -1.007687019532563e+00
10 7 -1.000284183381169e+00 -1.896816790251544e-03 -9.271521303481484e-04 -1.007686374713090e+00
10 8 -1.000284254634489e+00 -1.896909649215419e-03 -9.271451443644287e-04 -1.007685905882193e+00
10 9 -1.000284303212583e+00 -1.896941066516149e-03 -9.271825733638262e-04 -1.007685630652471e+00
10 10 -1.000284327226337e+00 -1.896909991545106e-03 -9.272622804728256e-04 -1.007685559350523e+00
10 11 -1.000284325693374e+00 -1.896817705029354e-03 -9.273807448038317e-04 -1.007685694656199e+00
10 12 -1.000284298585054e+00 -1.896667756552105e-03 -9.275332665519587e-04 -1.007686031508753e+00
10 13 -1.000284246840876e+00 -1.896465827093139e-03 -9.277141717480309e-04 -1.007686557281546e+00
10 14 -1.000284172347834e+00 -1.896219522475935e-03 -9.279170042974719e-04 -1.007687252220320e+00
10 15 -1.000284077883181e+00 -1.895938104016541e-03 -9.281347012093828e-04 -1.007688090135067e+00
10 16 -1.000283967020409e+00 -1.895632163091627e-03 -9.283597548281275e-04 -1.007689039329758e+00
10 17 -1.000283844000147e+00 -1.895313247543009e-03 -9.285843717104978e-04 -1.007690063745729e+00
10 18 -1.000283713569915e+00 -1.894993449611640e-03 -9.288006411071399e-04 -1.007691124284662e+00
10 19 -1.000283580798731e+00 -1.894684966741533e-03 -9.290007266602594e-04 -1.007692180268579e+00
10 20 -1.000283450874092e+00 -1.894399648006455e-03 -9.291770921480594e-04 -1.007693190987893e+00
10 21 -1.000283328890108e+00 -1.894148540647803e-03 -9.293227653472032e-04 -1.007694117282299e+00
10 22 -1.000283219636652e+00 -1.893941453436419e-03 -9.294316344491220e-04 -1.007694923092614e+00
10 23 -1.000283127399879e+00 -1.893786555485368e-03 -9.294987614109922e-04 -1.007695576916717e+00
10 24 -1.000283055784187e+00 -1.893690029750608e-03 -9.295206882399919e-04 -1.007696053102659e+00
10 25 -1.000283007564398e+00 -1.893655799518506e-03 -9.294957064670628e-04 -1.007696332916826e+00
10 26 -1.000282984575238e+00 -1.893685343991772e-03 -9.294240577585524e-04 -1.007696405333329e+00
10 27 -1.000282987643125e+00 -1.893777615640797e-03 -9.293080360306878e-04 -1.007696267502219e+00
10 28 -1.000283016562832e+00 -1.893929066934361e-03 -9.291519692741354e-04 -1.007695924869929e+00
10 29 -1.000283070118788e+00 -1.894133787557103e-03 -9.289620713351417e-04 -1.007695390945294e+00
10 30 -1.000283146147986e+00 -1.894383746288766e-03 -9.287461675102469e-04 -1.007694686725275e+00
10 31 -1.000283241639401e+00 -1.894669125516306e-03 -9.285133107770046e-04 -1.007693839812521e+00
11 0 -1.000283442544662e+00 -1.895218534218893e-03 -9.272453421222922e-04 -1.007692442269942e+00
11 1 -1.000283565655007e+00 -1.895541165579774e-03 -9.270082488052137e-04 -1.007691410119112e+00
11 2 -1.000283695525303e+00 -1.895863489183251e-03 -9.267837947679576e-04 -1.007690345122895e+00
11 3 -1.000283827224423e+00 -1.896173036632398e-03 -9.265810469401148e-04 -1.007689288257712e+00
11 4 -1.000283955780163e+00 -1.896457915631458e-03 -9.264079212496601e-04 -1.007688279983035e+00
11 5 -1.000284076356488e+00 -1.896707265859297e-03 -9.262708618749226e-04 -1.007687358711872e+00
11 6 -1.000284184423233e+00 -1.896911662726225e-03 -9.261746263790104e-04 -1.007686559386491e+00
11 7 -1.000284275914222e+00 -1.897063455416153e-03 -9.261221801281999e-04 -1.007685912206578e+00
11 8 -1.000284347370251e+00 -1.897157030076606e-03 -9.261146923478285e-04 -1.007685441547207e+00
11 9 -1.000284396063585e+00 -1.897188993021762e-03 -9.261516172357487e-04 -1.007685165095268e+00
11 10 -1.000284420100421e+00 -1.897158271601532e-03 -9.262308385874961e-04 -1.007685093227120e+00
11 11 -1.000284418497509e+00 -1.897066132549913e-03 -9.263488550936939e-04 -1.007685228645016e+00
11 12 -1.000284391229193e+00 -1.896916120068206e-03 -9.265009844957471e-04 -1.007685566282392e+00
11 13 -1.000284339241662e+00 -1.896713918358763e-03 -9.266815678966148e-04 -1.007686093479382e+00
11 14 -1.000284264431933e+00 -1.896467144738656e-03 -9.268841614732229e-04 -1.007686790423028e+00
11 15 -1.000284169590087e+00 -1.896185079701151e-03 -9.271017111878821e-04 -1.007687630842075e+00
11 16 -1.000284058304605e+00 -1.895878340578774e-03 -9.273267144730490e-04 -1.007688582940637e+00
11 17 -1.000283934832618e+00 -1.895558506778715e-03 -9.275513788876428e-04 -1.007689610546045e+00
11 18 -1.000283803939073e+00 -1.895237706448966e-03 -9.277677907824918e-04 -1.007690674436218e+00
11 19 -1.000283670710725e+00 -1.894928175946950e-03 -9.279681073702214e-04 -1.007691733804010e+00
11 20 -1.000283540352433e+00 -1.894641804733360e-03 -9.281447828596057e-04 -1.007692747810177e+00
11 21 -1.000283417974597e+00 -1.894389680178277e-03 -9.282908327570099e-04 -1.007693677169750e+00
11 22 -1.000283308381671e+00 -1.894181649264788e-03 -9.284001308276299e-04 -1.007694485708985e+00
11 23 -1.000283215872237e+00 -1.894025916090069e-03 -9.284677230332923e-04 -1.007695141825192e+00
11 24 -1.000283144060608e+00 -1.893928694369914e-03 -9.284901343552088e-04 -1.007695619782589e+00
11 25 -1.000283095728742e+00 -1.893893933027946e-03 -9.284656387597667e-04 -1.007695900782767e+00
11 26 -1.000283072715496e+00 -1.893923130919619e-03 -9.283944602965555e-04 -1.007695973756148e+00
11 27 -1.000283075848295e+00 -1.894015253499718e-03 -9.282788756956647e-04 -1.007695835831679e+00
11 28 -1.000283104919752e+00 -1.894166759123397e-03 -9.281231966892781e-04 -1.007695492458019e+00
11 29 -1.000283158708970e+00 -1.894371735996076e-03 -9.279336223757507e-04 -1.007694957169803e+00
11 30 -1.000283235044537e+00 -1.894622143917571e-03 -9.277179654783053e-04 -1.007694251013114e+00
11 31 -1.000283330904169e+00 -1.894908148964257e-03 -9.274852691436007e-04 -1.007693401661735e+00
12 0 -1.000283506761619e+00 -1.895463644009841e-03 -9.261493473553712e-04 -1.007692029267121e+00
12 1 -1.000283630271472e+00 -1.895787037437330e-03 -9.259123777781348e-04 -1.007690994334897e+00
12 2 -1.000283760580359e+00 -1.896110268251253e-03 -9.256878916100945e-04 -1.007689926192764e+00
12 3 -1.000283892740315e+00 -1.896420833722691e-03 -9.254849560341594e-04 -1.007688865937264e+00
12 4 -1.000284021761216e+00 -1.896706802386416e-03 -9.253114935724540e-04 -1.007687854159119e+00
12 5 -1.000284142788762e+00 -1.896957271469790e-03 -9.251739611035487e-04 -1.007686929408447e+00
12 6 -1.000284251274925e+00 -1.897162772395819e-03 -9.250771345396741e-04 -1.007686126764854e+00
12 7 -1.000284343136822e+00 -1.897315610672361e-03 -9.250240025510295e-04 -1.007685476559750e+00
12 8 -1.000284414900462e+00 -1.897410130969965e-03 -9.250157616672187e-04 -1.007685003288448e+00
12 9 -1.000284463825917e+00 -1.897442902137114e-03 -9.250518961977537e-04 -1.007684724741216e+00
12 10 -1.000284488010291e+00 -1.897412819671393e-03 -9.251303214906730e-04 -1.007684651376593e+00
12 11 -1.000284486464693e+00 -1.897321125394278e-03 -9.252475678026828e-04 -1.007684785954550e+00
12 12 -1.000284459161510e+00 -1.897171346560950e-03 -9.253989831084785e-04 -1.007685123439470e+00
12 13 -1.000284407048730e+00 -1.896969159049220e-03 -9.255789362247594e-04 -1.007685651174474e+00
12 14 -1.000284332028784e+00 -1.896722180667021e-03 -9.257810074582001e-04 -1.007686349322000e+00
12 15 -1.000284236900411e+00 -1.896439700963490e-03 -9.259981623354060e-04 -1.007687191560489e+00
12 16 -1.000284125263547e+00 -1.896132354333826e-03 -9.262229124997295e-04 -1.007688146020793e+00
12 17 -1.000284001389110e+00 -1.895811744492915e-03 -9.264474739624300e-04 -1.007689176437114e+00
12 18 -1.000283870057660e+00 -1.895490030150963e-03 -9.266639357617995e-04 -1.007690243477915e+00
12 19 -1.000283736372753e+00 -1.895179483212034e-03 -9.268644522059154e-04 -1.007691306214622e+00
12 20 -1.000283605556560e+00 -1.894892032184073e-03 -9.270414691817107e-04 -1.007692323679525e+00
12 21 -1.000283482736658e+00 -1.894638805435415e-03 -9.271879887425538e-04 -1.007693256457114e+00
12 22 -1.000283372733984e+00 -1.894429691374133e-03 -9.272978666833816e-04 -1.007694068245690e+00
12 23 -1.000283279862337e+00 -1.894272934471515e-03 -9.273661273593359e-04 -1.007694727321674e+00
12 24 -1.000283207749431e+00 -1.894174786395609e-03 -9.273892713101335e-04 -1.007695207839653e+00
12 25 -1.000283159188365e+00 -1.894139230433641e-03 -9.273655457629356e-04 -1.007695490906266e+00
12 26 -1.000283136026600e+00 -1.894167795234019e-03 -9.272951462692433e-04 -1.007695565374239e+00
12 27 -1.000283139097411e+00 -1.894259470499186e-03 -9.271803202433633e-04 -1.007695428314450e+00
12 28 -1.000283168196209e+00 -1.894410732212093e-03 -9.270253506253632e-04 -1.007695085139870e+00
12 29 -1.000283222101539e+00 -1.894615678597349e-03 -9.268364095483435e-04 -1.007694549374471e+00
12 30 -1.000283298637949e+00 -1.894866271308171e-03 -9.266212855073934e-04 -1.007693842079945e+00
12 31 -1.000283394775811e+00 -1.895152670117217e-03 -9.263890007885672e-04 -1.007692990971200e+00
13 0 -1.000283543123689e+00 -1.895704635699605e-03 -9.250279046087007e-04 -1.007691659800348e+00
13 1 -1.000283666968721e+00 -1.896028620844879e-03 -9.247912051318295e-04 -1.007690622564194e+00
13 2 -1.000283797673982e+00 -1.896352637024238e-03 -9.245667809053232e-04 -1.007689551589501e+00
13 3 -1.000283930276291e+00 -1.896664151806298e-03 -9.243636956309220e-04 -1.007688488081251e+00
13 4 -1.000284059768368e+00 -1.896951197240532e-03 -9.241898766684574e-04 -1.007687472756176e+00
13 5 -1.000284181277479e+00 -1.897202828595974e-03 -9.240517942061393e-04 -1.007686544303257e+00
13 6 -1.000284290236590e+00 -1.897409531482912e-03 -9.239542457060246e-04 -1.007685737948390e+00
13 7 -1.000284382544056e+00 -1.897563563791224e-03 -9.239002486175098e-04 -1.007685084170178e+00
13 8 -1.000284454708260e+00 -1.897659223050476e-03 -9.238910338828011e-04 -1.007684607604927e+00
13 9 -1.000284503973597e+00 -1.897693033507522e-03 -9.239261242691639e-04 -1.007684326171445e+00
13 10 -1.000284528424042e+00 -1.897663850228790e-03 -9.240034762757995e-04 -1.007684250439702e+00
13 11 -1.000284527060557e+00 -1.897572880195396e-03 -9.241196625414338e-04 -1.007684383260300e+00
13 12 -1.000284499848725e+00 -1.897423622844453e-03 -9.242700727796442e-04 -1.007684719663930e+00
13 13 -1.000284447733363e+00 -1.897221734516478e-03 -9.244491148751538e-04 -1.007685247032799e+00
13 14 -1.000284372617450e+00 -1.896974822486743e-03 -9.246504038545893e-04 -1.007685945539937e+00
13 15 -1.000284277303881e+00 -1.896692174920012e-03 -9.248669344425488e-04 -1.007686788846356e+00
13 16 -1.000284165400116e+00 -1.896384433805562e-03 -9.250912410735451e-04 -1.007687745038759e+00
13 17 -1.000284041187667e+00 -1.896063219071261e-03 -9.253155554244509e-04 -1.007688777782255e+00
13 18 -1.000283909460298e+00 -1.895740713535180e-03 -9.255319746496642e-04 -1.007689847654114e+00
13 19 -1.000283775336789e+00 -1.895429219922469e-03 -9.257326535719068e-04 -1.007690913616724e+00
13 20 -1.000283644055897e+00 -1.895140702892577e-03 -9.259100311711487e-04 -1.007691934580222e+00
13 21 -1.000283520762607e+00 -1.894886331008360e-03 -9.260570954750330e-04 -1.007692870997992e+00
13 22 -1.000283410295568e+00 -1.894676035659870e-03 -9.261676816617174e-04 -1.007693686432148e+00
13 23 -1.000283316985995e+00 -1.894518105605027e-03 -9.262367877039457e-04 -1.007694349022440e+00
13 24 -1.000283244478021e+00 -1.894418836418282e-03 -9.262608829330470e-04 -1.007694832791627e+00
13 25 -1.000283195579557e+00 -1.894382253356984e-03 -9.262381794071889e-04 -1.007695118724211e+00
13 26 -1.000283172150852e+00 -1.894409923825580e-03 -9.261688345039506e-04 -1.007695195564161e+00
13 27 -1.000283175035560e+00 -1.894500871818504e-03 -9.260550558287604e-04 -1.007695060290358e+00
13 28 -1.000283204036607e+00 -1.894651601700011e-03 -9.259010866028682e-04 -1.007694718244563e+00
13 29 -1.000283257936695e+00 -1.894856232750039e-03 -9.257130609312533e-04 -1.007694182904400e+00
13 30 -1.000283334560903e+00 -1.895106739408184e-03 -9.254987321631438e-04 -1.007693475312599e+00
13 31 -1.000283430876556e+00 -1.895393285592567e-03 -9.252670913831854e-04 -1.007692623192946e+00
14 0 -1.000283550302550e+00 -1.895932284211148e-03 -9.239245491114162e-04 -1.007691347588446e+00
14 1 -1.000283674406115e+00 -1.896256669379555e-03 -9.236882526306735e-04 -1.007690308609998e+00
14 2 -1.000283805450841e+00 -1.896581320278866e-03 -9.234639791807356e-04 -1.007689235220592e+00
14 3 -1.000283938460514e+00 -1.896893680449887e-03 -9.232607853594812e-04 -1.007688168718188e+00
14 4 -1.000284068412070e+00 -1.897181749391143e-03 -9.230866016739978e-04 -1.007687149935958e+00
14 5 -1.000284190414837e+00 -1.897434542431683e-03 -9.229479120299760e-04 -1.007686217698450e+00
14 6 -1.000284299882378e+00 -1.897642499409592e-03 -9.228495378302601e-04 -1.007685407380852e+00
14 7 -1.000284392693015e+00 -1.897797828681656e-03 -9.227945294173318e-04 -1.007684749618129e+00
14 8 -1.000284465335390e+00 -1.897894776818199e-03 -9.227841577865246e-04 -1.007684269202729e+00
14 9 -1.000284515035314e+00 -1.897929817837282e-03 -9.228179912326110e-04 -1.007683984202764e+00
14 10 -1.000284539860039e+00 -1.897901759122695e-03 -9.228940357366862e-04 -1.007683905325264e+00
14 11 -1.000284538796226e+00 -1.897811764216984e-03 -9.230089155178248e-04 -1.007684035540963e+00
14 12 -1.000284511798096e+00 -1.897663295119480e-03 -9.231580715517841e-04 -1.007684369979216e+00
14 13 -1.000284459802488e+00 -1.897461978343240e-03 -9.233359601949857e-04 -1.007684896095460e+00
14 14 -1.000284384708094e+00 -1.897215400071458e-03 -9.235362402633406e-04 -1.007685594107911e+00
14 15 -1.000284289317340e+00 -1.896932836714534e-03 -9.237519442767399e-04 -1.007686437693523e+00
14 16 -1.000284177241009e+00 -1.896624928133109e-03 -9.239756372758988e-04 -1.007687394925429e+00
14 17 -1.000284052767574e+00 -1.896303301767964e-03 -9.241995731464568e-04 -1.007688429426282e+00
14 18 -1.000283920701064e+00 -1.895980157133495e-03 -9.244158620451840e-04 -1.007689501704137e+00
14 19 -1.000283786173313e+00 -1.895667821856083e-03 -9.246166624862845e-04 -1.007690570629040e+00
14 20 -1.000283654438372e+00 -1.895378292529529e-03 -9.247944081480989e-04 -1.007691594999718e+00
14 21 -1.000283530658240e+00 -1.895122775646469e-03 -9.249420730405288e-04 -1.007692535142565e+00
14 22 -1.000283419689823e+00 -1.894911245506113e-03 -9.250534698472511e-04 -1.007693354480450e+00
14 23 -1.000283325883241e+00 -1.894752037378605e-03 -9.251235661744205e-04 -1.007694021006022e+00
14 24 -1.000283252901463e+00 -1.894651495124036e-03 -9.251487942753471e-04 -1.007694508592864e+00
14 25 -1.000283203570405e+00 -1.894613692118082e-03 -9.251273238864224e-04 -1.007694798080315e+00
14 26 -1.000283179766824e+00 -1.894640241995884e-03 -9.250592663056455e-04 -1.007694878076523e+00
14 27 -1.000283182348811e+00 -1.894730211554318e-03 -9.249467808123224e-04 -1.007694745438562e+00
14 28 -1.000283211131104e+00 -1.894880142967478e-03 -9.247940617135712e-04 -1.007694405405032e+00
14 29 -1.000283264905081e+00 -1.895084186769847e-03 -9.246071953749848e-04 -1.007693871373560e+00
14 30 -1.000283341500992e+00 -1.895334340776019e-03 -9.243938903275359e-04 -1.007693164333663e+00
14 31 -1.000283437887594e+00 -1.895620783442056e-03 -9.241630974922339e-04 -1.007692311984968e+00
15 0 -1.000283528072852e+00 -1.896137913473576e-03 -9.228820396468186e-04 -1.007691104076576e+00
15 1 -1.000283652348990e+00 -1.896462493138859e-03 -9.226462599789509e-04 -1.007690063979680e+00
15 2 -1.000283783663851e+00 -1.896787605316890e-03 -9.224222166025158e-04 -1.007688988681379e+00
15 3 -1.000283917030841e+00 -1.897100675999048e-03 -9.222189559686962e-04 -1.007687919553883e+00
15 4 -1.000284047413036e+00 -1.897389677156941e-03 -9.220444103470526e-04 -1.007686897533210e+00
15 5 -1.000284169902959e+00 -1.897643587668746e-03 -9.219050774219537e-04 -1.007685961571186e+00
15 6 -1.000284279895140e+00 -1.897852803512066e-03 -9.218058038220512e-04 -1.007685147189305e+00
15 7 -1.000284373247436e+00 -1.898009483660193e-03 -9.217496753905769e-04 -1.007684485181571e+00
15 8 -1.000284446427435e+00 -1.898107821852445e-03 -9.217380073550588e-04 -1.007684000505657e+00
15 9 -1.000284496640126e+00 -1.898144237950907e-03 -9.217704192176485e-04 -1.007683711394568e+00
15 10 -1.000284521932979e+00 -1.898117485995038e-03 -9.218449730964217e-04 -1.007683628713505e+00
15 11 -1.000284521274690e+00 -1.898028679125398e-03 -9.219583518301966e-04 -1.007683755578471e+00
15 12 -1.000284494604023e+00 -1.897881233888741e-03 -9.221060548383816e-04 -1.007684087245692e+00
15 13 -1.000284442845427e+00 -1.897680738015231e-03 -9.222825943167397e-04 -1.007684611274573e+00
15 14 -1.000284367888718e+00 -1.897434746944872e-03 -9.224816803590424e-04 -1.007685307960888e+00
15 15 -1.000284272531280e+00 -1.897152515453374e-03 -9.226963905146802e-04 -1.007686151030004e+00
15 16 -1.000284160382891e+00 -1.896844671649466e-03 -9.229193269206016e-04 -1.007687108572489e+00
15 17 -1.000284035735055e+00 -1.896522841460272e-03 -9.231427710998919e-04 -1.007688144197032e+00
15 18 -1.000283903398681e+00 -1.896199232947548e-03 -9.233588504811085e-04 -1.007689218367531e+00
15 19 -1.000283768515992e+00 -1.895886191729670e-03 -9.235597303367077e-04 -1.007690289882097e+00
15 20 -1.000283636354496e+00 -1.895595741042589e-03 -9.237378407836443e-04 -1.007691317442588e+00
15 21 -1.000283512092247e+00 -1.895339121857416e-03 -9.238861420421605e-04 -1.007692261256526e+00
15 22 -1.000283400604310e+00 -1.895126349838232e-03 -9.239984228902569e-04 -1.007693084609263e+00
15 23 -1.000283306260485e+00 -1.894965807173348e-03 -9.240696175709847e-04 -1.007693755341683e+00
15 24 -1.000283232744236e+00 -1.894863888395914e-03 -9.240961169441596e-04 -1.007694247167007e+00
15 25 -1.000283182901959e+00 -1.894824719236995e-03 -9.240760431415969e-04 -1.007694540762158e+00
15 26 -1.000283158630007e+00 -1.894849965316897e-03 -9.240094553550843e-04 -1.007694624577451e+00
15 27 -1.000283160804415e+00 -1.894938743180278e-03 -9.238984577937458e-04 -1.007694495322797e+00
15 28 -1.000283189255590e+00 -1.895087640804527e-03 -9.237471884207310e-04 -1.007694158105628e+00
15 29 -1.000283242787796e+00 -1.895290848935772e-03 -9.235616780375063e-04 -1.007693626213124e+00
15 30 -1.000283319240873e+00 -1.895540398392656e-03 -9.233495826499674e-04 -1.007692920549525e+00
15 31 -1.000283415589419e+00 -1.895826491942888e-03 -9.231198058508600e-04 -1.007692068758341e+00
16 0 -1.000283477313102e+00 -1.896313718716564e-03 -9.219406610389922e-04 -1.007690938080925e+00
16 1 -1.000283601669824e+00 -1.896638281372173e-03 -9.217054884330394e-04 -1.007689897527934e+00
16 2 -1.000283733175731e+00 -1.896963665200759e-03 -9.214817417284285e-04 -1.007688820895375e+00
16 3 -1.000283866836857e+00 -1.897277285716051e-03 -9.212784549582886e-04 -1.007687749608286e+00
16 4 -1.000283997604836e+00 -1.897567093400593e-03 -9.211035608499521e-04 -1.007686724688081e+00
16 5 -1.000284120557175e+00 -1.897822035570844e-03 -9.209635703157807e-04 -1.007685785200722e+00
16 6 -1.000284231070478e+00 -1.898032467931577e-03 -9.208633554718274e-04 -1.007684966805454e+00
16 7 -1.000284324982498e+00 -1.898190502069379e-03 -9.208060390567528e-04 -1.007684300452053e+00
16 8 -1.000284398739239e+00 -1.898290278981863e-03 -9.207929832507944e-04 -1.007683811266327e+00
16 9 -1.000284449523386e+00 -1.898328162472460e-03 -9.208238625606480e-04 -1.007683517655600e+00
16 10 -1.000284475360298e+00 -1.898302849579628e-03 -9.208967996085855e-04 -1.007683430658450e+00
16 11 -1.000284475197711e+00 -1.898215397973706e-03 -9.210085404995514e-04 -1.007683553555911e+00
16 12 -1.000284448955437e+00 -1.898069172464793e-03 -9.211546480989639e-04 -1.007683881754470e+00
16 13 -1.000284397541636e+00 -1.897869714581071e-03 -9.213296958867023e-04 -1.007684402944018e+00
16 14 -1.000284322833045e+00 -1.897624540653173e-03 -9.215274508556018e-04 -1.007685097526830e+00
16 15 -1.000284227617677e+00 -1.897342874872081e-03 -9.217410408999788e-04 -1.007685939306917e+00
16 16 -1.000284115500021e+00 -1.897035324444820e-03 -9.219631099929028e-04 -1.007686896422586e+00
16 17 -1.000283990770556e+00 -1.896713504747206e-03 -9.221859715088241e-04 -1.007687932497859e+00
16 18 -1.000283858243405e+00 -1.896389623824688e-03 -9.224017738480739e-04 -1.007689007979531e+00
16 19 -1.000283723068092e+00 -1.896076037705384e-03 -9.226026919096703e-04 -1.007690081616923e+00
16 20 -1.000283590523256e+00 -1.895784790142741e-03 -9.227811538494883e-04 -1.007691112032783e+00
16 21 -1.000283465801518e+00 -1.895527152099262e-03 -9.229301063187684e-04 -1.007692059327625e+00
16 22 -1.000283353795403e+00 -1.895313177663260e-03 -9.230433133264970e-04 -1.007692886655655e+00
16 23 -1.000283258894445e+00 -1.895151294495063e-03 -9.231156741312900e-04 -1.007693561707145e+00
16 24 -1.000283184803416e+00 -1.895047948013942e-03 -9.231435358362314e-04 -1.007694058030538e+00
16 25 -1.000283134390777e+00 -1.895007318367260e-03 -9.231249696680408e-04 -1.007694356129923e+00
16 26 -1.000283109574791e+00 -1.895031126997563e-03 -9.230599784240955e-04 -1.007694444281791e+00
16 27 -1.000283111252349e+00 -1.895118545487261e-03 -9.229506062245732e-04 -1.007694319028501e+00
16 28 -1.000283139272908e+00 -1.895266214040595e-03 -9.228009293308656e-04 -1.007693985322643e+00
16 29 -1.000283192457343e+00 -1.895468370995635e-03 -9.226169175563870e-04 -1.007693456314671e+00
16 30 -1.000283268659065e+00 -1.895717088355261e-03 -9.224061689850813e-04 -1.007692752795267e+00
16 31 -1.000283364862585e+00 -1.896002601886985e-03 -9.221775345680856e-04 -1.007691902322616e+00
17 0 -1.000283399968077e+00 -1.896453051352285e-03 -9.211366422703090e-04 -1.007690855533134e+00
17 1 -1.000283524310819e+00 -1.896777387358902e-03 -9.209021406675153e-04 -1.007689815200298e+00
17 2 -1.000283655921856e+00 -1.897102843998060e-03 -9.206787427947380e-04 -1.007688737855737e+00
17 3 -1.000283789803131e+00 -1.897416833813545e-03 -9.204754685193879e-04 -1.007687664953773e+00
17 4 -1.000283920897719e+00 -1.897707292726526e-03 -9.203002495593173e-04 -1.007686637580301e+00
17 5 -1.000284044270499e+00 -1.897963142590978e-03 -9.201596089786361e-04 -1.007685694897826e+00
17 6 -1.000284155281937e+00 -1.898174703825856e-03 -9.200584439504221e-04 -1.007684872689864e+00
17 7 -1.000284249750726e+00 -1.898334044236731e-03 -9.199999144563569e-04 -1.007684202053367e+00
17 8 -1.000284324101497e+00 -1.898435254111120e-03 -9.199854306370610e-04 -1.007683708279127e+00
17 9 -1.000284375494010e+00 -1.898474641555095e-03 -9.200147234624680e-04 -1.007683409951303e+00
17 10 -1.000284401930094e+00 -1.898450845280277e-03 -9.200859779156715e-04 -1.007683318289960e+00
17 11 -1.000284402334379e+00 -1.898364864525992e-03 -9.201960057469346e-04 -1.007683436754543e+00
17 12 -1.000284376604922e+00 -1.898220007903204e-03 -9.203404362257598e-04 -1.007683760919825e+00
17 13 -1.000284325630272e+00 -1.898021764983752e-03 -9.205139074354809e-04 -1.007684278627997e+00
17 14 -1.000284251270390e+00 -1.897777606176183e-03 -9.207102465807246e-04 -1.007684970412567e+00
17 15 -1.000284156299989e+00 -1.897496717417816e-03 -9.209226350191940e-04 -1.007685810183104e+00
17 16 -1.000284044314230e+00 -1.897189676687835e-03 -9.211437615928935e-04 -1.007686766154052e+00
17 17 -1.000283919598553e+00 -1.896868080135440e-03 -9.213659745976803e-04 -1.007687801993583e+00
17 18 -1.000283786966499e+00 -1.896544127248757e-03 -9.215814463065050e-04 -1.007688878159008e+00
17 19 -1.000283651571543e+00 -1.896230176612818e-03 -9.217823634997293e-04 -1.007689953375514e+00
17 20 -1.000283518700734e+00 -1.895938285735311e-03 -9.219611536745319e-04 -1.007690986207162e+00
17 21 -1.000283393559242e+00 -1.895679750018524e-03 -9.221107504239911e-04 -1.007691936663235e+00
17 22 -1.000283281055729e+00 -1.895464657590122e-03 -9.222248931046020e-04 -1.007692767778046e+00
17 23 -1.000283185598781e+00 -1.895301478394185e-03 -9.222984458511268e-04 -1.007693447098044e+00
17 24 -1.000283110914448e+00 -1.895196706963091e-03 -9.223277113321421e-04 -1.007693948008830e+00
17 25 -1.000283059893955e+00 -1.895154577775658e-03 -9.223107083094248e-04 -1.007694250838164e+00
17 26 -1.000283034478938e+00 -1.895176869793967e-03 -9.222473807727686e-04 -1.007694343679562e+00
17 27 -1.000283035589318e+00 -1.895262812945130e-03 -9.221397098832778e-04 -1.007694222893527e+00
17 28 -1.000283063096341e+00 -1.895409104265877e-03 -9.219917072386364e-04 -1.007693893259382e+00
17 29 -1.000283115840618e+00 -1.895610035326900e-03 -9.218092786554540e-04 -1.007693367769404e+00
17 30 -1.000283191692523e+00 -1.895857725832029e-03 -9.215999611052190e-04 -1.007692667077069e+00
17 31 -1.000283287650099e+00 -1.896142451799034e-03 -9.213725495546431e-04 -1.007691818629940e+00
18 0 -1.000283298974816e+00 -1.896550657760446e-03 -9.205007566147711e-04 -1.007690859321460e+00
18 1 -1.000283423209898e+00 -1.896874566894986e-03 -9.202669627032106e-04 -1.007689819874353e+00
18 2 -1.000283554836447e+00 -1.897199895471356e-03 -9.200439506688959e-04 -1.007688742465042e+00
18 3 -1.000283688855784e+00 -1.897514060800863e-03 -9.198407247553867e-04 -1.007687668552202e+00
18 4 -1.000283820205687e+00 -1.897804991791627e-03 -9.196652141858759e-04 -1.007686639262589e+00
18 5 -1.000283943941301e+00 -1.898061591852546e-03 -9.195239529021825e-04 -1.007685693833982e+00
18 6 -1.000284055409296e+00 -1.898274152282449e-03 -9.194218621226360e-04 -1.007684868156349e+00
18 7 -1.000284150410961e+00 -1.898434702195726e-03 -9.193621381691990e-04 -1.007684193460251e+00
18 8 -1.000284225350523e+00 -1.898537285073398e-03 -9.193462382167145e-04 -1.007683695192390e+00
18 9 -1.000284277365107e+00 -1.898578155923446e-03 -9.193739488639417e-04 -1.007683392109291e+00
18 10 -1.000284304432586e+00 -1.898555896199691e-03 -9.194435170214800e-04 -1.007683295613096e+00
18 11 -1.000284305453262e+00 -1.898471446030159e-03 -9.195518202480632e-04 -1.007683409347908e+00
18 12 -1.000284280301446e+00 -1.898328055404965e-03 -9.196945548489305e-04 -1.007683729068626e+00
18 13 -1.000284229843439e+00 -1.898131158031855e-03 -9.198664243185560e-04 -1.007684242786215e+00
18 14 -1.000284155919350e+00 -1.897888173276319e-03 -9.200613169469619e-04 -1.007684931185419e+00
18 15 -1.000284061287181e+00 -1.897608242610917e-03 -9.202724686651947e-04 -1.007685768304307e+00
18 16 -1.000283949529094e+00 -1.897301907588772e-03 -9.204926146976542e-04 -1.007686722458896e+00
18 17 -1.000283824921680e+00 -1.896980737259009e-03 -9.207141400428368e-04 -1.007687757388392e+00
18 18 -1.000283692274171e+00 -1.896656914507295e-03 -9.209292425403613e-04 -1.007688833587316e+00
18 19 -1.000283556740556e+00 -1.896342792700410e-03 -9.211301222522835e-04 -1.007689909781764e+00
18 20 -1.000283423613280e+00 -1.896050435824211e-03 -9.213092072440159e-04 -1.007690944499717e+00
18 21 -1.000283298107530e+00 -1.895791157078900e-03 -9.214594193174459e-04 -1.007691897678947e+00
18 22 -1.000283185146103e+00 -1.895575072831376e-03 -9.215744744584221e-04 -1.007692732250068e+00
18 23 -1.000283089155234e+00 -1.895410690605150e-03 -9.216492027032950e-04 -1.007693415627731e+00
18 24 -1.000283013881483e+00 -1.895304550609999e-03 -9.216798628372397e-04 -1.007693921042246e+00
18 25 -1.000282962238711e+00 -1.895260939579405e-03 -9.216644212765116e-04 -1.007694228648050e+00
18 26 -1.000282936192482e+00 -1.895281693387156e-03 -9.216027630719738e-04 -1.007694326353844e+00
18 27 -1.000282936687008e+00 -1.895366101280647e-03 -9.214968061154677e-04 -1.007694210331211e+00
18 28 -1.000282963617221e+00 -1.895510919645556e-03 -9.213504967730274e-04 -1.007693885174160e+00
18 29 -1.000283015845883e+00 -1.895710497078825e-03 -9.211696759935440e-04 -1.007693363700854e+00
18 30 -1.000283091263115e+00 -1.895957005743332e-03 -9.209618185874981e-04 -1.007692666408951e+00
18 31 -1.000283186883561e+00 -1.896240767475102e-03 -9.207356625093396e-04 -1.007691820614710e+00
19 0 -1.000283178154945e+00 -1.896602865446788e-03 -9.200571585951356e-04 -1.007690949223963e+00
19 1 -1.000283302192928e+00 -1.896926163998277e-03 -9.198240820093927e-04 -1.007689911293695e+00
19 2 -1.000283433744917e+00 -1.897251168846623e-03 -9.196014774505435e-04 -1.007688834468454e+00
19 3 -1.000283567815155e+00 -1.897565309687824e-03 -9.193983325478682e-04 -1.007687760186009e+00
19 4 -1.000283699339601e+00 -1.897856516226500e-03 -9.192225728264282e-04 -1.007686729588723e+00
19 5 -1.000283823366894e+00 -1.898113681077634e-03 -9.190807416989400e-04 -1.007685781965645e+00
19 6 -1.000283935232706e+00 -1.898327073608632e-03 -9.189777826113797e-04 -1.007684953291603e+00
19 7 -1.000284030723209e+00 -1.898488690730455e-03 -9.189169258914755e-04 -1.007684274912407e+00
19 8 -1.000284106223964e+00 -1.898592534749133e-03 -9.188996730550743e-04 -1.007683772415862e+00
19 9 -1.000284158850635e+00 -1.898634812187823e-03 -9.189258635849893e-04 -1.007683464719812e+00
19 10 -1.000284186557646e+00 -1.898614050557142e-03 -9.189938037603967e-04 -1.007683363401904e+00
19 11 -1.000284188220715e+00 -1.898531132555890e-03 -9.191004346431389e-04 -1.007683472289764e+00
19 12 -1.000284163689331e+00 -1.898389249430757e-03 -9.192415175073873e-04 -1.007683787323176e+00
19 13 -1.000284113805777e+00 -1.898193777186191e-03 -9.194118194925611e-04 -1.007684296692097e+00
19 14 -1.000284040387948e+00 -1.897952080800970e-03 -9.196052886888146e-04 -1.007684981247280e+00
19 15 -1.000283946174299e+00 -1.897673252614919e-03 -9.198152149401623e-04 -1.007685815173855e+00
19 16 -1.000283834730779e+00 -1.897367791944182e-03 -9.200343797443475e-04 -1.007686766911042e+00
19 17 -1.000283710321697e+00 -1.897047234069941e-03 -9.202552050090047e-04 -1.007687800292756e+00
19 18 -1.000283577748508e+00 -1.896723738083448e-03 -9.204699145536839e-04 -1.007688875875287e+00
19 19 -1.000283442162333e+00 -1.896409644644080e-03 -9.206707225278624e-04 -1.007689952410283e+00
19 20 -1.000283308857780e+00 -1.896117016573853e-03 -9.208500590119273e-04 -1.007690988413898e+00
19 21 -1.000283183057058e+00 -1.895857177343813e-03 -9.210008360253024e-04 -1.007691943775434e+00
19 22 -1.000283069694497e+00 -1.895640264599195e-03 -9.211167483216935e-04 -1.007692781342301e+00
19 23 -1.000282973211920e+00 -1.895474817439540e-03 -9.211925937585955e-04 -1.007693468414143e+00
19 24 -1.000282897374928e+00 -1.895367416805699e-03 -9.212245890340761e-04 -1.007693978078845e+00
19 25 -1.000282845119103e+00 -1.895322397734991e-03 -9.212106502261968e-04 -1.007694290326717e+00
19 26 -1.000282818433568e+00 -1.895341650164286e-03 -9.211506057158882e-04 -1.007694392886938e+00
19 27 -1.000282818287081e+00 -1.895424521238302e-03 -9.210463122812450e-04 -1.007694281742695e+00
19 28 -1.000282844599207e+00 -1.895567826905703e-03 -9.209016527382713e-04 -1.007693961297934e+00
19 29 -1.000282896256444e+00 -1.895765974483947e-03 -9.207224044662605e-04 -1.007693444187286e+00
19 30 -1.000282971170745e+00 -1.896011191422320e-03 -9.205159814102473e-04 -1.007692750739675e+00
19 31 -1.000283066375823e+00 -1.896293849171605e-03 -9.202910659222998e-04 -1.007691908124285e+00
20 0 -1.000283042076807e+00 -1.896607712094176e-03 -9.198224987932467e-04 -1.007691121928951e+00
20 1 -1.000283165835677e+00 -1.896930239390558e-03 -9.195901229059707e-04 -1.007690086089691e+00
20 2 -1.000283297225881e+00 -1.897254737130456e-03 -9.193679323051384e-04 -1.007689010475398e+00
20 3 -1.000283431257984e+00 -1.897568654460966e-03 -9.191648978349521e-04 -1.007687936478632e+00
20 4 -1.000283562869638e+00 -1.897859929610054e-03 -9.189889404141987e-04 -1.007686905231661e+00
20 5 -1.000283687106398e+00 -1.898117452443015e-03 -9.188466111145694e-04 -1.007685956048999e+00
20 6 -1.000283799296141e+00 -1.898331478429746e-03 -9.187428728092227e-04 -1.007685124965599e+00
20 7 -1.000283895212811e+00 -1.898493980011703e-03 -9.186809862271423e-04 -1.007684443419683e+00
20 8 -1.000283971225799e+00 -1.898598925505464e-03 -9.186624931130554e-04 -1.007683937119858e+00
20 9 -1.000284024431286e+00 -1.898642479345615e-03 -9.186872813710027e-04 -1.007683625128208e+00
20 10 -1.000284052761611e+00 -1.898623120425502e-03 -9.187537118697835e-04 -1.007683519184834e+00
20 11 -1.000284055068569e+00 -1.898541677946164e-03 -9.188587842394852e-04 -1.007683623292701e+00
20 12 -1.000284031176779e+00 -1.898401286652266e-03 -9.189983200282966e-04 -1.007683933573824e+00
20 13 -1.000283981903692e+00 -1.898207265238420e-03 -9.191671459873030e-04 -1.007684438400337e+00
20 14 -1.000283909043443e+00 -1.897966922893446e-03 -9.193592667961995e-04 -1.007685118797798e+00
20 15 -1.000283815312745e+00 -1.897689299861477e-03 -9.195680237009550e-04 -1.007685949111961e+00
20 16 -1.000283704258693e+00 -1.897384849002990e-03 -9.197862425102540e-04 -1.007686897922365e+00
20 17 -1.000283580130411e+00 -1.897065066583791e-03 -9.200063806897518e-04 -1.007687929177315e+00
20 18 -1.000283447718482e+00 -1.896742081719608e-03 -9.202206875528013e-04 -1.007689003516637e+00
20 19 -1.000283312167906e+00 -1.896428215309561e-03 -9.204213919158687e-04 -1.007690079741223e+00
20 20 -1.000283178772090e+00 -1.896135521290206e-03 -9.206009274536944e-04 -1.007691116380432e+00
20 21 -1.000283052756952e+00 -1.895875325425208e-03 -9.207521986746706e-04 -1.007692073300211e+00
20 22 -1.000282939065313e+00 -1.895657778889958e-03 -9.208688817588546e-04 -1.007692913288436e+00
20 23 -1.000282842151951e+00 -1.895491445187127e-03 -9.209457453583663e-04 -1.007693603550911e+00
20 24 -1.000282765799319e+00 -1.895382939521926e-03 -9.209789675076246e-04 -1.007694117051335e+00
20 25 -1.000282712962989e+00 -1.895336639529539e-03 -9.209664178938903e-04 -1.007694433631045e+00
20 26 -1.000282685654408e+00 -1.895354484418911e-03 -9.209078725020783e-04 -1.007694540851394e+00
20 27 -1.000282684866201e+00 -1.895435875619388e-03 -9.208051312393821e-04 -1.007694434514788e+00
20 28 -1.000282710542533e+00 -1.895577686431727e-03 -9.206620173783655e-04 -1.007694118838125e+00
20 29 -1.000282761594253e+00 -1.895774382152665e-03 -9.204842485615773e-04 -1.007693606270744e+00
20 30 -1.000282835956379e+00 -1.896018246201184e-03 -9.202791816046573e-04 -1.007692916966456e+00
20 31 -1.000282930683489e+00 -1.896299701712424e-03 -9.200554466825841e-04 -1.007692077936652e+00
21 0 -1.000282895891390e+00 -1.896565014549170e-03 -9.198053436908349e-04 -1.007691371139705e+00
21 1 -1.000283019299523e+00 -1.896886638702547e-03 -9.195736270882980e-04 -1.007690337888079e+00
21 2 -1.000283150446732e+00 -1.897210464827737e-03 -9.193518426410406e-04 -1.007689264066998e+00
21 3 -1.000283284352999e+00 -1.897523967701397e-03 -9.191489450895984e-04 -1.007688191001610e+00
21 4 -1.000283415961049e+00 -1.897815101418035e-03 -9.189728499179526e-04 -1.007687159789052e+00
21 5 -1.000283540316879e+00 -1.898072761264505e-03 -9.188301135068306e-04 -1.007686209742640e+00
21 6 -1.000283652744097e+00 -1.898287197443462e-03 -9.187257145204506e-04 -1.007685376930292e+00
21 7 -1.000283749007845e+00 -1.898450366693562e-03 -9.186629394571962e-04 -1.007684692855881e+00
21 8 -1.000283825464501e+00 -1.898556211911305e-03 -9.186433648162431e-04 -1.007684183323493e+00
21 9 -1.000283879193480e+00 -1.898600863437152e-03 -9.186669206386430e-04 -1.007683867516840e+00
21 10 -1.000283908107190e+00 -1.898582758617065e-03 -9.187320154275331e-04 -1.007683757319649e+00
21 11 -1.000283911035052e+00 -1.898502679022442e-03 -9.188357001812190e-04 -1.007683856895768e+00
21 12 -1.000283887777715e+00 -1.898363707296931e-03 -9.189738498723493e-04 -1.007684162539844e+00
21 13 -1.000283839127965e+00 -1.898171107486020e-03 -9.191413447839839e-04 -1.007684662802127e+00
21 14 -1.000283766855527e+00 -1.897932133766004e-03 -9.193322409313469e-04 -1.007685338884949e+00
21 15 -1.000283673653990e+00 -1.897655773296358e-03 -9.195399264350830e-04 -1.007686165302207e+00
21 16 -1.000283563049671e+00 -1.897352429995786e-03 -9.197572677184730e-04 -1.007687110785684e+00
21 17 -1.000283439274197e+00 -1.897033557302352e-03 -9.199767552941975e-04 -1.007688139413493e+00
21 18 -1.000283307104597e+00 -1.896711249224759e-03 -9.201906629135418e-04 -1.007689211927787e+00
21 19 -1.000283171676679e+00 -1.896397800500642e-03 -9.203912343647769e-04 -1.007690287200799e+00
21 20 -1.000283038279297e+00 -1.896105248783262e-03 -9.205709082713071e-04 -1.007691323799721e+00
21 21 -1.000282912138655e+00 -1.895844914144450e-03 -9.207225838801319e-04 -1.007692281592967e+00
21 22 -1.000282798202726e+00 -1.895626953066081e-03 -9.208399220438277e-04 -1.007693123334708e+00
21 23 -1.000282700936086e+00 -1.895459945250158e-03 -9.209176665176511e-04 -1.007693816161920e+00
21 24 -1.000282624135147e+00 -1.895350532271370e-03 -9.209519618168658e-04 -1.007694332937449e+00
21 25 -1.000282570772967e+00 -1.895303127095728e-03 -9.209406368393794e-04 -1.007694653374327e+00
21 26 -1.000282542881295e+00 -1.895319711763342e-03 -9.208834210369487e-04 -1.007694764883481e+00
21 27 -1.000282541475122e+00 -1.895399736421531e-03 -9.207820636180138e-04 -1.007694663100651e+00
21 28 -1.000282566522200e+00 -1.895540127139828e-03 -9.206403347793619e-04 -1.007694352066328e+00
21 29 -1.000282616957304e+00 -1.895735403932933e-03 -9.204638988519234e-04 -1.007693844050804e+00
21 30 -1.000282690738807e+00 -1.895977904657235e-03 -9.202600613686981e-04 -1.007693159033414e+00
21 31 -1.000282784943198e+00 -1.896258104479596e-03 -9.200374052198493e-04 -1.007692323862439e+00
22 0 -1.000282745146551e+00 -1.896476375870873e-03 -9.200059143054170e-04 -1.007691687763378e+00
22 1 -1.000282868145329e+00 -1.896796998486992e-03 -9.197747932085658e-04 -1.007690657500424e+00
22 2 -1.000282998977243e+00 -1.897120013187941e-03 -9.195533942738635e-04 -1.007689585989300e+00
22 3 -1.000283132674404e+00 -1.897432925518489e-03 -9.193506573629628e-04 -1.007688514468309e+00
22 4 -1.000283264187773e+00 -1.897723712129403e-03 -9.191744917340045e-04 -1.007687483976005e+00
22 5 -1.000283388567307e+00 -1.897981281704920e-03 -9.190314564505682e-04 -1.007686533797917e+00
22 6 -1.000283501136095e+00 -1.898195888109530e-03 -9.189265417566097e-04 -1.007685700006181e+00
22 7 -1.000283597654281e+00 -1.898359481917990e-03 -9.188630542435485e-04 -1.007685014140494e+00
22 8 -1.000283674468926e+00 -1.898465990315758e-03 -9.188425981374971e-04 -1.007684502070948e+00
22 9 -1.000283728646055e+00 -1.898511518892555e-03 -9.188651375361005e-04 -1.007684183075494e+00
22 10 -1.000283758081041e+00 -1.898494471972232e-03 -9.189291199048095e-04 -1.007684069157525e+00
22 11 -1.000283761583278e+00 -1.898415590960569e-03 -9.190316387971096e-04 -1.007684164621816e+00
22 12 -1.000283738931190e+00 -1.898277912654776e-03 -9.191686139940270e-04 -1.007684465919930e+00
22 13 -1.000283690893969e+00 -1.898086651263318e-03 -9.193349711555151e-04 -1.007684961769336e+00
22 14 -1.000283619217267e+00 -1.897849009030381e-03 -9.195248102107407e-04 -1.007685633543783e+00
22 15 -1.000283526571142e+00 -1.897573921222035e-03 -9.197315597871475e-04 -1.007686455925852e+00
22 16 -1.000283416460052e+00 -1.897271742159347e-03 -9.199481219421665e-04 -1.007687397805627e+00
22 17 -1.000283293096423e+00 -1.896953880069456e-03 -9.201670168739582e-04 -1.007688423402066e+00
22 18 -1.000283161241454e+00 -1.896632389847248e-03 -9.203805410358819e-04 -1.007689493575274e+00
22 19 -1.000283026018981e+00 -1.896319534584156e-03 -9.205809528984774e-04 -1.007690567288566e+00
22 20 -1.000282892710151e+00 -1.896027328930969e-03 -9.207606970635940e-04 -1.007691603170036e+00
22 21 -1.000282766538062e+00 -1.895767079578279e-03 -9.209126699692914e-04 -1.007692561116029e+00
22 22 -1.000282652452307e+00 -1.895548939871136e-03 -9.210305211835444e-04 -1.007693403874123e+00
22 23 -1.000282554923670e+00 -1.895381496778654e-03 -9.211089750690651e-04 -1.007694098540392e+00
22 24 -1.000282477759040e+00 -1.895271409247007e-03 -9.211441490978898e-04 -1.007694617904275e+00
22 25 -1.000282423945789e+00 -1.895223116962314e-03 -9.211338383743919e-04 -1.007694941576052e+00
22 26 -1.000282395533225e+00 -1.895238636798345e-03 -9.210777332920630e-04 -1.007695056839157e+00
22 27 -1.000282393556378e+00 -1.895317460239417e-03 -9.209775404927913e-04 -1.007694959182969e+00
22 28 -1.000282418004671e+00 -1.895456559481491e-03 -9.208369857235760e-04 -1.007694652489038e+00
22 29 -1.000282467835420e+00 -1.895650503831791e-03 -9.206616884297808e-04 -1.007694148861920e+00
22 30 -1.000282541029722e+00 -1.895891681972811e-03 -9.204589103406589e-04 -1.007693468113895e+00
22 31 -1.000282634686219e+00 -1.896170619568314e-03 -9.202371933470697e-04 -1.007692636930839e+00
23 0 -1.000282595584622e+00 -1.896345129792954e-03 -9.204161440414586e-04 -1.007692060185916e+00
23 1 -1.000282718130590e+00 -1.896664689509520e-03 -9.201855354032186e-04 -1.007691033202208e+00
23 2 -1.000282848586395e+00 -1.896986782615570e-03 -9.199644900851760e-04 -1.007689964433673e+00
23 3 -1.000282981998574e+00 -1.897298949480475e-03 -9.197619346010537e-04 -1.007688895015391e+00
23 4 -1.000283113329216e+00 -1.897589195147477e-03 -9.195857714055242e-04 -1.007687865906078e+00
23 5 -1.000283237635643e+00 -1.897846449179695e-03 -9.194425596231636e-04 -1.007686916337801e+00
23 6 -1.000283350244214e+00 -1.898060978000272e-03 -9.193372963703915e-04 -1.007686082357621e+00
23 7 -1.000283446914104e+00 -1.898224735951760e-03 -9.192733015580366e-04 -1.007685395509445e+00
23 8 -1.000283523987126e+00 -1.898331644930745e-03 -9.192521986771538e-04 -1.007684881697146e+00
23 9 -1.000283578519827e+00 -1.898377796086031e-03 -9.192739764223853e-04 -1.007684560261877e+00
23 10 -1.000283608394098e+00 -1.898361570437879e-03 -9.193371113470469e-04 -1.007684443298261e+00
23 11 -1.000283612402364e+00 -1.898283678094495e-03 -9.194387294695473e-04 -1.007684535226972e+00
23 12 -1.000283590303327e+00 -1.898147117891442e-03 -9.195747851222550e-04 -1.007684832635266e+00
23 13 -1.000283542844521e+00 -1.897957060909716e-03 -9.197402392510612e-04 -1.007685324390743e+00
23 14 -1.000283471748846e+00 -1.897720662665082e-03 -9.199292264539179e-04 -1.007685992026296e+00
23 15 -1.000283379663445e+00 -1.897446809865103e-03 -9.201352081100064e-04 -1.007686810386587e+00
23 16 -1.000283270070707e+00 -1.897145808482611e-03 -9.203511159086304e-04 -1.007687748519781e+00
23 17 -1.000283147162805e+00 -1.896829020712304e-03 -9.205694954312268e-04 -1.007688770791859e+00
23 18 -1.000283015683323e+00 -1.896508459628301e-03 -9.207826631760231e-04 -1.007689838192776e+00
23 19 -1.000282880741757e+00 -1.896196352311358e-03 -9.209828913867318e-04 -1.007690909793608e+00
23 20 -1.000282747608709e+00 -1.895904684569072e-03 -9.211626316349410e-04 -1.007691944304067e+00
23 21 -1.000282621500913e+00 -1.895644742533370e-03 -9.213147804679276e-04 -1.007692901672731e+00
23 22 -1.000282507365954e+00 -1.895426668074909e-03 -9.214329808605604e-04 -1.007693744667943e+00
23 23 -1.000282409676978e+00 -1.895259046221177e-03 -9.215119439776618e-04 -1.007694440374348e+00
23 24 -1.000282332247479e+00 -1.895148543602660e-03 -9.215477676609904e-04 -1.007694961538263e+00
23 25 -1.000282278075416e+00 -1.895099616859880e-03 -9.215382216339308e-04 -1.007695287697048e+00
23 26 -1.000282249224185e+00 -1.895114308175221e-03 -9.214829664830644e-04 -1.007695406035040e+00
23 27 -1.000282246745700e+00 -1.895192141343965e-03 -9.213836761434949e-04 -1.007695311921449e+00
23 28 -1.000282270648337e+00 -1.895330126461021e-03 -9.212440419581252e-04 -1.007695009101956e+00
23 29 -1.000282319909808e+00 -1.895522875087465e-03 -9.210696481761645e-04 -1.007694509534207e+00
23 30 -1.000282392532508e+00 -1.895762821280746e-03 -9.208677216328986e-04 -1.007693832876864e+00
23 31 -1.000282485636600e+00 -1.896040537609648e-03 -9.206467711625460e-04 -1.007693005660674e+00
24 0 -1.000282452929442e+00 -1.896176223665389e-03 -9.210200434820454e-04 -1.007692474634208e+00
24 1 -1.000282574995961e+00 -1.896494698505358e-03 -9.207898481431038e-04 -1.007691451098566e+00
24 2 -1.000282705028598e+00 -1.896815793551420e-03 -9.205691146381614e-04 -1.007690385405004e+00
24 3 -1.000282838090149e+00 -1.897127086904725e-03 -9.203667579907849e-04 -1.007689318572388e+00
24 4 -1.000282969156372e+00 -1.897416616884458e-03 -9.201906735091716e-04 -1.007688291460876e+00
24 5 -1.000283093295111e+00 -1.897673340710035e-03 -9.200474176775720e-04 -1.007687343225055e+00
24 6 -1.000283205839689e+00 -1.897887545848504e-03 -9.199419892931582e-04 -1.007686509858341e+00
24 7 -1.000283302552381e+00 -1.898051200203280e-03 -9.198777140816277e-04 -1.007685822877094e+00
24 8 -1.000283379774008e+00 -1.898158230951316e-03 -9.198562255503030e-04 -1.007685308185683e+00
24 9 -1.000283434555892e+00 -1.898204725638948e-03 -9.198775266812897e-04 -1.007684985155106e+00
24 10 -1.000283464770515e+00 -1.898189052670435e-03 -9.199401121757698e-04 -1.007684865939043e+00
24 11 -1.000283469197059e+00 -1.898111901035516e-03 -9.200411290906293e-04 -1.007684955044267e+00
24 12 -1.000283447577768e+00 -1.897976240969380e-03 -9.201765546031324e-04 -1.007685249167253e+00
24 13 -1.000283400641275e+00 -1.897787208702058e-03 -9.203413735185351e-04 -1.007685737303180e+00
24 14 -1.000283330089922e+00 -1.897551919933052e-03 -9.205297447128732e-04 -1.007686401125919e+00
24 15 -1.000283238549437e+00 -1.897279218015079e-03 -9.207351534895539e-04 -1.007687215629331e+00
24 16 -1.000283129480775e+00 -1.896979363728898e-03 -9.209505540431432e-04 -1.007688150013195e+00
24 17 -1.000283007055563e+00 -1.896663674177695e-03 -9.211685119392150e-04 -1.007689168791125e+00
24 18 -1.000282875998618e+00 -1.896344119420120e-03 -9.213813602692951e-04 -1.007690233090210e+00
24 19 -1.000282741403242e+00 -1.896032887413040e-03 -9.215813838635595e-04 -1.007691302102246e+00
24 20 -1.000282608527029e+00 -1.895741930283974e-03 -9.217610424069072e-04 -1.007692334636414e+00
24 21 -1.000282482577294e+00 -1.895482507183996e-03 -9.219132357472123e-04 -1.007693290715872e+00
24 22 -1.000282368496078e+00 -1.895264740656304e-03 -9.220316051808087e-04 -1.007694133156145e+00
24 23 -1.000282270754991e+00 -1.895097204715248e-03 -9.221108552380955e-04 -1.007694829060138e+00
24 24 -1.000282193170032e+00 -1.894986563646738e-03 -9.221470723975979e-04 -1.007695351163059e+00
24 25 -1.000282138745555e+00 -1.894937280400831e-03 -9.221380107820471e-04 -1.007695678962609e+00
24 26 -1.000282109554893e+00 -1.894951411690833e-03 -9.220833118989953e-04 -1.007695799577147e+00
24 27 -1.000282106662966e+00 -1.895028503283245e-03 -9.219846279962925e-04 -1.007695708286896e+00
24 28 -1.000282130093718e+00 -1.895165593732473e-03 -9.218456269275697e-04 -1.007695408729327e+00
24 29 -1.000282178842492e+00 -1.895357328543704e-03 -9.216718684308950e-04 -1.007694912738503e+00
24 30 -1.000282250930832e+00 -1.895596180091956e-03 -9.214705547508087e-04 -1.007694239838205e+00
24 31 -1.000282343498919e+00 -1.895872762292493e-03 -9.212501711693270e-04 -1.007693416417655e+00
25 0 -1.000282322669952e+00 -1.895976042872924e-03 -9.217943493422506e-04 -1.007692915623830e+00
25 1 -1.000282444248309e+00 -1.896293451356018e-03 -9.215644550275367e-04 -1.007691895576045e+00
25 2 -1.000282573826391e+00 -1.896613508732452e-03 -9.213439827352345e-04 -1.007690833176154e+00
25 3 -1.000282706484513e+00 -1.896923832448071e-03 -9.211418382111005e-04 -1.007689769317805e+00
25 4 -1.000282837214177e+00 -1.897212497937017e-03 -9.209659092700690e-04 -1.007688744746921e+00
25 5 -1.000282961096569e+00 -1.897468495958720e-03 -9.208227467837492e-04 -1.007687798519024e+00
25 6 -1.000283073475425e+00 -1.897682142700159e-03 -9.207173457996037e-04 -1.007686966547336e+00
25 7 -1.000283170120050e+00 -1.897845428748221e-03 -9.206530302981794e-04 -1.007686280290372e+00
25 8 -1.000283247374514e+00 -1.897952296768018e-03 -9.206314344485709e-04 -1.007685765620141e+00
25 9 -1.000283302289325e+00 -1.897998841671688e-03 -9.206525646642742e-04 -1.007685441903088e+00
25 10 -1.000283332732010e+00 -1.897983430609447e-03 -9.207149217843630e-04 -1.007685321317066e+00
25 11 -1.000283337472833e+00 -1.897906742710760e-03 -9.208156612483132e-04 -1.007685408421070e+00
25 12 -1.000283316241576e+00 -1.897771730215437e-03 -9.209507704132199e-04 -1.007685699989571e+00
25 13 -1.000283269751466e+00 -1.897583504037056e-03 -9.211152458695974e-04 -1.007686185117944e+00
25 14 -1.000283199687189e+00 -1.897349148287586e-03 -9.213032597062014e-04 -1.007686845598093e+00
25 15 -1.000283108655274e+00 -1.897077469683254e-03 -9.215083113567933e-04 -1.007687656555073e+00
25 16 -1.000283000096667e+00 -1.896778688714288e-03 -9.217233692844744e-04 -1.007688587328152e+00
25 17 -1.000282878162983e+00 -1.896464080153237e-03 -9.219410127820418e-04 -1.007689602573260e+00
25 18 -1.000282747559886e+00 -1.896145571523101e-03 -9.221535876833842e-04 -1.007690663556443e+00
25 19 -1.000282613363228e+00 -1.895835309963296e-03 -9.223533901107862e-04 -1.007691729598692e+00
25 20 -1.000282480815553e+00 -1.895545210275061e-03 -9.225328889052476e-04 -1.007692759623009e+00
25 21 -1.000282355112051e+00 -1.895286499203974e-03 -9.226849902615538e-04 -1.007693713746786e+00
25 22 -1.000282241185912e+00 -1.895069272862693e-03 -9.228033387427601e-04 -1.007694554857291e+00
25 23 -1.000282143503414e+00 -1.894902085578038e-03 -9.228826392222064e-04 -1.007695250104686e+00
25 24 -1.000282065878842e+00 -1.894791589255411e-03 -9.229189758253281e-04 -1.007695772245756e+00
25 25 -1.000282011318422e+00 -1.894742242138508e-03 -9.229100976750263e-04 -1.007696100773766e+00
25 26 -1.000281981900820e+00 -1.894756104040254e-03 -9.228556386528767e-04 -1.007696222777139e+00
25 27 -1.000281978699566e+00 -1.894832731488555e-03 -9.227572410372230e-04 -1.007696133481863e+00
25 28 -1.000282001750227e+00 -1.894969181009204e-03 -9.226185609605659e-04 -1.007695836448863e+00
25 29 -1.000282050062384e+00 -1.895160122528159e-03 -9.224451453859470e-04 -1.007695343416331e+00
25 30 -1.000282121673875e+00 -1.895398058291667e-03 -9.222441833453026e-04 -1.007694673796723e+00
25 31 -1.000282213742630e+00 -1.895673636427163e-03 -9.220241469651244e-04 -1.007693853856682e+00
26 0 -1.000282209848226e+00 -1.895752181461539e-03 -9.227094272155053e-04 -1.007693366486869e+00
26 1 -1.000282330948135e+00 -1.896068582314855e-03 -9.224797116813029e-04 -1.007692349834987e+00
26 2 -1.000282460057381e+00 -1.896387601319098e-03 -9.222594421964726e-04 -1.007691290823733e+00
26 3 -1.000282592274355e+00 -1.896696895411444e-03 -9.220575176518792e-04 -1.007690230217293e+00
26 4 -1.000282722607810e+00 -1.896984579708670e-03 -9.218818179401330e-04 -1.007689208635649e+00
26 5 -1.000282846154639e+00 -1.897239683221485e-03 -9.217388852808332e-04 -1.007688265017110e+00
26 6 -1.000282958272064e+00 -1.897452557399022e-03 -9.216337057305238e-04 -1.007687435171265e+00
26 7 -1.000283054740047e+00 -1.897615223638229e-03 -9.215695942946736e-04 -1.007686750471001e+00
26 8 -1.000283131909976e+00 -1.897721649621705e-03 -9.215481765569067e-04 -1.007686236724603e+00
26 9 -1.000283186835976e+00 -1.897767948350745e-03 -9.215694511656866e-04 -1.007685913259682e+00
26 10 -1.000283217385309e+00 -1.897752497278862e-03 -9.216319124482032e-04 -1.007685792242106e+00
26 11 -1.000283222324079e+00 -1.897675977505560e-03 -9.217327109738113e-04 -1.007685878246625e+00
26 12 -1.000283201374163e+00 -1.897541334726321e-03 -9.218678312183769e-04 -1.007686168090885e+00
26 13 -1.000283155237494e+00 -1.897353665075853e-03 -9.220322691264232e-04 -1.007686650938997e+00
26 14 -1.000283085584604e+00 -1.897120030401030e-03 -9.222201983916629e-04 -1.007687308673804e+00
26 15 -1.000282995005663e+00 -1.896849208721163e-03 -9.224251220874862e-04 -1.007688116529290e+00
26 16 -1.000282886923746e+00 -1.896551386571368e-03 -9.226400141129379e-04 -1.007689043967234e+00
26 17 -1.000282765471783e+00 -1.896237800805845e-03 -9.228574608815014e-04 -1.007690055775006e+00
26 18 -1.000282635336689e+00 -1.895920338632459e-03 -9.230698168609969e-04 -1.007691113353605e+00
26 19 -1.000282501576304e+00 -1.895611106329214e-03 -9.232693877775328e-04 -1.007692176156368e+00
26 20 -1.000282369416659e+00 -1.895321979154162e-03 -9.234486521873537e-04 -1.007693203230129e+00
26 21 -1.000282244038548e+00 -1.895064147173163e-03 -9.236005254190899e-04 -1.007694154802887e+00
26 22 -1.000282130363331e+00 -1.894847673824101e-03 -9.237186604053400e-04 -1.007694993855915e+00
26 23 -1.000282032848306e+00 -1.894681085676381e-03 -9.237977697163082e-04 -1.007695687614248e+00
26 24 -1.000281955301834e+00 -1.894571012646419e-03 -9.238339443663387e-04 -1.007696208888309e+00
26 25 -1.000281900727417e+00 -1.894521897531444e-03 -9.238249390931779e-04 -1.007696537202149e+00
26 26 -1.000281871204294e+00 -1.894535791823941e-03 -9.237703917241765e-04 -1.007696659651058e+00
26 27 -1.000281867809921e+00 -1.894612251179074e-03 -9.236719468338994e-04 -1.007696571443539e+00
26 28 -1.000281890587056e+00 -1.894748338723460e-03 -9.235332614933656e-04 -1.007696276099039e+00
26 29 -1.000281938555478e+00 -1.894938738140251e-03 -9.233598824429026e-04 -1.007695785291898e+00
26 30 -1.000282009765799e+00 -1.895175971935128e-03 -9.231589973335422e-04 -1.007695118351231e+00
26 31 -1.000282101390797e+00 -1.895450714152576e-03 -9.229390757553270e-04 -1.007694301444354e+00
27 0 -1.000282118860228e+00 -1.895513165315706e-03 -9.237303922328885e-04 -1.007693809969811e+00
27 1 -1.000282239509645e+00 -1.895828655682636e-03 -9.235007267599047e-04 -1.007692796492335e+00
27 2 -1.000282368153648e+00 -1.896146675217898e-03 -9.232805947545795e-04 -1.007691740835335e+00
27 3 -1.000282499908538e+00 -1.896454918917551e-03 -9.230788907832505e-04 -1.007690683634527e+00
27 4 -1.000282629801154e+00 -1.896741542546889e-03 -9.229034866652749e-04 -1.007689665377365e+00
27 5 -1.000282752945855e+00 -1.896995616570156e-03 -9.227609133879708e-04 -1.007688724871391e+00
27 6 -1.000282864715901e+00 -1.897207532899173e-03 -9.226561432177804e-04 -1.007687897803019e+00
27 7 -1.000282960905129e+00 -1.897369350744881e-03 -9.225924751927199e-04 -1.007687215434871e+00
27 8 -1.000283037876049e+00 -1.897475071456661e-03 -9.225715171315434e-04 -1.007686703482357e+00
27 9 -1.000283092690743e+00 -1.897520836203653e-03 -9.225932488171194e-04 -1.007686381201298e+00
27 10 -1.000283123220942e+00 -1.897505043900725e-03 -9.226561456411319e-04 -1.007686260709821e+00
27 11 -1.000283128233511e+00 -1.897428389367333e-03 -9.227573402696087e-04 -1.007686346561339e+00
27 12 -1.000283107447285e+00 -1.897293823527808e-03 -9.228928012239188e-04 -1.007686635579996e+00
27 13 -1.000283061557456e+00 -1.897106438975169e-03 -9.230575110919085e-04 -1.007687116964171e+00
27 14 -1.000282992224468e+00 -1.896873285537475e-03 -9.232456332449069e-04 -1.007687772656862e+00
27 15 -1.000282902025589e+00 -1.896603121490220e-03 -9.234506637916665e-04 -1.007688577974809e+00
27 16 -1.000282794368779e+00 -1.896306106881972e-03 -9.236655732927331e-04 -1.007689502481167e+00
27 17 -1.000282673370280e+00 -1.895993446450861e-03 -9.238829485962767e-04 -1.007690511079045e+00
27 18 -1.000282543699415e+00 -1.895676990986164e-03 -9.240951482400438e-04 -1.007691565294816e+00
27 19 -1.000282410396228e+00 -1.895368807629603e-03 -9.242944851739866e-04 -1.007692624711592e+00
27 20 -1.000282278669462e+00 -1.895080731459298e-03 -9.244734477091007e-04 -1.007693648505057e+00
27 21 -1.000282153683780e+00 -1.894823912838525e-03 -9.246249629848846e-04 -1.007694597026366e+00
27 22 -1.000282040346072e+00 -1.894608377287897e-03 -9.247426975067966e-04 -1.007695433370235e+00
27 23 -1.000281943101260e+00 -1.894442616465371e-03 -9.248213788056673e-04 -1.007696124861865e+00
27 24 -1.000281865747780e+00 -1.894333229585736e-03 -9.248571136177029e-04 -1.007696644395307e+00
27 25 -1.000281811281984e+00 -1.894284634039430e-03 -9.248476724795902e-04 -1.007696971558901e+00
27 26 -1.000281781779011e+00 -1.894298862055227e-03 -9.247927086591204e-04 -1.007697093490747e+00
27 27 -1.000281778315441e+00 -1.894375456802753e-03 -9.246938815979101e-04 -1.007697005419109e+00
27 28 -1.000281800936443e+00 -1.894511476187845e-03 -9.245548623338409e-04 -1.007696710859139e+00
27 29 -1.000281848667439e+00 -1.894701606201486e-03 -9.243812100893484e-04 -1.007696221456697e+00
27 30 -1.000281919567723e+00 -1.894938379077357e-03 -9.241801229426437e-04 -1.007695556489367e+00
27 31 -1.000282010821486e+00 -1.895212485544205e-03 -9.239600785921937e-04 -1.007694742052089e+00
28 0 -1.000282053277652e+00 -1.895268136101452e-03 -9.248184072897268e-04 -1.007694228885613e+00
28 1 -1.000282173521878e+00 -1.895582848340309e-03 -9.245886602784498e-04 -1.007693218238471e+00
28 2 -1.000282301722163e+00 -1.895899946069789e-03 -9.243685943729787e-04 -1.007692165771520e+00
28 3 -1.000282433011873e+00 -1.896207159345596e-03 -9.241671025875047e-04 -1.007691111998181e+00
28 4 -1.000282562436007e+00 -1.896492683751367e-03 -9.239920492014891e-04 -1.007690097272537e+00
28 5 -1.000282685127415e+00 -1.896745632667670e-03 -9.238499521171139e-04 -1.007689160263301e+00
28 6 -1.000282796477306e+00 -1.896956442164996e-03 -9.237457654396557e-04 -1.007688336518871e+00
28 7 -1.000282892296114e+00 -1.897117214999288e-03 -9.236827654464028e-04 -1.007687657170721e+00
28 8 -1.000282968960946e+00 -1.897221993708012e-03 -9.236625333506913e-04 -1.007687147815298e+00
28 9 -1.000283023545927e+00 -1.897266956672580e-03 -9.236850196806634e-04 -1.007686827606154e+00
28 10 -1.000283053931814e+00 -1.897250534523223e-03 -9.237486693864184e-04 -1.007686708579885e+00
28 11 -1.000283058891055e+00 -1.897173446897479e-03 -9.238505849378243e-04 -1.007686795232682e+00
28 12 -1.000283038144359e+00 -1.897038661474159e-03 -9.239867061973745e-04 -1.007687084358523e+00
28 13 -1.000282992385011e+00 -1.896851278768533e-03 -9.241519898532843e-04 -1.007687565154082e+00
28 14 -1.000282923267896e+00 -1.896618347450328e-03 -9.243405772889406e-04 -1.007688219588918e+00
28 15 -1.000282833361379e+00 -1.896348615839102e-03 -9.245459474465358e-04 -1.007689023032792e+00
28 16 -1.000282726061631e+00 -1.896052225944839e-03 -9.247610590421672e-04 -1.007689945125246e+00
28 17 -1.000282605470805e+00 -1.895740357380436e-03 -9.249784925316900e-04 -1.007690950865180e+00
28 18 -1.000282476242456e+00 -1.895424829865347e-03 -9.251906054677605e-04 -1.007692001889924e+00
28 19 -1.000282343399787e+00 -1.895117674740103e-03 -9.253897151403948e-04 -1.007693057904520e+00
28 20 -1.000282212134197e+00 -1.894830687833366e-03 -9.255683193622272e-04 -1.007694078213414e+00
28 21 -1.000282087593056e+00 -1.894574978208434e-03 -9.257193595444117e-04 -1.007695023298976e+00
28 22 -1.000281974666634e+00 -1.894360529566832e-03 -9.258365205421709e-04 -1.007695856384843e+00
28 23 -1.000281877784503e+00 -1.894195792818134e-03 -9.259145514284833e-04 -1.007696544918035e+00
28 24 -1.000281800731573e+00 -1.894087328993113e-03 -9.259495828210109e-04 -1.007697061902909e+00
28 25 -1.000281746492957e+00 -1.894039521136763e-03 -9.259394108098367e-04 -1.007697387022922e+00
28 26 -1.000281717135215e+00 -1.894054372032394e-03 -9.258837153232833e-04 -1.007697507493071e+00
28 27 -1.000281713729282e+00 -1.894131401255065e-03 -9.257841828551582e-04 -1.007697418597725e+00
28 28 -1.000281736317848e+00 -1.894267649861581e-03 -9.256445108824017e-04 -1.007697123885134e+00
28 29 -1.000281783927165e+00 -1.894457794493164e-03 -9.254702833316384e-04 -1.007696635009589e+00
28 30 -1.000281854620729e+00 -1.894694365994978e-03 -9.252687203258805e-04 -1.007695971231642e+00
28 31 -1.000281945590219e+00 -1.894968061773122e-03 -9.250483183047846e-04 -1.007695158604017e+00
29 0 -1.000282015699052e+00 -1.895026506364664e-03 -9.259321150575906e-04 -1.007694606796781e+00
29 1 -1.000282135599224e+00 -1.895340603599621e-03 -9.257021555627550e-04 -1.007693598524674e+00
29 2 -1.000282263394628e+00 -1.895656893501287e-03 -9.254820795857927e-04 -1.007692548958533e+00
29 3 -1.000282394234212e+00 -1.895963136772217e-03 -9.252807817390880e-04 -1.007691498500356e+00
29 4 -1.000282523180474e+00 -1.896247566305493e-03 -9.251061198893453e-04 -1.007690487375525e+00
29 5 -1.000282645384984e+00 -1.896499338098946e-03 -9.249645975275189e-04 -1.007689554111675e+00
29 6 -1.000282756258094e+00 -1.896708934379763e-03 -9.248611467052151e-04 -1.007688734109802e+00
29 7 -1.000282851628977e+00 -1.896868505600581e-03 -9.247990148073082e-04 -1.007688058354148e+00
29 8 -1.000282927892311e+00 -1.896972141546625e-03 -9.247797485715315e-04 -1.007687552300198e+00
29 9 -1.000282982137936e+00 -1.897016065504804e-03 -9.248032600390778e-04 -1.007687234972353e+00
29 10 -1.000283012259815e+00 -1.896998748842857e-03 -9.248679533484067e-04 -1.007687118295034e+00
29 11 -1.000283017040530e+00 -1.896920946050168e-03 -9.249708895234792e-04 -1.007687206673902e+00
29 12 -1.000282996207458e+00 -1.896785652299856e-03 -9.251079680835833e-04 -1.007687496837741e+00
29 13 -1.000282950456871e+00 -1.896597987130552e-03 -9.252741082980561e-04 -1.007687977945817e+00
29 14 -1.000282881442880e+00 -1.896365009057234e-03 -9.254634187813087e-04 -1.007688631959295e+00
29 15 -1.000282791729358e+00 -1.896095466826568e-03 -9.256693516414623e-04 -1.007689434268469e+00
29 16 -1.000282684704538e+00 -1.895799493745522e-03 -9.258848453739323e-04 -1.007690354560667e+00
29 17 -1.000282564459654e+00 -1.895488252322161e-03 -9.261024671250025e-04 -1.007691357906756e+00
29 18 -1.000282435634910e+00 -1.895173537676115e-03 -9.263145683336523e-04 -1.007692406036623e+00
29 19 -1.000282303238228e+00 -1.894867349941109e-03 -9.265134677026072e-04 -1.007693458765152e+00
29 20 -1.000282172444214e+00 -1.894581448089552e-03 -9.266916720331718e-04 -1.007694475520707e+00
29 21 -1.000282048382467e+00 -1.894326899950070e-03 -9.268421387777032e-04 -1.007695416919676e+00
29 22 -1.000281935925158e+00 -1.894113645252537e-03 -9.269585749136097e-04 -1.007696246324739e+00
29 23 -1.000281839484179e+00 -1.893950089975439e-03 -9.270357566968097e-04 -1.007696931321423e+00
29 24 -1.000281762827854e+00 -1.893842750904726e-03 -9.270698461326876e-04 -1.007697445046900e+00
29 25 -1.000281708926372e+00 -1.893795968988045e-03 -9.270586740591370e-04 -1.007697767307220e+00
29 26 -1.000281679833509e+00 -1.893811708429641e-03 -9.270019574439048e-04 -1.007697885425665e+00
29 27 -1.000281676610007e+00 -1.893889455054762e-03 -9.269014208198217e-04 -1.007697794776850e+00
29 28 -1.000281699291313e+00 -1.894026222194806e-03 -9.267607993709012e-04 -1.007697498978008e+00
29 29 -1.000281746899707e+00 -1.894216665857045e-03 -9.265857131234932e-04 -1.007697009728356e+00
29 30 -1.000281817498220e+00 -1.894453304311810e-03 -9.263834154008537e-04 -1.007696346306838e+00
29 31 -1.000281908281725e+00 -1.894726831230400e-03 -9.261624315821675e-04 -1.007695534756228e+00
30 0 -1.000282007637902e+00 -1.894797598212668e-03 -9.270291578474677e-04 -1.007694928699345e+00
30 1 -1.000282127268901e+00 -1.895111268665504e-03 -9.267988594272890e-04 -1.007693922251363e+00
30 2 -1.000282254714289e+00 -1.895426897049586e-03 -9.265786944706441e-04 -1.007692875181534e+00
30 3 -1.000282385136522e+00 -1.895732269126508e-03 -9.263775625115956e-04 -1.007691827795482e+00
30 4 -1.000282513614253e+00 -1.896015651219144e-03 -9.262033162688344e-04 -1.007690820199334e+00
30 5 -1.000282635317278e+00 -1.896266240000487e-03 -9.260624438200811e-04 -1.007689890782941e+00
30 6 -1.000282745675535e+00 -1.896474563991706e-03 -9.259598520851844e-04 -1.007689074796503e+00
30 7 -1.000282840538351e+00 -1.896632823591699e-03 -9.258987547302865e-04 -1.007688403066753e+00
30 8 -1.000282916320285e+00 -1.896735160104165e-03 -9.258806576241058e-04 -1.007687900891479e+00
30 9 -1.000282970129961e+00 -1.896777847780470e-03 -9.259054264592862e-04 -1.007687587143735e+00
30 10 -1.000282999878222e+00 -1.896759406238876e-03 -9.259714155091208e-04 -1.007687473609313e+00
30 11 -1.000283004361946e+00 -1.896680633464174e-03 -9.260756346095357e-04 -1.007687564573648e+00
30 12 -1.000282983319708e+00 -1.896544561665140e-03 -9.262139330001332e-04 -1.007687856668158e+00
30 13 -1.000282937455504e+00 -1.896356339647779e-03 -9.263811826844817e-04 -1.007688338980785e+00
30 14 -1.000282868427454e+00 -1.896123046422525e-03 -9.265714499084109e-04 -1.007688993429665e+00
30 15 -1.000282778799585e+00 -1.895853441749973e-03 -9.267781508628935e-04 -1.007689795391748e+00
30 16 -1.000282671956468e+00 -1.895557660189490e-03 -9.269941957284283e-04 -1.007690714570795e+00
30 17 -1.000282551982100e+00 -1.895246855951336e-03 -9.272121317584759e-04 -1.007691716082512e+00
30 18 -1.000282423506243e+00 -1.894932806851061e-03 -9.274242995461791e-04 -1.007692761727687e+00
30 19 -1.000282291523556e+00 -1.894627487397449e-03 -9.276230163882033e-04 -1.007693811415478e+00
30 20 -1.000282161192988e+00 -1.894342623466656e-03 -9.278007970676270e-04 -1.007694824688893e+00
30 21 -1.000282037626604e+00 -1.894089243493658e-03 -9.279506158364224e-04 -1.007695762295528e+00
30 22 -1.000281925677824e+00 -1.893877243033970e-03 -9.280662044381270e-04 -1.007696587741053e+00
30 23 -1.000281829739303e+00 -1.893714980792194e-03 -9.281423709857479e-04 -1.007697268760386e+00
30 24 -1.000281753560357e+00 -1.893608924877205e-03 -9.281753154601134e-04 -1.007697778641000e+00
30 25 -1.000281700093067e+00 -1.893563367871652e-03 -9.281629114691267e-04 -1.007698097334694e+00
30 26 -1.000281671374666e+00 -1.893580227663220e-03 -9.281049218963913e-04 -1.007698212300630e+00
30 27 -1.000281668451520e+00 -1.893658947441416e-03 -9.280031187231652e-04 -1.007698119034568e+00
30 28 -1.000281691347378e+00 -1.893796503017048e-03 -9.278612847334936e-04 -1.007697821255951e+00
30 29 -1.000281739075925e+00 -1.893987519340629e-03 -9.276850862750400e-04 -1.007697330743396e+00
30 30 -1.000281809695106e+00 -1.894224491500572e-03 -9.274818198761458e-04 -1.007696666828571e+00
30 31 -1.000281900398557e+00 -1.894498099188103e-03 -9.272600489187756e-04 -1.007695855576892e+00
31 0 -1.000282029453842e+00 -1.894590279499644e-03 -9.280677378582902e-04 -1.007695181672909e+00
31 1 -1.000282148901594e+00 -1.894903729540140e-03 -9.278369831906946e-04 -1.007694176422638e+00
31 2 -1.000282276065913e+00 -1.895218869655658e-03 -9.276166504133593e-04 -1.007693131343931e+00
31 3 -1.000282406120119e+00 -1.895523504131066e-03 -9.274156470593408e-04 -1.007692086664898e+00
31 4 -1.000282534157108e+00 -1.895805927695241e-03 -9.272418219133556e-04 -1.007691082386080e+00
31 5 -1.000282655363754e+00 -1.896055374247302e-03 -9.271016471659423e-04 -1.007690156767904e+00
31 6 -1.000282765189275e+00 -1.896262416881695e-03 -9.270000027051563e-04 -1.007689344912299e+00
31 7 -1.000282859503742e+00 -1.896419306162403e-03 -9.269400651975491e-04 -1.007688677484559e+00
31 8 -1.000282934743093e+00 -1.896520237145138e-03 -9.269232948703633e-04 -1.007688179614337e+00
31 9 -1.000282988037052e+00 -1.896561539134477e-03 -9.269495048792789e-04 -1.007687870007058e+00
31 10 -1.000283017316395e+00 -1.896541785655073e-03 -9.270169924544549e-04 -1.007687760288743e+00
31 11 -1.000283021395953e+00 -1.896461825157440e-03 -9.271227086017501e-04 -1.007687854599436e+00
31 12 -1.000283000029595e+00 -1.896324735003058e-03 -9.272624444345366e-04 -1.007688149444687e+00
31 13 -1.000282953933470e+00 -1.896135702376477e-03 -9.274310166135275e-04 -1.007688633809987e+00
31 14 -1.000282884774312e+00 -1.895901836652083e-03 -9.276224407524015e-04 -1.007689289537550e+00
31 15 -1.000282795120962e+00 -1.895631918835335e-03 -9.278300890858852e-04 -1.007690091957476e+00
31 16 -1.000282688358813e+00 -1.895336094769552e-03 -9.280468363214374e-04 -1.007691010757553e+00
31 17 -1.000282568568642e+00 -1.895025519585316e-03 -9.282652040433153e-04 -1.007692011069081e+00
31 18 -1.000282440373061e+00 -1.894711961743271e-03 -9.284775177128366e-04 -1.007693054739328e+00
31 19 -1.000282308755951e+00 -1.894407376632364e-03 -9.286760902969949e-04 -1.007694101752773e+00
31 20 -1.000282178862321e+00 -1.894123462077880e-03 -9.288534429660732e-04 -1.007695111753470e+00
31 21 -1.000282055787670e+00 -1.893871210603984e-03 -9.290025667008322e-04 -1.007696045612063e+00
31 22 -1.000281944366818e+00 -1.893660475243502e-03 -9.291172197048047e-04 -1.007696866975147e+00
31 23 -1.000281848972413e+00 -1.893499566999077e-03 -9.291922454256391e-04 -1.007697543731778e+00
31 24 -1.000281773333073e+00 -1.893394902779718e-03 -9.292238868163997e-04 -1.007698049331277e+00
31 25 -1.000281720380288e+00 -1.893350722395954e-03 -9.292100664105406e-04 -1.007698363888780e+00
31 26 -1.000281692131606e+00 -1.893368891396787e-03 -9.291506000700274e-04 -1.007698475021963e+00
31 27 -1.000281689615347e+00 -1.893448802949604e-03 -9.290473150430715e-04 -1.007698378374442e+00
31 28 -1.000281712839503e+00 -1.893587386892918e-03 -9.289040500559958e-04 -1.007698077797484e+00
31 29 -1.000281760804878e+00 -1.893779227979498e-03 -9.287265262323204e-04 -1.007697585180287e+00
31 30 -1.000281831559969e+00 -1.894016788635079e-03 -9.285220914234114e-04 -1.007696919938836e+00
31 31 -1.000281922292863e+00 -1.894290724995859e-03 -9.282993545262209e-04 -1.007696108192434e+00
