1.268732762436667e-06
1.000000000000000e-12
1.000000000000000e-17
3.539516078031458e-01
1.942916948314405e-01
-7.830087956401502e-02
-1.500017464083440e+00
1.901109735892602e-07
32
32
-7.391955898202282e-04
1
0 0 -1.000282062780940e+00 -1.894390237869536e-03 -9.290683980026889e-04 -1.007695428453306e+00
0 1 -1.000282184153935e+00 -1.894709025005765e-03 -9.288330166744778e-04 -1.007694406641710e+00
0 2 -1.000282313261506e+00 -1.895029228750062e-03 -9.286085915286668e-04 -1.007693345220892e+00
0 3 -1.000282445204372e+00 -1.895338455758474e-03 -9.284042034446911e-04 -1.007692285048406e+00
0 4 -1.000282575006098e+00 -1.895624824674980e-03 -9.282278358739218e-04 -1.007691266713126e+00
0 5 -1.000282697789701e+00 -1.895877421427192e-03 -9.280860516299152e-04 -1.007690329001246e+00
0 6 -1.000282808947931e+00 -1.896086704563074e-03 -9.279837746978517e-04 -1.007689507459355e+00
0 7 -1.000282904303253e+00 -1.896244847030317e-03 -9.279241799624182e-04 -1.007688833102308e+00
0 8 -1.000282980253961e+00 -1.896346004614459e-03 -9.279086839901848e-04 -1.007688331305326e+00
0 9 -1.000283033903144e+00 -1.896386505562282e-03 -9.279370209643678e-04 -1.007688020909920e+00
0 10 -1.000283063167015e+00 -1.896364959617810e-03 -9.280073813939086e-04 -1.007687913564910e+00
0 11 -1.000283066858796e+00 -1.896282287024180e-03 -9.281165892224323e-04 -1.007688013318521e+00
0 12 -1.000283044744088e+00 -1.896141669518302e-03 -9.282602951744267e-04 -1.007688316473070e+00
0 13 -1.000282997563995e+00 -1.895948426900775e-03 -9.284331687207149e-04 -1.007688811707360e+00
0 14 -1.000282927023039e+00 -1.895709824400645e-03 -9.286290768693159e-04 -1.007689480464177e+00
0 15 -1.000282835739912e+00 -1.895434817056760e-03 -9.288412453402667e-04 -1.007690297593634e+00
0 16 -1.000282727160538e+00 -1.895133737635142e-03 -9.290624061015451e-04 -1.007691232237698e+00
0 17 -1.000282605434719e+00 -1.894817935117161e-03 -9.292849424655026e-04 -1.007692248934650e+00
0 18 -1.000282475259902e+00 -1.894499372252047e-03 -9.295010466231980e-04 -1.007693308913064e+00
0 19 -1.000282341697752e+00 -1.894190192732889e-03 -9.297029041519916e-04 -1.007694371535011e+00
0 20 -1.000282209970997e+00 -1.893902270533989e-03 -9.298829164809302e-04 -1.007695395840054e+00
0 21 -1.000282085249487e+00 -1.893646755823731e-03 -9.300339658654948e-04 -1.007696342134882e+00
0 22 -1.000281972435470e+00 -1.893433634015189e-03 -9.301497180720004e-04 -1.007697173566952e+00
0 23 -1.000281875958727e+00 -1.893271316645124e-03 -9.302249470254753e-04 -1.007697857614858e+00
0 24 -1.000281799591917e+00 -1.893166283863479e-03 -9.302558560277605e-04 -1.007698367426351e+00
0 25 -1.000281746295438e+00 -1.893122797672178e-03 -9.302403642330778e-04 -1.007698682938623e+00
0 26 -1.000281718099354e+00 -1.893142702812094e-03 -9.301783254556069e-04 -1.007698791723911e+00
0 27 -1.000281716027744e+00 -1.893225328647236e-03 -9.300716489059927e-04 -1.007698689515607e+00
0 28 -1.000281740068194e+00 -1.893367500394341e-03 -9.299242985553793e-04 -1.007698380386024e+00
0 29 -1.000281789186314e+00 -1.893563661595144e-03 -9.297421596532865e-04 -1.007697876566564e+00
0 30 -1.000281861382515e+00 -1.893806102693306e-03 -9.295327755662889e-04 -1.007697197921694e+00
0 31 -1.000281953786177e+00 -1.894085284209247e-03 -9.293049721535693e-04 -1.007696371106608e+00
1 0 -1.000282142164817e+00 -1.894246838297512e-03 -9.298883941694716e-04 -1.007695517059788e+00
1 1 -1.000282263545786e+00 -1.894565845808843e-03 -9.296523478398624e-04 -1.007694495063694e+00
1 2 -1.000282392537118e+00 -1.894885957104243e-03 -9.294275996104647e-04 -1.007693434432064e+00
1 3 -1.000282524244108e+00 -1.895194782605665e-03 -9.292232437026317e-04 -1.007692375989947e+00
1 4 -1.000282653699495e+00 -1.895480456771728e-03 -9.290472631021389e-04 -1.007691360257186e+00
1 5 -1.000282776039689e+00 -1.895732092719476e-03 -9.289062061217932e-04 -1.007690425917510e+00
1 6 -1.000282886674549e+00 -1.895940186481330e-03 -9.288049685733048e-04 -1.007689608385866e+00
1 7 -1.000282981446681e+00 -1.896096957256088e-03 -9.287466846464519e-04 -1.007688938521734e+00
1 8 -1.000283056776773e+00 -1.896196613974966e-03 -9.287327194981529e-04 -1.007688441527393e+00
1 9 -1.000283109791726e+00 -1.896235542875322e-03 -9.287627473413785e-04 -1.007688136060275e+00
1 10 -1.000283138432123e+00 -1.896212414357755e-03 -9.288348925087577e-04 -1.007688033580639e+00
1 11 -1.000283141535183e+00 -1.896128209636279e-03 -9.289459091861074e-04 -1.007688137950770e+00
1 12 -1.000283118889159e+00 -1.895986169263897e-03 -9.290913776837605e-04 -1.007688445296978e+00
1 13 -1.000283071255563e+00 -1.895791667329284e-03 -9.292658994202521e-04 -1.007688944138872e+00
1 14 -1.000283000356276e+00 -1.895552016758079e-03 -9.294632784778828e-04 -1.007689615782802e+00
1 15 -1.000282908823649e+00 -1.895276212017156e-03 -9.296766850536487e-04 -1.007690434970065e+00
1 16 -1.000282800113046e+00 -1.894974615726040e-03 -9.298988047851252e-04 -1.007691370765169e+00
1 17 -1.000282678379190e+00 -1.894658596199547e-03 -9.301219853035013e-04 -1.007692387662732e+00
1 18 -1.000282548319829e+00 -1.894340124399045e-03 -9.303383950030411e-04 -1.007693446882677e+00
1 19 -1.000282414992320e+00 -1.894031340796497e-03 -9.305402084957785e-04 -1.007694507813841e+00
1 20 -1.000282283610563e+00 -1.893744104675028e-03 -9.307198295224315e-04 -1.007695529557741e+00
1 21 -1.000282159331261e+00 -1.893489540395434e-03 -9.308701557113197e-04 -1.007696472516854e+00
1 22 -1.000282047039684e+00 -1.893277597339931e-03 -9.309848804671239e-04 -1.007697299965062e+00
1 23 -1.000281951145517e+00 -1.893116642207294e-03 -9.310588165036673e-04 -1.007697979533010e+00
1 24 -1.000281875399051e+00 -1.893013103246079e-03 -9.310882157769146e-04 -1.007698484540104e+00
1 25 -1.000281822736866e+00 -1.892971185407583e-03 -9.310710543774219e-04 -1.007698795108357e+00
1 26 -1.000281795164627e+00 -1.892992673332650e-03 -9.310072492639880e-04 -1.007698899001055e+00
1 27 -1.000281793682388e+00 -1.893076835556312e-03 -9.308987765246188e-04 -1.007698792141221e+00
1 28 -1.000281818255081e+00 -1.893220438134673e-03 -9.307496682304027e-04 -1.007698478781569e+00
1 29 -1.000281867827903e+00 -1.893417869354434e-03 -9.305658766528685e-04 -1.007697971317634e+00
1 30 -1.000281940383777e+00 -1.893661370316891e-03 -9.303550088638351e-04 -1.007697289755763e+00
1 31 -1.000282033038137e+00 -1.893941360014631e-03 -9.301259486554940e-04 -1.007696460865340e+00
2 0 -1.000282246033871e+00 -1.894146268768556e-03 -9.305402217477589e-04 -1.007695514141657e+00
2 1 -1.000282367523664e+00 -1.894465713886565e-03 -9.303034471905705e-04 -1.007694491241745e+00
2 2 -1.000282496495368e+00 -1.894785950686730e-03 -9.300783139867504e-04 -1.007693430699040e+00
2 3 -1.000282628055085e+00 -1.895094584900125e-03 -9.298739321678528e-04 -1.007692373333185e+00
2 4 -1.000282757241221e+00 -1.895379758628783e-03 -9.296982863910478e-04 -1.007691359620483e+00
2 5 -1.000282879200515e+00 -1.895630604673499e-03 -9.295579121622279e-04 -1.007690428164951e+00
2 6 -1.000282989357391e+00 -1.895837649827755e-03 -9.294576786480251e-04 -1.007689614269439e+00
2 7 -1.000283083572695e+00 -1.895993153791841e-03 -9.294006808725818e-04 -1.007688948653645e+00
2 8 -1.000283158288381e+00 -1.896091374301546e-03 -9.293882338406723e-04 -1.007688456357263e+00
2 9 -1.000283210654903e+00 -1.896128753031084e-03 -9.294199523864989e-04 -1.007688155857827e+00
2 10 -1.000283238637798e+00 -1.896104020272226e-03 -9.294938945777960e-04 -1.007688058425274e+00
2 11 -1.000283241099616e+00 -1.896018219001453e-03 -9.296067444144088e-04 -1.007688167729024e+00
2 12 -1.000283217853313e+00 -1.895874650864267e-03 -9.297540112198041e-04 -1.007688479707604e+00
2 13 -1.000283169683512e+00 -1.895678748142048e-03 -9.299302274232172e-04 -1.007688982704624e+00
2 14 -1.000283098332732e+00 -1.895437877017512e-03 -9.301291325485206e-04 -1.007689657868441e+00
2 15 -1.000283006450662e+00 -1.895161078309045e-03 -9.303438389286295e-04 -1.007690479806339e+00
2 16 -1.000282897506045e+00 -1.894858752349574e-03 -9.305669831427032e-04 -1.007691417477854e+00
2 17 -1.000282775662598e+00 -1.894542295254321e-03 -9.307908743556702e-04 -1.007692435305121e+00
2 18 -1.000282645622391e+00 -1.894223694966937e-03 -9.310076544572705e-04 -1.007693494470389e+00
2 19 -1.000282512442203e+00 -1.893915097363267e-03 -9.312094844919080e-04 -1.007694554361639e+00
2 20 -1.000282381330337e+00 -1.893628355022926e-03 -9.313887680841346e-04 -1.007695574117734e+00
2 21 -1.000282257433032e+00 -1.893374573575619e-03 -9.315384161031462e-04 -1.007696514216093e+00
2 22 -1.000282145620721e+00 -1.893163672492128e-03 -9.316521478728265e-04 -1.007697338039944e+00
2 23 -1.000282050284566e+00 -1.893003978707191e-03 -9.317248136731310e-04 -1.007698013358864e+00
2 24 -1.000281975153366e+00 -1.892901872334173e-03 -9.317527134071084e-04 -1.007698513655475e+00
2 25 -1.000281923140016e+00 -1.892861503492082e-03 -9.317338798382277e-04 -1.007698819233456e+00
2 26 -1.000281896225202e+00 -1.892884597358181e-03 -9.316682931718633e-04 -1.007698918049181e+00
2 27 -1.000281895383738e+00 -1.892970360743226e-03 -9.315579969130195e-04 -1.007698806222243e+00
2 28 -1.000281920556031e+00 -1.893115498067534e-03 -9.314070924058941e-04 -1.007698488197660e+00
2 29 -1.000281970664324e+00 -1.893314338282141e-03 -9.312216007795646e-04 -1.007697976551913e+00
2 30 -1.000282043670960e+00 -1.893559067715890e-03 -9.310091949760707e-04 -1.007697291454025e+00
2 31 -1.000282136673999e+00 -1.893840057521211e-03 -9.307788187775918e-04 -1.007696459810791e+00
3 0 -1.000282370334362e+00 -1.894092474466615e-03 -9.309985377742681e-04 -1.007695419734480e+00
3 1 -1.000282492029887e+00 -1.894412558016278e-03 -9.307609993786589e-04 -1.007694395244877e+00
3 2 -1.000282621079577e+00 -1.894733133870277e-03 -9.305354334335427e-04 -1.007693334085985e+00
3 3 -1.000282752586553e+00 -1.895041794916571e-03 -9.303309673846681e-04 -1.007692277099055e+00
3 4 -1.000282881591176e+00 -1.895326682487588e-03 -9.301555894654279e-04 -1.007691264743973e+00
3 5 -1.000283003246999e+00 -1.895576940628815e-03 -9.300158247825600e-04 -1.007690335571438e+00
3 6 -1.000283112989869e+00 -1.895783118831459e-03 -9.299165187732695e-04 -1.007689524796468e+00
3 7 -1.000283206696297e+00 -1.895937510111094e-03 -9.298607304192091e-04 -1.007688863019498e+00
3 8 -1.000283280827627e+00 -1.896034415031023e-03 -9.298497275764955e-04 -1.007688375133503e+00
3 9 -1.000283332556709e+00 -1.896070326019030e-03 -9.298830685159757e-04 -1.007688079447262e+00
3 10 -1.000283359873593e+00 -1.896044029919128e-03 -9.299587477914079e-04 -1.007687987046742e+00
3 11 -1.000283361666486e+00 -1.895956629666173e-03 -9.300733819051192e-04 -1.007688101409569e+00
3 12 -1.000283337774133e+00 -1.895811487956946e-03 -9.302224115330061e-04 -1.007688418281812e+00
3 13 -1.000283289006086e+00 -1.895614097062971e-03 -9.304003017015812e-04 -1.007688925820806e+00
3 14 -1.000283217127960e+00 -1.895371879971911e-03 -9.306007280067620e-04 -1.007689605001519e+00
3 15 -1.000283124809819e+00 -1.895093928996136e-03 -9.308167447244749e-04 -1.007690430277195e+00
3 16 -1.000283015537313e+00 -1.894790688681877e-03 -9.310409386616265e-04 -1.007691370478444e+00
3 17 -1.000282893486930e+00 -1.894473590407442e-03 -9.312655794611282e-04 -1.007692389928495e+00
3 18 -1.000282763368832e+00 -1.894154647058990e-03 -9.314827810380013e-04 -1.007693449744835e+00
3 19 -1.000282630242827e+00 -1.893846018052161e-03 -9.316846888261268e-04 -1.007694509288027e+00
3 20 -1.000282499315039e+00 -1.893559557433622e-03 -9.318637037530627e-04 -1.007695527708557e+00
3 21 -1.000282375724448e+00 -1.893306360129001e-03 -9.320127471021287e-04 -1.007696465534288e+00
3 22 -1.000282264329476e+00 -1.893096323216888e-03 -9.321255613426350e-04 -1.007697286235640e+00
3 23 -1.000282169505025e+00 -1.892937740490258e-03 -9.321970316350836e-04 -1.007697957702595e+00
3 24 -1.000282094960047e+00 -1.892836949465968e-03 -9.322235030739270e-04 -1.007698453566590e+00
3 25 -1.000282043584822e+00 -1.892798049832589e-03 -9.322030622704469e-04 -1.007698754302613e+00
3 26 -1.000282017335544e+00 -1.892822710389814e-03 -9.321357501145753e-04 -1.007698848054184e+00
3 27 -1.000282017161551e+00 -1.892910077678297e-03 -9.320236756126719e-04 -1.007698731136883e+00
3 28 -1.000282042977683e+00 -1.893056794164018e-03 -9.318710081364565e-04 -1.007698408193221e+00
3 29 -1.000282093681498e+00 -1.893257127591531e-03 -9.316838367617909e-04 -1.007697891990802e+00
3 30 -1.000282167212527e+00 -1.893503206429190e-03 -9.314698994740764e-04 -1.007697202875210e+00
3 31 -1.000282260648823e+00 -1.893785349776967e-03 -9.312381994669168e-04 -1.007696367907760e+00
4 0 -1.000282510212792e+00 -1.894087569637955e-03 -9.312453147049194e-04 -1.007695237610980e+00
4 1 -1.000282632202995e+00 -1.894408467590632e-03 -9.310070075701930e-04 -1.007694210907783e+00
4 2 -1.000282761425247e+00 -1.894729582755615e-03 -9.307809784811416e-04 -1.007693148451916e+00
4 3 -1.000282892976035e+00 -1.895038487626612e-03 -9.305763730140517e-04 -1.007692091132247e+00
4 4 -1.000283021893879e+00 -1.895323314318691e-03 -9.304011849198119e-04 -1.007691079420219e+00
4 5 -1.000283143335341e+00 -1.895573209143611e-03 -9.302619320493596e-04 -1.007690151841860e+00
4 6 -1.000283252744130e+00 -1.895778735427634e-03 -9.301634399897595e-04 -1.007689343551666e+00
4 7 -1.000283346009301e+00 -1.895932211238179e-03 -9.301087359239457e-04 -1.007688685055327e+00
4 8 -1.000283419608982e+00 -1.896027972402868e-03 -9.300990452290491e-04 -1.007688201120527e+00
4 9 -1.000283470736361e+00 -1.896062555281561e-03 -9.301338748788234e-04 -1.007687909905468e+00
4 10 -1.000283497404573e+00 -1.896034797534049e-03 -9.302111615648099e-04 -1.007687822326140e+00
4 11 -1.000283498526789e+00 -1.895945857910178e-03 -9.303274597565852e-04 -1.007687941676921e+00
4 12 -1.000283473967641e+00 -1.895799157882499e-03 -9.304781462727521e-04 -1.007688263513993e+00
4 13 -1.000283424562455e+00 -1.895600249277762e-03 -9.306576227062632e-04 -1.007688775805238e+00
4 14 -1.000283352101533e+00 -1.895356613237630e-03 -9.308595039033044e-04 -1.007689459343510e+00
4 15 -1.000283259277628e+00 -1.895077396713594e-03 -9.310767884493987e-04 -1.007690288413758e+00
4 16 -1.000283149596176e+00 -1.894773093254608e-03 -9.313020148623676e-04 -1.007691231698591e+00
4 17 -1.000283027249661e+00 -1.894455175509624e-03 -9.315274138223853e-04 -1.007692253400102e+00
4 18 -1.000282896959704e+00 -1.894135688120045e-03 -9.317450708700531e-04 -1.007693314547111e+00
4 19 -1.000282763792606e+00 -1.893826811540042e-03 -9.319471144162142e-04 -1.007694374447598e+00
4 20 -1.000282632955878e+00 -1.893540409465221e-03 -9.321259403004093e-04 -1.007695392237210e+00
4 21 -1.000282509584782e+00 -1.893287574713761e-03 -9.322744770422143e-04 -1.007696328467304e+00
4 22 -1.000282398529015e+00 -1.893078190448452e-03 -9.323864864941205e-04 -1.007697146669744e+00
4 23 -1.000282304150097e+00 -1.892920525249324e-03 -9.324568844054415e-04 -1.007697814831667e+00
4 24 -1.000282230139581e+00 -1.892820881263410e-03 -9.324820562810884e-04 -1.007698306712972e+00
4 25 -1.000282179367121e+00 -1.892783314122803e-03 -9.324601375963362e-04 -1.007698602942851e+00
4 26 -1.000282153765817e+00 -1.892809441409012e-03 -9.323912251931004e-04 -1.007698691839141e+00
4 27 -1.000282154260176e+00 -1.892898352997673e-03 -9.322774893017118e-04 -1.007698569905874e+00
4 28 -1.000282180739381e+00 -1.893046631455726e-03 -9.321231632908572e-04 -1.007698241980755e+00
4 29 -1.000282232075594e+00 -1.893248484041222e-03 -9.319344001956799e-04 -1.007697721024641e+00
4 30 -1.000282306184290e+00 -1.893495980748540e-03 -9.317189993649655e-04 -1.007697027566018e+00
4 31 -1.000282400121677e+00 -1.893779386405377e-03 -9.314860205939061e-04 -1.007696188831854e+00
5 0 -1.000282660213991e+00 -1.894131748903045e-03 -9.312705969636605e-04 -1.007694975114757e+00
5 1 -1.000282782576184e+00 -1.894453605057869e-03 -9.310315482916751e-04 -1.007693945661715e+00
5 2 -1.000282912058654e+00 -1.894775438271320e-03 -9.308050452801249e-04 -1.007692881280323e+00
5 3 -1.000283043747833e+00 -1.895084793765117e-03 -9.306002518242533e-04 -1.007691822931613e+00
5 4 -1.000283172676656e+00 -1.895369786323469e-03 -9.304251691373378e-04 -1.007690811126098e+00
5 5 -1.000283294000859e+00 -1.895619555691216e-03 -9.302863111338147e-04 -1.007689884393918e+00
5 6 -1.000283403168242e+00 -1.895824669897250e-03 -9.301884878719208e-04 -1.007689077857848e+00
5 7 -1.000283496076799e+00 -1.895977462817043e-03 -9.301347000834030e-04 -1.007688421957113e+00
5 8 -1.000283569218118e+00 -1.896072296372256e-03 -9.301261372316580e-04 -1.007687941361120e+00
5 9 -1.000283619802829e+00 -1.896105742177726e-03 -9.301622625953057e-04 -1.007687654101918e+00
5 10 -1.000283645864838e+00 -1.896076681077114e-03 -9.302409629740427e-04 -1.007687570945899e+00
5 11 -1.000283646340627e+00 -1.895986321455997e-03 -9.303587384537638e-04 -1.007687695019632e+00
5 12 -1.000283621119781e+00 -1.895838139029500e-03 -9.305109090514612e-04 -1.007688021699457e+00
5 13 -1.000283571063288e+00 -1.895637742422174e-03 -9.306918194275255e-04 -1.007688538767967e+00
5 14 -1.000283497986843e+00 -1.895392670072719e-03 -9.308950295488280e-04 -1.007689226833832e+00
5 15 -1.000283404607338e+00 -1.895112124606438e-03 -9.311134871988720e-04 -1.007690060005780e+00
5 16 -1.000283294452021e+00 -1.894806651300397e-03 -9.313396861366836e-04 -1.007691006805701e+00
5 17 -1.000283171731856e+00 -1.894487768258851e-03 -9.315658201266120e-04 -1.007692031297890e+00
5 18 -1.000283041182848e+00 -1.894167557416657e-03 -9.317839469930459e-04 -1.007693094402217e+00
5 19 -1.000282907881104e+00 -1.893858227092663e-03 -9.319861774819952e-04 -1.007694155350376e+00
5 20 -1.000282777039079e+00 -1.893571658532991e-03 -9.321649003684001e-04 -1.007695173236913e+00
5 21 -1.000282653791934e+00 -1.893318951063963e-03 -9.323130480305734e-04 -1.007696108609086e+00
5 22 -1.000282542984216e+00 -1.893109982905697e-03 -9.324243969975483e-04 -1.007696925032285e+00
5 23 -1.000282448967520e+00 -1.892953006443797e-03 -9.324938878665525e-04 -1.007697590563388e+00
5 24 -1.000282375419202e+00 -1.892854297141538e-03 -9.325179402169756e-04 -1.007698079065009e+00
5 25 -1.000282325191029e+00 -1.892817874489333e-03 -9.324947318231230e-04 -1.007698371297927e+00
5 26 -1.000282300195142e+00 -1.892845311701846e-03 -9.324244087924900e-04 -1.007698455735731e+00
5 27 -1.000282301332762e+00 -1.892935647741479e-03 -9.323091956932345e-04 -1.007698329056362e+00
5 28 -1.000282328468419e+00 -1.893085409932362e-03 -9.321533828636849e-04 -1.007697996282044e+00
5 29 -1.000282380449288e+00 -1.893288748374427e-03 -9.319631805412325e-04 -1.007697470560678e+00
5 30 -1.000282455166484e+00 -1.893537676192955e-03 -9.317464435118611e-04 -1.007696772602965e+00
5 31 -1.000282549653284e+00 -1.893822403613023e-03 -9.315122833677873e-04 -1.007695929806835e+00
6 0 -1.000282814502736e+00 -1.894223278601989e-03 -9.310729556438374e-04 -1.007694642826269e+00
6 1 -1.000282937299447e+00 -1.894546198672668e-03 -9.308332243428490e-04 -1.007693610196668e+00
6 2 -1.000283067119269e+00 -1.894868899715086e-03 -9.306062577884885e-04 -1.007692543339434e+00
6 3 -1.000283199035525e+00 -1.895178893783911e-03 -9.304012378220214e-04 -1.007691483309650e+00
6 4 -1.000283328072120e+00 -1.895464271125183e-03 -9.302261745126672e-04 -1.007690470682127e+00
6 5 -1.000283449380282e+00 -1.895714156707322e-03 -9.300875808356082e-04 -1.007689544018615e+00
6 6 -1.000283558408030e+00 -1.895919114048744e-03 -9.299902560863145e-04 -1.007688738439904e+00
6 7 -1.000283651058299e+00 -1.896071482737241e-03 -9.299371812175317e-04 -1.007688084350248e+00
6 8 -1.000283723832209e+00 -1.896165640370927e-03 -9.299295180660555e-04 -1.007687606352249e+00
6 9 -1.000283773954237e+00 -1.896198183814254e-03 -9.299666954616455e-04 -1.007687322381088e+00
6 10 -1.000283799475937e+00 -1.896168027971617e-03 -9.300465598973081e-04 -1.007687243079408e+00
6 11 -1.000283799354552e+00 -1.896076422832086e-03 -9.301655666573769e-04 -1.007687371427843e+00
6 12 -1.000283773502760e+00 -1.895926891677237e-03 -9.303189883627611e-04 -1.007687702639941e+00
6 13 -1.000283722806149e+00 -1.895725094981086e-03 -9.305011217364053e-04 -1.007688224324094e+00
6 14 -1.000283649105572e+00 -1.895478625447825e-03 -9.307054800703514e-04 -1.007688916909598e+00
6 15 -1.000283555142505e+00 -1.895196740159286e-03 -9.309249673140562e-04 -1.007689754328234e+00
6 16 -1.000283444467080e+00 -1.894890036608585e-03 -9.311520378337922e-04 -1.007690704935507e+00
6 17 -1.000283321310487e+00 -1.894570080652803e-03 -9.313788520747973e-04 -1.007691732647021e+00
6 18 -1.000283190425549e+00 -1.894248995730782e-03 -9.315974419952692e-04 -1.007692798257211e+00
6 19 -1.000283056901171e+00 -1.893939023945887e-03 -9.317999008247214e-04 -1.007693860900195e+00
6 20 -1.000282925958079e+00 -1.893652071313564e-03 -9.319786086315421e-04 -1.007694879604785e+00
6 21 -1.000282802734897e+00 -1.893399251905538e-03 -9.321264981009459e-04 -1.007695814887106e+00
6 22 -1.000282692074808e+00 -1.893190448114568e-03 -9.322373551254558e-04 -1.007696630316953e+00
6 23 -1.000282598323363e+00 -1.893033905796757e-03 -9.323061385764630e-04 -1.007697293990690e+00
6 24 -1.000282525147433e+00 -1.892935883349544e-03 -9.323292947772782e-04 -1.007697779844215e+00
6 25 -1.000282475384209e+00 -1.892900373213534e-03 -9.323050358310629e-04 -1.007698068742930e+00
6 26 -1.000282450927751e+00 -1.892928912727363e-03 -9.322335483480382e-04 -1.007698149291907e+00
6 27 -1.000282452658516e+00 -1.893020497866012e-03 -9.321171017863731e-04 -1.007698018321165e+00
6 28 -1.000282480418456e+00 -1.893171607749040e-03 -9.319600339373764e-04 -1.007697681018863e+00
6 29 -1.000282533031164e+00 -1.893376340848865e-03 -9.317686033819959e-04 -1.007697150706432e+00
6 30 -1.000282608363957e+00 -1.893626657040086e-03 -9.315507124540840e-04 -1.007696448269539e+00
6 31 -1.000282703426943e+00 -1.893912713674890e-03 -9.313155175667660e-04 -1.007695601275932e+00
7 0 -1.000282967098591e+00 -1.894358568622430e-03 -9.306596131499448e-04 -1.007694254081948e+00
7 1 -1.000283090375013e+00 -1.894682615810815e-03 -9.304192880254325e-04 -1.007693217976201e+00
7 2 -1.000283220595640e+00 -1.895006299256572e-03 -9.301918900448173e-04 -1.007692148193700e+00
7 3 -1.000283352818224e+00 -1.895317093485261e-03 -9.299866175793460e-04 -1.007691085900973e+00
7 4 -1.000283482054663e+00 -1.895603058267623e-03 -9.298114900370707e-04 -1.007690071758914e+00
7 5 -1.000283603448212e+00 -1.895853296217245e-03 -9.296730222650955e-04 -1.007689144387044e+00
7 6 -1.000283712443184e+00 -1.896058357112585e-03 -9.295760082409458e-04 -1.007688338934501e+00
7 7 -1.000283804943229e+00 -1.896210575802766e-03 -9.295234168701747e-04 -1.007687685803700e+00
7 8 -1.000283877454704e+00 -1.896304334615540e-03 -9.295163916090575e-04 -1.007687209564288e+00
7 9 -1.000283927211786e+00 -1.896336244812124e-03 -9.295543370241335e-04 -1.007686928087442e+00
7 10 -1.000283952279859e+00 -1.896305244935477e-03 -9.296350702341787e-04 -1.007686851922812e+00
7 11 -1.000283951633598e+00 -1.896212616919347e-03 -9.297550132088676e-04 -1.007686983932571e+00
7 12 -1.000283925206098e+00 -1.896061923163649e-03 -9.299094027182729e-04 -1.007687319190344e+00
7 13 -1.000283873905574e+00 -1.895858869103431e-03 -9.300924985225108e-04 -1.007687845147845e+00
7 14 -1.000283799596736e+00 -1.895611096475097e-03 -9.302977771872047e-04 -1.007688542067222e+00
7 15 -1.000283705045051e+00 -1.895327913276456e-03 -9.305181074737575e-04 -1.007689383710269e+00
7 16 -1.000283593823718e+00 -1.895019967585069e-03 -9.307459114152355e-04 -1.007690338267144e+00
7 17 -1.000283470185181e+00 -1.894698873555176e-03 -9.309733212904573e-04 -1.007691369499187e+00
7 18 -1.000283338900889e+00 -1.894376798850333e-03 -9.311923462138937e-04 -1.007692438063410e+00
7 19 -1.000283205074983e+00 -1.894066023967538e-03 -9.313950627080659e-04 -1.007693502978982e+00
7 20 -1.000283073939439e+00 -1.893778485901807e-03 -9.315738407270677e-04 -1.007694523187101e+00
7 21 -1.000282950639820e+00 -1.893525321128564e-03 -9.317216097403956e-04 -1.007695459146804e+00
7 22 -1.000282840021805e+00 -1.893316425097004e-03 -9.318321596567337e-04 -1.007696274403062e+00
7 23 -1.000282746428922e+00 -1.893160046803609e-03 -9.319004608074169e-04 -1.007696937060731e+00
7 24 -1.000282673521517e+00 -1.893062437587921e-03 -9.319229781339007e-04 -1.007697421097727e+00
7 25 -1.000282624126035e+00 -1.893027572976202e-03 -9.318979485847858e-04 -1.007697707453172e+00
7 26 -1.000282600122150e+00 -1.893056964576404e-03 -9.318255885782771e-04 -1.007697784833421e+00
7 27 -1.000282602372986e+00 -1.893149575160135e-03 -9.317082011651977e-04 -1.007697650192161e+00
7 28 -1.000282630700843e+00 -1.893301844440828e-03 -9.315501604533200e-04 -1.007697308858746e+00
7 29 -1.000282683907953e+00 -1.893507826581308e-03 -9.313577627910588e-04 -1.007696774308518e+00
7 30 -1.000282759839312e+00 -1.893759433881394e-03 -9.311389480878185e-04 -1.007696067588085e+00
7 31 -1.000282855482582e+00 -1.894046774769753e-03 -9.309029084310431e-04 -1.007695216426826e+00
8 0 -1.000283112113372e+00 -1.894532321044521e-03 -9.300462227937513e-04 -1.007693824376473e+00
8 1 -1.000283235895523e+00 -1.894857513393342e-03 -9.298054193344729e-04 -1.007692784634286e+00
8 2 -1.000283366564249e+00 -1.895182254182837e-03 -9.295776426894263e-04 -1.007691711595275e+00
8 3 -1.000283499160013e+00 -1.895493977857394e-03 -9.293721051668763e-04 -1.007690646549394e+00
8 4 -1.000283628680220e+00 -1.895780708980177e-03 -9.291968354560901e-04 -1.007689630262003e+00
8 5 -1.000283750256908e+00 -1.896031520794346e-03 -9.290583532655727e-04 -1.007688701435212e+00
8 6 -1.000283859326832e+00 -1.896236940444986e-03 -9.289614531079980e-04 -1.007687895276310e+00
8 7 -1.000283951790121e+00 -1.896389287933292e-03 -9.289090998203722e-04 -1.007687242218648e+00
8 8 -1.000284024153932e+00 -1.896482939452105e-03 -9.289024279920002e-04 -1.007686766833374e+00
8 9 -1.000284073657638e+00 -1.896514509305206e-03 -9.289408288369962e-04 -1.007686486962920e+00
8 10 -1.000284098376110e+00 -1.896482948253475e-03 -9.290221023098724e-04 -1.007686413098443e+00
8 11 -1.000284097297509e+00 -1.896389559316711e-03 -9.291426500573407e-04 -1.007686548015380e+00
8 12 -1.000284070371916e+00 -1.896237934190248e-03 -9.292976859617530e-04 -1.007686886675192e+00
8 13 -1.000284018527274e+00 -1.896033814626150e-03 -9.294814451152287e-04 -1.007687416396680e+00
8 14 -1.000283943649846e+00 -1.895784884047447e-03 -9.296873786722711e-04 -1.007688117294381e+00
8 15 -1.000283848527526e+00 -1.895500495715020e-03 -9.299083303013809e-04 -1.007688962974098e+00
8 16 -1.000283736755937e+00 -1.895191344802660e-03 -9.301366981784526e-04 -1.007689921467691e+00
8 17 -1.000283612609020e+00 -1.894869092593756e-03 -9.303645927981502e-04 -1.007690956382100e+00
8 18 -1.000283480877890e+00 -1.894545951968371e-03 -9.305840043841075e-04 -1.007692028230374e+00
8 19 -1.000283346683723e+00 -1.894234244827585e-03 -9.307869941794839e-04 -1.007693095904207e+00
8 20 -1.000283215272326e+00 -1.893945944148764e-03 -9.309659210503154e-04 -1.007694118238625e+00
8 21 -1.000283091799464e+00 -1.893692215629564e-03 -9.311137081340930e-04 -1.007695055611614e+00
8 22 -1.000282981117006e+00 -1.893482975977803e-03 -9.312241443174512e-04 -1.007695871515567e+00
8 23 -1.000282887570381e+00 -1.893326486540991e-03 -9.312922044493249e-04 -1.007696534033684e+00
8 24 -1.000282814817539e+00 -1.893229001742108e-03 -9.313143631593643e-04 -1.007697017153579e+00
8 25 -1.000282765678519e+00 -1.893194491201309e-03 -9.312888715103958e-04 -1.007697301853691e+00
8 26 -1.000282742022991e+00 -1.893224452194452e-03 -9.312159638409501e-04 -1.007697376906637e+00
8 27 -1.000282744700836e+00 -1.893317825294457e-03 -9.310979645168672e-04 -1.007697239356661e+00
8 28 -1.000282773518271e+00 -1.893471020857157e-03 -9.309392716926598e-04 -1.007696894644895e+00
8 29 -1.000282827259167e+00 -1.893678057674066e-03 -9.307462072894774e-04 -1.007696356375331e+00
8 30 -1.000282903748590e+00 -1.893930808148369e-03 -9.305267369623100e-04 -1.007695645734848e+00
8 31 -1.000282999953403e+00 -1.894219337732291e-03 -9.302900777927408e-04 -1.007694790599762e+00
9 0 -1.000283243980996e+00 -1.894737748509948e-03 -9.292563027982493e-04 -1.007693370683383e+00
9 1 -1.000283368274782e+00 -1.895064058471205e-03 -9.290151581464096e-04 -1.007692327289066e+00
9 2 -1.000283499421101e+00 -1.895389889581168e-03 -9.287870732836204e-04 -1.007691250791518e+00
9 3 -1.000283632442113e+00 -1.895702635229656e-03 -9.285812712631329e-04 -1.007690182611248e+00
9 4 -1.000283762318726e+00 -1.895990281112301e-03 -9.284057900086222e-04 -1.007689163633228e+00
9 5 -1.000283884168853e+00 -1.896241864986237e-03 -9.282671571033582e-04 -1.007688232664444e+00
9 6 -1.000283993418112e+00 -1.896447883411223e-03 -9.281701731221148e-04 -1.007687424997793e+00
9 7 -1.000284085959050e+00 -1.896600632226300e-03 -9.281178064517015e-04 -1.007686771128679e+00
9 8 -1.000284158295204e+00 -1.896694470985731e-03 -9.281111924562080e-04 -1.007686295663846e+00
9 9 -1.000284207666510e+00 -1.896726005588479e-03 -9.281497205728005e-04 -1.007686016453065e+00
9 10 -1.000284232152687e+00 -1.896694187192926e-03 -9.282311865971544e-04 -1.007685943965273e+00
9 11 -1.000284230750937e+00 -1.896600328335793e-03 -9.283519854975640e-04 -1.007686080923875e+00
9 12 -1.000284203424187e+00 -1.896448039027354e-03 -9.285073218907781e-04 -1.007686422210534e+00
9 13 -1.000284151116374e+00 -1.896243087126704e-03 -9.286914194078448e-04 -1.007686955040676e+00
9 14 -1.000284075732154e+00 -1.895993188694316e-03 -9.288977162330365e-04 -1.007687659406705e+00
9 15 -1.000283980079479e+00 -1.895707734950902e-03 -9.291190421165954e-04 -1.007688508778079e+00
9 16 -1.000283867774891e+00 -1.895397463004308e-03 -9.293477807285101e-04 -1.007689471041125e+00
9 17 -1.000283743113206e+00 -1.895074078285341e-03 -9.295760278908379e-04 -1.007690509654341e+00
9 18 -1.000283610905456e+00 -1.894749838038003e-03 -9.297957596038882e-04 -1.007691584986132e+00
9 19 -1.000283476291031e+00 -1.894437106919450e-03 -9.299990240236029e-04 -1.007692655793122e+00
9 20 -1.000283344531642e+00 -1.894147897467741e-03 -9.301781687268073e-04 -1.007693680789681e+00
9 21 -1.000283220796046e+00 -1.893893410153591e-03 -9.303261080174522e-04 -1.007694620252391e+00
9 22 -1.000283109945627e+00 -1.893683590114158e-03 -9.304366249440298e-04 -1.007695437596156e+00
9 23 -1.000283016331525e+00 -1.893526719710894e-03 -9.305046916728565e-04 -1.007696100853503e+00
9 24 -1.000282943613593e+00 -1.893429066610412e-03 -9.305267830794200e-04 -1.007696583988569e+00
9 25 -1.000282894610139e+00 -1.893394605890498e-03 -9.305011531753370e-04 -1.007696867982712e+00
9 26 -1.000282871185557e+00 -1.893424832358019e-03 -9.304280419969173e-04 -1.007696941637453e+00
9 27 -1.000282874180998e+00 -1.893518676053379e-03 -9.303097823730663e-04 -1.007696802051557e+00
9 28 -1.000282903390753e+00 -1.893672529102737e-03 -9.301507832048819e-04 -1.007696454744354e+00
9 29 -1.000282957584079e+00 -1.893880385318477e-03 -9.299573785794372e-04 -1.007695913418026e+00
9 30 -1.000283034569296e+00 -1.894134086430719e-03 -9.297375471127156e-04 -1.007695199373690e+00
9 31 -1.000283131294857e+00 -1.894423662394157e-03 -9.295005194949573e-04 -1.007694340614658e+00
10 0 -1.000283357670429e+00 -1.894966852033568e-03 -9.283203403410452e-04 -1.007692910732050e+00
10 1 -1.000283482461702e+00 -1.895294208322200e-03 -9.280790064774416e-04 -1.007691863812672e+00
10 2 -1.000283614096454e+00 -1.895621120225920e-03 -9.278506974419323e-04 -1.007690783789326e+00
10 3 -1.000283747578138e+00 -1.895934940379009e-03 -9.276446438333509e-04 -1.007689712216079e+00
10 4 -1.000283877869716e+00 -1.896223613241849e-03 -9.274688926837756e-04 -1.007688690108623e+00
10 5 -1.000284000072628e+00 -1.896476136466943e-03 -9.273299818978749e-04 -1.007687756396714e+00
10 6 -1.000284109598246e+00 -1.896682969466092e-03 -9.272327229058983e-04 -1.007686946482531e+00
10 7 -1.000284202327783e+00 -1.896836375548158e-03 -9.271800949282209e-04 -1.007686290952319e+00
10 8 -1.000284274756894e+00 -1.896930687709483e-03 -9.271732438695086e-04 -1.007685814481182e+00
10 9 -1.000284324121510e+00 -1.896962492448977e-03 -9.272115691195053e-04 -1.007685534961386e+00
10 10 -1.000284348501450e+00 -1.896930729715898e-03 -9.272928752444684e-04 -1.007685462875967e+00
10 11 -1.000284346898140e+00 -1.896836709643170e-03 -9.274135641055453e-04 -1.007685600933116e+00
10 12 -1.000284319282614e+00 -1.896684048640547e-03 -9.275688449449809e-04 -1.007685943971015e+00
10 13 -1.000284266610416e+00 -1.896478529317580e-03 -9.277529437310763e-04 -1.007686479135655e+00
10 14 -1.000284190800795e+00 -1.896227890218599e-03 -9.279592987231250e-04 -1.007687186326891e+00
10 15 -1.000284094678666e+00 -1.895941551995330e-03 -9.281807373465468e-04 -1.007688038901997e+00
10 16 -1.000283981879152e+00 -1.895630286952725e-03 -9.284096384348285e-04 -1.007689004620182e+00
10 17 -1.000283856716468e+00 -1.895305839877853e-03 -9.286380906708519e-04 -1.007690046803597e+00
10 18 -1.000283724021079e+00 -1.894980509765534e-03 -9.288580611471224e-04 -1.007691125680923e+00
10 19 -1.000283588951110e+00 -1.894666703713930e-03 -9.290615879599523e-04 -1.007692199871204e+00
10 20 -1.000283456785557e+00 -1.894376475702156e-03 -9.292410080083371e-04 -1.007693227958864e+00
10 21 -1.000283332708306e+00 -1.894121064917707e-03 -9.293892247643812e-04 -1.007694170103651e+00
10 22 -1.000283221593167e+00 -1.893910450952154e-03 -9.295000107136409e-04 -1.007694989621342e+00
10 23 -1.000283127800694e+00 -1.893752945281055e-03 -9.295683280735750e-04 -1.007695654465893e+00
10 24 -1.000283054996999e+00 -1.893654838664272e-03 -9.295906426592814e-04 -1.007696138544919e+00
10 25 -1.000283006003343e+00 -1.893620122645553e-03 -9.295652005906429e-04 -1.007696422806541e+00
10 26 -1.000282982683649e+00 -1.893650301222997e-03 -9.294922354659436e-04 -1.007696496043661e+00
10 27 -1.000282985875144e+00 -1.893744305916171e-03 -9.293740752989701e-04 -1.007696355371652e+00
10 28 -1.000283015364892e+00 -1.893898522624500e-03 -9.292151258043763e-04 -1.007696006350942e+00
10 29 -1.000283069911880e+00 -1.894106931572288e-03 -9.290217194943591e-04 -1.007695462747560e+00
10 30 -1.000283147311412e+00 -1.894361354001909e-03 -9.288018351040028e-04 -1.007694745947135e+00
10 31 -1.000283244496578e+00 -1.894651793092279e-03 -9.285647051999720e-04 -1.007693884055516e+00
11 0 -1.000283448873669e+00 -1.895210744899964e-03 -9.272745989394607e-04 -1.007692462279977e+00
11 1 -1.000283574129144e+00 -1.895539036150765e-03 -9.270332349821829e-04 -1.007691412097681e+00
11 2 -1.000283706244323e+00 -1.895866977686949e-03 -9.268047950292686e-04 -1.007690328617049e+00
11 3 -1.000283840204175e+00 -1.896181883032018e-03 -9.265985139315994e-04 -1.007689253524225e+00
11 4 -1.000283970952967e+00 -1.896471654746819e-03 -9.264224470697470e-04 -1.007688227971441e+00
11 5 -1.000284093574040e+00 -1.896725247576307e-03 -9.262831442891259e-04 -1.007687291023684e+00
11 6 -1.000284203462025e+00 -1.896933078748367e-03 -9.261854321491091e-04 -1.007686478211587e+00
11 7 -1.000284296483489e+00 -1.897087371842251e-03 -9.261323077740174e-04 -1.007685820237617e+00
11 8 -1.000284369122272e+00 -1.897182424395613e-03 -9.261249370394108e-04 -1.007685341875211e+00
11 9 -1.000284418605909e+00 -1.897214793410215e-03 -9.261627403521879e-04 -1.007685061092194e+00
11 10 -1.000284443009578e+00 -1.897183396534986e-03 -9.262435432820592e-04 -1.007684988421356e+00
11 11 -1.000284441333900e+00 -1.897089529546349e-03 -9.263637678007652e-04 -1.007685126593539e+00
11 12 -1.000284413552942e+00 -1.896936802944296e-03 -9.265186416275197e-04 -1.007685470441822e+00
11 13 -1.000284360629037e+00 -1.896731002230671e-03 -9.267024068182228e-04 -1.007686007079102e+00
11 14 -1.000284284491707e+00 -1.896479877634174e-03 -9.269085145400994e-04 -1.007686716345204e+00
11 15 -1.000284187979090e+00 -1.896192869707374e-03 -9.271298012796650e-04 -1.007687571513403e+00
11 16 -1.000284074741844e+00 -1.895880777839672e-03 -9.273586507361055e-04 -1.007688540239150e+00
11 17 -1.000283949111392e+00 -1.895555379832410e-03 -9.275871523137488e-04 -1.007689585725577e+00
11 18 -1.000283815936423e+00 -1.895229012203356e-03 -9.278072700281840e-04 -1.007690668071876e+00
11 19 -1.000283680393522e+00 -1.894914122436811e-03 -9.280110355019503e-04 -1.007691745762701e+00
11 20 -1.000283547779561e+00 -1.894622806015869e-03 -9.281907760408493e-04 -1.007692777249085e+00
11 21 -1.000283423295061e+00 -1.894366343181616e-03 -9.283393826286008e-04 -1.007693722563447e+00
11 22 -1.000283311828775e+00 -1.894154752826372e-03 -9.284506127884341e-04 -1.007694544904099e+00
11 23 -1.000283217754131e+00 -1.893996382746983e-03 -9.285194120172743e-04 -1.007695212120742e+00
11 24 -1.000283144747597e+00 -1.893897555764504e-03 -9.285422284215342e-04 -1.007695698033493e+00
11 25 -1.000283095637879e+00 -1.893862290054906e-03 -9.285172899446812e-04 -1.007695983522986e+00
11 26 -1.000283072293196e+00 -1.893892109972541e-03 -9.284448118615680e-04 -1.007696057336756e+00
11 27 -1.000283075551845e+00 -1.893985960520102e-03 -9.283271041991386e-04 -1.007695916568126e+00
11 28 -1.000283105198665e+00 -1.894140233658929e-03 -9.281685558298982e-04 -1.007695566779843e+00
11 29 -1.000283159987055e+00 -1.894348907828776e-03 -9.279754843757747e-04 -1.007695021765351e+00
11 30 -1.000283237703488e+00 -1.894603794658920e-03 -9.277558560258029e-04 -1.007694302962095e+00
11 31 -1.000283335269364e+00 -1.894894880433777e-03 -9.275188932001152e-04 -1.007693438549670e+00
12 0 -1.000283514162196e+00 -1.895460007159013e-03 -9.261596791724482e-04 -1.007692042416884e+00
12 1 -1.000283639831008e+00 -1.895789086809843e-03 -9.259184438362431e-04 -1.007690989356938e+00
12 2 -1.000283772400225e+00 -1.896117967484181e-03 -9.256899708193932e-04 -1.007689902619572e+00
12 3 -1.000283906837269e+00 -1.896433926843667e-03 -9.254834954624373e-04 -1.007688824016247e+00
12 4 -1.000284038067750e+00 -1.896724826704233e-03 -9.253070799788804e-04 -1.007687794835818e+00
12 5 -1.000284161156031e+00 -1.896979577818716e-03 -9.251672872595729e-04 -1.007686854285595e+00
12 6 -1.000284271478193e+00 -1.897188551814614e-03 -9.250689629293206e-04 -1.007686038038729e+00
12 7 -1.000284364883474e+00 -1.897343926965285e-03 -9.250151284723315e-04 -1.007685376934291e+00
12 8 -1.000284437840441e+00 -1.897439957933744e-03 -9.250069781248017e-04 -1.007684895869863e+00
12 9 -1.000284487564119e+00 -1.897473163204323e-03 -9.250439632667663e-04 -1.007684612919358e+00
12 10 -1.000284512120388e+00 -1.897442427686150e-03 -9.251239418888476e-04 -1.007684538699838e+00
12 11 -1.000284510504063e+00 -1.897349021314637e-03 -9.252433686872682e-04 -1.007684676001948e+00
12 12 -1.000284482687118e+00 -1.897196536759166e-03 -9.253975029890056e-04 -1.007685019691597e+00
12 13 -1.000284429633644e+00 -1.896990750655000e-03 -9.255806157632617e-04 -1.007685556885592e+00
12 14 -1.000284353278693e+00 -1.896739413716231e-03 -9.257861830565354e-04 -1.007686267398578e+00
12 15 -1.000284256469373e+00 -1.896451976052675e-03 -9.260070612999028e-04 -1.007687124451417e+00
12 16 -1.000284142868298e+00 -1.896139255006868e-03 -9.262356486555267e-04 -1.007688095622882e+00
12 17 -1.000284016821304e+00 -1.895813053844058e-03 -9.264640432216623e-04 -1.007689144018625e+00
12 18 -1.000283883193327e+00 -1.895485740872229e-03 -9.266842119003136e-04 -1.007690229623851e+00
12 19 -1.000283747178305e+00 -1.895169800197452e-03 -9.268881835111280e-04 -1.007691310797916e+00
12 20 -1.000283614090870e+00 -1.894877367246479e-03 -9.270682769906122e-04 -1.007692345860343e+00
12 21 -1.000283489149149e+00 -1.894619764243894e-03 -9.272173695720687e-04 -1.007693294709988e+00
12 22 -1.000283377258881e+00 -1.894407052868464e-03 -9.273292001631905e-04 -1.007694120413260e+00
12 23 -1.000283282809290e+00 -1.894247622991294e-03 -9.273986916898374e-04 -1.007694790694077e+00
12 24 -1.000283209490824e+00 -1.894147837087540e-03 -9.274222666913674e-04 -1.007695279257942e+00
12 25 -1.000283160143832e+00 -1.894111749097411e-03 -9.273981252485028e-04 -1.007695566886373e+00
12 26 -1.000283136645492e+00 -1.894140914183787e-03 -9.273264531212419e-04 -1.007695642246280e+00
12 27 -1.000283139840120e+00 -1.894234302242330e-03 -9.272095301898566e-04 -1.007695502371374e+00
12 28 -1.000283169515309e+00 -1.894388323143210e-03 -9.270517159065394e-04 -1.007695152788567e+00
12 29 -1.000283224423720e+00 -1.894596965367009e-03 -9.268593003411035e-04 -1.007694607281427e+00
12 30 -1.000283302347607e+00 -1.894852042414594e-03 -9.266402246303384e-04 -1.007693887303787e+00
12 31 -1.000283400200912e+00 -1.895143534432912e-03 -9.264036891964196e-04 -1.007693021076627e+00
13 0 -1.000283551107159e+00 -1.895705054819910e-03 -9.250188956497535e-04 -1.007691666930068e+00
13 1 -1.000283677122941e+00 -1.896034747011765e-03 -9.247779402436728e-04 -1.007690611485166e+00
13 2 -1.000283810102595e+00 -1.896364440908698e-03 -9.245495315597943e-04 -1.007689521814647e+00
13 3 -1.000283944997665e+00 -1.896681383106549e-03 -9.243429013720903e-04 -1.007688439843306e+00
13 4 -1.000284076715875e+00 -1.896973397397289e-03 -9.241661169882336e-04 -1.007687406991483e+00
13 5 -1.000284200302449e+00 -1.897229351048482e-03 -9.240257552036629e-04 -1.007686462610628e+00
13 6 -1.000284311113858e+00 -1.897439568497863e-03 -9.239266839411380e-04 -1.007685642524630e+00
13 7 -1.000284404980071e+00 -1.897596179098130e-03 -9.238719542649349e-04 -1.007684977723597e+00
13 8 -1.000284478351516e+00 -1.897693388903833e-03 -9.238627958329991e-04 -1.007684493250277e+00
13 9 -1.000284528426980e+00 -1.897727670078553e-03 -9.238986998941004e-04 -1.007684207312017e+00
13 10 -1.000284553258671e+00 -1.897697865373804e-03 -9.239775673167593e-04 -1.007684130642125e+00
13 11 -1.000284551830847e+00 -1.897605208493980e-03 -9.240958968832470e-04 -1.007684266125531e+00
13 12 -1.000284524108421e+00 -1.897453263345886e-03 -9.242489910800553e-04 -1.007684608696732e+00
13 13 -1.000284471052179e+00 -1.897247786429319e-03 -9.244311610938931e-04 -1.007685145512919e+00
13 14 -1.000284394597739e+00 -1.896996517647542e-03 -9.246359187135463e-04 -1.007685856399614e+00
13 15 -1.000284297596600e+00 -1.896708905877512e-03 -9.248561505178269e-04 -1.007686714558984e+00
13 16 -1.000284183719320e+00 -1.896395776625213e-03 -9.250842782792232e-04 -1.007687687522921e+00
13 17 -1.000284057322774e+00 -1.896068950092813e-03 -9.253124163898882e-04 -1.007688738324908e+00
13 18 -1.000283923285467e+00 -1.895740819331857e-03 -9.255325402799750e-04 -1.007689826856493e+00
13 19 -1.000283786816903e+00 -1.895423899904089e-03 -9.257366794444613e-04 -1.007690911365739e+00
13 20 -1.000283653248780e+00 -1.895130364323762e-03 -9.259171457753443e-04 -1.007691950046831e+00
13 21 -1.000283527817256e+00 -1.894871576380409e-03 -9.260668020257517e-04 -1.007692902663015e+00
13 22 -1.000283415446434e+00 -1.894657642381486e-03 -9.261793657148785e-04 -1.007693732139378e+00
13 23 -1.000283320543563e+00 -1.894496998205523e-03 -9.262497322929352e-04 -1.007694406058027e+00
13 24 -1.000283246816131e+00 -1.894396051960177e-03 -9.262742917430590e-04 -1.007694897987464e+00
13 25 -1.000283197119934e+00 -1.894358901207834e-03 -9.262512076001193e-04 -1.007695188581965e+00
13 26 -1.000283173345460e+00 -1.894387141215958e-03 -9.261806263059824e-04 -1.007695266395552e+00
13 27 -1.000283176347664e+00 -1.894479777036779e-03 -9.260647870275601e-04 -1.007695128367649e+00
13 28 -1.000283205921689e+00 -1.894633247454941e-03 -9.259080085093330e-04 -1.007694779953094e+00
13 29 -1.000283260824380e+00 -1.894841562581837e-03 -9.257165414069126e-04 -1.007694234888251e+00
13 30 -1.000283338838668e+00 -1.895096549473804e-03 -9.254982900259273e-04 -1.007693514606429e+00
13 31 -1.000283436875579e+00 -1.895388193108449e-03 -9.252624220549453e-04 -1.007692647336038e+00
14 0 -1.000283558360483e+00 -1.895936508713527e-03 -9.238965416945363e-04 -1.007691349751247e+00
14 1 -1.000283684643978e+00 -1.896266615223322e-03 -9.236560035985462e-04 -1.007690292502030e+00
14 2 -1.000283817975119e+00 -1.896596966340397e-03 -9.234277511050153e-04 -1.007689200331125e+00
14 3 -1.000283953291846e+00 -1.896914783540127e-03 -9.232210087442301e-04 -1.007688115260468e+00
14 4 -1.000284085485432e+00 -1.897207856655359e-03 -9.230438473775569e-04 -1.007687078831905e+00
14 5 -1.000284209582529e+00 -1.897465011643529e-03 -9.229028581036275e-04 -1.007686130537195e+00
14 6 -1.000284320919707e+00 -1.897676526070525e-03 -9.228029332311179e-04 -1.007685306353168e+00
14 7 -1.000284415306445e+00 -1.897834478625340e-03 -9.227471572838186e-04 -1.007684637429777e+00
14 8 -1.000284489172829e+00 -1.897933022714985e-03 -9.227368012341996e-04 -1.007684148970932e+00
14 9 -1.000284539698270e+00 -1.897968578004373e-03 -9.227714039177881e-04 -1.007683859339954e+00
14 10 -1.000284564917467e+00 -1.897939937324883e-03 -9.228489179554946e-04 -1.007683779413727e+00
14 11 -1.000284563799781e+00 -1.897848289311937e-03 -9.229658955717294e-04 -1.007683912201958e+00
14 12 -1.000284536298394e+00 -1.897697159393841e-03 -9.231176919491013e-04 -1.007684252740655e+00
14 13 -1.000284483365893e+00 -1.897492273461535e-03 -9.232986681433455e-04 -1.007684788262174e+00
14 14 -1.000284406933535e+00 -1.897241349735965e-03 -9.235023812633375e-04 -1.007685498638291e+00
14 15 -1.000284309852472e+00 -1.896953825121412e-03 -9.237217571225944e-04 -1.007686357086784e+00
14 16 -1.000284195796820e+00 -1.896640523112988e-03 -9.239492492172116e-04 -1.007687331124627e+00
14 17 -1.000284069130607e+00 -1.896313271569793e-03 -9.241769949712714e-04 -1.007688383741726e+00
14 18 -1.000283934742739e+00 -1.895984480328570e-03 -9.243969834241564e-04 -1.007689474759802e+00
14 19 -1.000283797856034e+00 -1.895666690278069e-03 -9.246012480375915e-04 -1.007690562333026e+00
14 20 -1.000283663818017e+00 -1.895372107017079e-03 -9.247820951733314e-04 -1.007691604540280e+00
14 21 -1.000283537882605e+00 -1.895112133985837e-03 -9.249323728665104e-04 -1.007692561012098e+00
14 22 -1.000283424992899e+00 -1.894896922185576e-03 -9.250457751674715e-04 -1.007693394528496e+00
14 23 -1.000283329575713e+00 -1.894734955605815e-03 -9.251171660423263e-04 -1.007694072519377e+00
14 24 -1.000283255358003e+00 -1.894632692201929e-03 -9.251428971642151e-04 -1.007694568399150e+00
14 25 -1.000283205214217e+00 -1.894594279289785e-03 -9.251210884628271e-04 -1.007694862671818e+00
14 26 -1.000283181051909e+00 -1.894621359895357e-03 -9.250518390279200e-04 -1.007694943750972e+00
14 27 -1.000283183740861e+00 -1.894712983135121e-03 -9.249373383137706e-04 -1.007694808450741e+00
14 28 -1.000283213088342e+00 -1.894865626757282e-03 -9.247818544097930e-04 -1.007694462119915e+00
14 29 -1.000283267860222e+00 -1.895073333388813e-03 -9.245915881560290e-04 -1.007693918411715e+00
14 30 -1.000283345844947e+00 -1.895327954685716e-03 -9.243743970454318e-04 -1.007693198703130e+00
14 31 -1.000283443955168e+00 -1.895619490949168e-03 -9.241394071038845e-04 -1.007692331196578e+00
15 0 -1.000283535695728e+00 -1.896145549105250e-03 -9.228361184266895e-04 -1.007691102497084e+00
15 1 -1.000283662157914e+00 -1.896475857120909e-03 -9.225961153169412e-04 -1.007690044089438e+00
15 2 -1.000283795768634e+00 -1.896806685631050e-03 -9.223681011233421e-04 -1.007688949942742e+00
15 3 -1.000283931454998e+00 -1.897125237776536e-03 -9.221612901599130e-04 -1.007687862156422e+00
15 4 -1.000284064093899e+00 -1.897419274831617e-03 -9.219837553018041e-04 -1.007686822378963e+00
15 5 -1.000284188694709e+00 -1.897677585291492e-03 -9.218421016304251e-04 -1.007685870232966e+00
15 6 -1.000284300574505e+00 -1.897890401827783e-03 -9.217412469542313e-04 -1.007685041845094e+00
15 7 -1.000284395521730e+00 -1.898049752329890e-03 -9.216843121771966e-04 -1.007684368528938e+00
15 8 -1.000284469944643e+00 -1.898149735360913e-03 -9.216726142678605e-04 -1.007683875659843e+00
15 9 -1.000284521000956e+00 -1.898186714082082e-03 -9.217057455459731e-04 -1.007683581773082e+00
15 10 -1.000284546704747e+00 -1.898159425795762e-03 -9.217817169488914e-04 -1.007683497910234e+00
15 11 -1.000284546006722e+00 -1.898069006978330e-03 -9.218971412001280e-04 -1.007683627231554e+00
15 12 -1.000284518844082e+00 -1.897918936212635e-03 -9.220474337516554e-04 -1.007683964903970e+00
15 13 -1.000284466156679e+00 -1.897714899472493e-03 -9.222270134517258e-04 -1.007684498266738e+00
15 14 -1.000284389866722e+00 -1.897464583376734e-03 -9.224294905870808e-04 -1.007685207270960e+00
15 15 -1.000284292820254e+00 -1.897177402598709e-03 -9.226478375767613e-04 -1.007686065183742e+00
15 16 -1.000284178690338e+00 -1.896864168403429e-03 -9.228745462488560e-04 -1.007687039540254e+00
15 17 -1.000284051843992e+00 -1.896536706710521e-03 -9.231017827008199e-04 -1.007688093317255e+00
15 18 -1.000283917177065e+00 -1.896207435764427e-03 -9.233215540428573e-04 -1.007689186292346e+00
15 19 -1.000283779923050e+00 -1.895888914955197e-03 -9.235259008057310e-04 -1.007690276545815e+00
15 20 -1.000283645443462e+00 -1.895593377770234e-03 -9.237071254548217e-04 -1.007691322055467e+00
15 21 -1.000283519008980e+00 -1.895332263804631e-03 -9.238580614001783e-04 -1.007692282327372e+00
15 22 -1.000283405581628e+00 -1.895115767125362e-03 -9.239723777572684e-04 -1.007693119998263e+00
15 23 -1.000283309608631e+00 -1.894952420180781e-03 -9.240449041072957e-04 -1.007693802340980e+00
15 24 -1.000283234838088e+00 -1.894848733029708e-03 -9.240719497036662e-04 -1.007694302604823e+00
15 25 -1.000283184165476e+00 -1.894808906790183e-03 -9.240515856680668e-04 -1.007694601126921e+00
15 26 -1.000283159518484e+00 -1.894834638059674e-03 -9.239838573798678e-04 -1.007694686158415e+00
15 27 -1.000283161785459e+00 -1.894925027510338e-03 -9.238708971166189e-04 -1.007694554361070e+00
15 28 -1.000283190790027e+00 -1.895076600643975e-03 -9.237169142103356e-04 -1.007694210946868e+00
15 29 -1.000283245311560e+00 -1.895283442085451e-03 -9.235280516515587e-04 -1.007693669453499e+00
15 30 -1.000283323148480e+00 -1.895537437776971e-03 -9.233121125721499e-04 -1.007692951169217e+00
15 31 -1.000283421219424e+00 -1.895828613027980e-03 -9.230781742220448e-04 -1.007692084238748e+00
16 0 -1.000283484008810e+00 -1.896324243241052e-03 -9.218786067895142e-04 -1.007690934109809e+00
16 1 -1.000283610554362e+00 -1.896654533542294e-03 -9.216392322306725e-04 -1.007689875230141e+00
16 2 -1.000283744362597e+00 -1.896985642681167e-03 -9.214115257437078e-04 -1.007688779703971e+00
16 3 -1.000283880352994e+00 -1.897304763015516e-03 -9.212046888611376e-04 -1.007687689685306e+00
16 4 -1.000284013390729e+00 -1.897599633879361e-03 -9.210267946538385e-04 -1.007686646909989e+00
16 5 -1.000284138469818e+00 -1.897859011489298e-03 -9.208844614019504e-04 -1.007685691117367e+00
16 6 -1.000284250888875e+00 -1.898073086952406e-03 -9.207826330644595e-04 -1.007684858576219e+00
16 7 -1.000284346415451e+00 -1.898233838859898e-03 -9.207244689715521e-04 -1.007684180762168e+00
16 8 -1.000284421435331e+00 -1.898335310870911e-03 -9.207113350428638e-04 -1.007683683225605e+00
16 9 -1.000284473083078e+00 -1.898373808056063e-03 -9.207428805620577e-04 -1.007683384682482e+00
16 10 -1.000284499349896e+00 -1.898348008843039e-03 -9.208171788480556e-04 -1.007683296353532e+00
16 11 -1.000284499164809e+00 -1.898258992376613e-03 -9.209309079891799e-04 -1.007683421569682e+00
16 12 -1.000284472445413e+00 -1.898110183710929e-03 -9.210795492726783e-04 -1.007683755653314e+00
16 13 -1.000284420114776e+00 -1.897907221115063e-03 -9.212575851632347e-04 -1.007684286078187e+00
16 14 -1.000284344081668e+00 -1.897657750912169e-03 -9.214586847887412e-04 -1.007684992904843e+00
16 15 -1.000284247182433e+00 -1.897371156110632e-03 -9.216758725090680e-04 -1.007685849481770e+00
16 16 -1.000284133084543e+00 -1.897058226033214e-03 -9.219016834451363e-04 -1.007686823394635e+00
16 17 -1.000284006153826e+00 -1.896730775338020e-03 -9.221283168199869e-04 -1.007687877637276e+00
16 18 -1.000283871289432e+00 -1.896401222209974e-03 -9.223478015184376e-04 -1.007688971969800e+00
16 19 -1.000283733732469e+00 -1.896082137069777e-03 -9.225521878588061e-04 -1.007690064421293e+00
16 20 -1.000283598856042e+00 -1.895785774943737e-03 -9.227337759903340e-04 -1.007691112886861e+00
16 21 -1.000283471945974e+00 -1.895523606662231e-03 -9.228853851167149e-04 -1.007692076761237e+00
16 22 -1.000283357982455e+00 -1.895305866150028e-03 -9.230006587937758e-04 -1.007692918544907e+00
16 23 -1.000283261433185e+00 -1.895141132843253e-03 -9.230743906928531e-04 -1.007693605354753e+00
16 24 -1.000283186068194e+00 -1.895035969107967e-03 -9.231028451947711e-04 -1.007694110270553e+00
16 25 -1.000283134805552e+00 -1.894994631868062e-03 -9.230840410431018e-04 -1.007694413452386e+00
16 26 -1.000283109595478e+00 -1.895018875263237e-03 -9.230179651999921e-04 -1.007694502972512e+00
16 27 -1.000283111348016e+00 -1.895107857257131e-03 -9.229066873429608e-04 -1.007694375318360e+00
16 28 -1.000283139906770e+00 -1.895258158012555e-03 -9.227543525300520e-04 -1.007694035539628e+00
16 29 -1.000283194068445e+00 -1.895463911728696e-03 -9.225670405814693e-04 -1.007693497031318e+00
16 30 -1.000283271645432e+00 -1.895717046787706e-03 -9.223524949620188e-04 -1.007692780964607e+00
16 31 -1.000283369566476e+00 -1.896007622266907e-03 -9.221197386936308e-04 -1.007691915397061e+00
17 0 -1.000283405279691e+00 -1.896465834699343e-03 -9.210608580394055e-04 -1.007690850599251e+00
17 1 -1.000283531810598e+00 -1.896795889888269e-03 -9.208221787048114e-04 -1.007689791948717e+00
17 2 -1.000283665727265e+00 -1.897127073440765e-03 -9.205948345238054e-04 -1.007688695688347e+00
17 3 -1.000283801945075e+00 -1.897446575036988e-03 -9.203880118974309e-04 -1.007687604001323e+00
17 4 -1.000283935320559e+00 -1.897742119423994e-03 -9.202097823006229e-04 -1.007686558688637e+00
17 5 -1.000284060834786e+00 -1.898002436627402e-03 -9.200667764352601e-04 -1.007685599588856e+00
17 6 -1.000284173769573e+00 -1.898217680882723e-03 -9.199639645897415e-04 -1.007684763100309e+00
17 7 -1.000284269872523e+00 -1.898379784922321e-03 -9.199045451677965e-04 -1.007684080852643e+00
17 8 -1.000284345507163e+00 -1.898482739684735e-03 -9.198899338463502e-04 -1.007683578567912e+00
17 9 -1.000284397784354e+00 -1.898522792797805e-03 -9.199198380262911e-04 -1.007683275144668e+00
17 10 -1.000284424671057e+00 -1.898498562657270e-03 -9.199923952684176e-04 -1.007683181990519e+00
17 11 -1.000284425072479e+00 -1.898411068113295e-03 -9.201043516517979e-04 -1.007683302620346e+00
17 12 -1.000284398883767e+00 -1.898263676100386e-03 -9.202512574099396e-04 -1.007683632530308e+00
17 13 -1.000284347007717e+00 -1.898061971127251e-03 -9.204276619165772e-04 -1.007684159351569e+00
17 14 -1.000284271335690e+00 -1.897813551894394e-03 -9.206272964872398e-04 -1.007684863280797e+00
17 15 -1.000284174690141e+00 -1.897527761527885e-03 -9.208432407861883e-04 -1.007685717776791e+00
17 16 -1.000284060728762e+00 -1.897215358802672e-03 -9.210680765242300e-04 -1.007686690505093e+00
17 17 -1.000283933812160e+00 -1.896888138500619e-03 -9.212940391331045e-04 -1.007687744505233e+00
17 18 -1.000283798838995e+00 -1.896558510322461e-03 -9.215131819685556e-04 -1.007688839547077e+00
17 19 -1.000283661054584e+00 -1.896239047709991e-03 -9.217175672806241e-04 -1.007689933633598e+00
17 20 -1.000283525840785e+00 -1.895942020006729e-03 -9.218994944078155e-04 -1.007690984598878e+00
17 21 -1.000283398496418e+00 -1.895678923204012e-03 -9.220517692639026e-04 -1.007691951743499e+00
17 22 -1.000283284018375e+00 -1.895460026335144e-03 -9.221680102510011e-04 -1.007692797444065e+00
17 23 -1.000283186894032e+00 -1.895293952502427e-03 -9.222429749263299e-04 -1.007693488668866e+00
17 24 -1.000283110915318e+00 -1.895187314695817e-03 -9.222728817258740e-04 -1.007693998329957e+00
17 25 -1.000283059023728e+00 -1.895144425816525e-03 -9.222556949991240e-04 -1.007694306405962e+00
17 26 -1.000283033193658e+00 -1.895167099510581e-03 -9.221913406744337e-04 -1.007694400779969e+00
17 27 -1.000283034359122e+00 -1.895254554433914e-03 -9.220818231008636e-04 -1.007694277750160e+00
17 28 -1.000283062386415e+00 -1.895403429934522e-03 -9.219312203554197e-04 -1.007693942185589e+00
17 29 -1.000283116092698e+00 -1.895607915386312e-03 -9.217455461305864e-04 -1.007693407317120e+00
17 30 -1.000283193307845e+00 -1.895859988304859e-03 -9.215324808464627e-04 -1.007692694174543e+00
17 31 -1.000283290974504e+00 -1.896149749101377e-03 -9.213009897986262e-04 -1.007691830701898e+00
18 0 -1.000283302497119e+00 -1.896564985855183e-03 -9.204141698069762e-04 -1.007690854882899e+00
18 1 -1.000283428916332e+00 -1.896894598451429e-03 -9.201762240136710e-04 -1.007689797151196e+00
18 2 -1.000283562848711e+00 -1.897225648616085e-03 -9.199492804034910e-04 -1.007688700826225e+00
18 3 -1.000283699209191e+00 -1.897545331435579e-03 -9.197425085564673e-04 -1.007687608094254e+00
18 4 -1.000283832848942e+00 -1.897841364616592e-03 -9.195639771368508e-04 -1.007686560797830e+00
18 5 -1.000283958738901e+00 -1.898102458864567e-03 -9.194203284583390e-04 -1.007685598854027e+00
18 6 -1.000284072146429e+00 -1.898318737803154e-03 -9.193165582343734e-04 -1.007684758772728e+00
18 7 -1.000284168800964e+00 -1.898482093765000e-03 -9.192559027314609e-04 -1.007684072323000e+00
18 8 -1.000284245044857e+00 -1.898586469174302e-03 -9.192398262165881e-04 -1.007683565388660e+00
18 9 -1.000284297965576e+00 -1.898628056854215e-03 -9.192680935115239e-04 -1.007683257046349e+00
18 10 -1.000284325505399e+00 -1.898605416215732e-03 -9.193389062124889e-04 -1.007683158891230e+00
18 11 -1.000284326544520e+00 -1.898519505258871e-03 -9.194490784408872e-04 -1.007683274628018e+00
18 12 -1.000284300953626e+00 -1.898373630465484e-03 -9.195942296474770e-04 -1.007683599938340e+00
18 13 -1.000284249612464e+00 -1.898173318418151e-03 -9.197689767960975e-04 -1.007684122628305e+00
18 14 -1.000284174391663e+00 -1.897926114553787e-03 -9.199671145519987e-04 -1.007684823052611e+00
18 15 -1.000284078096192e+00 -1.897641315556026e-03 -9.201817793301951e-04 -1.007685674804557e+00
18 16 -1.000283964370249e+00 -1.897329642476896e-03 -9.204056009377299e-04 -1.007686645654998e+00
18 17 -1.000283837565400e+00 -1.897002862455272e-03 -9.206308525395709e-04 -1.007687698715785e+00
18 18 -1.000283702576005e+00 -1.896673368492554e-03 -9.208496135459248e-04 -1.007688793793813e+00
18 19 -1.000283564648017e+00 -1.896353728840834e-03 -9.210539597456437e-04 -1.007689888892268e+00
18 20 -1.000283429168909e+00 -1.896056219427543e-03 -9.212361912257414e-04 -1.007690941808068e+00
18 21 -1.000283301447825e+00 -1.895792354377267e-03 -9.213891020833095e-04 -1.007691911768485e+00
18 22 -1.000283186496181e+00 -1.895572431670226e-03 -9.215062868445946e-04 -1.007692761043692e+00
18 23 -1.000283088819486e+00 -1.895405113137190e-03 -9.215824677934989e-04 -1.007693456466354e+00
18 24 -1.000283012230838e+00 -1.895297059062322e-03 -9.216138176897074e-04 -1.007693970788044e+00
18 25 -1.000282959695236e+00 -1.895252636621272e-03 -9.215982464116441e-04 -1.007694283807479e+00
18 26 -1.000282933211958e+00 -1.895273718578992e-03 -9.215356188122665e-04 -1.007694383215650e+00
18 27 -1.000282933740199e+00 -1.895359585049004e-03 -9.214278739381329e-04 -1.007694265114808e+00
18 28 -1.000282961170713e+00 -1.895506936688041e-03 -9.212790225873058e-04 -1.007693934182437e+00
18 29 -1.000283014343519e+00 -1.895710021724190e-03 -9.210950114342208e-04 -1.007693403469649e+00
18 30 -1.000283091108908e+00 -1.895960871835833e-03 -9.208834566432388e-04 -1.007692693845329e+00
18 31 -1.000283188426685e+00 -1.896249634723859e-03 -9.206532647120908e-04 -1.007691833118019e+00
19 0 -1.000283179549289e+00 -1.896617967119329e-03 -9.199631029434549e-04 -1.007690946718358e+00
19 1 -1.000283305764294e+00 -1.896946947225709e-03 -9.197259002579724e-04 -1.007689890558133e+00
19 2 -1.000283439619440e+00 -1.897277662235697e-03 -9.194993786406452e-04 -1.007688794837894e+00
19 3 -1.000283576032741e+00 -1.897597320137699e-03 -9.192926903402581e-04 -1.007687701721948e+00
19 4 -1.000283709853393e+00 -1.897893639179786e-03 -9.191139005336511e-04 -1.007686653069849e+00
19 5 -1.000283836045436e+00 -1.898155318499909e-03 -9.189696617670533e-04 -1.007685688853011e+00
19 6 -1.000283949864750e+00 -1.898372458837445e-03 -9.188649928554413e-04 -1.007684845669836e+00
19 7 -1.000284047025131e+00 -1.898536919235208e-03 -9.188031650981021e-04 -1.007684155408649e+00
19 8 -1.000284123849643e+00 -1.898642599551337e-03 -9.187856886340894e-04 -1.007683644099170e+00
19 9 -1.000284177403568e+00 -1.898685642428843e-03 -9.188123832319342e-04 -1.007683330984915e+00
19 10 -1.000284205604984e+00 -1.898664551579348e-03 -9.188815120065143e-04 -1.007683227842126e+00
19 11 -1.000284207308761e+00 -1.898580225874207e-03 -9.189899544797207e-04 -1.007683338564341e+00
19 12 -1.000284182359990e+00 -1.898435911193608e-03 -9.191333969281948e-04 -1.007683659023845e+00
19 13 -1.000284131613482e+00 -1.898237074196099e-03 -9.193065221754594e-04 -1.007684177212636e+00
19 14 -1.000284056916699e+00 -1.897991203585893e-03 -9.195031871713879e-04 -1.007684873658702e+00
19 15 -1.000283961054252e+00 -1.897707544982690e-03 -9.197165844100038e-04 -1.007685722108347e+00
19 16 -1.000283847653599e+00 -1.897396775972301e-03 -9.199393913958843e-04 -1.007686690459295e+00
19 17 -1.000283721053748e+00 -1.897070629200070e-03 -9.201639190526193e-04 -1.007687741920059e+00
19 18 -1.000283586141140e+00 -1.896741473315878e-03 -9.203822734659171e-04 -1.007688836360543e+00
19 19 -1.000283448158814e+00 -1.896421863396877e-03 -9.205865451662995e-04 -1.007689931810275e+00
19 20 -1.000283312496457e+00 -1.896124073964133e-03 -9.207690366140257e-04 -1.007690986054393e+00
19 21 -1.000283184470380e+00 -1.895859629495818e-03 -9.209225319353452e-04 -1.007691958270861e+00
19 22 -1.000283069103788e+00 -1.895638849707977e-03 -9.210406036611548e-04 -1.007692810644851e+00
19 23 -1.000282970918224e+00 -1.895470428977647e-03 -9.211179406424633e-04 -1.007693509890728e+00
19 24 -1.000282893746542e+00 -1.895361069937578e-03 -9.211506718949152e-04 -1.007694028612214e+00
19 25 -1.000282840576392e+00 -1.895315190184469e-03 -9.211366550483703e-04 -1.007694346436722e+00
19 26 -1.000282813431576e+00 -1.895334718729935e-03 -9.210756963295192e-04 -1.007694450868243e+00
19 27 -1.000282813296676e+00 -1.895418995498832e-03 -9.209696717666771e-04 -1.007694337814140e+00
19 28 -1.000282840087805e+00 -1.895564782400229e-03 -9.208225266785124e-04 -1.007694011756330e+00
19 29 -1.000282892669419e+00 -1.895766388087386e-03 -9.206401421539734e-04 -1.007693485557117e+00
19 30 -1.000282968914343e+00 -1.896015901326129e-03 -9.204300714921478e-04 -1.007692779911262e+00
19 31 -1.000283065802121e+00 -1.896303521215142e-03 -9.202011637192032e-04 -1.007691922475027e+00
20 0 -1.000283041083843e+00 -1.896622788196291e-03 -9.197245813518497e-04 -1.007691122723856e+00
20 1 -1.000283167009990e+00 -1.896950970239588e-03 -9.194881034959868e-04 -1.007690068727354e+00
20 2 -1.000283300697968e+00 -1.897281161218679e-03 -9.192620093776952e-04 -1.007688974257907e+00
20 3 -1.000283437072185e+00 -1.897600588819571e-03 -9.190554343799198e-04 -1.007687881434282e+00
20 4 -1.000283570983366e+00 -1.897896979559514e-03 -9.188764394361666e-04 -1.007686832107333e+00
20 5 -1.000283697392233e+00 -1.898159029488759e-03 -9.187316851233881e-04 -1.007685866275773e+00
20 6 -1.000283811546633e+00 -1.898376825123295e-03 -9.186262100582320e-04 -1.007685020599973e+00
20 7 -1.000283909147824e+00 -1.898542200485102e-03 -9.185633167035114e-04 -1.007684327063060e+00
20 8 -1.000283986502235e+00 -1.898649020434211e-03 -9.185445568513524e-04 -1.007683811819073e+00
20 9 -1.000284040655038e+00 -1.898693384076278e-03 -9.185698005901326e-04 -1.007683494260451e+00
20 10 -1.000284069501468e+00 -1.898673744779200e-03 -9.186373675824151e-04 -1.007683386331449e+00
20 11 -1.000284071871621e+00 -1.898590946003850e-03 -9.187441977826632e-04 -1.007683492107202e+00
20 12 -1.000284047584786e+00 -1.898448175047836e-03 -9.188860397052120e-04 -1.007683807649027e+00
20 13 -1.000283997470008e+00 -1.898250839120464e-03 -9.190576379746728e-04 -1.007684321137967e+00
20 14 -1.000283923350118e+00 -1.898006369165805e-03 -9.192529082919173e-04 -1.007685013283020e+00
20 15 -1.000283827987258e+00 -1.897723957072107e-03 -9.194650962884668e-04 -1.007685857996203e+00
20 16 -1.000283714989462e+00 -1.897414232631551e-03 -9.196869250085526e-04 -1.007686823319638e+00
20 17 -1.000283588680114e+00 -1.897088888293195e-03 -9.199107419403451e-04 -1.007687872579627e+00
20 18 -1.000283453934457e+00 -1.896760261659151e-03 -9.201286796678340e-04 -1.007688965732471e+00
20 19 -1.000283315989166e+00 -1.896440887177567e-03 -9.203328442172513e-04 -1.007690060859100e+00
20 20 -1.000283180232579e+00 -1.896143029951073e-03 -9.205155419207480e-04 -1.007691115759064e+00
20 21 -1.000283051984729e+00 -1.895878216640925e-03 -9.206695489756945e-04 -1.007692089586969e+00
20 22 -1.000282936277538e+00 -1.895656780868146e-03 -9.207884184331171e-04 -1.007692944466910e+00
20 23 -1.000282837645984e+00 -1.895487442320324e-03 -9.208668088156841e-04 -1.007693647016055e+00
20 24 -1.000282759940459e+00 -1.895376939309151e-03 -9.209008091937500e-04 -1.007694169708854e+00
20 25 -1.000282706169416e+00 -1.895329733798690e-03 -9.208882292659040e-04 -1.007694492017469e+00
20 26 -1.000282678379841e+00 -1.895347805966949e-03 -9.208288210505014e-04 -1.007694601271420e+00
20 27 -1.000282677581036e+00 -1.895430551849596e-03 -9.207244017861705e-04 -1.007694493190985e+00
20 28 -1.000282703714490e+00 -1.895574792396399e-03 -9.205788554073137e-04 -1.007694172065425e+00
20 29 -1.000282755669694e+00 -1.895774895868126e-03 -9.203980015088216e-04 -1.007693650566659e+00
20 30 -1.000282831343200e+00 -1.896023008744800e-03 -9.201893344132332e-04 -1.007692949209120e+00
20 31 -1.000282927736147e+00 -1.896309383797910e-03 -9.199616489012782e-04 -1.007692095485383e+00
21 0 -1.000282892341078e+00 -1.896579267817095e-03 -9.197073033878189e-04 -1.007691376485301e+00
21 1 -1.000283017904517e+00 -1.896906516039020e-03 -9.194715065762287e-04 -1.007690325164253e+00
21 2 -1.000283151341435e+00 -1.897236013160438e-03 -9.192458313784416e-04 -1.007689232546854e+00
21 3 -1.000283287585777e+00 -1.897555012832053e-03 -9.190393970652366e-04 -1.007688140683828e+00
21 4 -1.000283421493340e+00 -1.897851257578895e-03 -9.188602591824832e-04 -1.007687091391087e+00
21 5 -1.000283548025282e+00 -1.898113449031740e-03 -9.187150837034587e-04 -1.007686124666384e+00
21 6 -1.000283662425139e+00 -1.898331668528953e-03 -9.186089253558208e-04 -1.007685277203481e+00
21 7 -1.000283760385205e+00 -1.898497734228583e-03 -9.185451130220403e-04 -1.007684581052251e+00
21 8 -1.000283838198577e+00 -1.898605485019876e-03 -9.185252342174669e-04 -1.007684062464350e+00
21 9 -1.000283892893153e+00 -1.898650984841881e-03 -9.185492025104007e-04 -1.007683740957491e+00
21 10 -1.000283922343495e+00 -1.898632643838049e-03 -9.186153870084368e-04 -1.007683628625090e+00
21 11 -1.000283925356385e+00 -1.898551255712442e-03 -9.187207812016992e-04 -1.007683729710218e+00
21 12 -1.000283901726135e+00 -1.898409953499709e-03 -9.188611891840985e-04 -1.007684040454085e+00
21 13 -1.000283852256222e+00 -1.898214087928873e-03 -9.190314109223351e-04 -1.007684549222033e+00
21 14 -1.000283778744329e+00 -1.897971033434762e-03 -9.192254149039894e-04 -1.007685236904765e+00
21 15 -1.000283683928837e+00 -1.897689927386858e-03 -9.194364949479355e-04 -1.007686077586932e+00
21 16 -1.000283571396386e+00 -1.897381349079717e-03 -9.196574160359219e-04 -1.007687039467574e+00
21 17 -1.000283445452262e+00 -1.897056946534670e-03 -9.198805599713869e-04 -1.007688086007524e+00
21 18 -1.000283310957611e+00 -1.896729020789844e-03 -9.200980848154651e-04 -1.007689177269682e+00
21 19 -1.000283173139465e+00 -1.896410078950980e-03 -9.203021122175585e-04 -1.007690271409771e+00
21 20 -1.000283037381323e+00 -1.896112369051739e-03 -9.204849536115560e-04 -1.007691326267407e+00
21 21 -1.000282909003463e+00 -1.895847411827523e-03 -9.206393795685789e-04 -1.007692301000061e+00
21 22 -1.000282793043210e+00 -1.895625546583310e-03 -9.207589270628468e-04 -1.007693157696406e+00
21 23 -1.000282694045806e+00 -1.895455510031548e-03 -9.208382287957782e-04 -1.007693862901457e+00
21 24 -1.000282615876164e+00 -1.895344067885724e-03 -9.208733392922527e-04 -1.007694388984741e+00
21 25 -1.000282561560833e+00 -1.895295718620357e-03 -9.208620262072993e-04 -1.007694715285622e+00
21 26 -1.000282533167818e+00 -1.895312486681861e-03 -9.208039934470892e-04 -1.007694828977999e+00
21 27 -1.000282531729597e+00 -1.895393818526917e-03 -9.207010057905206e-04 -1.007694725609579e+00
21 28 -1.000282557212056e+00 -1.895536589652927e-03 -9.205568923832525e-04 -1.007694409287275e+00
21 29 -1.000282608529329e+00 -1.895735224761619e-03 -9.203774178351623e-04 -1.007693892498451e+00
21 30 -1.000282683602024e+00 -1.895981926568465e-03 -9.201700233227609e-04 -1.007693195577542e+00
21 31 -1.000282779453988e+00 -1.896267001916302e-03 -9.199434542540819e-04 -1.007692345847783e+00
22 0 -1.000282738964904e+00 -1.896489040035214e-03 -9.199114787202234e-04 -1.007691698749863e+00
22 1 -1.000282864105101e+00 -1.896815252876512e-03 -9.196762968212263e-04 -1.007690650518295e+00
22 2 -1.000282997216039e+00 -1.897143911188555e-03 -9.194510195347557e-04 -1.007689560288408e+00
22 3 -1.000283133244119e+00 -1.897462300235681e-03 -9.192447508194010e-04 -1.007688470021886e+00
22 4 -1.000283267053622e+00 -1.897758185783732e-03 -9.190655397076967e-04 -1.007687421474515e+00
22 5 -1.000283393609845e+00 -1.898020283379188e-03 -9.189200549496264e-04 -1.007686454615164e+00
22 6 -1.000283508155898e+00 -1.898238678378643e-03 -9.188133632688733e-04 -1.007685606141126e+00
22 7 -1.000283606379041e+00 -1.898405182927470e-03 -9.187488141087321e-04 -1.007684908138091e+00
22 8 -1.000283684562833e+00 -1.898513619970889e-03 -9.187280232286879e-04 -1.007684386925029e+00
22 9 -1.000283739721324e+00 -1.898560027844604e-03 -9.187509392235530e-04 -1.007684062117124e+00
22 10 -1.000283769711353e+00 -1.898542782159806e-03 -9.188159718753655e-04 -1.007683945932634e+00
22 11 -1.000283773318813e+00 -1.898462634585027e-03 -9.189201593560909e-04 -1.007684042761843e+00
22 12 -1.000283750314890e+00 -1.898322670509331e-03 -9.190593524211528e-04 -1.007684349009110e+00
22 13 -1.000283701478642e+00 -1.898128189301755e-03 -9.192283976829930e-04 -1.007684853212440e+00
22 14 -1.000283628582972e+00 -1.897886512082809e-03 -9.194213085579856e-04 -1.007685536438723e+00
22 15 -1.000283534342099e+00 -1.897606722839092e-03 -9.196314205841738e-04 -1.007686372945961e+00
22 16 -1.000283422320140e+00 -1.897299349581818e-03 -9.198515357853707e-04 -1.007687331096533e+00
22 17 -1.000283296802454e+00 -1.896975993346622e-03 -9.200740668795103e-04 -1.007688374497536e+00
22 18 -1.000283162633630e+00 -1.896648914373680e-03 -9.202911954292358e-04 -1.007689463335144e+00
22 19 -1.000283025028138e+00 -1.896330586718425e-03 -9.204950582009042e-04 -1.007690555860600e+00
22 20 -1.000282889361438e+00 -1.896033234493823e-03 -9.206779727940004e-04 -1.007691609977093e+00
22 21 -1.000282760950670e+00 -1.895768364765944e-03 -9.208327068611368e-04 -1.007692584870446e+00
22 22 -1.000282644834996e+00 -1.895546313978989e-03 -9.209527856018457e-04 -1.007693442621193e+00
22 23 -1.000282545566219e+00 -1.895375826678088e-03 -9.210328215322015e-04 -1.007694149730865e+00
22 24 -1.000282467020136e+00 -1.895263686554209e-03 -9.210688412069356e-04 -1.007694678492820e+00
22 25 -1.000282412238057e+00 -1.895214419453181e-03 -9.210585774832063e-04 -1.007695008140832e+00
22 26 -1.000282383306063e+00 -1.895230085568205e-03 -9.210016940485731e-04 -1.007695125717820e+00
22 27 -1.000282381277305e+00 -1.895310174046108e-03 -9.208999117246927e-04 -1.007695026620445e+00
22 28 -1.000282406140097e+00 -1.895451608274638e-03 -9.207570135850425e-04 -1.007694714790781e+00
22 29 -1.000282456831966e+00 -1.895648864235848e-03 -9.205787175478575e-04 -1.007694202543907e+00
22 30 -1.000282531297107e+00 -1.895894197472965e-03 -9.203724191324753e-04 -1.007693510040695e+00
22 31 -1.000282626582325e+00 -1.896177967173762e-03 -9.201468211229141e-04 -1.007692664436052e+00
23 0 -1.000282586796948e+00 -1.896355497154567e-03 -9.203288897095916e-04 -1.007692077706012e+00
23 1 -1.000282711468863e+00 -1.896680610841018e-03 -9.200942372999828e-04 -1.007691032865252e+00
23 2 -1.000282844190684e+00 -1.897008315743243e-03 -9.198693255294875e-04 -1.007689945472332e+00
23 3 -1.000282979923783e+00 -1.897325933311303e-03 -9.196632442996882e-04 -1.007688857381859e+00
23 4 -1.000283113544008e+00 -1.897621258809332e-03 -9.194840354773413e-04 -1.007687810266750e+00
23 5 -1.000283240024337e+00 -1.897883029496079e-03 -9.193383679106136e-04 -1.007686844040098e+00
23 6 -1.000283354611383e+00 -1.898101343933929e-03 -9.192313154217931e-04 -1.007685995372321e+00
23 7 -1.000283452991503e+00 -1.898268018373534e-03 -9.191662410818563e-04 -1.007685296352649e+00
23 8 -1.000283531442805e+00 -1.898376870253422e-03 -9.191447804726570e-04 -1.007684773335174e+00
23 9 -1.000283586969410e+00 -1.898423922687871e-03 -9.191669077761067e-04 -1.007684446001489e+00
23 10 -1.000283617414106e+00 -1.898407526935237e-03 -9.192310631729700e-04 -1.007684326665016e+00
23 11 -1.000283621545226e+00 -1.898328402297777e-03 -9.193343185959549e-04 -1.007684419835871e+00
23 12 -1.000283599113587e+00 -1.898189595069441e-03 -9.194725604332018e-04 -1.007684722058301e+00
23 13 -1.000283550875864e+00 -1.897996360129898e-03 -9.196406715640318e-04 -1.007685222025386e+00
23 14 -1.000283478581448e+00 -1.897755970283462e-03 -9.198327011703860e-04 -1.007685900968593e+00
23 15 -1.000283384920901e+00 -1.897477459284345e-03 -9.200420187724259e-04 -1.007686733313387e+00
23 16 -1.000283273435526e+00 -1.897171305091066e-03 -9.202614571862122e-04 -1.007687687585573e+00
23 17 -1.000283148389638e+00 -1.896849060936558e-03 -9.204834554099729e-04 -1.007688727544950e+00
23 18 -1.000283014609424e+00 -1.896522943496032e-03 -9.207002156705982e-04 -1.007689813513241e+00
23 19 -1.000282877294411e+00 -1.896205389374189e-03 -9.209038889419036e-04 -1.007690903854031e+00
23 20 -1.000282741809199e+00 -1.895908592934756e-03 -9.210868000661763e-04 -1.007691956554689e+00
23 21 -1.000282613464486e+00 -1.895644040293323e-03 -9.212417168217541e-04 -1.007692930853946e+00
23 22 -1.000282497297510e+00 -1.895422056361418e-03 -9.213621574826340e-04 -1.007693788852597e+00
23 23 -1.000282397862625e+00 -1.895251383869390e-03 -9.214427207395948e-04 -1.007694497039565e+00
23 24 -1.000282319042506e+00 -1.895138814423902e-03 -9.214794127857797e-04 -1.007695027663541e+00
23 25 -1.000282263889340e+00 -1.895088891117815e-03 -9.214699404063057e-04 -1.007695359883736e+00
23 26 -1.000282234503586e+00 -1.895103699899312e-03 -9.214139367441293e-04 -1.007695480642072e+00
23 27 -1.000282231955693e+00 -1.895182763124008e-03 -9.213130888594488e-04 -1.007695385211865e+00
23 28 -1.000282256253625e+00 -1.895323043678924e-03 -9.211711439012220e-04 -1.007695077393872e+00
23 29 -1.000282306356266e+00 -1.895519061912847e-03 -9.209937828434143e-04 -1.007694569349054e+00
23 30 -1.000282380230062e+00 -1.895763120762776e-03 -9.207883648401842e-04 -1.007693881077738e+00
23 31 -1.000282474944062e+00 -1.896045627780863e-03 -9.205635587413097e-04 -1.007693039574685e+00
24 0 -1.000282441660158e+00 -1.896183670943353e-03 -9.209432637130194e-04 -1.007692499349822e+00
24 1 -1.000282565836047e+00 -1.896507662216253e-03 -9.207090387585091e-04 -1.007691458076112e+00
24 2 -1.000282698119902e+00 -1.896834334099985e-03 -9.204844496223162e-04 -1.007690373865672e+00
24 3 -1.000282833489996e+00 -1.897151047340264e-03 -9.202785741459321e-04 -1.007689288452221e+00
24 4 -1.000282966836390e+00 -1.897445631859441e-03 -9.200994466934447e-04 -1.007688243405980e+00
24 5 -1.000283093143055e+00 -1.897706853759129e-03 -9.199537332023272e-04 -1.007687278558998e+00
24 6 -1.000283207663914e+00 -1.897924833548751e-03 -9.198465090676823e-04 -1.007686430525419e+00
24 7 -1.000283306088535e+00 -1.898091401399150e-03 -9.197811435244620e-04 -1.007685731366170e+00
24 8 -1.000283384693846e+00 -1.898200379767371e-03 -9.197592830234980e-04 -1.007685207437261e+00
24 9 -1.000283440478372e+00 -1.898247787637296e-03 -9.197809169548887e-04 -1.007684878452589e+00
24 10 -1.000283471275138e+00 -1.898231963288849e-03 -9.198445041688604e-04 -1.007684756786652e+00
24 11 -1.000283475838926e+00 -1.898153604675349e-03 -9.199471378371137e-04 -1.007684847037185e+00
24 12 -1.000283453903710e+00 -1.898015728929837e-03 -9.200847275946649e-04 -1.007685145860039e+00
24 13 -1.000283406206660e+00 -1.897823554877734e-03 -9.202521810934317e-04 -1.007685642080117e+00
24 14 -1.000283334475818e+00 -1.897584313830959e-03 -9.204435729758629e-04 -1.007686317075547e+00
24 15 -1.000283241379458e+00 -1.897306994402276e-03 -9.206522977104621e-04 -1.007687145427047e+00
24 16 -1.000283130436598e+00 -1.897002027616602e-03 -9.208712113646388e-04 -1.007688095817968e+00
24 17 -1.000283005890205e+00 -1.896680919908716e-03 -9.210927735573853e-04 -1.007689132161441e+00
24 18 -1.000282872547019e+00 -1.896355843363077e-03 -9.213092037253949e-04 -1.007690214921415e+00
24 19 -1.000282735589857e+00 -1.896039194208718e-03 -9.215126659026374e-04 -1.007691302586047e+00
24 20 -1.000282600369965e+00 -1.895743132236231e-03 -9.216954932517435e-04 -1.007692353244718e+00
24 21 -1.000282472188411e+00 -1.895479115892659e-03 -9.218504568243161e-04 -1.007693326212453e+00
24 22 -1.000282356076778e+00 -1.895257450190974e-03 -9.219710730468507e-04 -1.007694183638401e+00
24 23 -1.000282256587895e+00 -1.895086866476246e-03 -9.220519337040698e-04 -1.007694892030196e+00
24 24 -1.000282177607045e+00 -1.894974153888267e-03 -9.220890332739750e-04 -1.007695423625112e+00
24 25 -1.000282122192922e+00 -1.894923861865461e-03 -9.220800625345175e-04 -1.007695757542040e+00
24 26 -1.000282092456070e+00 -1.894938091081727e-03 -9.220246350123861e-04 -1.007695880655868e+00
24 27 -1.000282089480275e+00 -1.895016386488377e-03 -9.219244152365103e-04 -1.007695788148491e+00
24 28 -1.000282113289713e+00 -1.895155740724476e-03 -9.217831256976459e-04 -1.007695483707775e+00
24 29 -1.000282162861751e+00 -1.895350709808329e-03 -9.216064216872547e-04 -1.007694979364923e+00
24 30 -1.000282236182786e+00 -1.895593636561255e-03 -9.214016369932767e-04 -1.007694294979700e+00
24 31 -1.000282330342483e+00 -1.895874970975198e-03 -9.211774165514427e-04 -1.007693457401318e+00
25 0 -1.000282309138942e+00 -1.895980054859684e-03 -9.217309333896471e-04 -1.007692947937080e+00
25 1 -1.000282432809616e+00 -1.896302942413965e-03 -9.214970200578466e-04 -1.007691910273219e+00
25 2 -1.000282564622954e+00 -1.896628540054370e-03 -9.212727013438814e-04 -1.007690829472496e+00
25 3 -1.000282699575391e+00 -1.896944249430180e-03 -9.210670454443757e-04 -1.007689747138496e+00
25 4 -1.000282832573374e+00 -1.897237939137075e-03 -9.208880788000784e-04 -1.007688704722298e+00
25 5 -1.000282958614790e+00 -1.897498410208804e-03 -9.207424612765709e-04 -1.007687741952604e+00
25 6 -1.000283072964357e+00 -1.897715812833214e-03 -9.206352643670148e-04 -1.007686895360614e+00
25 7 -1.000283171318810e+00 -1.897882000276263e-03 -9.205698559464759e-04 -1.007686196948503e+00
25 8 -1.000283249958266e+00 -1.897990810559928e-03 -9.205478837652118e-04 -1.007685673040240e+00
25 9 -1.000283305880310e+00 -1.898038270122540e-03 -9.205693409620419e-04 -1.007685343345677e+00
25 10 -1.000283336912882e+00 -1.898022716212511e-03 -9.206326923220138e-04 -1.007685220263762e+00
25 11 -1.000283341801700e+00 -1.897944837063862e-03 -9.207350390928428e-04 -1.007685308444884e+00
25 12 -1.000283320268029e+00 -1.897807631546166e-03 -9.208723012139932e-04 -1.007685604624286e+00
25 13 -1.000283273033178e+00 -1.897616292318228e-03 -9.210393987428432e-04 -1.007686097730104e+00
25 14 -1.000283201806814e+00 -1.897378017718993e-03 -9.212304202916002e-04 -1.007686769263370e+00
25 15 -1.000283109237106e+00 -1.897101758001034e-03 -9.214387750810544e-04 -1.007687593942204e+00
25 16 -1.000282998822154e+00 -1.896797902119176e-03 -9.216573339876420e-04 -1.007688540595805e+00
25 17 -1.000282874784182e+00 -1.896477912621214e-03 -9.218785709309423e-04 -1.007689573284926e+00
25 18 -1.000282741910251e+00 -1.896153917838666e-03 -9.220947186013771e-04 -1.007690652616334e+00
25 19 -1.000282605365300e+00 -1.895838272170831e-03 -9.222979526016655e-04 -1.007691737210447e+00
25 20 -1.000282470485100e+00 -1.895543097040525e-03 -9.224806153199625e-04 -1.007692785273571e+00
25 21 -1.000282342558186e+00 -1.895279817346091e-03 -9.226354842243053e-04 -1.007693756218238e+00
25 22 -1.000282226606980e+00 -1.895058710582867e-03 -9.227560791893949e-04 -1.007694612268229e+00
25 23 -1.000282127178781e+00 -1.894888487578136e-03 -9.228369925243487e-04 -1.007695319980477e+00
25 24 -1.000282048157024e+00 -1.894775924590883e-03 -9.228742163533565e-04 -1.007695851614959e+00
25 25 -1.000281992602245e+00 -1.894725566176914e-03 -9.228654361990289e-04 -1.007696186286295e+00
25 26 -1.000281962630479e+00 -1.894739516288583e-03 -9.228102575008431e-04 -1.007696310838320e+00
25 27 -1.000281959334508e+00 -1.894817331194218e-03 -9.227103342637889e-04 -1.007696220396175e+00
25 28 -1.000281982750653e+00 -1.894956022319173e-03 -9.225693767619959e-04 -1.007695918567768e+00
25 29 -1.000282031871035e+00 -1.895150170964853e-03 -9.223930271983079e-04 -1.007695417284943e+00
25 30 -1.000282104698825e+00 -1.895392150643406e-03 -9.221886059757616e-04 -1.007694736292882e+00
25 31 -1.000282198341947e+00 -1.895672446458085e-03 -9.219647446373351e-04 -1.007693902314819e+00
26 0 -1.000282194363585e+00 -1.895752371372546e-03 -9.226617549338189e-04 -1.007693406517951e+00
26 1 -1.000282317538967e+00 -1.896074215677704e-03 -9.224280269329505e-04 -1.007692372370019e+00
26 2 -1.000282448866960e+00 -1.896398738325086e-03 -9.222039182459392e-04 -1.007691295077598e+00
26 3 -1.000282583362763e+00 -1.896713382004116e-03 -9.219984898611213e-04 -1.007690216109665e+00
26 4 -1.000282715950760e+00 -1.897006056536026e-03 -9.218197599004443e-04 -1.007689176786351e+00
26 5 -1.000282841645097e+00 -1.897265602475238e-03 -9.216743793609491e-04 -1.007688216715205e+00
26 6 -1.000282955724337e+00 -1.897482206167625e-03 -9.215674107807067e-04 -1.007687372321231e+00
26 7 -1.000283053896110e+00 -1.897647752446920e-03 -9.215022130865256e-04 -1.007686675519040e+00
26 8 -1.000283132448078e+00 -1.897756105209814e-03 -9.214804251538532e-04 -1.007686152566781e+00
26 9 -1.000283188381631e+00 -1.897803309827412e-03 -9.215020317972951e-04 -1.007685823133588e+00
26 10 -1.000283219524495e+00 -1.897787714378123e-03 -9.215654908107194e-04 -1.007685699605594e+00
26 11 -1.000283224618124e+00 -1.897710009189212e-03 -9.216678983898635e-04 -1.007685786649274e+00
26 12 -1.000283203375669e+00 -1.897573186447171e-03 -9.218051715819143e-04 -1.007686081044037e+00
26 13 -1.000283156506807e+00 -1.897382423635136e-03 -9.219722297670213e-04 -1.007686571788565e+00
26 14 -1.000283085706495e+00 -1.897144895946130e-03 -9.221631631772234e-04 -1.007687240478353e+00
26 15 -1.000282993605770e+00 -1.896869523513270e-03 -9.223713849379350e-04 -1.007688061945817e+00
26 16 -1.000282883684055e+00 -1.896566659756788e-03 -9.225897718527233e-04 -1.007689005148392e+00
26 17 -1.000282760144268e+00 -1.896247728047025e-03 -9.228108053781143e-04 -1.007690034282660e+00
26 18 -1.000282627754282e+00 -1.895924815488957e-03 -9.230267269617890e-04 -1.007691110093359e+00
26 19 -1.000282491660590e+00 -1.895610234651551e-03 -9.232297217803850e-04 -1.007692191336315e+00
26 20 -1.000282357181921e+00 -1.895316066089700e-03 -9.234121420796815e-04 -1.007693236345725e+00
26 21 -1.000282229591857e+00 -1.895053696470443e-03 -9.235667749154199e-04 -1.007694204649331e+00
26 22 -1.000282113900478e+00 -1.894833369154933e-03 -9.236871491301315e-04 -1.007695058569142e+00
26 23 -1.000282014645674e+00 -1.894663766029481e-03 -9.237678651955161e-04 -1.007695764740385e+00
26 24 -1.000281935704638e+00 -1.894551640535065e-03 -9.238049222971959e-04 -1.007696295479047e+00
26 25 -1.000281880135092e+00 -1.894501521425672e-03 -9.237960114781284e-04 -1.007696629931247e+00
26 26 -1.000281850053849e+00 -1.894515504477865e-03 -9.237407419373054e-04 -1.007696754946487e+00
26 27 -1.000281846557983e+00 -1.894593145457861e-03 -9.236407699261318e-04 -1.007696665630252e+00
26 28 -1.000281869691302e+00 -1.894731462603978e-03 -9.234998068570977e-04 -1.007696365547360e+00
26 29 -1.000281918456290e+00 -1.894925050992460e-03 -9.233234950268504e-04 -1.007695866565030e+00
26 30 -1.000281990869111e+00 -1.895166304612369e-03 -9.231191536129146e-04 -1.007695188343882e+00
26 31 -1.000282084052995e+00 -1.895445735258678e-03 -9.228954114792505e-04 -1.007694357504897e+00
27 0 -1.000282101807308e+00 -1.895509290628278e-03 -9.237002478582973e-04 -1.007693857544661e+00
27 1 -1.000282224516258e+00 -1.895830192174908e-03 -9.234665720550979e-04 -1.007692826683814e+00
27 2 -1.000282355362632e+00 -1.896153680303920e-03 -9.232426056585883e-04 -1.007691752863627e+00
27 3 -1.000282489380263e+00 -1.896467237233641e-03 -9.230374050590512e-04 -1.007690677419475e+00
27 4 -1.000282621512242e+00 -1.896758814718697e-03 -9.228589801970592e-04 -1.007689641534658e+00
27 5 -1.000282746790642e+00 -1.897017295787617e-03 -9.227139709362020e-04 -1.007688684682756e+00
27 6 -1.000282860510451e+00 -1.897232908261783e-03 -9.226074259593757e-04 -1.007687843162666e+00
27 7 -1.000282958393623e+00 -1.897397576136756e-03 -9.225426875543106e-04 -1.007687148774950e+00
27 8 -1.000283036739473e+00 -1.897505198599269e-03 -9.225213756269306e-04 -1.007686627680391e+00
27 9 -1.000283092557784e+00 -1.897551850579911e-03 -9.225434550065132e-04 -1.007686299472591e+00
27 10 -1.000283123680950e+00 -1.897535902359647e-03 -9.226073640007450e-04 -1.007686176488174e+00
27 11 -1.000283128851134e+00 -1.897458058169666e-03 -9.227101807331010e-04 -1.007686263372248e+00
27 12 -1.000283107778256e+00 -1.897321315412486e-03 -9.228478059730621e-04 -1.007686556911454e+00
27 13 -1.000283061164988e+00 -1.897130847920364e-03 -9.230151451239344e-04 -1.007687046139970e+00
27 14 -1.000282990695817e+00 -1.896893818445789e-03 -9.232062775792256e-04 -1.007687712715708e+00
27 15 -1.000282898988374e+00 -1.896619126543445e-03 -9.234146094255504e-04 -1.007688531557254e+00
27 16 -1.000282789506424e+00 -1.896317098141634e-03 -9.236330142945434e-04 -1.007689471727187e+00
27 17 -1.000282666435692e+00 -1.895999123584724e-03 -9.238539740550341e-04 -1.007690497541174e+00
27 18 -1.000282534525979e+00 -1.895677252666398e-03 -9.240697339769160e-04 -1.007691569872522e+00
27 19 -1.000282398905463e+00 -1.895363757644842e-03 -9.242724864038689e-04 -1.007692647610704e+00
27 20 -1.000282264874977e+00 -1.895070677332727e-03 -9.244545937956874e-04 -1.007693689223622e+00
27 21 -1.000282137691298e+00 -1.894809356957339e-03 -9.246088558420369e-04 -1.007694654367473e+00
27 22 -1.000282022349382e+00 -1.894590000334922e-03 -9.247288157368722e-04 -1.007695505482708e+00
27 23 -1.000281923374173e+00 -1.894421253081956e-03 -9.248090894246755e-04 -1.007696209308902e+00
27 24 -1.000281844632574e+00 -1.894309836940752e-03 -9.248456921355016e-04 -1.007696738248558e+00
27 25 -1.000281789175047e+00 -1.894260254691081e-03 -9.248363310140057e-04 -1.007697071513311e+00
27 26 -1.000281759114390e+00 -1.894274582617012e-03 -9.247806310854508e-04 -1.007697195995356e+00
27 27 -1.000281755546915e+00 -1.894352363817202e-03 -9.246802639745984e-04 -1.007697106819589e+00
27 28 -1.000281778518879e+00 -1.894490610955439e-03 -9.245389556628426e-04 -1.007696807546799e+00
27 29 -1.000281827038423e+00 -1.894683921033338e-03 -9.243623615111003e-04 -1.007696310016243e+00
27 30 -1.000281899130530e+00 -1.894924697739811e-03 -9.241578115467508e-04 -1.007695633836571e+00
27 31 -1.000281991930188e+00 -1.895203470101773e-03 -9.239339429687687e-04 -1.007694805554209e+00
28 0 -1.000282035104709e+00 -1.895260109162609e-03 -9.248069148234212e-04 -1.007694283534828e+00
28 1 -1.000282157394180e+00 -1.895580205254271e-03 -9.245731548180451e-04 -1.007693255604049e+00
28 2 -1.000282287781328e+00 -1.895902739651922e-03 -9.243492565631275e-04 -1.007692185084883e+00
28 3 -1.000282421317707e+00 -1.896215230806967e-03 -9.241442749960896e-04 -1.007691113186053e+00
28 4 -1.000282552965081e+00 -1.896505671298925e-03 -9.239662126620425e-04 -1.007690080953995e+00
28 5 -1.000282677774459e+00 -1.896762988120769e-03 -9.238216962524978e-04 -1.007689127720165e+00
28 6 -1.000282791059307e+00 -1.896977454657681e-03 -9.237157556667016e-04 -1.007688289641244e+00
28 7 -1.000282888558847e+00 -1.897141040273748e-03 -9.236517092460882e-04 -1.007687598381278e+00
28 8 -1.000282966587686e+00 -1.897247687288368e-03 -9.236311488689555e-04 -1.007687079976383e+00
28 9 -1.000283022168228e+00 -1.897293509489059e-03 -9.236540088712279e-04 -1.007686753913126e+00
28 10 -1.000283053142234e+00 -1.897276909965091e-03 -9.237186962282243e-04 -1.007686632443570e+00
28 11 -1.000283058257541e+00 -1.897198618315743e-03 -9.238222581588581e-04 -1.007686720154444e+00
28 12 -1.000283037225834e+00 -1.897061648879473e-03 -9.239605660148188e-04 -1.007687013802510e+00
28 13 -1.000282990747675e+00 -1.896871183428461e-03 -9.241284984606249e-04 -1.007687502421233e+00
28 14 -1.000282920501792e+00 -1.896634383537317e-03 -9.243201121256482e-04 -1.007688167696104e+00
28 15 -1.000282829096710e+00 -1.896360138725101e-03 -9.245287953010474e-04 -1.007688984599701e+00
28 16 -1.000282719984142e+00 -1.896058756585173e-03 -9.247474092377160e-04 -1.007689922272474e+00
28 17 -1.000282597335310e+00 -1.895741601659169e-03 -9.249684289535194e-04 -1.007690945128531e+00
28 18 -1.000282465883703e+00 -1.895420691570976e-03 -9.251840985253179e-04 -1.007692014156047e+00
28 19 -1.000282330740032e+00 -1.895108261345181e-03 -9.253866148932282e-04 -1.007693088371217e+00
28 20 -1.000282197187097e+00 -1.894816308915649e-03 -9.255683507104535e-04 -1.007694126375966e+00
28 21 -1.000282070463655e+00 -1.894556136521129e-03 -9.257221207623638e-04 -1.007695087963120e+00
28 22 -1.000281955547343e+00 -1.894337904572976e-03 -9.258414872694181e-04 -1.007695935707129e+00
28 23 -1.000281856947221e+00 -1.894170216608881e-03 -9.259210882628566e-04 -1.007696636473467e+00
28 24 -1.000281778516341e+00 -1.894059755135725e-03 -9.259569634960660e-04 -1.007697162777820e+00
28 25 -1.000281723293704e+00 -1.894010987669156e-03 -9.259468465408502e-04 -1.007697493929167e+00
28 26 -1.000281693383286e+00 -1.894025960102140e-03 -9.258903900803547e-04 -1.007697616898891e+00
28 27 -1.000281689875496e+00 -1.894104190988787e-03 -9.257892937215589e-04 -1.007697526870355e+00
28 28 -1.000281712813951e+00 -1.894242675379695e-03 -9.256473106961305e-04 -1.007697227439212e+00
28 29 -1.000281761207629e+00 -1.894436000503604e-03 -9.254701218504753e-04 -1.007696730453798e+00
28 30 -1.000281833085848e+00 -1.894676568587514e-03 -9.252650800508119e-04 -1.007696055505320e+00
28 31 -1.000281925591286e+00 -1.894954915581208e-03 -9.250408419298774e-04 -1.007695229096674e+00
29 0 -1.000281996900146e+00 -1.895014399347793e-03 -9.259396969536063e-04 -1.007694667766330e+00
29 1 -1.000282118833616e+00 -1.895333859361053e-03 -9.257057168580936e-04 -1.007693642292544e+00
29 2 -1.000282248801901e+00 -1.895655558303449e-03 -9.254818078453420e-04 -1.007692574773840e+00
29 3 -1.000282381872611e+00 -1.895967046062256e-03 -9.252770269019846e-04 -1.007691506304397e+00
29 4 -1.000282513025488e+00 -1.896256353530572e-03 -9.250993701546797e-04 -1.007690477798445e+00
29 5 -1.000282637330837e+00 -1.896512451728463e-03 -9.249554492066652e-04 -1.007689528441871e+00
29 6 -1.000282750121985e+00 -1.896725661999886e-03 -9.248502707609493e-04 -1.007688694238376e+00
29 7 -1.000282847157668e+00 -1.896888003360243e-03 -9.247871230418776e-04 -1.007688006698731e+00
29 8 -1.000282924770797e+00 -1.896993467262712e-03 -9.247675622746587e-04 -1.007687491712275e+00
29 9 -1.000282980000117e+00 -1.897038214129764e-03 -9.247914830229419e-04 -1.007687168631202e+00
29 10 -1.000283010701068e+00 -1.897020689258234e-03 -9.248572499894117e-04 -1.007687049591227e+00
29 11 -1.000283015631896e+00 -1.896941658125612e-03 -9.249618675244195e-04 -1.007687139086025e+00
29 12 -1.000282994511026e+00 -1.896804163105394e-03 -9.251011654712248e-04 -1.007687433806361e+00
29 13 -1.000282948041968e+00 -1.896613405319576e-03 -9.252699840661615e-04 -1.007687922748233e+00
29 14 -1.000282877902658e+00 -1.896376556627398e-03 -9.254623460274732e-04 -1.007688587588274e+00
29 15 -1.000282786697148e+00 -1.896102507480381e-03 -9.256716114978720e-04 -1.007689403318792e+00
29 16 -1.000282677869114e+00 -1.895801556908294e-03 -9.258906203765997e-04 -1.007690339128190e+00
29 17 -1.000282555578529e+00 -1.895485051770644e-03 -9.261118338326639e-04 -1.007691359504799e+00
29 18 -1.000282424544978e+00 -1.895164983879336e-03 -9.263274899493089e-04 -1.007692425533522e+00
29 19 -1.000282289863202e+00 -1.894853555554709e-03 -9.265297875850545e-04 -1.007693496345493e+00
29 20 -1.000282156798482e+00 -1.894562726342628e-03 -9.267111089632290e-04 -1.007694530671820e+00
29 21 -1.000282030571088e+00 -1.894303755756870e-03 -9.268642854510760e-04 -1.007695488444424e+00
29 22 -1.000281916139959e+00 -1.894086758849440e-03 -9.269829019631013e-04 -1.007696332381291e+00
29 23 -1.000281817996036e+00 -1.893920292995816e-03 -9.270616244630741e-04 -1.007697029490030e+00
29 24 -1.000281739975418e+00 -1.893810995267015e-03 -9.270965251302904e-04 -1.007697552422380e+00
29 25 -1.000281685101731e+00 -1.893763289686025e-03 -9.270853735912327e-04 -1.007697880613760e+00
29 26 -1.000281655465588e+00 -1.893779181923901e-03 -9.270278609723897e-04 -1.007698001148581e+00
29 27 -1.000281652146660e+00 -1.893858155222589e-03 -9.269257262279758e-04 -1.007697909305004e+00
29 28 -1.000281675181014e+00 -1.893997175832225e-03 -9.267827614676071e-04 -1.007697608750588e+00
29 29 -1.000281723573600e+00 -1.894190809844238e-03 -9.266046847630607e-04 -1.007697111379556e+00
29 30 -1.000281795353349e+00 -1.894431446754987e-03 -9.263988832839195e-04 -1.007696436801279e+00
29 31 -1.000281887666263e+00 -1.894709618795025e-03 -9.261740435496373e-04 -1.007695611507917e+00
30 0 -1.000281988733694e+00 -1.894781641873746e-03 -9.270555184634160e-04 -1.007694994974020e+00
30 1 -1.000282110388850e+00 -1.895100660941588e-03 -9.268211873413452e-04 -1.007693971385751e+00
30 2 -1.000282239995104e+00 -1.895421675726590e-03 -9.265971863191023e-04 -1.007692906448932e+00
30 3 -1.000282372633907e+00 -1.895732261789915e-03 -9.263925776666908e-04 -1.007691841158972e+00
30 4 -1.000282503301700e+00 -1.896020484687799e-03 -9.262153519641573e-04 -1.007690816306629e+00
30 5 -1.000282627087749e+00 -1.896275357831534e-03 -9.260721044163306e-04 -1.007689870934344e+00
30 6 -1.000282739345778e+00 -1.896487250769904e-03 -9.259678154266955e-04 -1.007689040888790e+00
30 7 -1.000282835855469e+00 -1.896648234343001e-03 -9.259057383958100e-04 -1.007688357517130e+00
30 8 -1.000282912970333e+00 -1.896752353312091e-03 -9.258873875131408e-04 -1.007687846545318e+00
30 9 -1.000282967748528e+00 -1.896795820787150e-03 -9.259126095074508e-04 -1.007687527168996e+00
30 10 -1.000282998062923e+00 -1.896777131929378e-03 -9.259797174113531e-04 -1.007687411380701e+00
30 11 -1.000283002686508e+00 -1.896697097115504e-03 -9.260856625555396e-04 -1.007687503550205e+00
30 12 -1.000282981349239e+00 -1.896558796920412e-03 -9.262262228581197e-04 -1.007687800268040e+00
30 13 -1.000282934762606e+00 -1.896367462744116e-03 -9.263961897172763e-04 -1.007688290456517e+00
30 14 -1.000282864608738e+00 -1.896130287845576e-03 -9.265895417910541e-04 -1.007688955747254e+00
30 15 -1.000282773491934e+00 -1.895856174354704e-03 -9.267996016358623e-04 -1.007689771117939e+00
30 16 -1.000282664852154e+00 -1.895555422726442e-03 -9.270191796495764e-04 -1.007690705773483e+00
30 17 -1.000282542841875e+00 -1.895239371060010e-03 -9.272407167091511e-04 -1.007691724248906e+00
30 18 -1.000282412169758e+00 -1.894919992868857e-03 -9.274564402538888e-04 -1.007692787703494e+00
30 19 -1.000282277916647e+00 -1.894609463587247e-03 -9.276585480896346e-04 -1.007693855367143e+00
30 20 -1.000282145331497e+00 -1.894319708374350e-03 -9.278394306987779e-04 -1.007694886090291e+00
30 21 -1.000282019616458e+00 -1.894061946129538e-03 -9.279919365981099e-04 -1.007695839940357e+00
30 22 -1.000281905711235e+00 -1.893846246543457e-03 -9.281096761339577e-04 -1.007696679782109e+00
30 23 -1.000281808087066e+00 -1.893681118439860e-03 -9.281873481588307e-04 -1.007697372776328e+00
30 24 -1.000281730560486e+00 -1.893573148696132e-03 -9.282210641164204e-04 -1.007697891729513e+00
30 25 -1.000281676136335e+00 -1.893526711153990e-03 -9.282086378769465e-04 -1.007698216228296e+00
30 26 -1.000281646887947e+00 -1.893543763184439e-03 -9.281498081422236e-04 -1.007698333498981e+00
30 27 -1.000281643879952e+00 -1.893623743552087e-03 -9.280463631005380e-04 -1.007698238946400e+00
30 28 -1.000281667136247e+00 -1.893763579598546e-03 -9.279021441896921e-04 -1.007697936344324e+00
30 29 -1.000281715652948e+00 -1.893957805541593e-03 -9.277229172866904e-04 -1.007697437668453e+00
30 30 -1.000281787453867e+00 -1.894198787321319e-03 -9.275161139750255e-04 -1.007696762581359e+00
30 31 -1.000281879683866e+00 -1.894477043007202e-03 -9.272904598503950e-04 -1.007695937597502e+00
31 0 -1.000282010970924e+00 -1.894570855257897e-03 -9.281118725499055e-04 -1.007695252013436e+00
31 1 -1.000282132436667e+00 -1.894889646711586e-03 -9.278770694023317e-04 -1.007694229662976e+00
31 2 -1.000282261752093e+00 -1.895210156096742e-03 -9.276528953657829e-04 -1.007693166786759e+00
31 3 -1.000282394009835e+00 -1.895519978175435e-03 -9.274484207166120e-04 -1.007692104300200e+00
31 4 -1.000282524221165e+00 -1.895807208233861e-03 -9.272716315920955e-04 -1.007691082883914e+00
31 5 -1.000282647493170e+00 -1.896060898544358e-03 -9.271291066035085e-04 -1.007690141445220e+00
31 6 -1.000282759199649e+00 -1.896271464979090e-03 -9.270257982278392e-04 -1.007689315676444e+00
31 7 -1.000282855141806e+00 -1.896431030353472e-03 -9.269649216498144e-04 -1.007688636757250e+00
31 8 -1.000282931695246e+00 -1.896533694956921e-03 -9.269479438962042e-04 -1.007688130239833e+00
31 9 -1.000282985939856e+00 -1.896575728591993e-03 -9.269746574724364e-04 -1.007687815147339e+00
31 10 -1.000283015769004e+00 -1.896555681908078e-03 -9.270433165482275e-04 -1.007687703308075e+00
31 11 -1.000283019974227e+00 -1.896474417485410e-03 -9.271508115677850e-04 -1.007687798941589e+00
31 12 -1.000282998301417e+00 -1.896335062965230e-03 -9.272928600203986e-04 -1.007688098507194e+00
31 13 -1.000282951474778e+00 -1.896142889885481e-03 -9.274641956399662e-04 -1.007688590819892e+00
31 14 -1.000282881185414e+00 -1.895905123075144e-03 -9.276587444414498e-04 -1.007689257432252e+00
31 15 -1.000282790042559e+00 -1.895630686459013e-03 -9.278697835373548e-04 -1.007690073274032e+00
31 16 -1.000282681486933e+00 -1.895329891850768e-03 -9.280900869154726e-04 -1.007691007534531e+00
31 17 -1.000282559667586e+00 -1.895014078036798e-03 -9.283120692951568e-04 -1.007692024765656e+00
31 18 -1.000282429285681e+00 -1.894695208660456e-03 -9.285279427782893e-04 -1.007693086175361e+00
31 19 -1.000282295410841e+00 -1.894385439271594e-03 -9.287299007767946e-04 -1.007694151071854e+00
31 20 -1.000282163277622e+00 -1.894096666087994e-03 -9.289103402438551e-04 -1.007695178409927e+00
31 21 -1.000282038071176e+00 -1.893840071137601e-03 -9.290621268225202e-04 -1.007696128383375e+00
31 22 -1.000281924712120e+00 -1.893625680422092e-03 -9.291788981641921e-04 -1.007696964001650e+00
31 23 -1.000281827651048e+00 -1.893461953524810e-03 -9.292553896717386e-04 -1.007697652584512e+00
31 24 -1.000281750683029e+00 -1.893355424247313e-03 -9.292877571689183e-04 -1.007698167106235e+00
31 25 -1.000281696791515e+00 -1.893310411647824e-03 -9.292738650360235e-04 -1.007698487323139e+00
31 26 -1.000281668029402e+00 -1.893328818768706e-03 -9.292135068607464e-04 -1.007698600626214e+00
31 27 -1.000281665442576e+00 -1.893410032456673e-03 -9.291085283072773e-04 -1.007698502573872e+00
31 28 -1.000281689038552e+00 -1.893550932421217e-03 -9.289628289039903e-04 -1.007698197076600e+00
31 29 -1.000281737800140e+00 -1.893746011465561e-03 -9.287822310188971e-04 -1.007697696224075e+00
31 30 -1.000281809741524e+00 -1.893987602110894e-03 -9.285742189043128e-04 -1.007697019764916e+00
31 31 -1.000281902001996e+00 -1.894266198294794e-03 -9.283475650634632e-04 -1.007696194268363e+00
