1.244303922952460e-06
1.000000000000000e-12
1.000000000000000e-17
3.539513814277305e-01
1.942912426724282e-01
-7.733068535237596e-02
-1.500017464083440e+00
1.901109735892602e-07
32
32
-8.315950385477569e-04
1
0 0 -1.000282043398838e+00 -1.894365531250239e-03 -9.291349403935671e-04 -1.007695509041939e+00
0 1 -1.000282166991864e+00 -1.894690205611566e-03 -9.288950704314833e-04 -1.007694468403941e+00
0 2 -1.000282298461908e+00 -1.895016316196425e-03 -9.286663979458718e-04 -1.007693387421539e+00
0 3 -1.000282432821346e+00 -1.895331239308798e-03 -9.284581841278950e-04 -1.007692307706478e+00
0 4 -1.000282565004533e+00 -1.895622874698035e-03 -9.282785645130008e-04 -1.007691270592580e+00
0 5 -1.000282690047291e+00 -1.895880109482556e-03 -9.281342187807443e-04 -1.007690315573779e+00
0 6 -1.000282803259773e+00 -1.896093230319694e-03 -9.280301493146115e-04 -1.007689478843192e+00
0 7 -1.000282900388901e+00 -1.896254270486344e-03 -9.279695713685885e-04 -1.007688791979819e+00
0 8 -1.000282977766987e+00 -1.896357282721425e-03 -9.279539067354373e-04 -1.007688280820843e+00
0 9 -1.000283032443101e+00 -1.896398532177911e-03 -9.279828639127107e-04 -1.007687964550584e+00
0 10 -1.000283062293405e+00 -1.896376606846278e-03 -9.280545821592184e-04 -1.007687855030561e+00
0 11 -1.000283066106465e+00 -1.896292445775684e-03 -9.281658148765312e-04 -1.007687956387329e+00
0 12 -1.000283043639710e+00 -1.896149288080077e-03 -9.283121290275846e-04 -1.007688264866754e+00
0 13 -1.000282995643456e+00 -1.895952547347664e-03 -9.284881014411084e-04 -1.007688768957336e+00
0 14 -1.000282923849291e+00 -1.895709616569953e-03 -9.286874996529399e-04 -1.007689449781087e+00
0 15 -1.000282830920509e+00 -1.895429608935795e-03 -9.289034435920888e-04 -1.007690281745564e+00
0 16 -1.000282720363900e+00 -1.895123040665819e-03 -9.291285530699337e-04 -1.007691233443054e+00
0 17 -1.000282596404359e+00 -1.894801463458064e-03 -9.293550926295622e-04 -1.007692268773742e+00
0 18 -1.000282463825971e+00 -1.894477055535541e-03 -9.295751287827587e-04 -1.007693348261119e+00
0 19 -1.000282327785184e+00 -1.894162181680128e-03 -9.297807148563618e-04 -1.007694430520127e+00
0 20 -1.000282193603556e+00 -1.893868934513470e-03 -9.299641154508249e-04 -1.007695473830109e+00
0 21 -1.000282066549314e+00 -1.893608671813542e-03 -9.301180755980506e-04 -1.007696437755522e+00
0 22 -1.000281951618263e+00 -1.893391567201942e-03 -9.302361296489513e-04 -1.007697284749715e+00
0 23 -1.000281853324912e+00 -1.893226193285022e-03 -9.303129337372060e-04 -1.007697981673134e+00
0 24 -1.000281775514212e+00 -1.893119156985517e-03 -9.303445959634928e-04 -1.007698501157145e+00
0 25 -1.000281721203243e+00 -1.893074806383735e-03 -9.303289720824350e-04 -1.007698822747687e+00
0 26 -1.000281692460631e+00 -1.893095026641606e-03 -9.302658923128042e-04 -1.007698933769809e+00
0 27 -1.000281690329371e+00 -1.893179139036690e-03 -9.301572874788318e-04 -1.007698829866125e+00
0 28 -1.000281714795853e+00 -1.893323911743439e-03 -9.300071904002763e-04 -1.007698515179345e+00
0 29 -1.000281764804961e+00 -1.893523684382980e-03 -9.298216006780234e-04 -1.007698002169180e+00
0 30 -1.000281838318346e+00 -1.893770601346579e-03 -9.296082157369622e-04 -1.007697311074749e+00
0 31 -1.000281932410902e+00 -1.894054942149558e-03 -9.293760455166149e-04 -1.007696469053193e+00
1 0 -1.000282124339266e+00 -1.894219574602242e-03 -9.299701816070615e-04 -1.007695598882440e+00
1 1 -1.000282247940638e+00 -1.894544477989955e-03 -9.297296213422113e-04 -1.007694558052386e+00
1 2 -1.000282379290292e+00 -1.894870493212701e-03 -9.295006134385856e-04 -1.007693477887383e+00
1 3 -1.000282513405196e+00 -1.895185000085331e-03 -9.292924332325133e-04 -1.007692399966578e+00
1 4 -1.000282645229091e+00 -1.895475914549955e-03 -9.291132156630329e-04 -1.007691365553013e+00
1 5 -1.000282769811607e+00 -1.895732151871399e-03 -9.289696251198110e-04 -1.007690414034825e+00
1 6 -1.000282882480622e+00 -1.895944037629436e-03 -9.288666347452755e-04 -1.007689581468625e+00
1 7 -1.000282979004062e+00 -1.896103653303756e-03 -9.288074177383147e-04 -1.007688899271390e+00
1 8 -1.000283055737681e+00 -1.896205107180361e-03 -9.287933425769680e-04 -1.007688393099303e+00
1 9 -1.000283109755427e+00 -1.896244724904860e-03 -9.288240553369537e-04 -1.007688081944482e+00
1 10 -1.000283138958750e+00 -1.896221157353891e-03 -9.288976264424608e-04 -1.007687977472930e+00
1 11 -1.000283142160991e+00 -1.896135406483327e-03 -9.290107369720003e-04 -1.007688083619430e+00
1 12 -1.000283119142965e+00 -1.895990772125933e-03 -9.291588809871695e-04 -1.007688396448281e+00
1 13 -1.000283070676092e+00 -1.895792724161662e-03 -9.293365646938388e-04 -1.007688904283165e+00
1 14 -1.000282998509950e+00 -1.895548705235570e-03 -9.295374900555761e-04 -1.007689588104370e+00
1 15 -1.000282905322043e+00 -1.895267869682295e-03 -9.297547190039822e-04 -1.007690422205989e+00
1 16 -1.000282794629107e+00 -1.894960764974773e-03 -9.299808230481402e-04 -1.007691375098857e+00
1 17 -1.000282670661332e+00 -1.894638963095091e-03 -9.302080298214095e-04 -1.007692410636695e+00
1 18 -1.000282538203149e+00 -1.894314650713779e-03 -9.304283815904255e-04 -1.007693489333947e+00
1 19 -1.000282402406336e+00 -1.894000188800450e-03 -9.306339208326438e-04 -1.007694569834855e+00
1 20 -1.000282268583014e+00 -1.893707654186268e-03 -9.308169148047996e-04 -1.007695610485003e+00
1 21 -1.000282141987691e+00 -1.893448377717759e-03 -9.309701243411420e-04 -1.007696570948867e+00
1 22 -1.000282027598686e+00 -1.893232495948054e-03 -9.310871121507960e-04 -1.007697413809992e+00
1 23 -1.000281929909818e+00 -1.893068535366333e-03 -9.311625744513352e-04 -1.007698106085313e+00
1 24 -1.000281852742862e+00 -1.892963049210065e-03 -9.311926698339840e-04 -1.007698620583800e+00
1 25 -1.000281799090170e+00 -1.892920326360818e-03 -9.311753130545802e-04 -1.007698937043148e+00
1 26 -1.000281770995082e+00 -1.892942189632329e-03 -9.311103996376507e-04 -1.007699042986487e+00
1 27 -1.000281769475686e+00 -1.893027897126636e-03 -9.309999297806063e-04 -1.007698934253281e+00
1 28 -1.000281794494753e+00 -1.893174155310376e-03 -9.308480073967501e-04 -1.007698615174475e+00
1 29 -1.000281844975781e+00 -1.893375246038430e-03 -9.306607022079594e-04 -1.007698098381604e+00
1 30 -1.000281918862205e+00 -1.893623262414214e-03 -9.304457778571358e-04 -1.007697404261439e+00
1 31 -1.000282013214608e+00 -1.893908441291844e-03 -9.302123039065101e-04 -1.007696560088336e+00
2 0 -1.000282230228709e+00 -1.894117251233861e-03 -9.306341281475127e-04 -1.007695595448194e+00
2 1 -1.000282353943289e+00 -1.894442609451702e-03 -9.303928114928540e-04 -1.007694553678325e+00
2 2 -1.000282485272836e+00 -1.894768755428733e-03 -9.301634037828253e-04 -1.007693473604055e+00
2 3 -1.000282619235037e+00 -1.895083063956457e-03 -9.299551967211549e-04 -1.007692396799545e+00
2 4 -1.000282750779467e+00 -1.895373458905696e-03 -9.297763267636744e-04 -1.007691364482932e+00
2 5 -1.000282874966449e+00 -1.895628875924554e-03 -9.296334450551498e-04 -1.007690415959888e+00
2 6 -1.000282987139020e+00 -1.895839672558366e-03 -9.295314973108556e-04 -1.007689587170410e+00
2 7 -1.000283083084188e+00 -1.895997972667620e-03 -9.294736160393399e-04 -1.007688909385090e+00
2 8 -1.000283159179964e+00 -1.896097935653925e-03 -9.294611172884011e-04 -1.007688408089819e+00
2 9 -1.000283212524803e+00 -1.896135944788279e-03 -9.294935852642755e-04 -1.007688102089734e+00
2 10 -1.000283241045937e+00 -1.896110712683554e-03 -9.295690218486656e-04 -1.007688002854603e+00
2 11 -1.000283243582837e+00 -1.896023304908306e-03 -9.296840356719630e-04 -1.007688114120538e+00
2 12 -1.000283219941865e+00 -1.895877084617242e-03 -9.298340471286333e-04 -1.007688431757380e+00
2 13 -1.000283170918418e+00 -1.895677582359782e-03 -9.300134903682330e-04 -1.007688943905711e+00
2 14 -1.000283098283519e+00 -1.895432296332787e-03 -9.302159998787207e-04 -1.007689631381311e+00
2 15 -1.000283004732758e+00 -1.895150429130619e-03 -9.304345774265859e-04 -1.007690468338615e+00
2 16 -1.000282893796928e+00 -1.894842567493902e-03 -9.306617438316976e-04 -1.007691423178614e+00
2 17 -1.000282769715660e+00 -1.894520312284735e-03 -9.308896871637746e-04 -1.007692459679252e+00
2 18 -1.000282637277753e+00 -1.894195867483423e-03 -9.311104225569058e-04 -1.007693538316796e+00
2 19 -1.000282501634099e+00 -1.893881599081102e-03 -9.313159786944606e-04 -1.007694617736716e+00
2 20 -1.000282368090834e+00 -1.893589576614894e-03 -9.314986227238877e-04 -1.007695656324695e+00
2 21 -1.000282241891709e+00 -1.893331111786300e-03 -9.316511288943332e-04 -1.007696613822140e+00
2 22 -1.000282127999893e+00 -1.893116310748887e-03 -9.317670863946229e-04 -1.007697452923983e+00
2 23 -1.000282030890108e+00 -1.892953659102641e-03 -9.318412302293269e-04 -1.007698140790052e+00
2 24 -1.000281954361782e+00 -1.892849660038692e-03 -9.318697687906855e-04 -1.007698650398920e+00
2 25 -1.000281901382602e+00 -1.892808545284619e-03 -9.318506757411108e-04 -1.007698961677543e+00
2 26 -1.000281873969978e+00 -1.892832075794880e-03 -9.317839123604619e-04 -1.007699062349879e+00
2 27 -1.000281873115769e+00 -1.892919445463577e-03 -9.316715491117482e-04 -1.007698948459907e+00
2 28 -1.000281898757180e+00 -1.893067296545443e-03 -9.315177622019751e-04 -1.007698624539018e+00
2 29 -1.000281949793797e+00 -1.893269849223686e-03 -9.313286928967367e-04 -1.007698103406979e+00
2 30 -1.000282024147793e+00 -1.893519140073025e-03 -9.311121727434096e-04 -1.007697405618534e+00
2 31 -1.000282118861933e+00 -1.893805356793333e-03 -9.308773329818885e-04 -1.007696558589109e+00
3 0 -1.000282356933558e+00 -1.894062576959349e-03 -9.311009600966178e-04 -1.007695498791146e+00
3 1 -1.000282480861904e+00 -1.894388598321143e-03 -9.308588500413764e-04 -1.007694455369794e+00
3 2 -1.000282612272528e+00 -1.894715096406772e-03 -9.306289927967640e-04 -1.007693374655272e+00
3 3 -1.000282746179955e+00 -1.895029432651754e-03 -9.304206980383623e-04 -1.007692298244540e+00
3 4 -1.000282877535778e+00 -1.895319530136012e-03 -9.302421060441563e-04 -1.007691267338801e+00
3 5 -1.000283001407474e+00 -1.895574336291166e-03 -9.300998573976170e-04 -1.007690321187837e+00
3 6 -1.000283113150101e+00 -1.895784232523263e-03 -9.299988731431088e-04 -1.007689495639225e+00
3 7 -1.000283208567059e+00 -1.895941377611354e-03 -9.299422479545822e-04 -1.007688821838615e+00
3 8 -1.000283284056489e+00 -1.896039975475581e-03 -9.299312485625075e-04 -1.007688325119539e+00
3 9 -1.000283336739978e+00 -1.896076461754566e-03 -9.299654005867279e-04 -1.007688024113050e+00
3 10 -1.000283364570062e+00 -1.896049607332684e-03 -9.300426404738391e-04 -1.007687930099273e+00
3 11 -1.000283366412753e+00 -1.895960539828626e-03 -9.301595070396294e-04 -1.007688046615864e+00
3 12 -1.000283342101168e+00 -1.895812685921429e-03 -9.303113490890791e-04 -1.007688369332691e+00
3 13 -1.000283292456628e+00 -1.895611638737276e-03 -9.304925302388954e-04 -1.007688886196322e+00
3 14 -1.000283219274236e+00 -1.895364955679337e-03 -9.306966184071279e-04 -1.007689577841786e+00
3 15 -1.000283125270860e+00 -1.895081892875596e-03 -9.309165553972901e-04 -1.007690418262989e+00
3 16 -1.000283013994876e+00 -1.894773082856572e-03 -9.311448108191739e-04 -1.007691375727041e+00
3 17 -1.000282889699075e+00 -1.894450162796081e-03 -9.313735319557613e-04 -1.007692413910051e+00
3 18 -1.000282757180480e+00 -1.894125362188355e-03 -9.315947049125901e-04 -1.007693493222418e+00
3 19 -1.000282621593015e+00 -1.893811060849146e-03 -9.318003421305435e-04 -1.007694572282069e+00
3 20 -1.000282488240577e+00 -1.893519329947322e-03 -9.319827079052901e-04 -1.007695609486509e+00
3 21 -1.000282362359507e+00 -1.893261470480555e-03 -9.321345871047971e-04 -1.007696564628249e+00
3 22 -1.000282248900648e+00 -1.893047565814493e-03 -9.322495925911244e-04 -1.007697400491242e+00
3 23 -1.000282152321938e+00 -1.892886067392713e-03 -9.323224952750596e-04 -1.007698084359374e+00
3 24 -1.000282076402215e+00 -1.892783434109345e-03 -9.323495504802396e-04 -1.007698589365757e+00
3 25 -1.000282024085598e+00 -1.892743844984040e-03 -9.323287881659718e-04 -1.007698895616231e+00
3 26 -1.000281997363909e+00 -1.892769002003231e-03 -9.322602331388577e-04 -1.007698991030544e+00
3 27 -1.000281997202441e+00 -1.892858036252894e-03 -9.321460241314494e-04 -1.007698871857102e+00
3 28 -1.000282023511894e+00 -1.893007525837850e-03 -9.319904077546078e-04 -1.007698542831973e+00
3 29 -1.000282075166392e+00 -1.893211627878633e-03 -9.317995952605255e-04 -1.007698016971923e+00
3 30 -1.000282150064591e+00 -1.893462319295327e-03 -9.315814852882604e-04 -1.007697315013699e+00
3 31 -1.000282245228534e+00 -1.893749733781376e-03 -9.313452707847556e-04 -1.007696464532905e+00
4 0 -1.000282499504912e+00 -1.894057701395295e-03 -9.313523070532667e-04 -1.007695312776682e+00
4 1 -1.000282623739205e+00 -1.894384568241508e-03 -9.311093984983468e-04 -1.007694267057159e+00
4 2 -1.000282755328886e+00 -1.894711625914243e-03 -9.308790601290674e-04 -1.007693184997049e+00
4 3 -1.000282889281586e+00 -1.895026214734100e-03 -9.306706204866242e-04 -1.007692108242758e+00
4 4 -1.000283020547033e+00 -1.895316248344150e-03 -9.304922257157777e-04 -1.007691078007028e+00
4 5 -1.000283144196001e+00 -1.895570676870173e-03 -9.303505088058889e-04 -1.007690133512692e+00
4 6 -1.000283255591900e+00 -1.895779896463067e-03 -9.302503698595993e-04 -1.007689310543056e+00
4 7 -1.000283350551180e+00 -1.895936091946845e-03 -9.301948702499943e-04 -1.007688640145285e+00
4 8 -1.000283425489223e+00 -1.896033503439407e-03 -9.301852327039392e-04 -1.007688147524281e+00
4 9 -1.000283477548492e+00 -1.896068611683259e-03 -9.302209299910743e-04 -1.007687851156525e+00
4 10 -1.000283504705372e+00 -1.896040240133600e-03 -9.302998387595549e-04 -1.007687762146408e+00
4 11 -1.000283505851814e+00 -1.895949574535011e-03 -9.304184332532064e-04 -1.007687883840969e+00
4 12 -1.000283480847904e+00 -1.895800102886257e-03 -9.305719955369735e-04 -1.007688211712145e+00
4 13 -1.000283430541859e+00 -1.895597480365404e-03 -9.307548231178200e-04 -1.007688733509032e+00
4 14 -1.000283356754535e+00 -1.895349324834342e-03 -9.309604210430839e-04 -1.007689429676978e+00
4 15 -1.000283262226371e+00 -1.895064949034016e-03 -9.311816737581470e-04 -1.007690274035201e+00
4 16 -1.000283150526148e+00 -1.894755036031208e-03 -9.314110010473939e-04 -1.007691234698207e+00
4 17 -1.000283025923063e+00 -1.894431265458207e-03 -9.316405097000834e-04 -1.007692275217794e+00
4 18 -1.000282893225965e+00 -1.894105899647337e-03 -9.318621561321673e-04 -1.007693355912926e+00
4 19 -1.000282757595606e+00 -1.893791340489081e-03 -9.320679349569936e-04 -1.007694435346225e+00
4 20 -1.000282624337450e+00 -1.893499669535353e-03 -9.322501051506503e-04 -1.007695471898573e+00
4 21 -1.000282498684024e+00 -1.893242185833166e-03 -9.324014589915798e-04 -1.007696425386091e+00
4 22 -1.000282385577138e+00 -1.893028958403168e-03 -9.325156292170806e-04 -1.007697258656140e+00
4 23 -1.000282289460903e+00 -1.892868412573920e-03 -9.325874183281421e-04 -1.007697939093122e+00
4 24 -1.000282214096131e+00 -1.892766970444628e-03 -9.326131238203329e-04 -1.007698439963572e+00
4 25 -1.000282162405401e+00 -1.892728764935836e-03 -9.325908269311403e-04 -1.007698741534560e+00
4 26 -1.000282136356333e+00 -1.892755444398980e-03 -9.325206109509028e-04 -1.007698831908501e+00
4 27 -1.000282136888360e+00 -1.892846081009993e-03 -9.324046779827193e-04 -1.007698707530005e+00
4 28 -1.000282163885731e+00 -1.892997191180289e-03 -9.322473404261470e-04 -1.007698373336398e+00
4 29 -1.000282216196485e+00 -1.893202869869036e-03 -9.320548754185474e-04 -1.007697842543036e+00
4 30 -1.000282291694402e+00 -1.893455033461852e-03 -9.318352453630247e-04 -1.007697136075829e+00
4 31 -1.000282387378711e+00 -1.893743758933623e-03 -9.315977024386543e-04 -1.007696281683321e+00
5 0 -1.000282652380857e+00 -1.894102817803064e-03 -9.313780202654666e-04 -1.007695044912441e+00
5 1 -1.000282777001193e+00 -1.894430679067358e-03 -9.311343414248189e-04 -1.007693996339246e+00
5 2 -1.000282908860754e+00 -1.894758481459481e-03 -9.309035110118005e-04 -1.007692912282501e+00
5 3 -1.000283042956831e+00 -1.895073537281715e-03 -9.306948765142878e-04 -1.007691834462589e+00
5 4 -1.000283174233503e+00 -1.895363742597091e-03 -9.305165914664086e-04 -1.007690804131457e+00
5 5 -1.000283297760819e+00 -1.895618041022527e-03 -9.303752843919158e-04 -1.007689860515133e+00
5 6 -1.000283408906480e+00 -1.895826833591841e-03 -9.302758392108437e-04 -1.007689039363866e+00
5 7 -1.000283503496116e+00 -1.895982321211792e-03 -9.302212901360191e-04 -1.007688371656762e+00
5 8 -1.000283577958870e+00 -1.896078770633605e-03 -9.302128229896319e-04 -1.007687882498221e+00
5 9 -1.000283629455102e+00 -1.896112698896413e-03 -9.302498653294047e-04 -1.007687590235019e+00
5 10 -1.000283655982678e+00 -1.896082974302076e-03 -9.303302418571075e-04 -1.007687505816548e+00
5 11 -1.000283656457849e+00 -1.895990834421079e-03 -9.304503700685513e-04 -1.007687632414835e+00
5 12 -1.000283630766833e+00 -1.895839823940584e-03 -9.306054728676193e-04 -1.007687965313727e+00
5 13 -1.000283579784669e+00 -1.895635657203638e-03 -9.307897887117923e-04 -1.007688492068942e+00
5 14 -1.000283505358597e+00 -1.895386011414716e-03 -9.309967659487285e-04 -1.007689192934782e+00
5 15 -1.000283410253950e+00 -1.895100256692758e-03 -9.312192365740819e-04 -1.007690041548840e+00
5 16 -1.000283298061949e+00 -1.894789129393347e-03 -9.314495739947275e-04 -1.007691005860271e+00
5 17 -1.000283173070896e+00 -1.894464356237903e-03 -9.316798465243679e-04 -1.007692049278367e+00
5 18 -1.000283040104647e+00 -1.894138238551068e-03 -9.319019815704482e-04 -1.007693132008222e+00
5 19 -1.000282904334276e+00 -1.893823207578787e-03 -9.321079552379428e-04 -1.007694212531884e+00
5 20 -1.000282771070468e+00 -1.893531363382307e-03 -9.322900190561664e-04 -1.007695249186530e+00
5 21 -1.000282645545666e+00 -1.893274011802757e-03 -9.324409692045651e-04 -1.007696201783757e+00
5 22 -1.000282532696327e+00 -1.893061216590892e-03 -9.325544536515365e-04 -1.007697033206040e+00
5 23 -1.000282436956230e+00 -1.892901386052637e-03 -9.326253009309231e-04 -1.007697710910771e+00
5 24 -1.000282362071369e+00 -1.892800914357017e-03 -9.326498443006421e-04 -1.007698208271878e+00
5 25 -1.000282310945637e+00 -1.892763896728455e-03 -9.326262090946948e-04 -1.007698505693761e+00
5 26 -1.000282285524828e+00 -1.892791935460170e-03 -9.325545294859834e-04 -1.007698591440761e+00
5 27 -1.000282286724280e+00 -1.892884050111399e-03 -9.324370634766750e-04 -1.007698462137457e+00
5 28 -1.000282314402819e+00 -1.893036700093194e-03 -9.322781822956758e-04 -1.007698122911622e+00
5 29 -1.000282367382685e+00 -1.893243921241159e-03 -9.320842225547785e-04 -1.007697587171921e+00
5 30 -1.000282443512356e+00 -1.893497570829966e-03 -9.318632044998896e-04 -1.007696876033429e+00
5 31 -1.000282539767134e+00 -1.893787668850042e-03 -9.316244342978570e-04 -1.007696017423010e+00
6 0 -1.000282809612778e+00 -1.894196154602330e-03 -9.311766375580118e-04 -1.007694706005519e+00
6 1 -1.000282934683924e+00 -1.894525119648068e-03 -9.309322498563232e-04 -1.007693654137004e+00
6 2 -1.000283066893391e+00 -1.894853822090369e-03 -9.307009384601344e-04 -1.007692567512918e+00
6 3 -1.000283201225048e+00 -1.895169540313716e-03 -9.304920690907011e-04 -1.007691487949536e+00
6 4 -1.000283332613745e+00 -1.895460145305782e-03 -9.303138038851632e-04 -1.007690456764283e+00
6 5 -1.000283456124825e+00 -1.895714565238507e-03 -9.301727702647829e-04 -1.007689513216355e+00
6 6 -1.000283567126050e+00 -1.895923195989219e-03 -9.300738414629742e-04 -1.007688693055365e+00
6 7 -1.000283661448021e+00 -1.896078244000771e-03 -9.300200317304667e-04 -1.007688027225292e+00
6 8 -1.000283735529674e+00 -1.896173992194815e-03 -9.300124983258189e-04 -1.007687540761665e+00
6 9 -1.000283786545682e+00 -1.896206983870971e-03 -9.300506327481004e-04 -1.007687251910899e+00
6 10 -1.000283812512236e+00 -1.896176122774539e-03 -9.301322175781068e-04 -1.007687171493900e+00
6 11 -1.000283812367273e+00 -1.896082689863582e-03 -9.302536237868500e-04 -1.007687302530437e+00
6 12 -1.000283786021190e+00 -1.895930279502412e-03 -9.304100252012429e-04 -1.007687640134018e+00
6 13 -1.000283734374672e+00 -1.895724659964457e-03 -9.305956105998881e-04 -1.007688171678901e+00
6 14 -1.000283659300953e+00 -1.895473564464194e-03 -9.308037799197042e-04 -1.007688877234233e+00
6 15 -1.000283563590668e+00 -1.895186419120726e-03 -9.310273197199846e-04 -1.007689730255803e+00
6 16 -1.000283450858680e+00 -1.894874014253484e-03 -9.312585625724481e-04 -1.007690698520966e+00
6 17 -1.000283325414351e+00 -1.894548126415798e-03 -9.314895421515430e-04 -1.007691745283891e+00
6 18 -1.000283192099136e+00 -1.894221100512476e-03 -9.317121588227154e-04 -1.007692830617918e+00
6 19 -1.000283056097496e+00 -1.893905403220944e-03 -9.319183702491657e-04 -1.007693912902645e+00
6 20 -1.000282922728757e+00 -1.893613160417299e-03 -9.321004187329988e-04 -1.007694950406543e+00
6 21 -1.000282797228980e+00 -1.893355693135683e-03 -9.322511008151735e-04 -1.007695902909008e+00
6 22 -1.000282684533141e+00 -1.893143069144160e-03 -9.323640745285978e-04 -1.007696733297941e+00
6 23 -1.000282589068583e+00 -1.892983689540599e-03 -9.324341878182968e-04 -1.007697409073199e+00
6 24 -1.000282514570254e+00 -1.892883930524707e-03 -9.324578018182525e-04 -1.007697903685882e+00
6 25 -1.000282463926918e+00 -1.892847859428671e-03 -9.324330770683879e-04 -1.007698197648673e+00
6 26 -1.000282439065763e+00 -1.892877041792335e-03 -9.323601891502252e-04 -1.007698279360955e+00
6 27 -1.000282440880728e+00 -1.892970452880820e-03 -9.322414424272824e-04 -1.007698145604023e+00
6 28 -1.000282469207229e+00 -1.893124501987775e-03 -9.320812577296409e-04 -1.007697801677918e+00
6 29 -1.000282522842957e+00 -1.893333171086448e-03 -9.318860223193782e-04 -1.007697261172063e+00
6 30 -1.000282599611637e+00 -1.893588262021311e-03 -9.316638059011191e-04 -1.007696545383566e+00
6 31 -1.000282696464489e+00 -1.893879739847447e-03 -9.314239610008296e-04 -1.007695682415859e+00
7 0 -1.000282965105092e+00 -1.894334049084054e-03 -9.307555117147933e-04 -1.007694309669353e+00
7 1 -1.000283090673871e+00 -1.894664183245050e-03 -9.305105078262872e-04 -1.007693254195433e+00
7 2 -1.000283223299258e+00 -1.894993905046603e-03 -9.302787485346353e-04 -1.007692164536330e+00
7 3 -1.000283357949097e+00 -1.895310454242191e-03 -9.300696163977365e-04 -1.007691082622841e+00
7 4 -1.000283489545729e+00 -1.895601670042965e-03 -9.298912832851476e-04 -1.007690049862120e+00
7 5 -1.000283613146018e+00 -1.895856456878540e-03 -9.297503790174505e-04 -1.007689105575003e+00
7 6 -1.000283724113657e+00 -1.896065195865058e-03 -9.296517718246177e-04 -1.007688285542161e+00
7 7 -1.000283818279874e+00 -1.896220088410711e-03 -9.295984636069575e-04 -1.007687620706208e+00
7 8 -1.000283892089069e+00 -1.896315422559434e-03 -9.295915922757172e-04 -1.007687136068026e+00
7 9 -1.000283942726094e+00 -1.896347756819295e-03 -9.296305237819011e-04 -1.007686849806870e+00
7 10 -1.000283968221630e+00 -1.896316019632236e-03 -9.297130101055280e-04 -1.007686772646474e+00
7 11 -1.000283967531811e+00 -1.896221525186836e-03 -9.298353878089456e-04 -1.007686907483127e+00
7 12 -1.000283940588240e+00 -1.896067908436669e-03 -9.299927937146293e-04 -1.007687249284943e+00
7 13 -1.000283888315002e+00 -1.895860984154809e-03 -9.301793782741976e-04 -1.007687785264123e+00
7 14 -1.000283812609977e+00 -1.895608536160080e-03 -9.303885032180551e-04 -1.007688495317423e+00
7 15 -1.000283716288620e+00 -1.895320043216751e-03 -9.306129185482360e-04 -1.007689352724988e+00
7 16 -1.000283602989752e+00 -1.895006348224426e-03 -9.308449233399842e-04 -1.007690325092359e+00
7 17 -1.000283477044886e+00 -1.894679278198073e-03 -9.310765220305060e-04 -1.007691375512513e+00
7 18 -1.000283343314923e+00 -1.894351224329796e-03 -9.312995910603165e-04 -1.007692463914892e+00
7 19 -1.000283207000243e+00 -1.894034693383931e-03 -9.315060704498687e-04 -1.007693548558930e+00
7 20 -1.000283073431905e+00 -1.893741843370580e-03 -9.316881919429317e-04 -1.007694587622055e+00
7 21 -1.000282947853105e+00 -1.893484018280129e-03 -9.318387490794372e-04 -1.007695540825212e+00
7 22 -1.000282835201222e+00 -1.893271298978707e-03 -9.319514045196466e-04 -1.007696371032013e+00
7 23 -1.000282739901315e+00 -1.893112089501218e-03 -9.320210182047029e-04 -1.007697045752407e+00
7 24 -1.000282665681526e+00 -1.893012758800971e-03 -9.320439701673938e-04 -1.007697538481184e+00
7 25 -1.000282615419610e+00 -1.892977357094921e-03 -9.320184461408127e-04 -1.007697829806340e+00
7 26 -1.000282591028009e+00 -1.893007423646205e-03 -9.319446524054464e-04 -1.007697908230922e+00
7 27 -1.000282593382740e+00 -1.893101899331520e-03 -9.318249284578108e-04 -1.007697770664040e+00
7 28 -1.000282622298758e+00 -1.893257152274999e-03 -9.316637332713766e-04 -1.007697422552810e+00
7 29 -1.000282676551484e+00 -1.893467118123280e-03 -9.314674935613816e-04 -1.007696877647356e+00
7 30 -1.000282753941393e+00 -1.893723549135411e-03 -9.312443180437280e-04 -1.007696157412635e+00
7 31 -1.000282851396372e+00 -1.894016359520939e-03 -9.310035962377156e-04 -1.007695290120310e+00
8 0 -1.000283112857502e+00 -1.894511099608212e-03 -9.301305865452794e-04 -1.007693871711060e+00
8 1 -1.000283238950979e+00 -1.894842421773931e-03 -9.298850864374412e-04 -1.007692812464838e+00
8 2 -1.000283372041643e+00 -1.895173241436604e-03 -9.296529332671410e-04 -1.007691719424646e+00
8 3 -1.000283507079342e+00 -1.895490756532053e-03 -9.294435243564610e-04 -1.007690634649922e+00
8 4 -1.000283638971125e+00 -1.895782769025717e-03 -9.292650420723036e-04 -1.007689599658306e+00
8 5 -1.000283762761962e+00 -1.896038152300052e-03 -9.291241218841232e-04 -1.007688653858122e+00
8 6 -1.000283873807580e+00 -1.896247263866875e-03 -9.290256325332242e-04 -1.007687833091003e+00
8 7 -1.000283967935554e+00 -1.896402289912835e-03 -9.289725713226580e-04 -1.007687168331420e+00
8 8 -1.000284041591226e+00 -1.896497512394567e-03 -9.289660666923887e-04 -1.007686684581041e+00
8 9 -1.000284091965043e+00 -1.896529493281204e-03 -9.290054706528135e-04 -1.007686399988073e+00
8 10 -1.000284117097709e+00 -1.896497173909911e-03 -9.290885173577143e-04 -1.007686325214500e+00
8 11 -1.000284115959349e+00 -1.896401890264716e-03 -9.292115223321528e-04 -1.007686463066719e+00
8 12 -1.000284088499000e+00 -1.896247307295263e-03 -9.293695988102332e-04 -1.007686808397863e+00
8 13 -1.000284035661035e+00 -1.896039277080899e-03 -9.295568718162736e-04 -1.007687348283610e+00
8 14 -1.000283959365681e+00 -1.895785626689123e-03 -9.297666767433148e-04 -1.007688062467668e+00
8 15 -1.000283862451784e+00 -1.895495882159266e-03 -9.299917374665511e-04 -1.007688924067374e+00
8 16 -1.000283748581525e+00 -1.895180935564746e-03 -9.302243282078587e-04 -1.007689900523055e+00
8 17 -1.000283622108774e+00 -1.894852662989812e-03 -9.304564306822663e-04 -1.007690954766915e+00
8 18 -1.000283487914922e+00 -1.894523502678683e-03 -9.306799015372379e-04 -1.007692046578429e+00
8 19 -1.000283351218137e+00 -1.894206004450990e-03 -9.308866648289891e-04 -1.007693134084264e+00
8 20 -1.000283217363807e+00 -1.893912363489022e-03 -9.310689410104338e-04 -1.007694175352130e+00
8 21 -1.000283091605499e+00 -1.893653953655948e-03 -9.312195174759473e-04 -1.007695130020427e+00
8 22 -1.000282978886800e+00 -1.893440877532592e-03 -9.313320559534855e-04 -1.007695960899544e+00
8 23 -1.000282883634735e+00 -1.893281552113092e-03 -9.314014206292995e-04 -1.007696635476717e+00
8 24 -1.000282809575142e+00 -1.893182350029352e-03 -9.314240009908960e-04 -1.007697127255385e+00
8 25 -1.000282759579275e+00 -1.893147315673877e-03 -9.313979973006439e-04 -1.007697416863338e+00
8 26 -1.000282735549185e+00 -1.893177973351769e-03 -9.313236348367967e-04 -1.007697492872464e+00
8 27 -1.000282738347090e+00 -1.893273240695381e-03 -9.312032755679318e-04 -1.007697352286232e+00
8 28 -1.000282767771248e+00 -1.893429455275682e-03 -9.310414033893727e-04 -1.007697000667861e+00
8 29 -1.000282822578008e+00 -1.893640515926841e-03 -9.308444714692569e-04 -1.007696451901380e+00
8 30 -1.000282900547056e+00 -1.893898133217003e-03 -9.306206154898513e-04 -1.007695727598448e+00
8 31 -1.000282998584584e+00 -1.894192176554229e-03 -9.303792512147226e-04 -1.007694856184053e+00
9 0 -1.000283247199258e+00 -1.894720388661446e-03 -9.293258205317402e-04 -1.007693409436531e+00
9 1 -1.000283373823790e+00 -1.895052870877112e-03 -9.290799659753695e-04 -1.007692346399726e+00
9 2 -1.000283507410516e+00 -1.895384823061452e-03 -9.288474916204370e-04 -1.007691249767305e+00
9 3 -1.000283642890107e+00 -1.895703400000379e-03 -9.286378066757270e-04 -1.007690161735760e+00
9 4 -1.000283775152225e+00 -1.895996362691721e-03 -9.284591038863154e-04 -1.007689123948816e+00
9 5 -1.000283899227029e+00 -1.896252547476271e-03 -9.283180270094801e-04 -1.007688175924494e+00
9 6 -1.000284010458700e+00 -1.896462280303647e-03 -9.282194506334770e-04 -1.007687353593005e+00
9 7 -1.000284104667055e+00 -1.896617722565582e-03 -9.281663753748241e-04 -1.007686687992474e+00
9 8 -1.000284178293830e+00 -1.896713139211449e-03 -9.281599304523978e-04 -1.007686204160510e+00
9 9 -1.000284228530211e+00 -1.896745083718812e-03 -9.281994660956255e-04 -1.007685920251885e+00
9 10 -1.000284253421972e+00 -1.896712497872336e-03 -9.282827120855010e-04 -1.007685846905227e+00
9 11 -1.000284251948486e+00 -1.896616727193680e-03 -9.284059770035756e-04 -1.007685986874086e+00
9 12 -1.000284224071907e+00 -1.896461455121148e-03 -9.285643646874675e-04 -1.007686334930600e+00
9 13 -1.000284170753099e+00 -1.896252560610118e-03 -9.287519885704679e-04 -1.007686878043975e+00
9 14 -1.000284093931455e+00 -1.895997904886799e-03 -9.289621706787618e-04 -1.007687595830309e+00
9 15 -1.000283996466790e+00 -1.895707053867588e-03 -9.291876202693417e-04 -1.007688461263933e+00
9 16 -1.000283882043107e+00 -1.895390943426814e-03 -9.294205962503344e-04 -1.007689441633222e+00
9 17 -1.000283755036009e+00 -1.895061495504843e-03 -9.296530649293484e-04 -1.007690499716039e+00
9 18 -1.000283620347618e+00 -1.894731194333983e-03 -9.298768681657752e-04 -1.007691595141690e+00
9 19 -1.000283483214975e+00 -1.894412633930686e-03 -9.300839166135208e-04 -1.007692685897131e+00
9 20 -1.000283348999784e+00 -1.894118050143425e-03 -9.302664193293207e-04 -1.007693729926257e+00
9 21 -1.000283222968866e+00 -1.893858852552757e-03 -9.304171546884360e-04 -1.007694686763710e+00
9 22 -1.000283110075642e+00 -1.893645173329563e-03 -9.305297780509226e-04 -1.007695519139409e+00
9 23 -1.000283014753265e+00 -1.893485451840648e-03 -9.305991502554820e-04 -1.007696194486215e+00
9 24 -1.000282940729773e+00 -1.893386074941921e-03 -9.306216608257922e-04 -1.007696686281516e+00
9 25 -1.000282890874630e+00 -1.893351092601390e-03 -9.305955134725620e-04 -1.007696975156181e+00
9 26 -1.000282867084266e+00 -1.893382026111018e-03 -9.305209399066993e-04 -1.007697049713359e+00
9 27 -1.000282870211754e+00 -1.893477781921990e-03 -9.304003109192146e-04 -1.007696907013854e+00
9 28 -1.000282900043018e+00 -1.893634678772643e-03 -9.302381212024523e-04 -1.007696552701864e+00
9 29 -1.000282955319267e+00 -1.893846589629263e-03 -9.300408364245310e-04 -1.007696000763305e+00
9 30 -1.000283033802732e+00 -1.894105193071768e-03 -9.298166060242458e-04 -1.007695272929012e+00
9 31 -1.000283132380470e+00 -1.894400321650013e-03 -9.295748600541344e-04 -1.007694397755861e+00
10 0 -1.000283363005925e+00 -1.894953765874305e-03 -9.283722747748831e-04 -1.007692940913272e+00
10 1 -1.000283490147060e+00 -1.895287334754321e-03 -9.281262229431525e-04 -1.007691874215845e+00
10 2 -1.000283624241028e+00 -1.895620409313804e-03 -9.278935151858639e-04 -1.007690773921955e+00
10 3 -1.000283760198958e+00 -1.895940101744484e-03 -9.276835689137362e-04 -1.007689682367625e+00
10 4 -1.000283892891814e+00 -1.896234130240714e-03 -9.275045862001057e-04 -1.007688641332525e+00
10 5 -1.000284017332656e+00 -1.896491289659730e-03 -9.273632211154734e-04 -1.007687690461994e+00
10 6 -1.000284128850956e+00 -1.896701867567368e-03 -9.272643592531540e-04 -1.007686865799207e+00
10 7 -1.000284223254924e+00 -1.896857991828942e-03 -9.272110124614448e-04 -1.007686198475562e+00
10 8 -1.000284296978262e+00 -1.896953900079273e-03 -9.272043209450439e-04 -1.007685713598515e+00
10 9 -1.000284347207979e+00 -1.896986125672781e-03 -9.272436452523040e-04 -1.007685429366857e+00
10 10 -1.000284371989776e+00 -1.896953598390404e-03 -9.273267243197040e-04 -1.007685356435182e+00
10 11 -1.000284370307223e+00 -1.896857660765349e-03 -9.274498741057733e-04 -1.007685497542923e+00
10 12 -1.000284342130847e+00 -1.896702002693409e-03 -9.276082035166983e-04 -1.007685847417645e+00
10 13 -1.000284288433636e+00 -1.896492518677028e-03 -9.277958285050083e-04 -1.007686392955740e+00
10 14 -1.000284211170215e+00 -1.896237093652937e-03 -9.280060710436180e-04 -1.007687113676184e+00
10 15 -1.000284113218068e+00 -1.895945324322213e-03 -9.282316377609965e-04 -1.007687982436195e+00
10 16 -1.000283998280592e+00 -1.895628183196569e-03 -9.284647823989449e-04 -1.007688966391700e+00
10 17 -1.000283870753642e+00 -1.895297633103633e-03 -9.286974638478574e-04 -1.007690028178622e+00
10 18 -1.000283735559495e+00 -1.894966201466887e-03 -9.289215148604477e-04 -1.007691127281582e+00
10 19 -1.000283597954415e+00 -1.894646525939276e-03 -9.291288358585844e-04 -1.007692221546261e+00
10 20 -1.000283463317790e+00 -1.894350884955203e-03 -9.293116249074306e-04 -1.007693268783367e+00
10 21 -1.000283336932095e+00 -1.894090728274780e-03 -9.294626489592203e-04 -1.007694228406502e+00
10 22 -1.000283223763836e+00 -1.893876224313710e-03 -9.295755520690762e-04 -1.007695063041147e+00
10 23 -1.000283128256162e+00 -1.893715843181508e-03 -9.296451845788460e-04 -1.007695740036773e+00
10 24 -1.000283054143661e+00 -1.893615995802050e-03 -9.296679267924316e-04 -1.007696232811538e+00
10 25 -1.000283004298776e+00 -1.893580748916753e-03 -9.296419745705033e-04 -1.007696521962598e+00
10 26 -1.000282980617340e+00 -1.893611632982615e-03 -9.295675531044589e-04 -1.007696596085282e+00
10 27 -1.000282983948284e+00 -1.893707555793847e-03 -9.294470281013624e-04 -1.007696452258406e+00
10 28 -1.000283014069999e+00 -1.893864829602043e-03 -9.292848908041603e-04 -1.007696096169174e+00
10 29 -1.000283069713044e+00 -1.894077313384541e-03 -9.290876051461788e-04 -1.007695541869578e+00
10 30 -1.000283148626243e+00 -1.894336664755842e-03 -9.288633205033755e-04 -1.007694811177198e+00
10 31 -1.000283247680857e+00 -1.894632688867949e-03 -9.286214685589545e-04 -1.007693932753991e+00
11 0 -1.000283455890556e+00 -1.895202177610102e-03 -9.273068988458466e-04 -1.007692484230042e+00
11 1 -1.000283583513755e+00 -1.895536717533309e-03 -9.270608151908355e-04 -1.007691414143990e+00
11 2 -1.000283718106401e+00 -1.895870860655079e-03 -9.268279719819442e-04 -1.007690310261686e+00
11 3 -1.000283854560458e+00 -1.896191678755787e-03 -9.266177906769213e-04 -1.007689215055882e+00
11 4 -1.000283987727607e+00 -1.896486847004254e-03 -9.264384812454276e-04 -1.007688170446899e+00
11 5 -1.000284112602211e+00 -1.896745116001411e-03 -9.262967097162574e-04 -1.007687216219781e+00
11 6 -1.000284224496465e+00 -1.896956729655968e-03 -9.261973774176877e-04 -1.007686388550440e+00
11 7 -1.000284319203510e+00 -1.897113774773575e-03 -9.261435148969257e-04 -1.007685718689928e+00
11 8 -1.000284393144818e+00 -1.897210452253558e-03 -9.261362830825206e-04 -1.007685231847366e+00
11 9 -1.000284443498501e+00 -1.897243264485463e-03 -9.261750644309355e-04 -1.007684946301260e+00
11 10 -1.000284468305158e+00 -1.897211117492265e-03 -9.262576200506753e-04 -1.007684872760057e+00
11 11 -1.000284466547418e+00 -1.897115338610565e-03 -9.263802871853501e-04 -1.007685013987661e+00
11 12 -1.000284438199095e+00 -1.896959611900308e-03 -9.265381939842067e-04 -1.007685364705269e+00
11 13 -1.000284384240414e+00 -1.896749835382770e-03 -9.267254727749030e-04 -1.007685911773264e+00
11 14 -1.000284306636724e+00 -1.896493906362061e-03 -9.269354585522548e-04 -1.007686634647672e+00
11 15 -1.000284208279242e+00 -1.896201442135202e-03 -9.271608672356909e-04 -1.007687506098708e+00
11 16 -1.000284092887540e+00 -1.895883443241771e-03 -9.273939577875747e-04 -1.007688493174626e+00
11 17 -1.000283964875368e+00 -1.895551906710207e-03 -9.276266901162149e-04 -1.007689558387807e+00
11 18 -1.000283829183787e+00 -1.895219398683888e-03 -9.278508939473538e-04 -1.007690661089294e+00
11 19 -1.000283691087995e+00 -1.894898598413324e-03 -9.280584629305468e-04 -1.007691758986650e+00
11 20 -1.000283555985852e+00 -1.894601827360939e-03 -9.282415849356788e-04 -1.007692809752563e+00
11 21 -1.000283429177254e+00 -1.894340578255199e-03 -9.283930137390657e-04 -1.007693772667316e+00
11 22 -1.000283315644424e+00 -1.894125060713800e-03 -9.285063778906006e-04 -1.007694610232946e+00
11 23 -1.000283219843916e+00 -1.893963782615863e-03 -9.285765105965085e-04 -1.007695289690274e+00
11 24 -1.000283145520994e+00 -1.893863187949045e-03 -9.285997739211340e-04 -1.007695784367182e+00
11 25 -1.000283095555771e+00 -1.893827370897020e-03 -9.285743447953752e-04 -1.007696074791356e+00
11 26 -1.000283071848504e+00 -1.893857882905111e-03 -9.285004293369021e-04 -1.007696149511550e+00
11 27 -1.000283075249136e+00 -1.893953645541196e-03 -9.283803747358281e-04 -1.007696005584609e+00
11 28 -1.000283105533634e+00 -1.894110977185888e-03 -9.282186548793083e-04 -1.007695648700893e+00
11 29 -1.000283161426822e+00 -1.894323735240488e-03 -9.280217179181095e-04 -1.007695092940065e+00
11 30 -1.000283240668634e+00 -1.894583568037694e-03 -9.277976995042785e-04 -1.007694360171196e+00
11 31 -1.000283340118422e+00 -1.894880263660354e-03 -9.275560204239252e-04 -1.007693479131127e+00
12 0 -1.000283522362765e+00 -1.895456028059948e-03 -9.261710640774806e-04 -1.007692056788463e+00
12 1 -1.000283650414987e+00 -1.895791386211883e-03 -9.259251144491502e-04 -1.007690983715547e+00
12 2 -1.000283785478666e+00 -1.896126503350245e-03 -9.256922381942256e-04 -1.007689876454824e+00
12 3 -1.000283922427660e+00 -1.896448414397316e-03 -9.254818566839065e-04 -1.007688777608270e+00
12 4 -1.000284056094427e+00 -1.896744752643574e-03 -9.253021864644674e-04 -1.007687729236916e+00
12 5 -1.000284181453750e+00 -1.897004223312732e-03 -9.251599069038265e-04 -1.007686771272575e+00
12 6 -1.000284293798671e+00 -1.897217023182442e-03 -9.250599390636284e-04 -1.007685940038214e+00
12 7 -1.000284388904375e+00 -1.897375192064144e-03 -9.250053387609638e-04 -1.007685266926385e+00
12 8 -1.000284463176357e+00 -1.897472886029785e-03 -9.249972965389801e-04 -1.007684777276092e+00
12 9 -1.000284513779501e+00 -1.897506566913665e-03 -9.250352274528551e-04 -1.007684489477917e+00
12 10 -1.000284538744592e+00 -1.897475106388546e-03 -9.251169267314429e-04 -1.007684414329069e+00
12 11 -1.000284537048261e+00 -1.897379805123847e-03 -9.252387657145762e-04 -1.007684554655097e+00
12 12 -1.000284508662325e+00 -1.897224329149765e-03 -9.253959050775094e-04 -1.007684905209758e+00
12 13 -1.000284454568992e+00 -1.897014567650359e-03 -9.255825067234292e-04 -1.007685452856283e+00
12 14 -1.000284376739431e+00 -1.896758418506372e-03 -9.257919311954693e-04 -1.007686177024212e+00
12 15 -1.000284278074182e+00 -1.896465508815829e-03 -9.260169151532484e-04 -1.007687050429591e+00
12 16 -1.000284162305154e+00 -1.896146857520528e-03 -9.262497328804986e-04 -1.007688040041759e+00
12 17 -1.000284033860890e+00 -1.895814487747137e-03 -9.264823536693699e-04 -1.007689108273056e+00
12 18 -1.000283897699159e+00 -1.895480998385540e-03 -9.267066103530832e-04 -1.007690214357214e+00
12 19 -1.000283759113175e+00 -1.895159106825407e-03 -9.269143934205338e-04 -1.007691315871519e+00
12 20 -1.000283623519419e+00 -1.894861176480191e-03 -9.270978817024474e-04 -1.007692370350634e+00
12 21 -1.000283496236247e+00 -1.894598744058698e-03 -9.272498146509835e-04 -1.007693336934786e+00
12 22 -1.000283382263513e+00 -1.894382063520955e-03 -9.273638017897870e-04 -1.007694177989108e+00
12 23 -1.000283286074051e+00 -1.894219686041751e-03 -9.274346531485461e-04 -1.007694860624903e+00
12 24 -1.000283211427563e+00 -1.894118096531871e-03 -9.274587041540934e-04 -1.007695358051839e+00
12 25 -1.000283161216239e+00 -1.894081426300902e-03 -9.274341025798047e-04 -1.007695650694862e+00
12 26 -1.000283137349591e+00 -1.894111258725490e-03 -9.273610239473227e-04 -1.007695727019375e+00
12 27 -1.000283140683683e+00 -1.894206541013922e-03 -9.272417844270615e-04 -1.007695584021094e+00
12 28 -1.000283170997310e+00 -1.894363610132925e-03 -9.270808273692619e-04 -1.007695227353206e+00
12 29 -1.000283227014713e+00 -1.894576334353212e-03 -9.268845718353200e-04 -1.007694671083642e+00
12 30 -1.000283306471697e+00 -1.894836364488999e-03 -9.266611269897798e-04 -1.007693937096652e+00
12 31 -1.000283406219932e+00 -1.895133482266373e-03 -9.264198909559025e-04 -1.007693054171809e+00
13 0 -1.000283559951005e+00 -1.895705555918053e-03 -9.250089077415295e-04 -1.007691674655994e+00
13 1 -1.000283688363059e+00 -1.896041548962988e-03 -9.247632502069004e-04 -1.007690599109949e+00
13 2 -1.000283823852378e+00 -1.896377509156011e-03 -9.245304421295692e-04 -1.007689488807669e+00
13 3 -1.000283961276438e+00 -1.896700439420769e-03 -9.243199009540572e-04 -1.007688386468113e+00
13 4 -1.000284095449215e+00 -1.896997933750796e-03 -9.241398485418991e-04 -1.007687334288136e+00
13 5 -1.000284221325711e+00 -1.897258652448669e-03 -9.239969786142283e-04 -1.007686372348283e+00
13 6 -1.000284334178648e+00 -1.897472743421696e-03 -9.238962351751543e-04 -1.007685537127557e+00
13 7 -1.000284429763097e+00 -1.897632195429178e-03 -9.238407048101766e-04 -1.007684860176226e+00
13 8 -1.000284504465527e+00 -1.897731113526606e-03 -9.238316153254966e-04 -1.007684366985804e+00
13 9 -1.000284555433841e+00 -1.897765911120473e-03 -9.238684236767847e-04 -1.007684076086439e+00
13 10 -1.000284580684669e+00 -1.897735416295776e-03 -9.239489696443866e-04 -1.007683998395495e+00
13 11 -1.000284579183799e+00 -1.897640892541544e-03 -9.240696699418686e-04 -1.007684136835192e+00
13 12 -1.000284550895809e+00 -1.897485976285886e-03 -9.242257296818320e-04 -1.007684486229768e+00
13 13 -1.000284496799551e+00 -1.897276535834872e-03 -9.244113524419474e-04 -1.007685033484116e+00
13 14 -1.000284418866860e+00 -1.897020457838973e-03 -9.246199359540536e-04 -1.007685758038770e+00
13 15 -1.000284320002824e+00 -1.896727368060256e-03 -9.248442482526676e-04 -1.007686632590428e+00
13 16 -1.000284203947416e+00 -1.896408293607911e-03 -9.250765882488467e-04 -1.007687624060959e+00
13 17 -1.000284075140394e+00 -1.896075274747288e-03 -9.253089423398045e-04 -1.007688694789507e+00
13 18 -1.000283938553571e+00 -1.895740935975501e-03 -9.255331522985740e-04 -1.007689803912938e+00
13 19 -1.000283799496555e+00 -1.895418027864693e-03 -9.257411091523372e-04 -1.007690908891225e+00
13 20 -1.000283663403827e+00 -1.895118953003755e-03 -9.259249841804593e-04 -1.007691967126634e+00
13 21 -1.000283535612515e+00 -1.894855291400348e-03 -9.260775017866828e-04 -1.007692937618061e+00
13 22 -1.000283421141380e+00 -1.894637342893123e-03 -9.261922494970136e-04 -1.007693782585277e+00
13 23 -1.000283324481801e+00 -1.894473705896049e-03 -9.262640089657803e-04 -1.007694468993967e+00
13 24 -1.000283249411102e+00 -1.894370912503530e-03 -9.262890817771156e-04 -1.007694969912273e+00
13 25 -1.000283198837483e+00 -1.894333139341178e-03 -9.262655776925042e-04 -1.007695265633218e+00
13 26 -1.000283174684195e+00 -1.894362011436471e-03 -9.261936314400176e-04 -1.007695344505190e+00
13 27 -1.000283177818343e+00 -1.894456512570901e-03 -9.260755168991467e-04 -1.007695203425758e+00
13 28 -1.000283208026706e+00 -1.894613010006820e-03 -9.259156349758671e-04 -1.007694847972151e+00
13 29 -1.000283264038052e+00 -1.894825394747543e-03 -9.257203637141932e-04 -1.007694292162145e+00
13 30 -1.000283343588907e+00 -1.895085331585807e-03 -9.254977743342768e-04 -1.007693557858822e+00
13 31 -1.000283443527751e+00 -1.895382606819971e-03 -9.252572314970116e-04 -1.007692673850810e+00
14 0 -1.000283567285036e+00 -1.895941210751879e-03 -9.238655621508822e-04 -1.007691352002315e+00
14 1 -1.000283695974510e+00 -1.896277632554742e-03 -9.236203395462050e-04 -1.007690274587123e+00
14 2 -1.000283831828251e+00 -1.896614273880066e-03 -9.233876947716837e-04 -1.007689161692749e+00
14 3 -1.000283969689730e+00 -1.896938111781472e-03 -9.231770377828302e-04 -1.007688056138193e+00
14 4 -1.000284104355909e+00 -1.897236705107399e-03 -9.229965942482806e-04 -1.007687000245861e+00
14 5 -1.000284230762507e+00 -1.897498671250913e-03 -9.228530727620767e-04 -1.007686034241912e+00
14 6 -1.000284344161450e+00 -1.897714109141154e-03 -9.227514427711150e-04 -1.007685194765194e+00
14 7 -1.000284440286344e+00 -1.897874954419219e-03 -9.226948259940399e-04 -1.007684513533693e+00
14 8 -1.000284515502428e+00 -1.897975257194645e-03 -9.226844935332891e-04 -1.007684016207184e+00
14 9 -1.000284566937571e+00 -1.898011376611649e-03 -9.227199517119907e-04 -1.007683721476979e+00
14 10 -1.000284592590389e+00 -1.897982089450650e-03 -9.227990935202836e-04 -1.007683640407904e+00
14 11 -1.000284591411310e+00 -1.897888612709304e-03 -9.229183906359207e-04 -1.007683776050864e+00
14 12 -1.000284563352742e+00 -1.897734542789011e-03 -9.230731028233314e-04 -1.007684123335662e+00
14 13 -1.000284509385017e+00 -1.897525716036167e-03 -9.232574857782563e-04 -1.007684669245548e+00
14 14 -1.000284431475438e+00 -1.897269996520258e-03 -9.234649845988331e-04 -1.007685393269089e+00
14 15 -1.000284332528652e+00 -1.896976997495885e-03 -9.236884080778037e-04 -1.007686268119518e+00
14 16 -1.000284216288176e+00 -1.896657743772953e-03 -9.239200879258003e-04 -1.007687260704194e+00
14 17 -1.000284087201119e+00 -1.896324283423051e-03 -9.241520343949699e-04 -1.007688333317710e+00
14 18 -1.000283950250199e+00 -1.895989258590317e-03 -9.243761034386204e-04 -1.007689445023702e+00
14 19 -1.000283810759073e+00 -1.895665446640053e-03 -9.245841902131943e-04 -1.007690553182894e+00
14 20 -1.000283674178791e+00 -1.895365284840677e-03 -9.247684601521370e-04 -1.007691615076671e+00
14 21 -1.000283545864876e+00 -1.895100394234789e-03 -9.249216222649819e-04 -1.007692589566542e+00
14 22 -1.000283430855664e+00 -1.894881120619082e-03 -9.250372397467428e-04 -1.007693438723096e+00
14 23 -1.000283333662691e+00 -1.894716111935225e-03 -9.251100617744403e-04 -1.007694129355390e+00
14 24 -1.000283258083369e+00 -1.894611951805549e-03 -9.251363503820733e-04 -1.007694634372450e+00
14 25 -1.000283207045181e+00 -1.894572868508085e-03 -9.251141700674815e-04 -1.007694933911535e+00
14 26 -1.000283182489141e+00 -1.894600536890574e-03 -9.250436061230700e-04 -1.007695016174613e+00
14 27 -1.000283185297927e+00 -1.894693986875500e-03 -9.249268805096426e-04 -1.007694877927757e+00
14 28 -1.000283215271083e+00 -1.894849626416325e-03 -9.247683416062366e-04 -1.007694524636944e+00
14 29 -1.000283271146753e+00 -1.895061380059043e-03 -9.245743162960689e-04 -1.007693970233933e+00
14 30 -1.000283350667001e+00 -1.895320937586336e-03 -9.243528278516821e-04 -1.007693236524937e+00
14 31 -1.000283450681808e+00 -1.895618100821780e-03 -9.241131978341588e-04 -1.007692352272973e+00
15 0 -1.000283544137283e+00 -1.896154014194611e-03 -9.227853486064407e-04 -1.007691100633106e+00
15 1 -1.000283673011828e+00 -1.896490644012916e-03 -9.225406826721002e-04 -1.007690022018933e+00
15 2 -1.000283809155426e+00 -1.896827780054436e-03 -9.223082861902813e-04 -1.007688907076379e+00
15 3 -1.000283947400447e+00 -1.897152380645320e-03 -9.220975583345716e-04 -1.007687798703685e+00
15 4 -1.000284082529001e+00 -1.897451975070351e-03 -9.219167268134500e-04 -1.007686739333536e+00
15 5 -1.000284209458745e+00 -1.897715141432599e-03 -9.217725150909452e-04 -1.007685769329174e+00
15 6 -1.000284323421102e+00 -1.897931931347590e-03 -9.216699197409828e-04 -1.007684925487308e+00
15 7 -1.000284420127661e+00 -1.898094227299349e-03 -9.216121006768394e-04 -1.007684239697209e+00
15 8 -1.000284495921072e+00 -1.898196022712550e-03 -9.216003765537027e-04 -1.007683737795931e+00
15 9 -1.000284547906887e+00 -1.898233618721398e-03 -9.216343085700446e-04 -1.007683438651343e+00
15 10 -1.000284574062489e+00 -1.898205734912597e-03 -9.217118496910083e-04 -1.007683353497820e+00
15 11 -1.000284573318986e+00 -1.898113534129105e-03 -9.218295342801271e-04 -1.007683485542406e+00
15 12 -1.000284545612148e+00 -1.897960563878051e-03 -9.219826849483155e-04 -1.007683829851395e+00
15 13 -1.000284491899001e+00 -1.897752618817115e-03 -9.221656177899947e-04 -1.007684373519673e+00
15 14 -1.000284414137333e+00 -1.897497530033342e-03 -9.223718333787640e-04 -1.007685096118810e+00
15 15 -1.000284315226398e+00 -1.897204887607765e-03 -9.225941889037665e-04 -1.007685970413761e+00
15 16 -1.000284198908649e+00 -1.896885703748471e-03 -9.228250556718318e-04 -1.007686963330622e+00
15 17 -1.000284069634454e+00 -1.896552024842596e-03 -9.230564734785268e-04 -1.007688037149298e+00
15 18 -1.000283932393891e+00 -1.896216502121121e-03 -9.232803169504892e-04 -1.007689150886405e+00
15 19 -1.000283792521734e+00 -1.895891932265944e-03 -9.234884886013602e-04 -1.007690261825553e+00
15 20 -1.000283655483495e+00 -1.895590781320187e-03 -9.236731497968719e-04 -1.007691327143720e+00
15 21 -1.000283526652025e+00 -1.895324707580959e-03 -9.238269943035367e-04 -1.007692305574114e+00
15 22 -1.000283411085219e+00 -1.895104101299864e-03 -9.239435595233117e-04 -1.007693159039461e+00
15 23 -1.000283313315675e+00 -1.894937660493938e-03 -9.240175592361360e-04 -1.007693854186650e+00
15 24 -1.000283237162618e+00 -1.894832022737329e-03 -9.240452116545963e-04 -1.007694363753894e+00
15 25 -1.000283185575378e+00 -1.894791472300416e-03 -9.240245304368215e-04 -1.007694667704825e+00
15 26 -1.000283160516065e+00 -1.894817740052140e-03 -9.239555447287997e-04 -1.007694754071372e+00
15 27 -1.000283162886824e+00 -1.894909909744814e-03 -9.238404170720747e-04 -1.007694619460202e+00
15 28 -1.000283192504189e+00 -1.895064438751423e-03 -9.236834353553287e-04 -1.007694269195432e+00
15 29 -1.000283248120137e+00 -1.895275294704975e-03 -9.234908670585683e-04 -1.007693717090276e+00
15 30 -1.000283327486929e+00 -1.895534202591884e-03 -9.232706791969009e-04 -1.007692984860082e+00
15 31 -1.000283427460732e+00 -1.895830990226739e-03 -9.230321422956622e-04 -1.007692101208171e+00
16 0 -1.000283491423223e+00 -1.896335892922570e-03 -9.218100165740845e-04 -1.007690929627206e+00
16 1 -1.000283620384076e+00 -1.896672503770799e-03 -9.215660037873561e-04 -1.007689850524929e+00
16 2 -1.000283756732537e+00 -1.897009930855563e-03 -9.213339272553894e-04 -1.007688734151332e+00
16 3 -1.000283895293154e+00 -1.897335121505325e-03 -9.211231725499220e-04 -1.007687623460588e+00
16 4 -1.000284030835873e+00 -1.897635582083234e-03 -9.209419676685417e-04 -1.007686560976464e+00
16 5 -1.000284158262239e+00 -1.897899856633328e-03 -9.207970504098443e-04 -1.007685587185154e+00
16 6 -1.000284272784298e+00 -1.898117953106824e-03 -9.206934450680586e-04 -1.007684739032622e+00
16 7 -1.000284370091905e+00 -1.898281702818433e-03 -9.206343513359698e-04 -1.007684048576476e+00
16 8 -1.000284446504527e+00 -1.898385042704877e-03 -9.206211380057047e-04 -1.007683541834021e+00
16 9 -1.000284499103907e+00 -1.898424214133082e-03 -9.206534248264123e-04 -1.007683237858984e+00
16 10 -1.000284525843802e+00 -1.898397875758895e-03 -9.207292294479069e-04 -1.007683148070923e+00
16 11 -1.000284525632791e+00 -1.898307130756869e-03 -9.208451543587201e-04 -1.007683275854250e+00
16 12 -1.000284498386189e+00 -1.898155470770858e-03 -9.209965907861026e-04 -1.007683616437415e+00
16 13 -1.000284445043440e+00 -1.897948640635411e-03 -9.211779210416198e-04 -1.007684157055976e+00
16 14 -1.000284367548268e+00 -1.897694429419260e-03 -9.213827069115542e-04 -1.007684877395924e+00
16 15 -1.000284268789885e+00 -1.897402394431120e-03 -9.216038595288262e-04 -1.007685750306536e+00
16 16 -1.000284152505120e+00 -1.897083525531233e-03 -9.218337949603662e-04 -1.007686742764960e+00
16 17 -1.000284023143314e+00 -1.896749857911235e-03 -9.220645870791769e-04 -1.007687817067169e+00
16 18 -1.000283885698047e+00 -1.896414042915798e-03 -9.222881328912840e-04 -1.007688932210999e+00
16 19 -1.000283745511900e+00 -1.896088888425921e-03 -9.224963450385592e-04 -1.007690045427698e+00
16 20 -1.000283608062256e+00 -1.895786882409005e-03 -9.226813825899693e-04 -1.007691113809830e+00
16 21 -1.000283478737557e+00 -1.895519715249765e-03 -9.228359247503189e-04 -1.007692095976204e+00
16 22 -1.000283362614470e+00 -1.895297818419471e-03 -9.229534826110082e-04 -1.007692953708784e+00
16 23 -1.000283264246795e+00 -1.895129938727616e-03 -9.230287327980123e-04 -1.007693653492653e+00
16 24 -1.000283187476581e+00 -1.895022768260709e-03 -9.230578468180673e-04 -1.007694167889371e+00
16 25 -1.000283135276784e+00 -1.894980649565218e-03 -9.230387837090378e-04 -1.007694476677481e+00
16 26 -1.000283109633063e+00 -1.895005373441593e-03 -9.229715119953521e-04 -1.007694567702288e+00
16 27 -1.000283111470076e+00 -1.895096082916679e-03 -9.228581296931979e-04 -1.007694437389872e+00
16 28 -1.000283140624906e+00 -1.895249291645301e-03 -9.227028584792070e-04 -1.007694090897286e+00
16 29 -1.000283195867357e+00 -1.895459018428950e-03 -9.225119002782772e-04 -1.007693541890656e+00
16 30 -1.000283274964189e+00 -1.895717032410384e-03 -9.222931597014898e-04 -1.007692811963681e+00
16 31 -1.000283374782169e+00 -1.896013196745826e-03 -9.220558505788357e-04 -1.007691929728480e+00
17 0 -1.000283411162122e+00 -1.896479972616384e-03 -9.209771040263936e-04 -1.007690845076918e+00
17 1 -1.000283540107788e+00 -1.896816339637123e-03 -9.207338128560348e-04 -1.007689766211830e+00
17 2 -1.000283676568910e+00 -1.897153844451607e-03 -9.205021123372851e-04 -1.007688649074498e+00
17 3 -1.000283815365714e+00 -1.897479431370380e-03 -9.202913723418162e-04 -1.007687536650175e+00
17 4 -1.000283951259065e+00 -1.897780591239337e-03 -9.201098195763530e-04 -1.007686471531444e+00
17 5 -1.000284079136978e+00 -1.898045840692438e-03 -9.199642050778875e-04 -1.007685494308247e+00
17 6 -1.000284194194063e+00 -1.898265149540143e-03 -9.198595802938109e-04 -1.007684642060802e+00
17 7 -1.000284292099555e+00 -1.898430301856653e-03 -9.197991848536461e-04 -1.007683947005669e+00
17 8 -1.000284369149948e+00 -1.898535180157669e-03 -9.197844387204017e-04 -1.007683435337363e+00
17 9 -1.000284422402495e+00 -1.898575966292250e-03 -9.198150220214510e-04 -1.007683126298512e+00
17 10 -1.000284449785822e+00 -1.898551256555118e-03 -9.198890194659208e-04 -1.007683031502476e+00
17 11 -1.000284450183702e+00 -1.898462091365511e-03 -9.200031043960980e-04 -1.007683154525056e+00
17 12 -1.000284423487984e+00 -1.898311901758438e-03 -9.201527396683233e-04 -1.007683490776101e+00
17 13 -1.000284370616953e+00 -1.898106376516701e-03 -9.203323770524191e-04 -1.007684027655490e+00
17 14 -1.000284293496296e+00 -1.897853255311726e-03 -9.205356429082240e-04 -1.007684744990469e+00
17 15 -1.000284195000956e+00 -1.897562054444550e-03 -9.207555056921235e-04 -1.007685615743602e+00
17 16 -1.000284078857777e+00 -1.897243732549742e-03 -9.209844295722627e-04 -1.007686606973447e+00
17 17 -1.000283949510758e+00 -1.896910304410867e-03 -9.212145257070274e-04 -1.007687681022665e+00
17 18 -1.000283811952951e+00 -1.896574412425586e-03 -9.214377163656152e-04 -1.007688796899563e+00
17 19 -1.000283671531212e+00 -1.896248867259508e-03 -9.216459266744805e-04 -1.007689911809334e+00
17 20 -1.000283533731845e+00 -1.895946171355887e-03 -9.218313151271778e-04 -1.007690982782545e+00
17 21 -1.000283403956592e+00 -1.895678040912318e-03 -9.219865474088376e-04 -1.007691968341522e+00
17 22 -1.000283287299361e+00 -1.895454943771403e-03 -9.221051085882069e-04 -1.007692830140090e+00
17 23 -1.000283188334498e+00 -1.895285672362023e-03 -9.221816376054706e-04 -1.007693534508163e+00
17 24 -1.000283110927060e+00 -1.895176971834876e-03 -9.222122579859599e-04 -1.007694053831315e+00
17 25 -1.000283058074517e+00 -1.895133243137863e-03 -9.221948723272074e-04 -1.007694367698446e+00
17 26 -1.000283031787586e+00 -1.895156338598469e-03 -9.221293862856482e-04 -1.007694463758964e+00
17 27 -1.000283033015582e+00 -1.895245463669124e-03 -9.220178306171478e-04 -1.007694338244253e+00
17 28 -1.000283061618936e+00 -1.895397193068644e-03 -9.218643575140023e-04 -1.007693996125228e+00
17 29 -1.000283116388656e+00 -1.895605602981414e-03 -9.216750997400097e-04 -1.007693450897649e+00
17 30 -1.000283195109746e+00 -1.895862513926922e-03 -9.214578959461636e-04 -1.007692724007498e+00
17 31 -1.000283294663516e+00 -1.896157832253226e-03 -9.212219000100920e-04 -1.007691843948108e+00
18 0 -1.000283306400305e+00 -1.896580824293066e-03 -9.203184867158317e-04 -1.007690849927516e+00
18 1 -1.000283435230288e+00 -1.896916732855262e-03 -9.200759562160730e-04 -1.007689772013128e+00
18 2 -1.000283571708013e+00 -1.897254100107090e-03 -9.198446710150118e-04 -1.007688654805649e+00
18 3 -1.000283710653030e+00 -1.897579875413386e-03 -9.196339839513702e-04 -1.007687541295405e+00
18 4 -1.000283846820526e+00 -1.897881542101115e-03 -9.194521189676877e-04 -1.007686474118913e+00
18 5 -1.000283975088064e+00 -1.898147597070182e-03 -9.193058387657377e-04 -1.007685493946778e+00
18 6 -1.000284090635418e+00 -1.898367978916865e-03 -9.192002204894870e-04 -1.007684637973436e+00
18 7 -1.000284189113114e+00 -1.898534430141285e-03 -9.191385426210375e-04 -1.007683938559038e+00
18 8 -1.000284266795739e+00 -1.898640782909430e-03 -9.191222756599938e-04 -1.007683422065692e+00
18 9 -1.000284320716262e+00 -1.898683161990505e-03 -9.191511597785376e-04 -1.007683107921105e+00
18 10 -1.000284348777603e+00 -1.898660102214439e-03 -9.192233465299136e-04 -1.007683007933928e+00
18 11 -1.000284349837420e+00 -1.898572580591330e-03 -9.193355800139476e-04 -1.007683125877971e+00
18 12 -1.000284323762058e+00 -1.898423965234256e-03 -9.194833949113258e-04 -1.007683457356386e+00
18 13 -1.000284271445923e+00 -1.898219884880781e-03 -9.196613130729535e-04 -1.007683989950425e+00
18 14 -1.000284194793353e+00 -1.897968024295102e-03 -9.198630264490402e-04 -1.007684703650065e+00
18 15 -1.000284096661290e+00 -1.897677852000318e-03 -9.200815621160229e-04 -1.007685571556106e+00
18 16 -1.000283980762587e+00 -1.897360287632557e-03 -9.203094338749155e-04 -1.007686560836003e+00
18 17 -1.000283851531794e+00 -1.897027317110154e-03 -9.205387919461055e-04 -1.007687633908042e+00
18 18 -1.000283713957440e+00 -1.896691565193174e-03 -9.207615857992493e-04 -1.007688749819809e+00
18 19 -1.000283573386975e+00 -1.896365836895865e-03 -9.209697549169390e-04 -1.007689865777504e+00
18 20 -1.000283435312402e+00 -1.896062641299209e-03 -9.211554588036917e-04 -1.007690938773930e+00
18 21 -1.000283305146053e+00 -1.895793713341189e-03 -9.213113508776924e-04 -1.007691927255890e+00
18 22 -1.000283187996947e+00 -1.895569551072573e-03 -9.214308911978792e-04 -1.007692792766355e+00
18 23 -1.000283088458484e+00 -1.895398987518471e-03 -9.215086818521578e-04 -1.007693501493015e+00
18 24 -1.000283010417935e+00 -1.895288817255992e-03 -9.215407989697280e-04 -1.007694025653435e+00
18 25 -1.000282956897204e+00 -1.895243497515885e-03 -9.215250889337113e-04 -1.007694344649652e+00
18 26 -1.000282929932659e+00 -1.895264941574286e-03 -9.214613943854106e-04 -1.007694445932914e+00
18 27 -1.000282930499541e+00 -1.895352418266259e-03 -9.213516784027454e-04 -1.007694325532665e+00
18 28 -1.000282958483586e+00 -1.895502565853603e-03 -9.212000231184048e-04 -1.007693988221563e+00
18 29 -1.000283012699550e+00 -1.895709521815268e-03 -9.210124914307680e-04 -1.007693447308418e+00
18 30 -1.000283090953705e+00 -1.895965163205697e-03 -9.207968551555873e-04 -1.007692724071282e+00
18 31 -1.000283190145283e+00 -1.896259445752313e-03 -9.205622071473583e-04 -1.007691846861734e+00
19 0 -1.000283181099795e+00 -1.896634656348089e-03 -9.198591732022916e-04 -1.007690943910805e+00
19 1 -1.000283309718199e+00 -1.896969909562193e-03 -9.196174130121045e-04 -1.007689867623725e+00
19 2 -1.000283446116013e+00 -1.897306929547679e-03 -9.193865655521397e-04 -1.007688751041582e+00
19 3 -1.000283585115824e+00 -1.897632678723159e-03 -9.191759659447033e-04 -1.007687637133125e+00
19 4 -1.000283721470788e+00 -1.897934641235279e-03 -9.189938340189904e-04 -1.007686568552012e+00
19 5 -1.000283850051461e+00 -1.898201302528301e-03 -9.188469423222736e-04 -1.007685586023769e+00
19 6 -1.000283966025868e+00 -1.898422577849668e-03 -9.187403916104525e-04 -1.007684726833395e+00
19 7 -1.000284065028418e+00 -1.898590175265533e-03 -9.186774969130035e-04 -1.007684023464115e+00
19 8 -1.000284143313714e+00 -1.898697882682672e-03 -9.186597767039353e-04 -1.007683502429354e+00
19 9 -1.000284197891615e+00 -1.898741772542731e-03 -9.186870284221816e-04 -1.007683183330680e+00
19 10 -1.000284226639743e+00 -1.898720321469639e-03 -9.187574676178639e-04 -1.007683078166090e+00
19 11 -1.000284228389320e+00 -1.898634444782250e-03 -9.188679064136376e-04 -1.007683190906614e+00
19 12 -1.000284202980146e+00 -1.898487447772899e-03 -9.190139488749178e-04 -1.007683517353132e+00
19 13 -1.000284151280938e+00 -1.898284897478945e-03 -9.191901849705128e-04 -1.007684045278224e+00
19 14 -1.000284075172172e+00 -1.898034420291934e-03 -9.193903708850000e-04 -1.007684754850033e+00
19 15 -1.000283977489688e+00 -1.897745431852892e-03 -9.196075915877030e-04 -1.007685619327745e+00
19 16 -1.000283861928854e+00 -1.897428806402876e-03 -9.198344103573065e-04 -1.007686606011367e+00
19 17 -1.000283732911054e+00 -1.897096493674224e-03 -9.200630168372930e-04 -1.007687677420735e+00
19 18 -1.000283595416503e+00 -1.896761092884696e-03 -9.202853885199919e-04 -1.007688792669718e+00
19 19 -1.000283454789562e+00 -1.896435395264085e-03 -9.204934804114232e-04 -1.007689908992317e+00
19 20 -1.000283316524525e+00 -1.896131908509412e-03 -9.206794544005652e-04 -1.007690983369013e+00
19 21 -1.000283186041270e+00 -1.895862378603467e-03 -9.208359531992498e-04 -1.007691974194572e+00
19 22 -1.000283068461244e+00 -1.895637326537126e-03 -9.209564137254892e-04 -1.007692842922459e+00
19 23 -1.000282968394622e+00 -1.895465619268856e-03 -9.210354034446419e-04 -1.007693555616865e+00
19 24 -1.000282889749146e+00 -1.895354095118310e-03 -9.210689534836836e-04 -1.007694084342330e+00
19 25 -1.000282835570087e+00 -1.895307263303076e-03 -9.210548562664356e-04 -1.007694408324104e+00
19 26 -1.000282807919152e+00 -1.895327095314035e-03 -9.209928934496781e-04 -1.007694514820024e+00
19 27 -1.000282807797901e+00 -1.895412922105536e-03 -9.208849624299867e-04 -1.007694399657383e+00
19 28 -1.000282835118387e+00 -1.895561445569767e-03 -9.207350773885804e-04 -1.007694067405834e+00
19 29 -1.000282888720732e+00 -1.895766865946366e-03 -9.205492334002198e-04 -1.007693531178041e+00
19 30 -1.000282966434662e+00 -1.896021119744527e-03 -9.203351370696552e-04 -1.007692812070548e+00
19 31 -1.000283065180021e+00 -1.896314216376993e-03 -9.201018212851715e-04 -1.007691938275685e+00
20 0 -1.000283039995747e+00 -1.896639447433707e-03 -9.196163891973821e-04 -1.007691123568164e+00
20 1 -1.000283168314637e+00 -1.896973872968662e-03 -9.193753807416461e-04 -1.007690049524447e+00
20 2 -1.000283304538978e+00 -1.897310348973398e-03 -9.191449772151151e-04 -1.007688934240339e+00
20 3 -1.000283443498027e+00 -1.897635858513057e-03 -9.189344959462132e-04 -1.007687820636844e+00
20 4 -1.000283579946666e+00 -1.897937894821389e-03 -9.187521516152049e-04 -1.007686751357290e+00
20 5 -1.000283708752139e+00 -1.898204940462976e-03 -9.186047246998658e-04 -1.007685767154594e+00
20 6 -1.000283825074202e+00 -1.898426895929521e-03 -9.184973367831731e-04 -1.007684905377759e+00
20 7 -1.000283924534275e+00 -1.898595443216293e-03 -9.184333357403846e-04 -1.007684198608302e+00
20 8 -1.000284003369672e+00 -1.898704333806782e-03 -9.184142834657065e-04 -1.007683673488852e+00
20 9 -1.000284058569269e+00 -1.898749594743623e-03 -9.184400295432666e-04 -1.007683349776410e+00
20 10 -1.000284087986841e+00 -1.898729650084450e-03 -9.185088482271033e-04 -1.007683239644587e+00
20 11 -1.000284090427861e+00 -1.898645357530556e-03 -9.186176145038748e-04 -1.007683347253289e+00
20 12 -1.000284065705469e+00 -1.898499961905708e-03 -9.187619969707115e-04 -1.007683668598496e+00
20 13 -1.000284014661812e+00 -1.898298969089025e-03 -9.189366493344423e-04 -1.007684191647253e+00
20 14 -1.000283939151889e+00 -1.898049945790683e-03 -9.191353883439043e-04 -1.007684896754691e+00
20 15 -1.000283841988169e+00 -1.897762251673810e-03 -9.193513540953560e-04 -1.007685757352509e+00
20 16 -1.000283726845718e+00 -1.897446710915980e-03 -9.195771574962784e-04 -1.007686740891899e+00
20 17 -1.000283598129533e+00 -1.897115231143606e-03 -9.198050265540629e-04 -1.007687810016255e+00
20 18 -1.000283460808072e+00 -1.896780379184296e-03 -9.200269664258447e-04 -1.007688923929932e+00
20 19 -1.000283320219094e+00 -1.896454924967031e-03 -9.202349480297428e-04 -1.007690039920153e+00
20 20 -1.000283181855693e+00 -1.896151366826685e-03 -9.204211368699447e-04 -1.007691114981015e+00
20 21 -1.000283051141905e+00 -1.895881453556174e-03 -9.205781670421573e-04 -1.007692107481104e+00
20 22 -1.000282933208394e+00 -1.895655720843897e-03 -9.206994551826005e-04 -1.007692978809464e+00
20 23 -1.000282832679177e+00 -1.895483061644954e-03 -9.207795376140579e-04 -1.007693694930181e+00
20 24 -1.000282753479955e+00 -1.895370350755272e-03 -9.208144043975135e-04 -1.007694227775371e+00
20 25 -1.000282698677427e+00 -1.895322143132414e-03 -9.208017982280602e-04 -1.007694556410242e+00
20 26 -1.000282670357369e+00 -1.895340463497366e-03 -9.207414441741069e-04 -1.007694667911395e+00
20 27 -1.000282669547063e+00 -1.895424701300454e-03 -9.206351784312329e-04 -1.007694557911339e+00
20 28 -1.000282696184932e+00 -1.895571619814459e-03 -9.204869517088687e-04 -1.007694230779385e+00
20 29 -1.000282749137129e+00 -1.895775481183502e-03 -9.203026955781087e-04 -1.007693699430168e+00
20 30 -1.000282826258106e+00 -1.896028281976370e-03 -9.200900553697618e-04 -1.007692984772307e+00
20 31 -1.000282924490185e+00 -1.896320087433827e-03 -9.198580073607477e-04 -1.007692114827855e+00
21 0 -1.000282888426664e+00 -1.896595017002780e-03 -9.195989798559911e-04 -1.007691382360112e+00
21 1 -1.000283016369170e+00 -1.896928473205089e-03 -9.193586783108734e-04 -1.007690311093181e+00
21 2 -1.000283152332778e+00 -1.897264228541493e-03 -9.191287098554204e-04 -1.007689197732703e+00
21 3 -1.000283291156799e+00 -1.897589293503497e-03 -9.189183746157577e-04 -1.007688085127648e+00
21 4 -1.000283427601532e+00 -1.897891178247292e-03 -9.187358814397198e-04 -1.007687015884087e+00
21 5 -1.000283556534741e+00 -1.898158371134138e-03 -9.185880165907414e-04 -1.007686030753727e+00
21 6 -1.000283673111692e+00 -1.898380767097225e-03 -9.184799187729510e-04 -1.007685167120539e+00
21 7 -1.000283772944409e+00 -1.898550031410736e-03 -9.184149635646077e-04 -1.007684457636019e+00
21 8 -1.000283852256249e+00 -1.898659888335595e-03 -9.183947499918673e-04 -1.007683929045105e+00
21 9 -1.000283908018088e+00 -1.898706328257500e-03 -9.184191727136958e-04 -1.007683601235522e+00
21 10 -1.000283938062286e+00 -1.898687730479469e-03 -9.184865572351661e-04 -1.007683486535428e+00
21 11 -1.000283941170235e+00 -1.898604901410484e-03 -9.185938339665975e-04 -1.007683589277882e+00
21 12 -1.000283917129244e+00 -1.898461029893563e-03 -9.187367289274522e-04 -1.007683905644472e+00
21 13 -1.000283866754939e+00 -1.898261563278813e-03 -9.189099530135605e-04 -1.007684423793218e+00
21 14 -1.000283791876194e+00 -1.898014009470804e-03 -9.191073777588014e-04 -1.007685124268183e+00
21 15 -1.000283695280775e+00 -1.897727671286324e-03 -9.193221935892583e-04 -1.007685980680862e+00
21 16 -1.000283580621427e+00 -1.897413320205574e-03 -9.195470553589600e-04 -1.007686960646191e+00
21 17 -1.000283452284189e+00 -1.897082817490683e-03 -9.197742268845329e-04 -1.007688026948257e+00
21 18 -1.000283315222797e+00 -1.896748691975017e-03 -9.199957395731309e-04 -1.007689138902532e+00
21 19 -1.000283174765151e+00 -1.896423685548718e-03 -9.202035801147640e-04 -1.007690253872872e+00
21 20 -1.000283036399641e+00 -1.896120279423118e-03 -9.203899189190660e-04 -1.007691328892866e+00
21 21 -1.000282905550793e+00 -1.895850216637166e-03 -9.205473841311423e-04 -1.007692322332556e+00
21 22 -1.000282787354841e+00 -1.895624038653832e-03 -9.206693758549503e-04 -1.007693195544531e+00
21 23 -1.000282686446235e+00 -1.895450655612030e-03 -9.207504038359393e-04 -1.007693914419584e+00
21 24 -1.000282606765549e+00 -1.895336970345965e-03 -9.207864223973716e-04 -1.007694450782324e+00
21 25 -1.000282551398209e+00 -1.895287575631184e-03 -9.207751306015455e-04 -1.007694783560521e+00
21 26 -1.000282522451819e+00 -1.895304542277651e-03 -9.207162035717955e-04 -1.007694899668981e+00
21 27 -1.000282520977761e+00 -1.895387312262601e-03 -9.206114230712639e-04 -1.007694794560551e+00
21 28 -1.000282546939880e+00 -1.895532705696697e-03 -9.204646829250855e-04 -1.007694472414389e+00
21 29 -1.000282599230057e+00 -1.895735043516009e-03 -9.202818575694215e-04 -1.007693945952564e+00
21 30 -1.000282675727779e+00 -1.895986380655092e-03 -9.200705371932980e-04 -1.007693235896651e+00
21 31 -1.000282773398823e+00 -1.896276838116194e-03 -9.198396470573252e-04 -1.007692370094127e+00
22 0 -1.000282732142103e+00 -1.896503031911403e-03 -9.198071433307982e-04 -1.007691710861603e+00
22 1 -1.000282859645236e+00 -1.896835413039249e-03 -9.195674801285039e-04 -1.007690642802378e+00
22 2 -1.000282995270336e+00 -1.897170297419514e-03 -9.193379243791462e-04 -1.007689531921125e+00
22 3 -1.000283133869778e+00 -1.897494728648218e-03 -9.191277602405875e-04 -1.007688420973391e+00
22 4 -1.000283270212757e+00 -1.897796241028865e-03 -9.189451901191795e-04 -1.007687352502430e+00
22 5 -1.000283399171365e+00 -1.898063337277102e-03 -9.187970034461238e-04 -1.007686367229960e+00
22 6 -1.000283515900354e+00 -1.898285916287960e-03 -9.186883514532558e-04 -1.007685502544288e+00
22 7 -1.000283616006346e+00 -1.898455636683598e-03 -9.186226311196309e-04 -1.007684791135647e+00
22 8 -1.000283695702627e+00 -1.898566205778492e-03 -9.186014709473492e-04 -1.007684259820318e+00
22 9 -1.000283751945728e+00 -1.898613587435610e-03 -9.186248020002391e-04 -1.007683928587050e+00
22 10 -1.000283782549820e+00 -1.898596125693961e-03 -9.186909917227178e-04 -1.007683809891657e+00
22 11 -1.000283786274804e+00 -1.898514583924750e-03 -9.187970164580751e-04 -1.007683908218089e+00
22 12 -1.000283762883979e+00 -1.898372101579821e-03 -9.189386504541907e-04 -1.007684219917050e+00
22 13 -1.000283713167506e+00 -1.898174072279859e-03 -9.191106532483298e-04 -1.007684733326950e+00
22 14 -1.000283638928445e+00 -1.897927948177685e-03 -9.193069434550064e-04 -1.007685429175814e+00
22 15 -1.000283542929437e+00 -1.897642976554511e-03 -9.195207551237262e-04 -1.007686281255426e+00
22 16 -1.000283428799792e+00 -1.897329875685488e-03 -9.197447815670386e-04 -1.007687257350429e+00
22 17 -1.000283300904807e+00 -1.897000458096217e-03 -9.199713184225930e-04 -1.007688320396940e+00
22 18 -1.000283164181102e+00 -1.896667210434119e-03 -9.201924211111784e-04 -1.007689429837968e+00
22 19 -1.000283023943758e+00 -1.896342840661173e-03 -9.204000917342417e-04 -1.007690543135140e+00
22 20 -1.000282885673013e+00 -1.896039805499213e-03 -9.205865070626104e-04 -1.007691617386736e+00
22 21 -1.000282754790117e+00 -1.895769833763465e-03 -9.207442923450525e-04 -1.007692610992282e+00
22 22 -1.000282636433034e+00 -1.895543463580727e-03 -9.208668355525144e-04 -1.007693485297164e+00
22 23 -1.000282535242882e+00 -1.895369612895202e-03 -9.209486254410453e-04 -1.007694206148187e+00
22 24 -1.000282455171514e+00 -1.895255203136562e-03 -9.209855873098449e-04 -1.007694745291191e+00
22 25 -1.000282399319685e+00 -1.895204855568328e-03 -9.209753843007247e-04 -1.007695081544179e+00
22 26 -1.000282369813766e+00 -1.895220678196257e-03 -9.209176499927803e-04 -1.007695201685742e+00
22 27 -1.000282367726651e+00 -1.895302157494425e-03 -9.208141204046115e-04 -1.007695101011274e+00
22 28 -1.000282393045629e+00 -1.895446163580392e-03 -9.206686411553348e-04 -1.007694783527714e+00
22 29 -1.000282444686970e+00 -1.895647070740404e-03 -9.204870380547798e-04 -1.007694261777733e+00
22 30 -1.000282520554559e+00 -1.895896988410014e-03 -9.202768542797469e-04 -1.007693556303714e+00
22 31 -1.000282617637759e+00 -1.896186091338358e-03 -9.200469714244284e-04 -1.007692694780318e+00
23 0 -1.000282577093313e+00 -1.896366948850733e-03 -9.202324946498004e-04 -1.007692097044170e+00
23 1 -1.000282704110347e+00 -1.896698189032102e-03 -9.199933805678098e-04 -1.007691032504711e+00
23 2 -1.000282839331554e+00 -1.897032084037351e-03 -9.197642033420686e-04 -1.007689924567726e+00
23 3 -1.000282977624885e+00 -1.897355714991732e-03 -9.195542328486033e-04 -1.007688815877490e+00
23 4 -1.000283113771579e+00 -1.897656646795463e-03 -9.193716642830048e-04 -1.007687748890995e+00
23 5 -1.000283242651709e+00 -1.897923404644025e-03 -9.192232871645241e-04 -1.007686764272147e+00
23 6 -1.000283359423544e+00 -1.898145900844916e-03 -9.191142600853262e-04 -1.007685899382502e+00
23 7 -1.000283459692580e+00 -1.898315797833549e-03 -9.190479943479299e-04 -1.007685186917688e+00
23 8 -1.000283539666368e+00 -1.898426797043232e-03 -9.190261391750537e-04 -1.007684653731090e+00
23 9 -1.000283596291262e+00 -1.898474846924393e-03 -9.190486519929218e-04 -1.007684319879091e+00
23 10 -1.000283627367073e+00 -1.898458266877923e-03 -9.191139313483125e-04 -1.007684197914167e+00
23 11 -1.000283631635588e+00 -1.898377786994981e-03 -9.192189883684178e-04 -1.007684292443545e+00
23 12 -1.000283608838914e+00 -1.898236505904252e-03 -9.193596345155274e-04 -1.007684599963721e+00
23 13 -1.000283559743826e+00 -1.898039770529174e-03 -9.195306675110962e-04 -1.007685108975492e+00
23 14 -1.000283486128842e+00 -1.897794982498543e-03 -9.197260435027627e-04 -1.007685800378858e+00
23 15 -1.000283390731970e+00 -1.897511336911482e-03 -9.199390317931699e-04 -1.007686648139817e+00
23 16 -1.000283277158867e+00 -1.897199500332122e-03 -9.201623572442595e-04 -1.007687620212227e+00
23 17 -1.000283149753142e+00 -1.896871236066197e-03 -9.203883422523066e-04 -1.007688679689557e+00
23 18 -1.000283013432523e+00 -1.896538985908154e-03 -9.206090633917670e-04 -1.007689786154159e+00
23 19 -1.000282873496678e+00 -1.896215419056725e-03 -9.208165375954135e-04 -1.007690897183660e+00
23 20 -1.000282735414472e+00 -1.895912961125889e-03 -9.210029494628926e-04 -1.007691969964360e+00
23 21 -1.000282604600283e+00 -1.895643318808209e-03 -9.211609245850342e-04 -1.007692962951997e+00
23 22 -1.000282486189958e+00 -1.895417018019494e-03 -9.212838437065303e-04 -1.007693837513904e+00
23 23 -1.000282384827264e+00 -1.895242974801469e-03 -9.213661811310550e-04 -1.007694559483977e+00
23 24 -1.000282304471234e+00 -1.895128118892355e-03 -9.214038410868521e-04 -1.007695100561461e+00
23 25 -1.000282248233966e+00 -1.895077089607629e-03 -9.213944597874849e-04 -1.007695439486460e+00
23 26 -1.000282218256860e+00 -1.895092021953697e-03 -9.213376390026219e-04 -1.007695562931744e+00
23 27 -1.000282215630927e+00 -1.895172437186782e-03 -9.212350793410346e-04 -1.007695466063508e+00
23 28 -1.000282240363913e+00 -1.895315246484369e-03 -9.210905889191656e-04 -1.007695152741728e+00
23 29 -1.000282291394126e+00 -1.895514869816686e-03 -9.209099554753786e-04 -1.007694635350297e+00
23 30 -1.000282366648306e+00 -1.895763465288337e-03 -9.207006849571667e-04 -1.007693934266693e+00
23 31 -1.000282463138769e+00 -1.896051257651695e-03 -9.204716239109321e-04 -1.007693077000066e+00
24 0 -1.000282429213030e+00 -1.896191893708081e-03 -9.208584466177069e-04 -1.007692526646651e+00
24 1 -1.000282555715318e+00 -1.896521969379081e-03 -9.206197753001834e-04 -1.007691465808292e+00
24 2 -1.000282690482133e+00 -1.896854792907133e-03 -9.203909320393111e-04 -1.007690361172453e+00
24 3 -1.000282828398917e+00 -1.897177485991963e-03 -9.201811744085647e-04 -1.007689255258435e+00
24 4 -1.000282964261654e+00 -1.897477649484799e-03 -9.199986896399644e-04 -1.007688190416692e+00
24 5 -1.000283092961775e+00 -1.897743838403105e-03 -9.198502641145228e-04 -1.007687207227515e+00
24 6 -1.000283209665014e+00 -1.897965987520829e-03 -9.197410583065856e-04 -1.007686342995209e+00
24 7 -1.000283309980134e+00 -1.898135773562655e-03 -9.196744901959411e-04 -1.007685630386605e+00
24 8 -1.000283390113547e+00 -1.898246903469047e-03 -9.196522201104478e-04 -1.007685096256156e+00
24 9 -1.000283447005964e+00 -1.898295321920459e-03 -9.196742207380163e-04 -1.007684760692134e+00
24 10 -1.000283478447160e+00 -1.898279335084372e-03 -9.197389097355881e-04 -1.007684636309553e+00
24 11 -1.000283483164847e+00 -1.898199650704672e-03 -9.198433205880633e-04 -1.007684727806936e+00
24 12 -1.000283460883582e+00 -1.898059336798902e-03 -9.199832894632728e-04 -1.007685031797445e+00
24 13 -1.000283412349788e+00 -1.897863702611925e-03 -9.201536401251904e-04 -1.007685536919492e+00
24 14 -1.000283339319687e+00 -1.897620106560866e-03 -9.203483550664965e-04 -1.007686224226050e+00
24 15 -1.000283244508098e+00 -1.897337696904745e-03 -9.205607291545635e-04 -1.007687067844569e+00
24 16 -1.000283131497676e+00 -1.897027091813891e-03 -9.207835109877231e-04 -1.007688035891522e+00
24 17 -1.000283004610137e+00 -1.896700006563248e-03 -9.210090440303424e-04 -1.007689091617662e+00
24 18 -1.000282868743179e+00 -1.896368836980904e-03 -9.212294226140919e-04 -1.007690194751744e+00
24 19 -1.000282729179017e+00 -1.896046210103310e-03 -9.214366774499435e-04 -1.007691303001408e+00
24 20 -1.000282591372410e+00 -1.895744515065219e-03 -9.216230021643568e-04 -1.007692373660717e+00
24 21 -1.000282460727586e+00 -1.895475429449184e-03 -9.217810260108992e-04 -1.007693365265890e+00
24 22 -1.000282342374527e+00 -1.895249458524744e-03 -9.219041278630343e-04 -1.007694239234536e+00
24 23 -1.000282240955458e+00 -1.895075506672888e-03 -9.219867748164211e-04 -1.007694961419640e+00
24 24 -1.000282160432148e+00 -1.894960501210906e-03 -9.220248588498467e-04 -1.007695503508244e+00
24 25 -1.000282103923583e+00 -1.894909088324827e-03 -9.220159992738011e-04 -1.007695844197574e+00
24 26 -1.000282073581882e+00 -1.894923418776488e-03 -9.219597770412600e-04 -1.007695970089053e+00
24 27 -1.000282070512056e+00 -1.895003037514398e-03 -9.218578691598078e-04 -1.007695876253031e+00
24 28 -1.000282094738520e+00 -1.895144886203798e-03 -9.217140584999609e-04 -1.007695566433585e+00
24 29 -1.000282145218416e+00 -1.895343421102816e-03 -9.215341067403237e-04 -1.007695052882452e+00
24 30 -1.000282219898985e+00 -1.895590841399308e-03 -9.213254936669119e-04 -1.007694355832415e+00
24 31 -1.000282315814041e+00 -1.895877416300014e-03 -9.210970405599742e-04 -1.007693502640388e+00
25 0 -1.000282294191531e+00 -1.895984480491784e-03 -9.216608841749531e-04 -1.007692983634592e+00
25 1 -1.000282420169669e+00 -1.896313411406662e-03 -9.214225355851671e-04 -1.007691926540611e+00
25 2 -1.000282554448467e+00 -1.896645120999393e-03 -9.211939723435487e-04 -1.007690825440479e+00
25 3 -1.000282691932103e+00 -1.896966773087147e-03 -9.209844420212271e-04 -1.007689722719523e+00
25 4 -1.000282827433453e+00 -1.897266008406861e-03 -9.208021235158066e-04 -1.007688660605539e+00
25 5 -1.000282955858290e+00 -1.897531418057042e-03 -9.206537969907577e-04 -1.007687679572316e+00
25 6 -1.000283072383552e+00 -1.897752967640278e-03 -9.205446190966716e-04 -1.007686816838021e+00
25 7 -1.000283172625559e+00 -1.897922358194313e-03 -9.204780063945626e-04 -1.007686105007340e+00
25 8 -1.000283252794207e+00 -1.898033313293125e-03 -9.204556201995420e-04 -1.007685570899872e+00
25 9 -1.000283309829324e+00 -1.898081785576509e-03 -9.204774367699579e-04 -1.007685234598920e+00
25 10 -1.000283341515384e+00 -1.898066079938094e-03 -9.205418800817142e-04 -1.007685108745358e+00
25 11 -1.000283346570608e+00 -1.897986893641660e-03 -9.206459925406874e-04 -1.007685198093397e+00
25 12 -1.000283324706259e+00 -1.897847275496701e-03 -9.207856213873893e-04 -1.007685499339386e+00
25 13 -1.000283276652210e+00 -1.897652507560633e-03 -9.209556031326015e-04 -1.007686001229263e+00
25 14 -1.000283204145573e+00 -1.897409914128393e-03 -9.211499343278985e-04 -1.007686684943599e+00
25 15 -1.000283109880377e+00 -1.897128603844012e-03 -9.213619248187392e-04 -1.007687524751913e+00
25 16 -1.000282997417747e+00 -1.896819151512097e-03 -9.215843385131498e-04 -1.007688488920895e+00
25 17 -1.000282871057987e+00 -1.896493227092763e-03 -9.218095337951341e-04 -1.007689540853549e+00
25 18 -1.000282735678307e+00 -1.896163180923629e-03 -9.220296188324326e-04 -1.007690640427095e+00
25 19 -1.000282596542180e+00 -1.895841596220703e-03 -9.222366364622858e-04 -1.007691745487810e+00
25 20 -1.000282459088164e+00 -1.895540821872979e-03 -9.224227901207714e-04 -1.007692813452448e+00
25 21 -1.000282328707471e+00 -1.895272500488261e-03 -9.225807160117083e-04 -1.007693802958855e+00
25 22 -1.000282210520603e+00 -1.895047108878465e-03 -9.227037967464225e-04 -1.007694675501836e+00
25 23 -1.000282109164064e+00 -1.894873530335512e-03 -9.227864998212687e-04 -1.007695396985079e+00
25 24 -1.000282028597799e+00 -1.894758679094259e-03 -9.228247143214090e-04 -1.007695939118352e+00
25 25 -1.000281971942923e+00 -1.894707196658043e-03 -9.228160535771481e-04 -1.007696280593035e+00
25 26 -1.000281941357450e+00 -1.894721237463818e-03 -9.227600899135772e-04 -1.007696407977156e+00
25 27 -1.000281937955681e+00 -1.894800358040025e-03 -9.226584896706538e-04 -1.007696316282575e+00
25 28 -1.000281961774351e+00 -1.894941518976139e-03 -9.225150235532630e-04 -1.007696009172365e+00
25 29 -1.000282011785637e+00 -1.895139202304031e-03 -9.223354399238093e-04 -1.007695498796902e+00
25 30 -1.000282085954176e+00 -1.895385639171875e-03 -9.221272044440185e-04 -1.007694805269905e+00
25 31 -1.000282181332941e+00 -1.895671135780574e-03 -9.218991240568597e-04 -1.007693955815813e+00
26 0 -1.000282177256842e+00 -1.895752574311415e-03 -9.226091005421310e-04 -1.007693450744335e+00
26 1 -1.000282302721189e+00 -1.896080423266895e-03 -9.223709440656056e-04 -1.007692397296927e+00
26 2 -1.000282436496627e+00 -1.896411018163902e-03 -9.221425982641658e-04 -1.007691299834628e+00
26 3 -1.000282573506640e+00 -1.896731564939504e-03 -9.219333034045394e-04 -1.007690200604672e+00
26 4 -1.000282708582518e+00 -1.897029746641602e-03 -9.217512301162339e-04 -1.007689141700615e+00
26 5 -1.000282836646862e+00 -1.897294195387098e-03 -9.216031494674127e-04 -1.007688163470620e+00
26 6 -1.000282952891151e+00 -1.897514914853356e-03 -9.214942085024861e-04 -1.007687303020940e+00
26 7 -1.000283052943251e+00 -1.897683639448585e-03 -9.214278141246490e-04 -1.007686592863346e+00
26 8 -1.000283133021004e+00 -1.897794119776337e-03 -9.214056184342587e-04 -1.007686059748332e+00
26 9 -1.000283190068164e+00 -1.897842327879857e-03 -9.214275893970512e-04 -1.007685723717447e+00
26 10 -1.000283221868908e+00 -1.897826579570680e-03 -9.214921440694044e-04 -1.007685597399153e+00
26 11 -1.000283227136928e+00 -1.897747574086318e-03 -9.215963196826613e-04 -1.007685685565128e+00
26 12 -1.000283205574951e+00 -1.897608353197423e-03 -9.217359602980553e-04 -1.007685984958260e+00
26 13 -1.000283157900706e+00 -1.897414183230551e-03 -9.219059014291528e-04 -1.007686484398002e+00
26 14 -1.000283085836132e+00 -1.897172364715608e-03 -9.221001410172300e-04 -1.007687165162227e+00
26 15 -1.000282992057685e+00 -1.896891975434496e-03 -9.223119928277707e-04 -1.007688001637576e+00
26 16 -1.000282880107213e+00 -1.896583553475870e-03 -9.225342270800587e-04 -1.007688962222997e+00
26 17 -1.000282754264854e+00 -1.896258727839818e-03 -9.227592103500862e-04 -1.007690010463294e+00
26 18 -1.000282619387663e+00 -1.895929805558040e-03 -9.229790601987691e-04 -1.007691106380633e+00
26 19 -1.000282480719851e+00 -1.895609326129939e-03 -9.231858294865045e-04 -1.007692207962914e+00
26 20 -1.000282343682347e+00 -1.895309596061462e-03 -9.233717318798806e-04 -1.007693272759539e+00
26 21 -1.000282213650922e+00 -1.895042218436234e-03 -9.235294135816678e-04 -1.007694259527392e+00
26 22 -1.000282095733304e+00 -1.894817634792694e-03 -9.236522664621618e-04 -1.007695129862769e+00
26 23 -1.000281994556298e+00 -1.894644698645394e-03 -9.237347661365817e-04 -1.007695849749852e+00
26 24 -1.000281914073546e+00 -1.894530300915030e-03 -9.237728085294298e-04 -1.007696390955331e+00
26 25 -1.000281857403378e+00 -1.894479066880706e-03 -9.237640125426832e-04 -1.007696732202529e+00
26 26 -1.000281826704551e+00 -1.894493142233580e-03 -9.237079547457371e-04 -1.007696860066020e+00
26 27 -1.000281823095579e+00 -1.894572082499468e-03 -9.236063042396468e-04 -1.007696769538852e+00
26 28 -1.000281846620786e+00 -1.894712855106711e-03 -9.234628329393132e-04 -1.007696464240377e+00
26 29 -1.000281896263130e+00 -1.894909956564693e-03 -9.232832889857016e-04 -1.007695956253575e+00
26 30 -1.000281970000869e+00 -1.895155639597990e-03 -9.230751365594069e-04 -1.007695265603414e+00
26 31 -1.000282064902974e+00 -1.895440238302148e-03 -9.228471799170075e-04 -1.007694419407443e+00
27 0 -1.000282082967728e+00 -1.895505004980090e-03 -9.236669576001153e-04 -1.007693910101710e+00
27 1 -1.000282207948236e+00 -1.895831876126249e-03 -9.234288551987156e-04 -1.007692860063702e+00
27 2 -1.000282341224046e+00 -1.896161397896613e-03 -9.232006565748833e-04 -1.007691766203276e+00
27 3 -1.000282477737835e+00 -1.896480816854331e-03 -9.229915976914959e-04 -1.007690670630315e+00
27 4 -1.000282612340195e+00 -1.896777859333479e-03 -9.228098411516609e-04 -1.007689615297092e+00
27 5 -1.000282739972425e+00 -1.897041201863967e-03 -9.226621462500211e-04 -1.007688640411730e+00
27 6 -1.000282855843283e+00 -1.897260891845897e-03 -9.225536449506076e-04 -1.007687782947512e+00
27 7 -1.000282955595688e+00 -1.897428704702444e-03 -9.224877265955237e-04 -1.007687075296542e+00
27 8 -1.000283035459581e+00 -1.897538427441136e-03 -9.224660241085241e-04 -1.007686544108624e+00
27 9 -1.000283092387321e+00 -1.897586062341188e-03 -9.224884854061813e-04 -1.007686209348032e+00
27 10 -1.000283124167826e+00 -1.897569948056201e-03 -9.225535074004762e-04 -1.007686083592574e+00
27 11 -1.000283129515458e+00 -1.897490798305295e-03 -9.226581080451739e-04 -1.007686171592039e+00
27 12 -1.000283108129536e+00 -1.897351660344358e-03 -9.227981140250151e-04 -1.007686470097045e+00
27 13 -1.000283060720534e+00 -1.897157796798825e-03 -9.229683462612790e-04 -1.007686967963733e+00
27 14 -1.000282988999661e+00 -1.896916495539297e-03 -9.231627915394227e-04 -1.007687646533753e+00
27 15 -1.000282895629603e+00 -1.896636813271805e-03 -9.233747563595347e-04 -1.007688480281977e+00
27 16 -1.000282784135942e+00 -1.896329259470162e-03 -9.235970077831597e-04 -1.007689437716538e+00
27 17 -1.000282658780761e+00 -1.896005428308646e-03 -9.238219132304157e-04 -1.007690482507525e+00
27 18 -1.000282524402134e+00 -1.895677587503443e-03 -9.240415947302596e-04 -1.007691574812475e+00
27 19 -1.000282386225206e+00 -1.895358234563475e-03 -9.242481127747606e-04 -1.007692672758615e+00
27 20 -1.000282249652439e+00 -1.895059632971848e-03 -9.244336913976527e-04 -1.007693734033299e+00
27 21 -1.000282120042311e+00 -1.894793343233372e-03 -9.245909894608472e-04 -1.007694717525420e+00
27 22 -1.000282002486992e+00 -1.894569766200035e-03 -9.247134132873556e-04 -1.007695584952995e+00
27 23 -1.000281901599995e+00 -1.894397718004878e-03 -9.247954542662121e-04 -1.007696302407514e+00
27 24 -1.000281821324352e+00 -1.894284056728129e-03 -9.248330250151929e-04 -1.007696841745114e+00
27 25 -1.000281764770758e+00 -1.894233380376882e-03 -9.248237615846152e-04 -1.007697181758041e+00
27 26 -1.000281734093543e+00 -1.894247813871507e-03 -9.247672574904476e-04 -1.007697309066976e+00
27 27 -1.000281730410250e+00 -1.894326899318414e-03 -9.246651978693266e-04 -1.007697218686188e+00
27 28 -1.000281753767800e+00 -1.894467598640642e-03 -9.245213692914806e-04 -1.007696914230205e+00
27 29 -1.000281803155229e+00 -1.894664410860715e-03 -9.243415329807262e-04 -1.007696407751443e+00
27 30 -1.000281876560088e+00 -1.894909598996853e-03 -9.241331643993490e-04 -1.007695719220066e+00
27 31 -1.000281971063539e+00 -1.895193514889202e-03 -9.239050767707741e-04 -1.007694875676436e+00
28 0 -1.000282015028406e+00 -1.895251239929494e-03 -9.247942289606593e-04 -1.007694343898103e+00
28 1 -1.000282139573702e+00 -1.895577275421378e-03 -9.245560389923550e-04 -1.007693296900119e+00
28 2 -1.000282272372826e+00 -1.895905807090751e-03 -9.243279109612467e-04 -1.007692206466657e+00
28 3 -1.000282408386830e+00 -1.896224119146884e-03 -9.241190796110903e-04 -1.007691114575992e+00
28 4 -1.000282542485815e+00 -1.896519980643956e-03 -9.239376998420022e-04 -1.007690063037143e+00
28 5 -1.000282669630904e+00 -1.896782114175859e-03 -9.237905168843318e-04 -1.007689091909283e+00
28 6 -1.000282785050167e+00 -1.897000614658966e-03 -9.236826428431881e-04 -1.007688238017307e+00
28 7 -1.000282884404465e+00 -1.897167304507923e-03 -9.236174422983858e-04 -1.007687533611782e+00
28 8 -1.000282963939531e+00 -1.897276015200143e-03 -9.235965195540251e-04 -1.007687005213916e+00
28 9 -1.000283020620693e+00 -1.897322789065209e-03 -9.236197911940248e-04 -1.007686672677827e+00
28 10 -1.000283052246487e+00 -1.897305998714152e-03 -9.236856214004876e-04 -1.007686548494163e+00
28 11 -1.000283057537158e+00 -1.897226384332510e-03 -9.237909955321361e-04 -1.007686637352033e+00
28 12 -1.000283036193956e+00 -1.897087011035275e-03 -9.239317094312542e-04 -1.007686935970266e+00
28 13 -1.000282988925282e+00 -1.896893149932879e-03 -9.241025563745866e-04 -1.007687433203351e+00
28 14 -1.000282917436390e+00 -1.896652087717985e-03 -9.242974997906192e-04 -1.007688110421209e+00
28 15 -1.000282824380460e+00 -1.896372870498937e-03 -9.245098278610381e-04 -1.007688942155199e+00
28 16 -1.000282713270461e+00 -1.896065988412117e-03 -9.247322949013202e-04 -1.007689896995183e+00
28 17 -1.000282588353341e+00 -1.895743008532935e-03 -9.249572615092665e-04 -1.007690938714380e+00
28 18 -1.000282454450164e+00 -1.895416164943218e-03 -9.251768488921789e-04 -1.007692027590355e+00
28 19 -1.000282316767883e+00 -1.895097916449902e-03 -9.253831224634658e-04 -1.007693121882193e+00
28 20 -1.000282180690294e+00 -1.894800484375328e-03 -9.255683164419474e-04 -1.007694179415680e+00
28 21 -1.000282051557389e+00 -1.894535385166883e-03 -9.257251046408443e-04 -1.007695159219745e+00
28 22 -1.000281934443622e+00 -1.894312975146048e-03 -9.258469126563550e-04 -1.007696023149625e+00
28 23 -1.000281833946109e+00 -1.894142026829633e-03 -9.259282549391979e-04 -1.007696737427031e+00
28 24 -1.000281753993324e+00 -1.894029357091186e-03 -9.259650701557595e-04 -1.007697274026999e+00
28 25 -1.000281697683780e+00 -1.893979526713984e-03 -9.259550223371597e-04 -1.007697611844894e+00
28 26 -1.000281667162492e+00 -1.893994628825694e-03 -9.258977338220302e-04 -1.007697737584621e+00
28 27 -1.000281663540939e+00 -1.894074180318119e-03 -9.257949184834281e-04 -1.007697646320544e+00
28 28 -1.000281686863483e+00 -1.894215125305155e-03 -9.256503907660421e-04 -1.007697341701978e+00
28 29 -1.000281736120177e+00 -1.894411952983527e-03 -9.254699381204412e-04 -1.007696835789668e+00
28 30 -1.000281809303120e+00 -1.894656924895840e-03 -9.252610596869044e-04 -1.007696148535330e+00
28 31 -1.000281903501427e+00 -1.894940399908748e-03 -9.250325888642679e-04 -1.007695306934492e+00
29 0 -1.000281976133721e+00 -1.895001027211792e-03 -9.259480812162909e-04 -1.007694735099242e+00
29 1 -1.000282100309459e+00 -1.895326402232520e-03 -9.257096629365866e-04 -1.007693690652343e+00
29 2 -1.000282232673483e+00 -1.895654065842225e-03 -9.254815242707218e-04 -1.007692603336301e+00
29 3 -1.000282368203674e+00 -1.895971335380277e-03 -9.252729018152903e-04 -1.007691515008902e+00
29 4 -1.000282501789042e+00 -1.896266020261802e-03 -9.250919434417269e-04 -1.007690467339927e+00
29 5 -1.000282628410884e+00 -1.896526888938296e-03 -9.249453786883257e-04 -1.007689500236689e+00
29 6 -1.000282743317848e+00 -1.896744085823951e-03 -9.248382958438844e-04 -1.007688650365947e+00
29 7 -1.000282842190936e+00 -1.896909484543461e-03 -9.247740284007351e-04 -1.007687949820195e+00
29 8 -1.000282921294756e+00 -1.897016967427622e-03 -9.247541435503240e-04 -1.007687424969026e+00
29 9 -1.000282977611484e+00 -1.897062625151596e-03 -9.247785163673002e-04 -1.007687095527675e+00
29 10 -1.000283008953806e+00 -1.897044874123447e-03 -9.248454670067592e-04 -1.007686973866303e+00
29 11 -1.000283014052875e+00 -1.896964491966579e-03 -9.249519362698822e-04 -1.007687064576744e+00
29 12 -1.000282992617134e+00 -1.896824573299852e-03 -9.250936768963885e-04 -1.007687364307807e+00
29 13 -1.000282945358150e+00 -1.896630409547130e-03 -9.252654423578430e-04 -1.007687861874160e+00
29 14 -1.000282873980246e+00 -1.896389297801602e-03 -9.254611611153379e-04 -1.007688538637337e+00
29 15 -1.000282781131743e+00 -1.896110284575734e-03 -9.256740924096248e-04 -1.007689369150975e+00
29 16 -1.000282670317172e+00 -1.895803850785265e-03 -9.258969685649515e-04 -1.007690322055797e+00
29 17 -1.000282545771846e+00 -1.895481545224803e-03 -9.261221358525056e-04 -1.007691361201893e+00
29 18 -1.000282412302438e+00 -1.895155575372753e-03 -9.263417092322453e-04 -1.007692446966731e+00
29 19 -1.000282275099312e+00 -1.894838366188223e-03 -9.265477559566147e-04 -1.007693537728476e+00
29 20 -1.000282139528141e+00 -1.894542099326535e-03 -9.267325198428134e-04 -1.007694591446405e+00
29 21 -1.000282010909929e+00 -1.894278247271994e-03 -9.268886915882662e-04 -1.007695567292440e+00
29 22 -1.000281894299888e+00 -1.894057119527485e-03 -9.270097203824542e-04 -1.007696427269740e+00
29 23 -1.000281794276231e+00 -1.893887440423644e-03 -9.270901501446839e-04 -1.007697137748290e+00
29 24 -1.000281714749542e+00 -1.893775979021809e-03 -9.271259537077277e-04 -1.007697670846467e+00
29 25 -1.000281658802165e+00 -1.893727250571862e-03 -9.271148326218404e-04 -1.007698005592328e+00
29 26 -1.000281628565320e+00 -1.893743306679058e-03 -9.270564488392030e-04 -1.007698128806606e+00
29 27 -1.000281625139551e+00 -1.893823628102960e-03 -9.269525567895031e-04 -1.007698035660514e+00
29 28 -1.000281648561520e+00 -1.893965129376535e-03 -9.268070111760404e-04 -1.007697729876950e+00
29 29 -1.000281697817111e+00 -1.894162277773013e-03 -9.266256379835956e-04 -1.007697223564092e+00
29 30 -1.000281770898000e+00 -1.894407321540691e-03 -9.264159717056579e-04 -1.007696536692655e+00
29 31 -1.000281864896708e+00 -1.894690615530334e-03 -9.261868766099297e-04 -1.007695696247525e+00
30 0 -1.000281967852727e+00 -1.894764021329286e-03 -9.270846461993755e-04 -1.007695068155515e+00
30 1 -1.000282091739270e+00 -1.895088937808567e-03 -9.268458643892448e-04 -1.007694025668542e+00
30 2 -1.000282223727097e+00 -1.895415890320883e-03 -9.266176311485373e-04 -1.007692941035759e+00
30 3 -1.000282358808642e+00 -1.895732223332259e-03 -9.264091880657572e-04 -1.007691856010920e+00
30 4 -1.000282491890390e+00 -1.896025782413681e-03 -9.262286772309371e-04 -1.007690812134859e+00
30 5 -1.000282617973333e+00 -1.896285379832694e-03 -9.260828116063908e-04 -1.007689849166207e+00
30 6 -1.000282732327204e+00 -1.896501209733931e-03 -9.259766525287408e-04 -1.007689003609523e+00
30 7 -1.000282830654600e+00 -1.896665199325450e-03 -9.259134971822773e-04 -1.007688307388407e+00
30 8 -1.000282909241370e+00 -1.896771286179117e-03 -9.258948686724749e-04 -1.007687786703677e+00
30 9 -1.000282965089784e+00 -1.896815615668760e-03 -9.259205921586751e-04 -1.007687461108383e+00
30 10 -1.000282996030699e+00 -1.896796656141980e-03 -9.259889342302211e-04 -1.007687342823437e+00
30 11 -1.000283000810752e+00 -1.896715232174926e-03 -9.260967808040694e-04 -1.007687436310671e+00
30 12 -1.000282979150502e+00 -1.896574478308530e-03 -9.262398307701641e-04 -1.007687738113741e+00
30 13 -1.000282931769785e+00 -1.896379717284943e-03 -9.264127869726487e-04 -1.007688236971054e+00
30 14 -1.000282860377116e+00 -1.896138267930012e-03 -9.266095323852291e-04 -1.007688914198895e+00
30 15 -1.000282767620900e+00 -1.895859188394749e-03 -9.268232875569286e-04 -1.007689744337304e+00
30 16 -1.000282657001734e+00 -1.895552960944700e-03 -9.270467543004686e-04 -1.007690696044738e+00
30 17 -1.000282532747184e+00 -1.895231125530835e-03 -9.272722575772010e-04 -1.007691733219222e+00
30 18 -1.000282399652689e+00 -1.894905871032879e-03 -9.274919008407611e-04 -1.007692816314309e+00
30 19 -1.000282262894329e+00 -1.894589594823417e-03 -9.276977498914995e-04 -1.007693903809513e+00
30 20 -1.000282127820950e+00 -1.894294443006318e-03 -9.278820571179378e-04 -1.007694953787208e+00
30 21 -1.000281999734770e+00 -1.894031845810922e-03 -9.280375314226595e-04 -1.007695925560013e+00
30 22 -1.000281883670910e+00 -1.893812065320983e-03 -9.281576489707072e-04 -1.007696781284461e+00
30 23 -1.000281784186932e+00 -1.893643775069835e-03 -9.282369881801878e-04 -1.007697487490915e+00
30 24 -1.000281705172994e+00 -1.893533691830860e-03 -9.282715625575567e-04 -1.007698016459179e+00
30 25 -1.000281649691988e+00 -1.893486278927745e-03 -9.282591192174797e-04 -1.007698347373928e+00
30 26 -1.000281619857350e+00 -1.893503538194457e-03 -9.281993692184311e-04 -1.007698467202101e+00
30 27 -1.000281616754157e+00 -1.893584904531739e-03 -9.280941180271714e-04 -1.007698371245357e+00
30 28 -1.000281640406492e+00 -1.893727252208755e-03 -9.279472714840710e-04 -1.007698063336334e+00
30 29 -1.000281689791045e+00 -1.893925015356780e-03 -9.277647049886863e-04 -1.007697555667903e+00
30 30 -1.000281762894094e+00 -1.894170417546121e-03 -9.275539990103584e-04 -1.007696868266766e+00
30 31 -1.000281856806849e+00 -1.894453798568870e-03 -9.273240586250943e-04 -1.007696028142163e+00
31 0 -1.000281990557100e+00 -1.894549406280518e-03 -9.281606347035209e-04 -1.007695329677937e+00
31 1 -1.000282114246627e+00 -1.894874085545845e-03 -9.279213641287332e-04 -1.007694288478986e+00
31 2 -1.000282245932351e+00 -1.895200513079830e-03 -9.276929520346517e-04 -1.007693205986588e+00
31 3 -1.000282380618361e+00 -1.895516053265220e-03 -9.274846482382824e-04 -1.007692123871409e+00
31 4 -1.000282513226448e+00 -1.895808582127049e-03 -9.273045906894247e-04 -1.007691083560963e+00
31 5 -1.000282638776017e+00 -1.896066952000771e-03 -9.271594755240587e-04 -1.007690124674273e+00
31 6 -1.000282752557584e+00 -1.896281405115858e-03 -9.270543349992855e-04 -1.007689283555818e+00
31 7 -1.000282850295998e+00 -1.896443922618954e-03 -9.269924262811242e-04 -1.007688591955770e+00
31 8 -1.000282928299957e+00 -1.896548499597868e-03 -9.269752233446682e-04 -1.007688075895274e+00
31 9 -1.000282983594315e+00 -1.896591340329379e-03 -9.270024951202795e-04 -1.007687754748127e+00
31 10 -1.000283014031387e+00 -1.896570971146661e-03 -9.270724471313129e-04 -1.007687640563309e+00
31 11 -1.000283018377213e+00 -1.896488271186207e-03 -9.271819020179793e-04 -1.007687737645366e+00
31 12 -1.000282996368890e+00 -1.896346423764140e-03 -9.273264959519506e-04 -1.007688042401947e+00
31 13 -1.000282948739320e+00 -1.896150792814653e-03 -9.275008721535919e-04 -1.007688543461497e+00
31 14 -1.000282877206226e+00 -1.895908729523988e-03 -9.276988592639950e-04 -1.007689222059484e+00
31 15 -1.000282784423077e+00 -1.895629314582023e-03 -9.279136307844276e-04 -1.007690052686558e+00
31 16 -1.000282673891219e+00 -1.895323042179124e-03 -9.281378505480822e-04 -1.007691003984858e+00
31 17 -1.000282549834672e+00 -1.895001453208217e-03 -9.283638159531064e-04 -1.007692039869486e+00
31 18 -1.000282417041237e+00 -1.894676726651864e-03 -9.285836141158787e-04 -1.007693120843357e+00
31 19 -1.000282280675564e+00 -1.894361239595139e-03 -9.287893061506732e-04 -1.007694205465794e+00
31 20 -1.000282146071618e+00 -1.894067108088099e-03 -9.289731515386918e-04 -1.007695251927168e+00
31 21 -1.000282018513767e+00 -1.893805723541470e-03 -9.291278776888129e-04 -1.007696219672888e+00
31 22 -1.000281903017022e+00 -1.893587302029299e-03 -9.292469896782443e-04 -1.007697071011896e+00
31 23 -1.000281804117417e+00 -1.893420465809940e-03 -9.293251038565670e-04 -1.007697772640321e+00
31 24 -1.000281725682970e+00 -1.893311876973957e-03 -9.293582793409096e-04 -1.007698297011004e+00
31 25 -1.000281670754566e+00 -1.893265942466808e-03 -9.293443152645658e-04 -1.007698623483280e+00
31 26 -1.000281641424505e+00 -1.893284607913059e-03 -9.292829795278214e-04 -1.007698739194373e+00
31 27 -1.000281638758417e+00 -1.893367254324482e-03 -9.291761371867000e-04 -1.007698639605210e+00
31 28 -1.000281662763409e+00 -1.893510706556110e-03 -9.290277541792888e-04 -1.007698328690169e+00
31 29 -1.000281712402326e+00 -1.893709355659720e-03 -9.288437644633885e-04 -1.007697818760780e+00
31 30 -1.000281785651298e+00 -1.893955390106305e-03 -9.286318035453473e-04 -1.007697129934493e+00
31 31 -1.000281879595563e+00 -1.894239124184899e-03 -9.284008257807834e-04 -1.007696289278891e+00
