9.914315596725609e-07
1.000000000000000e-12
1.000000000000000e-17
3.539477808900642e-01
1.942840510100644e-01
-6.189958919584722e-02
-1.500017464083440e+00
1.901109735892602e-07
32
32
-1.139254897507600e-03
1
0 0 -1.000281772908079e+00 -1.894021290960194e-03 -9.300620498042063e-04 -1.007696634076014e+00
0 1 -1.000281927331272e+00 -1.894427943051221e-03 -9.297591305153386e-04 -1.007695331459742e+00
0 2 -1.000282091609909e+00 -1.894836268717886e-03 -9.294709284690787e-04 -1.007693978276136e+00
0 3 -1.000282259533738e+00 -1.895230432755539e-03 -9.292092621491708e-04 -1.007692626635730e+00
0 4 -1.000282424805272e+00 -1.895595292780436e-03 -9.289843937797786e-04 -1.007691328224571e+00
0 5 -1.000282581257582e+00 -1.895916978677058e-03 -9.288046094349475e-04 -1.007690132361431e+00
0 6 -1.000282723062661e+00 -1.896183401683001e-03 -9.286759581853649e-04 -1.007689084193177e+00
0 7 -1.000282844926829e+00 -1.896384677482923e-03 -9.286021497108258e-04 -1.007688223083324e+00
0 8 -1.000282942270373e+00 -1.896513453390914e-03 -9.285845946747005e-04 -1.007687581236387e+00
0 9 -1.000283011388290e+00 -1.896565134627702e-03 -9.286225607871460e-04 -1.007687182590594e+00
0 10 -1.000283049587977e+00 -1.896538008795450e-03 -9.287134093059601e-04 -1.007687042003603e+00
0 11 -1.000283055298893e+00 -1.896433271057476e-03 -9.288528727524367e-04 -1.007687164748504e+00
0 12 -1.000283028148891e+00 -1.896254955043116e-03 -9.290353368097293e-04 -1.007687546330038e+00
0 13 -1.000282969001917e+00 -1.896009775795284e-03 -9.292540977390512e-04 -1.007688172624876e+00
0 14 -1.000282879952032e+00 -1.895706891326518e-03 -9.295015786367410e-04 -1.007689020345019e+00
0 15 -1.000282764269686e+00 -1.895357589245578e-03 -9.297695008009814e-04 -1.007690057818288e+00
0 16 -1.000282626298278e+00 -1.894974905084828e-03 -9.300490192770273e-04 -1.007691246072393e+00
0 17 -1.000282471301997e+00 -1.894573179596430e-03 -9.303308433028132e-04 -1.007692540199419e+00
0 18 -1.000282305268959e+00 -1.894167563475881e-03 -9.306053702766283e-04 -1.007693890967011e+00
0 19 -1.000282134676450e+00 -1.893773479988756e-03 -9.308628630812137e-04 -1.007695246631528e+00
0 20 -1.000281966227835e+00 -1.893406059003439e-03 -9.310936944714539e-04 -1.007696554896398e+00
0 21 -1.000281806573261e+00 -1.893079559647943e-03 -9.312886705256897e-04 -1.007697764946430e+00
0 22 -1.000281662028023e+00 -1.892806802549508e-03 -9.314394298656526e-04 -1.007698829477924e+00
0 23 -1.000281538303076e+00 -1.892598635850098e-03 -9.315388978921049e-04 -1.007699706636798e+00
0 24 -1.000281440261759e+00 -1.892463461517392e-03 -9.315817581452807e-04 -1.007700361773268e+00
0 25 -1.000281371715671e+00 -1.892406849183779e-03 -9.315648903406416e-04 -1.007700768922637e+00
0 26 -1.000281335270573e+00 -1.892431262858507e-03 -9.314877203759153e-04 -1.007700911929851e+00
0 27 -1.000281332229862e+00 -1.892535920847060e-03 -9.313524323238230e-04 -1.007700785152464e+00
0 28 -1.000281362558913e+00 -1.892716801566185e-03 -9.311640044214342e-04 -1.007700393701163e+00
0 29 -1.000281424909410e+00 -1.892966798767086e-03 -9.309300487379830e-04 -1.007699753205103e+00
0 30 -1.000281516699267e+00 -1.893276019939752e-03 -9.306604562682698e-04 -1.007698889117510e+00
0 31 -1.000281634240867e+00 -1.893632212119073e-03 -9.303668726730543e-04 -1.007697835603596e+00
1 0 -1.000281875838589e+00 -1.893840200591274e-03 -9.311094353922028e-04 -1.007696739383668e+00
1 1 -1.000282030273414e+00 -1.894247211779338e-03 -9.308054278043631e-04 -1.007695436478041e+00
1 2 -1.000282194359811e+00 -1.894655382344734e-03 -9.305167008015219e-04 -1.007694084605378e+00
1 3 -1.000282361895014e+00 -1.895048883139133e-03 -9.302550950071789e-04 -1.007692735822311e+00
1 4 -1.000282526596633e+00 -1.895412597846341e-03 -9.300308718023908e-04 -1.007691441700520e+00
1 5 -1.000282682319790e+00 -1.895732701315968e-03 -9.298522931289697e-04 -1.007690251389223e+00
1 6 -1.000282823264589e+00 -1.895997166709703e-03 -9.297253613747904e-04 -1.007689209818033e+00
1 7 -1.000282944170461e+00 -1.896196186070718e-03 -9.296537188541981e-04 -1.007688356094310e+00
1 8 -1.000283040494583e+00 -1.896322494534450e-03 -9.296386909422865e-04 -1.007687722137288e+00
1 9 -1.000283108571203e+00 -1.896371593142519e-03 -9.296794456371572e-04 -1.007687331581742e+00
1 10 -1.000283145747796e+00 -1.896341869397844e-03 -9.297732343245851e-04 -1.007687198975662e+00
1 11 -1.000283150493141e+00 -1.896234618376813e-03 -9.299156743153132e-04 -1.007687329288283e+00
1 12 -1.000283122472143e+00 -1.896053969782191e-03 -9.301010355665160e-04 -1.007687717737523e+00
1 13 -1.000283062582117e+00 -1.895806727356755e-03 -9.303225025466081e-04 -1.007688349940522e+00
1 14 -1.000282972945523e+00 -1.895502127149861e-03 -9.305723947075302e-04 -1.007689202386550e+00
1 15 -1.000282856855150e+00 -1.895151521206630e-03 -9.308423419796225e-04 -1.007690243225795e+00
1 16 -1.000282718669854e+00 -1.894767993639495e-03 -9.311234239117985e-04 -1.007691433359566e+00
1 17 -1.000282563661900e+00 -1.894365916510247e-03 -9.314062925275735e-04 -1.007692727808478e+00
1 18 -1.000282397819866e+00 -1.893960453738079e-03 -9.316813075776991e-04 -1.007694077325670e+00
1 19 -1.000282227613864e+00 -1.893567023194562e-03 -9.319387147800586e-04 -1.007695430211041e+00
1 20 -1.000282059732659e+00 -1.893200730563476e-03 -9.321688911072788e-04 -1.007696734269414e+00
1 21 -1.000281900804806e+00 -1.892875792583071e-03 -9.323626684689394e-04 -1.007697938842313e+00
1 22 -1.000281757117773e+00 -1.892604970848726e-03 -9.325117317151568e-04 -1.007698996832690e+00
1 23 -1.000281634349534e+00 -1.892399040162358e-03 -9.326090704568134e-04 -1.007699866635290e+00
1 24 -1.000281537326645e+00 -1.892266317609973e-03 -9.326494478152165e-04 -1.007700513881852e+00
1 25 -1.000281469821608e+00 -1.892212279479003e-03 -9.326298360902070e-04 -1.007700912911091e+00
1 26 -1.000281434400262e+00 -1.892239291392884e-03 -9.325497640571552e-04 -1.007701047881483e+00
1 27 -1.000281432326707e+00 -1.892346471917135e-03 -9.324115253097658e-04 -1.007700913462082e+00
1 28 -1.000281463529084e+00 -1.892529702125450e-03 -9.322202099840535e-04 -1.007700515061088e+00
1 29 -1.000281526625351e+00 -1.892781784525748e-03 -9.319835403179253e-04 -1.007699868579508e+00
1 30 -1.000281619004570e+00 -1.893092745110818e-03 -9.317115119633046e-04 -1.007698999705452e+00
1 31 -1.000281736956319e+00 -1.893450262625300e-03 -9.314158658187926e-04 -1.007697942791806e+00
2 0 -1.000282010202412e+00 -1.893713938094544e-03 -9.319420205157664e-04 -1.007696726907433e+00
2 1 -1.000282164815022e+00 -1.894121666160155e-03 -9.316368162256959e-04 -1.007695422527921e+00
2 2 -1.000282328868430e+00 -1.894530040623957e-03 -9.313474584619699e-04 -1.007694070812643e+00
2 3 -1.000282496161288e+00 -1.894923224926106e-03 -9.310858135997411e-04 -1.007692723807726e+00
2 4 -1.000282660420541e+00 -1.895286115389345e-03 -9.308621459134950e-04 -1.007691433012459e+00
2 5 -1.000282815518134e+00 -1.895604919039505e-03 -9.306846967166526e-04 -1.007690247445242e+00
2 6 -1.000282955677953e+00 -1.895867659625405e-03 -9.305594245092289e-04 -1.007689211851401e+00
2 7 -1.000283075669427e+00 -1.896064596293986e-03 -9.304899062421440e-04 -1.007688365107300e+00
2 8 -1.000283170984825e+00 -1.896188545071993e-03 -9.304773835675172e-04 -1.007687738863478e+00
2 9 -1.000283237997167e+00 -1.896235098307706e-03 -9.305209261214717e-04 -1.007687356459120e+00
2 10 -1.000283274094806e+00 -1.896202741543884e-03 -9.306176761977063e-04 -1.007687232131273e+00
2 11 -1.000283277787990e+00 -1.896092870858415e-03 -9.307631355314074e-04 -1.007687370534421e+00
2 12 -1.000283248782115e+00 -1.895909716101509e-03 -9.309514567592171e-04 -1.007687766579399e+00
2 13 -1.000283188012427e+00 -1.895660176500049e-03 -9.311757102054062e-04 -1.007688405595307e+00
2 14 -1.000283097635237e+00 -1.895353575319748e-03 -9.314281089150768e-04 -1.007689263813113e+00
2 15 -1.000282980971804e+00 -1.895001340397083e-03 -9.317001880470051e-04 -1.007690309163681e+00
2 16 -1.000282842403053e+00 -1.894616617591250e-03 -9.319829472600024e-04 -1.007691502375608e+00
2 17 -1.000282687216091e+00 -1.894213824514657e-03 -9.322669762346102e-04 -1.007692798349690e+00
2 18 -1.000282521406491e+00 -1.893808152713226e-03 -9.325425920123242e-04 -1.007694147777137e+00
2 19 -1.000282351443203e+00 -1.893415028563951e-03 -9.328000187149747e-04 -1.007695498957008e+00
2 20 -1.000282184005688e+00 -1.893049546644453e-03 -9.330296336149877e-04 -1.007696799755228e+00
2 21 -1.000282025705403e+00 -1.892725893288280e-03 -9.332222907109823e-04 -1.007697999634712e+00
2 22 -1.000281882805556e+00 -1.892456781483916e-03 -9.333697176355294e-04 -1.007699051676066e+00
2 23 -1.000281760953656e+00 -1.892252921035589e-03 -9.334649656282834e-04 -1.007699914501485e+00
2 24 -1.000281664940859e+00 -1.892122550089766e-03 -9.335028760930153e-04 -1.007700554011118e+00
2 25 -1.000281598500789e+00 -1.892071055031169e-03 -9.334805138124595e-04 -1.007700944842367e+00
2 26 -1.000281564158412e+00 -1.892100703987712e-03 -9.333975112011625e-04 -1.007701071470967e+00
2 27 -1.000281563136424e+00 -1.892210514078173e-03 -9.332562728174746e-04 -1.007700928889675e+00
2 28 -1.000281595322575e+00 -1.892396264810976e-03 -9.330620028432429e-04 -1.007700522824316e+00
2 29 -1.000281659297034e+00 -1.892650660952316e-03 -9.328225365399655e-04 -1.007699869474679e+00
2 30 -1.000281752415181e+00 -1.892963638495990e-03 -9.325479776342457e-04 -1.007698994796440e+00
2 31 -1.000281870938275e+00 -1.893322797640533e-03 -9.322501659862140e-04 -1.007697933367742e+00
3 0 -1.000282170733498e+00 -1.893647485267139e-03 -9.325273353883393e-04 -1.007696597007660e+00
3 1 -1.000282325683601e+00 -1.894056261209273e-03 -9.322208709112294e-04 -1.007695290024076e+00
3 2 -1.000282489865071e+00 -1.894465191728917e-03 -9.319307987150380e-04 -1.007693937303403e+00
3 3 -1.000282657071738e+00 -1.894858419499828e-03 -9.316690139054151e-04 -1.007692590925661e+00
3 4 -1.000282821033674e+00 -1.895220839553477e-03 -9.314457872119141e-04 -1.007691302362711e+00
3 5 -1.000282975633811e+00 -1.895538677196031e-03 -9.312693433540775e-04 -1.007690120545589e+00
3 6 -1.000283115114664e+00 -1.895799993597583e-03 -9.311456014362629e-04 -1.007689090074960e+00
3 7 -1.000283234271409e+00 -1.895995103122988e-03 -9.310780780074653e-04 -1.007688249630263e+00
3 8 -1.000283328628194e+00 -1.896116892459410e-03 -9.310679363181057e-04 -1.007687630620772e+00
3 9 -1.000283394594719e+00 -1.896161037078239e-03 -9.311141529608351e-04 -1.007687256109849e+00
3 10 -1.000283429599429e+00 -1.896126114901484e-03 -9.312137659607839e-04 -1.007687140034524e+00
3 11 -1.000283432194608e+00 -1.896013620221185e-03 -9.313621655284537e-04 -1.007687286735832e+00
3 12 -1.000283402128042e+00 -1.895827883178183e-03 -9.315533903128715e-04 -1.007687690809305e+00
3 13 -1.000283340375983e+00 -1.895575901468254e-03 -9.317803991366668e-04 -1.007688337278836e+00
3 14 -1.000283249132724e+00 -1.895267091382396e-03 -9.320353002196416e-04 -1.007689202091405e+00
3 15 -1.000283131753071e+00 -1.894912965124344e-03 -9.323095339454554e-04 -1.007690252924943e+00
3 16 -1.000282992645839e+00 -1.894526741217674e-03 -9.325940184730638e-04 -1.007691450295379e+00
3 17 -1.000282837119193e+00 -1.894122895263714e-03 -9.328792785654615e-04 -1.007692748940074e+00
3 18 -1.000282671181947e+00 -1.893716659592415e-03 -9.331555856430261e-04 -1.007694099443653e+00
3 19 -1.000282501307883e+00 -1.893323482538375e-03 -9.334131389234386e-04 -1.007695450060247e+00
3 20 -1.000282334172780e+00 -1.892958461129968e-03 -9.336423117831577e-04 -1.007696748674190e+00
3 21 -1.000282176376166e+00 -1.892635764599731e-03 -9.338339751644139e-04 -1.007697944829564e+00
3 22 -1.000282034161557e+00 -1.892368069755466e-03 -9.339798940583972e-04 -1.007698991748432e+00
3 23 -1.000281913149766e+00 -1.892166032345017e-03 -9.340731763856255e-04 -1.007699848249819e+00
3 24 -1.000281818099350e+00 -1.892037820661539e-03 -9.341087375010079e-04 -1.007700480478321e+00
3 25 -1.000281752706769e+00 -1.891988738185601e-03 -9.340837306456434e-04 -1.007700863353530e+00
3 26 -1.000281719456698e+00 -1.892020960210232e-03 -9.339978880848877e-04 -1.007700981660114e+00
3 27 -1.000281719529908e+00 -1.892133404541919e-03 -9.338537221681930e-04 -1.007700830714588e+00
3 28 -1.000281752772177e+00 -1.892321748764258e-03 -9.336565488976190e-04 -1.007700416568372e+00
3 29 -1.000281817723310e+00 -1.892578597230806e-03 -9.334143151477516e-04 -1.007699755735191e+00
3 30 -1.000281911701463e+00 -1.892893791063155e-03 -9.331372317680417e-04 -1.007698874460218e+00
3 31 -1.000282030935171e+00 -1.893254844837991e-03 -9.328372370220320e-04 -1.007697807575356e+00
4 0 -1.000282351136509e+00 -1.893643471399143e-03 -9.328422125165928e-04 -1.007696354918366e+00
4 1 -1.000282506570790e+00 -1.894053585481163e-03 -9.325344749999242e-04 -1.007695044301943e+00
4 2 -1.000282671036447e+00 -1.894463402476639e-03 -9.322436334843753e-04 -1.007693689452637e+00
4 3 -1.000282838316330e+00 -1.894857031599809e-03 -9.319816135441949e-04 -1.007692342528051e+00
4 4 -1.000283002137357e+00 -1.895219352862442e-03 -9.317586953535308e-04 -1.007691055018256e+00
4 5 -1.000283156387331e+00 -1.895536595554018e-03 -9.315830915857831e-04 -1.007689875812731e+00
4 6 -1.000283295321603e+00 -1.895796843775725e-03 -9.314606882477632e-04 -1.007688849412168e+00
4 7 -1.000283413755784e+00 -1.895990452934418e-03 -9.313949492227105e-04 -1.007688014341157e+00
4 8 -1.000283507241337e+00 -1.896110367228910e-03 -9.313869678708096e-04 -1.007687401805067e+00
4 9 -1.000283572221129e+00 -1.896152333844689e-03 -9.314356364915049e-04 -1.007687034622015e+00
4 10 -1.000283606161378e+00 -1.896115013896792e-03 -9.315378976411204e-04 -1.007686926451512e+00
4 11 -1.000283607655339e+00 -1.895999993213700e-03 -9.316890387513434e-04 -1.007687081334923e+00
4 12 -1.000283576493381e+00 -1.895811698343493e-03 -9.318829927788899e-04 -1.007687493556915e+00
4 13 -1.000283513694260e+00 -1.895557224673577e-03 -9.321126141936443e-04 -1.007688147830624e+00
4 14 -1.000283421493013e+00 -1.895246083962700e-03 -9.323699118031069e-04 -1.007689019803585e+00
4 15 -1.000283303281850e+00 -1.894889878186734e-03 -9.326462347776185e-04 -1.007690076876653e+00
4 16 -1.000283163502163e+00 -1.894501906400257e-03 -9.329324217606389e-04 -1.007691279322085e+00
4 17 -1.000283007488466e+00 -1.894096712051690e-03 -9.332189332248414e-04 -1.007692581677506e+00
4 18 -1.000282841268485e+00 -1.893689579759428e-03 -9.334959941103813e-04 -1.007693934380653e+00
4 19 -1.000282671326683e+00 -1.893295992613400e-03 -9.337537760947237e-04 -1.007695285597838e+00
4 20 -1.000282504340988e+00 -1.892931063711254e-03 -9.339826442373055e-04 -1.007696583188004e+00
4 21 -1.000282346904636e+00 -1.892608959093368e-03 -9.341734806556701e-04 -1.007697776733179e+00
4 22 -1.000282205246760e+00 -1.892342333101469e-03 -9.343180811475204e-04 -1.007698819555410e+00
4 23 -1.000282084966287e+00 -1.892141800491135e-03 -9.344096032556209e-04 -1.007699670632096e+00
4 24 -1.000281990793239e+00 -1.892015471612989e-03 -9.344430287157000e-04 -1.007700296318536e+00
4 25 -1.000281926390046e+00 -1.891968577285544e-03 -9.344155912498292e-04 -1.007700671789153e+00
4 26 -1.000281894203224e+00 -1.892003208151037e-03 -9.343271150428707e-04 -1.007700782117543e+00
4 27 -1.000281895372732e+00 -1.892118188642089e-03 -9.341802128851329e-04 -1.007700622931556e+00
4 28 -1.000281929702445e+00 -1.892309098055515e-03 -9.339803060024922e-04 -1.007700200603357e+00
4 29 -1.000281995690761e+00 -1.892568441629953e-03 -9.337354468347626e-04 -1.007699531963435e+00
4 30 -1.000282090616509e+00 -1.892885964490213e-03 -9.334559477588213e-04 -1.007698643557078e+00
4 31 -1.000282210672415e+00 -1.893249091932717e-03 -9.331538407046151e-04 -1.007697570488312e+00
5 0 -1.000282544347914e+00 -1.893702060516617e-03 -9.328737806902765e-04 -1.007696010509595e+00
5 1 -1.000282700393850e+00 -1.894113749725026e-03 -9.325648115878789e-04 -1.007694695376669e+00
5 2 -1.000282865288269e+00 -1.894524747746885e-03 -9.322731798240729e-04 -1.007693337362697e+00
5 3 -1.000283032797343e+00 -1.894919119018297e-03 -9.320108415953492e-04 -1.007691988743352e+00
5 4 -1.000283196638798e+00 -1.895281715545575e-03 -9.317880890566537e-04 -1.007690701071259e+00
5 5 -1.000283350699080e+00 -1.895598756298743e-03 -9.316131280505606e-04 -1.007689523241136e+00
5 6 -1.000283489240079e+00 -1.895858332978940e-03 -9.314918192486296e-04 -1.007688499702039e+00
5 7 -1.000283607091690e+00 -1.896050826244496e-03 -9.314275835746854e-04 -1.007687668871884e+00
5 8 -1.000283699827061e+00 -1.896169222408731e-03 -9.314214555219092e-04 -1.007687061797549e+00
5 9 -1.000283763917431e+00 -1.896209326158173e-03 -9.314722551426017e-04 -1.007686701092128e+00
5 10 -1.000283796862998e+00 -1.896169869306987e-03 -9.315768424060439e-04 -1.007686600171141e+00
5 11 -1.000283797295276e+00 -1.896052518911850e-03 -9.317304151093469e-04 -1.007686762801964e+00
5 12 -1.000283765045749e+00 -1.895861790373795e-03 -9.319268129469889e-04 -1.007687182974753e+00
5 13 -1.000283701175603e+00 -1.895604872423214e-03 -9.321587969497967e-04 -1.007687845097794e+00
5 14 -1.000283607961900e+00 -1.895291371153218e-03 -9.324182857235069e-04 -1.007688724514910e+00
5 15 -1.000283488836663e+00 -1.894932980051810e-03 -9.326965448700661e-04 -1.007689788336898e+00
5 16 -1.000283348277170e+00 -1.894543083060972e-03 -9.329843394236665e-04 -1.007690996571837e+00
5 17 -1.000283191648406e+00 -1.894136298454254e-03 -9.332720691337270e-04 -1.007692303529890e+00
5 18 -1.000283025001918e+00 -1.893727972683182e-03 -9.335499132203064e-04 -1.007693659467309e+00
5 19 -1.000282854838362e+00 -1.893333635255387e-03 -9.338080139269911e-04 -1.007695012422591e+00
5 20 -1.000282687843647e+00 -1.892968428416949e-03 -9.340367240136866e-04 -1.007696310186085e+00
5 21 -1.000282530610617e+00 -1.892646528953069e-03 -9.342269310845198e-04 -1.007697502333085e+00
5 22 -1.000282389359842e+00 -1.892380583199907e-03 -9.343704543401970e-04 -1.007698542240506e+00
5 23 -1.000282269673936e+00 -1.892181179511545e-03 -9.344604918013833e-04 -1.007699388999832e+00
5 24 -1.000282176259500e+00 -1.892056384397098e-03 -9.344920810595996e-04 -1.007700009135535e+00
5 25 -1.000282112749374e+00 -1.892011368980927e-03 -9.344625250825649e-04 -1.007700378039963e+00
5 26 -1.000282081555534e+00 -1.892048150675597e-03 -9.343717285984934e-04 -1.007700481044479e+00
5 27 -1.000282083779835e+00 -1.892165470182831e-03 -9.342223935530024e-04 -1.007700314063451e+00
5 28 -1.000282119185931e+00 -1.892358816117786e-03 -9.340200352572289e-04 -1.007699883772104e+00
5 29 -1.000282186231409e+00 -1.892620599844116e-03 -9.337728009383596e-04 -1.007699207308050e+00
5 30 -1.000282282155232e+00 -1.892940473092806e-03 -9.334910946087596e-04 -1.007698311515636e+00
5 31 -1.000282403112664e+00 -1.893305771661307e-03 -9.331870335391850e-04 -1.007697231778746e+00
6 0 -1.000282742827040e+00 -1.893820942962991e-03 -9.326200783954018e-04 -1.007695577823360e+00
6 1 -1.000282899587461e+00 -1.894234380722213e-03 -9.323099739328442e-04 -1.007694257473061e+00
6 2 -1.000283065037592e+00 -1.894646805992612e-03 -9.320175678022405e-04 -1.007692895389110e+00
6 3 -1.000283232922055e+00 -1.895042229128315e-03 -9.317548455621575e-04 -1.007691544000139e+00
6 4 -1.000283396943733e+00 -1.895405462283840e-03 -9.315321135433187e-04 -1.007690254962923e+00
6 5 -1.000283550981489e+00 -1.895722700112679e-03 -9.313575763311814e-04 -1.007689077224269e+00
6 6 -1.000283689297161e+00 -1.895982026292249e-03 -9.312370777815628e-04 -1.007688055231972e+00
6 7 -1.000283806728289e+00 -1.896173830115903e-03 -9.311740068690475e-04 -1.007687227349168e+00
6 8 -1.000283898863294e+00 -1.896291123076430e-03 -9.311693524632795e-04 -1.007686624515523e+00
6 9 -1.000283962195869e+00 -1.896329750819440e-03 -9.312218775614850e-04 -1.007686269187605e+00
6 10 -1.000283994254999e+00 -1.896288500505722e-03 -9.313283759698712e-04 -1.007686174580320e+00
6 11 -1.000283993706269e+00 -1.896169107072757e-03 -9.314839723837941e-04 -1.007686344223036e+00
6 12 -1.000283960419309e+00 -1.895976164044379e-03 -9.316824289141901e-04 -1.007686771838394e+00
6 13 -1.000283895496086e+00 -1.895716945626129e-03 -9.319164276212459e-04 -1.007687441547288e+00
6 14 -1.000283801255296e+00 -1.895401147232652e-03 -9.321778101415729e-04 -1.007688328398000e+00
6 15 -1.000283681169537e+00 -1.895040551730459e-03 -9.324577701376577e-04 -1.007689399210436e+00
6 16 -1.000283539753815e+00 -1.894648628866315e-03 -9.327470081765155e-04 -1.007690613718648e+00
6 17 -1.000283382406522e+00 -1.894240075844449e-03 -9.330358691402338e-04 -1.007691925986453e+00
6 18 -1.000283215206998e+00 -1.893830308107945e-03 -9.333144890030966e-04 -1.007693286061187e+00
6 19 -1.000283044676978e+00 -1.893434911376810e-03 -9.335729801372895e-04 -1.007694641818712e+00
6 20 -1.000282877515897e+00 -1.893069068964704e-03 -9.338016800148393e-04 -1.007695940940126e+00
6 21 -1.000282720322154e+00 -1.892746981967636e-03 -9.339914761183917e-04 -1.007697132949201e+00
6 22 -1.000282579313871e+00 -1.892481303454051e-03 -9.341342027053913e-04 -1.007698171230570e+00
6 23 -1.000282460063448e+00 -1.892282610760604e-03 -9.342230875107943e-04 -1.007699014941968e+00
6 24 -1.000282367259985e+00 -1.892158942054355e-03 -9.342532114974282e-04 -1.007699630729959e+00
6 25 -1.000282304512283e+00 -1.892115423911795e-03 -9.342219332668150e-04 -1.007699994159831e+00
6 26 -1.000282274202746e+00 -1.892154014873441e-03 -9.341292236046247e-04 -1.007700090779202e+00
6 27 -1.000282277399319e+00 -1.892273384992741e-03 -9.339778584329030e-04 -1.007699916752529e+00
6 28 -1.000282313828712e+00 -1.892468943467073e-03 -9.337734317581143e-04 -1.007699479028322e+00
6 29 -1.000282381909923e+00 -1.892733016715747e-03 -9.335241707908905e-04 -1.007698795029547e+00
6 30 -1.000282478843122e+00 -1.893055169261416e-03 -9.332405577547277e-04 -1.007697891886894e+00
6 31 -1.000282600745891e+00 -1.893422650542500e-03 -9.329347837294443e-04 -1.007696805261267e+00
7 0 -1.000282938863066e+00 -1.893995432255142e-03 -9.320902439710660e-04 -1.007695074413293e+00
7 1 -1.000283096411878e+00 -1.894410721195302e-03 -9.317791520236844e-04 -1.007693748356437e+00
7 2 -1.000283262521930e+00 -1.894824761591152e-03 -9.314860246876827e-04 -1.007692381464497e+00
7 3 -1.000283430912370e+00 -1.895221502777968e-03 -9.312228744425180e-04 -1.007691026346988e+00
7 4 -1.000283595266154e+00 -1.895585706773565e-03 -9.310000233146746e-04 -1.007689734802285e+00
7 5 -1.000283749448547e+00 -1.895903530746470e-03 -9.308256799221205e-04 -1.007688555874569e+00
7 6 -1.000283887714755e+00 -1.896163035017045e-03 -9.307056801244578e-04 -1.007687534060953e+00
7 7 -1.000284004903093e+00 -1.896354600662832e-03 -9.306433931054896e-04 -1.007686707723483e+00
7 8 -1.000284096610288e+00 -1.896471246526874e-03 -9.306397772954979e-04 -1.007686107749769e+00
7 9 -1.000284159345662e+00 -1.896508841117472e-03 -9.306935561400390e-04 -1.007685756494335e+00
7 10 -1.000284190660692e+00 -1.896466209559329e-03 -9.308014760315406e-04 -1.007685667022320e+00
7 11 -1.000284189249614e+00 -1.896345138909998e-03 -9.309586075485140e-04 -1.007685842669623e+00
7 12 -1.000284155015849e+00 -1.896150287158301e-03 -9.311586538675103e-04 -1.007686276928347e+00
7 13 -1.000284089098861e+00 -1.895889002610798e-03 -9.313942360848816e-04 -1.007686953661136e+00
7 14 -1.000283993856824e+00 -1.895571061207736e-03 -9.316571356601258e-04 -1.007687847641395e+00
7 15 -1.000283872801996e+00 -1.895208329478356e-03 -9.319384888944542e-04 -1.007688925409087e+00
7 16 -1.000283730487542e+00 -1.894814360705211e-03 -9.322289433208462e-04 -1.007690146424695e+00
7 17 -1.000283572346968e+00 -1.894403932176703e-03 -9.325187969197122e-04 -1.007691464496023e+00
7 18 -1.000283404490310e+00 -1.893992532669484e-03 -9.327981470868518e-04 -1.007692829442486e+00
7 19 -1.000283233464369e+00 -1.893595811485979e-03 -9.330570777627380e-04 -1.007694188949409e+00
7 20 -1.000283065987071e+00 -1.893229003247616e-03 -9.332859090832035e-04 -1.007695490552432e+00
7 21 -1.000282908668093e+00 -1.892906346036050e-03 -9.334755227123487e-04 -1.007696683680922e+00
7 22 -1.000282767729297e+00 -1.892640514058838e-03 -9.336177590059054e-04 -1.007697721680060e+00
7 23 -1.000282648739290e+00 -1.892442089155869e-03 -9.337058639253735e-04 -1.007698563724278e+00
7 24 -1.000282556376174e+00 -1.892319097455972e-03 -9.337349482703406e-04 -1.007699176531254e+00
7 25 -1.000282494231129e+00 -1.892276637802104e-03 -9.337024107581109e-04 -1.007699535787686e+00
7 26 -1.000282464663103e+00 -1.892316626648835e-03 -9.336082708581888e-04 -1.007699627207218e+00
7 27 -1.000282468711680e+00 -1.892437679368670e-03 -9.334553599186237e-04 -1.007699447157914e+00
7 28 -1.000282506071383e+00 -1.892635140118733e-03 -9.332493320099986e-04 -1.007699002821033e+00
7 29 -1.000282575126390e+00 -1.892901262556513e-03 -9.329984765722410e-04 -1.007698311872000e+00
7 30 -1.000282673040616e+00 -1.893225533488994e-03 -9.327133376783849e-04 -1.007697401704180e+00
7 31 -1.000282795895114e+00 -1.893595122401739e-03 -9.324061655354270e-04 -1.007696308242324e+00
8 0 -1.000283124883742e+00 -1.894218662634688e-03 -9.313042574265256e-04 -1.007694520530577e+00
8 1 -1.000283283263129e+00 -1.894635830836368e-03 -9.309923712952612e-04 -1.007693188507924e+00
8 2 -1.000283450110574e+00 -1.895051608752804e-03 -9.306986113817911e-04 -1.007691816265284e+00
8 3 -1.000283619116837e+00 -1.895449880238311e-03 -9.304350133898205e-04 -1.007690456613595e+00
8 4 -1.000283783940656e+00 -1.895815348929149e-03 -9.302119154714952e-04 -1.007689161524535e+00
8 5 -1.000283938428254e+00 -1.896134122852052e-03 -9.300375349672294e-04 -1.007687980181033e+00
8 6 -1.000284076821900e+00 -1.896394224500134e-03 -9.299177087914375e-04 -1.007686957178335e+00
8 7 -1.000284193953747e+00 -1.896586010123157e-03 -9.298557994301535e-04 -1.007686130931392e+00
8 8 -1.000284285421512e+00 -1.896702487875685e-03 -9.298527511830240e-04 -1.007685532332717e+00
8 9 -1.000284347742801e+00 -1.896739530453521e-03 -9.299072664889367e-04 -1.007685183692305e+00
8 10 -1.000284378484555e+00 -1.896695982422905e-03 -9.300160643690707e-04 -1.007685097981141e+00
8 11 -1.000284376363213e+00 -1.896573665239635e-03 -9.301741823246974e-04 -1.007685278393415e+00
8 12 -1.000284341310252e+00 -1.896377284953129e-03 -9.303752860195558e-04 -1.007685718237252e+00
8 13 -1.000284274497767e+00 -1.896114249447450e-03 -9.306119564110050e-04 -1.007686401157035e+00
8 14 -1.000284178319638e+00 -1.895794403226702e-03 -9.308759338506487e-04 -1.007687301682905e+00
8 15 -1.000284056325345e+00 -1.895429687678531e-03 -9.311583136984923e-04 -1.007688386096451e+00
8 16 -1.000283913105209e+00 -1.895033734240428e-03 -9.314497038289813e-04 -1.007689613595376e+00
8 17 -1.000283754128254e+00 -1.894621398305207e-03 -9.317403655308064e-04 -1.007690937731672e+00
8 18 -1.000283585536912e+00 -1.894208243357959e-03 -9.320203644153060e-04 -1.007692308086789e+00
8 19 -1.000283413906013e+00 -1.893809987050782e-03 -9.322797589010242e-04 -1.007693672135333e+00
8 20 -1.000283245976131e+00 -1.893441923399103e-03 -9.325088504848196e-04 -1.007694977237558e+00
8 21 -1.000283088373411e+00 -1.893118338493831e-03 -9.326985096871878e-04 -1.007696172690027e+00
8 22 -1.000282947329447e+00 -1.892851941062279e-03 -9.328405742266508e-04 -1.007697211753452e+00
8 23 -1.000282828415600e+00 -1.892653332688570e-03 -9.329282966700988e-04 -1.007698053568953e+00
8 24 -1.000282736305870e+00 -1.892530544229457e-03 -9.329568032679216e-04 -1.007698664871514e+00
8 25 -1.000282674580886e+00 -1.892488664699055e-03 -9.329235157101898e-04 -1.007699021413051e+00
8 26 -1.000282645583150e+00 -1.892529586865148e-03 -9.328284827160672e-04 -1.007699109016695e+00
8 27 -1.000282650330566e+00 -1.892651889461573e-03 -9.326745704026303e-04 -1.007698924199808e+00
8 28 -1.000282688491499e+00 -1.892850868440740e-03 -9.324674722059328e-04 -1.007698474326879e+00
8 29 -1.000282758420371e+00 -1.893118719614893e-03 -9.322155197976396e-04 -1.007697777283362e+00
8 30 -1.000282857248696e+00 -1.893444864514447e-03 -9.319293001372840e-04 -1.007696860691807e+00
8 31 -1.000282981023552e+00 -1.893816402221819e-03 -9.316211050713389e-04 -1.007695760717462e+00
9 0 -1.000283293752242e+00 -1.894481877232656e-03 -9.302922301867891e-04 -1.007693938208000e+00
9 1 -1.000283452971337e+00 -1.894900877931818e-03 -9.299797797862799e-04 -1.007692600197639e+00
9 2 -1.000283620604122e+00 -1.895318446186221e-03 -9.296855070851952e-04 -1.007691222275728e+00
9 3 -1.000283790311135e+00 -1.895718398419100e-03 -9.294214659981176e-04 -1.007689857467552e+00
9 4 -1.000283955723625e+00 -1.896085374036945e-03 -9.291980102243541e-04 -1.007688557942676e+00
9 5 -1.000284110664181e+00 -1.896405422338280e-03 -9.290233700362987e-04 -1.007687373058179e+00
9 6 -1.000284249356330e+00 -1.896666514998313e-03 -9.289033924450037e-04 -1.007686347552378e+00
9 7 -1.000284366619292e+00 -1.896858967739545e-03 -9.288414464617342e-04 -1.007685519945301e+00
9 8 -1.000284458044448e+00 -1.896975760547440e-03 -9.288384786172158e-04 -1.007684921190776e+00
9 9 -1.000284520150158e+00 -1.897012751806956e-03 -9.288931891147451e-04 -1.007684573612433e+00
9 10 -1.000284550511329e+00 -1.896968786455290e-03 -9.290022905261779e-04 -1.007684490145595e+00
9 11 -1.000284547859261e+00 -1.896845701147477e-03 -9.291608099157882e-04 -1.007684673900321e+00
9 12 -1.000284512146539e+00 -1.896648231453558e-03 -9.293623986301550e-04 -1.007685118055280e+00
9 13 -1.000284444571683e+00 -1.896383827961032e-03 -9.295996197038360e-04 -1.007685806085272e+00
9 14 -1.000284347559172e+00 -1.896062389321005e-03 -9.298641925604932e-04 -1.007686712317746e+00
9 15 -1.000284224691892e+00 -1.895695920218290e-03 -9.301471894312155e-04 -1.007687802807137e+00
9 16 -1.000284080594874e+00 -1.895298121776759e-03 -9.304391937749105e-04 -1.007689036509485e+00
9 17 -1.000283920771643e+00 -1.894883922408050e-03 -9.307304422503025e-04 -1.007690366731226e+00
9 18 -1.000283751397486e+00 -1.894468958833244e-03 -9.310109767830269e-04 -1.007691742814808e+00
9 19 -1.000283579077140e+00 -1.894069019169986e-03 -9.312708340589176e-04 -1.007693112012142e+00
9 20 -1.000283410577023e+00 -1.893699462326104e-03 -9.315002966149744e-04 -1.007694421485911e+00
9 21 -1.000283252544161e+00 -1.893374631119869e-03 -9.316902196833076e-04 -1.007695620368005e+00
9 22 -1.000283111225398e+00 -1.893107280617261e-03 -9.318324304156218e-04 -1.007696661793568e+00
9 23 -1.000282992201296e+00 -1.892908046758041e-03 -9.319201762582053e-04 -1.007697504821254e+00
9 24 -1.000282900148868e+00 -1.892784981929892e-03 -9.319485836894394e-04 -1.007698116148262e+00
9 25 -1.000282838645684e+00 -1.892743183597004e-03 -9.319150793073727e-04 -1.007698471533004e+00
9 26 -1.000282810025426e+00 -1.892784539937649e-03 -9.318197209594839e-04 -1.007698556847865e+00
9 27 -1.000282815291789e+00 -1.892907612293201e-03 -9.316653881135502e-04 -1.007698368699911e+00
9 28 -1.000282854093957e+00 -1.893107667003446e-03 -9.314577915860311e-04 -1.007697914580609e+00
9 29 -1.000282924762729e+00 -1.893376859143790e-03 -9.312052834417270e-04 -1.007697212535241e+00
9 30 -1.000283024402313e+00 -1.893704559957817e-03 -9.309184725488666e-04 -1.007696290373312e+00
9 31 -1.000283149029770e+00 -1.894077810561161e-03 -9.306096730863403e-04 -1.007695184467383e+00
10 0 -1.000283439039745e+00 -1.894774791996683e-03 -9.290932616558407e-04 -1.007693350298560e+00
10 1 -1.000283599074692e+00 -1.895195506488284e-03 -9.287805023214703e-04 -1.007692006513224e+00
10 2 -1.000283767509731e+00 -1.895614847268102e-03 -9.284858609621028e-04 -1.007690622807204e+00
10 3 -1.000283937974526e+00 -1.896016563916075e-03 -9.282214037712557e-04 -1.007689252425062e+00
10 4 -1.000284104070677e+00 -1.896385228271620e-03 -9.279974988419027e-04 -1.007687947751081e+00
10 5 -1.000284259593504e+00 -1.896706823711631e-03 -9.278223930808508e-04 -1.007686758344737e+00
10 6 -1.000284398742749e+00 -1.896969260258128e-03 -9.277019519147066e-04 -1.007685729126232e+00
10 7 -1.000284516318505e+00 -1.897162799192891e-03 -9.276395632617031e-04 -1.007684898768129e+00
10 8 -1.000284607898813e+00 -1.897280376103737e-03 -9.276361917041667e-04 -1.007684298339091e+00
10 9 -1.000284669995284e+00 -1.897317817132772e-03 -9.276905540277650e-04 -1.007683950233889e+00
10 10 -1.000284700182942e+00 -1.897273948383023e-03 -9.277993777394465e-04 -1.007683867412328e+00
10 11 -1.000284697199956e+00 -1.897150601829287e-03 -9.279577025332539e-04 -1.007684052961449e+00
10 12 -1.000284661012222e+00 -1.896952522958952e-03 -9.281591888039536e-04 -1.007684499989864e+00
10 13 -1.000284592837523e+00 -1.896687186733261e-03 -9.283964040594270e-04 -1.007685191857543e+00
10 14 -1.000284495124720e+00 -1.896364529560554e-03 -9.286610676003314e-04 -1.007686102737270e+00
10 15 -1.000284371485002e+00 -1.895996605374890e-03 -9.289442474668748e-04 -1.007687198496326e+00
10 16 -1.000284226574286e+00 -1.895597173748672e-03 -9.292365191395187e-04 -1.007688437879705e+00
10 17 -1.000284065928213e+00 -1.895181228234828e-03 -9.295281075514420e-04 -1.007689773968000e+00
10 18 -1.000283895754106e+00 -1.894764474562047e-03 -9.298090396397099e-04 -1.007691155872788e+00
10 19 -1.000283722687324e+00 -1.894362770630145e-03 -9.300693349931768e-04 -1.007692530620193e+00
10 20 -1.000283553522273e+00 -1.893991542951577e-03 -9.302992581735382e-04 -1.007693845161542e+00
10 21 -1.000283394930371e+00 -1.893665197309553e-03 -9.304896463137902e-04 -1.007695048439330e+00
10 22 -1.000283253178570e+00 -1.893396545057492e-03 -9.306323088027947e-04 -1.007696093427172e+00
10 23 -1.000283133862733e+00 -1.893196269896585e-03 -9.307204762719643e-04 -1.007696939055051e+00
10 24 -1.000283041669943e+00 -1.893072461831065e-03 -9.307492600627508e-04 -1.007697551928390e+00
10 25 -1.000282980182368e+00 -1.893030244664972e-03 -9.307160737976240e-04 -1.007697907753152e+00
10 26 -1.000282951732793e+00 -1.893071521041685e-03 -9.306209647023196e-04 -1.007697992389303e+00
10 27 -1.000282957318602e+00 -1.893194854591405e-03 -9.304668041692318e-04 -1.007697802471292e+00
10 28 -1.000282996577402e+00 -1.893395501643544e-03 -9.302592977293657e-04 -1.007697345557021e+00
10 29 -1.000283067823404e+00 -1.893665595230549e-03 -9.300067949586679e-04 -1.007696639795379e+00
10 30 -1.000283168139749e+00 -1.893994473374818e-03 -9.297199047496254e-04 -1.007695713132957e+00
10 31 -1.000283293518712e+00 -1.894369134074573e-03 -9.294109436435766e-04 -1.007694602107750e+00
11 0 -1.000283555263452e+00 -1.895086017087075e-03 -9.277539042519894e-04 -1.007692779523680e+00
11 1 -1.000283716058769e+00 -1.895508260501481e-03 -9.274411037105933e-04 -1.007691430398879e+00
11 2 -1.000283885281765e+00 -1.895929287221323e-03 -9.271462535935859e-04 -1.007690041028131e+00
11 3 -1.000284056531767e+00 -1.896332783071070e-03 -9.268814261528924e-04 -1.007688664871957e+00
11 4 -1.000284223379656e+00 -1.896703251496592e-03 -9.266570022992860e-04 -1.007687354538274e+00
11 5 -1.000284379590868e+00 -1.897026605366332e-03 -9.264812483517961e-04 -1.007686159809310e+00
11 6 -1.000284519337352e+00 -1.897290684915922e-03 -9.263600551127828e-04 -1.007685125817980e+00
11 7 -1.000284637394815e+00 -1.897485685530661e-03 -9.262968405617818e-04 -1.007684291429713e+00
11 8 -1.000284729321563e+00 -1.897604483929239e-03 -9.262926025043390e-04 -1.007683687876767e+00
11 9 -1.000284791615107e+00 -1.897642857044250e-03 -9.263460928274534e-04 -1.007683337680588e+00
11 10 -1.000284821842590e+00 -1.897599593444774e-03 -9.264540747825242e-04 -1.007683253885419e+00
11 11 -1.000284818740778e+00 -1.897476500854827e-03 -9.266116227064418e-04 -1.007683439617035e+00
11 12 -1.000284782280689e+00 -1.897278315018607e-03 -9.268124283911431e-04 -1.007683887975189e+00
11 13 -1.000284713691555e+00 -1.897012516177404e-03 -9.270490858310031e-04 -1.007684582263626e+00
11 14 -1.000284615439457e+00 -1.896689060608716e-03 -9.273133352076158e-04 -1.007685496554446e+00
11 15 -1.000284491157676e+00 -1.896320035512448e-03 -9.275962595327701e-04 -1.007686596575000e+00
11 16 -1.000284345527994e+00 -1.895919245505880e-03 -9.278884427144794e-04 -1.007687840897723e+00
11 17 -1.000284184114556e+00 -1.895501738946142e-03 -9.281801109185449e-04 -1.007689182405777e+00
11 18 -1.000284013154616e+00 -1.895083283550054e-03 -9.284612853750688e-04 -1.007690569997400e+00
11 19 -1.000283839313629e+00 -1.894679803441109e-03 -9.287219742529261e-04 -1.007691950479101e+00
11 20 -1.000283669415034e+00 -1.894306792821488e-03 -9.289524261258839e-04 -1.007693270585202e+00
11 21 -1.000283510157234e+00 -1.893978724371254e-03 -9.291434578905913e-04 -1.007694479051018e+00
11 22 -1.000283367831388e+00 -1.893708473554376e-03 -9.292868545323900e-04 -1.007695528658854e+00
11 23 -1.000283248054151e+00 -1.893506783273791e-03 -9.293758189692740e-04 -1.007696378169171e+00
11 24 -1.000283155529339e+00 -1.893381795630112e-03 -9.294054331108637e-04 -1.007696994045519e+00
11 25 -1.000283093851195e+00 -1.893338677570843e-03 -9.293730807600803e-04 -1.007697351884536e+00
11 26 -1.000283065359509e+00 -1.893379364643283e-03 -9.292787794963969e-04 -1.007697437472761e+00
11 27 -1.000283071053408e+00 -1.893502442223465e-03 -9.291253716150878e-04 -1.007697247409227e+00
11 28 -1.000283110566907e+00 -1.893703176490910e-03 -9.289185349728450e-04 -1.007696789255688e+00
11 29 -1.000283182205350e+00 -1.893973698002199e-03 -9.286665940807668e-04 -1.007696081204308e+00
11 30 -1.000283283037955e+00 -1.894303330041457e-03 -9.283801362704650e-04 -1.007695151283051e+00
11 31 -1.000283409038409e+00 -1.894679044072533e-03 -9.280714605796554e-04 -1.007694036146838e+00
12 0 -1.000283638082244e+00 -1.895403515446934e-03 -9.263263007908439e-04 -1.007692247579200e+00
12 1 -1.000283799553447e+00 -1.895827045027536e-03 -9.260137256029835e-04 -1.007690893752919e+00
12 2 -1.000283969519953e+00 -1.896249606824520e-03 -9.257188332968388e-04 -1.007689499052878e+00
12 3 -1.000284141552418e+00 -1.896654828389590e-03 -9.254536959403495e-04 -1.007688117144106e+00
12 4 -1.000284309191037e+00 -1.897027146523699e-03 -9.252287050392132e-04 -1.007686800858749e+00
12 5 -1.000284466169904e+00 -1.897352401781073e-03 -9.250521479302683e-04 -1.007685600213505e+00
12 6 -1.000284606630358e+00 -1.897618359362555e-03 -9.249299464463212e-04 -1.007684560576006e+00
12 7 -1.000284725319511e+00 -1.897815139973406e-03 -9.248655586683911e-04 -1.007683721036855e+00
12 8 -1.000284817770300e+00 -1.897935549178675e-03 -9.248600297762378e-04 -1.007683113034411e+00
12 9 -1.000284880459236e+00 -1.897975299460649e-03 -9.249121639406734e-04 -1.007682759267946e+00
12 10 -1.000284910937836e+00 -1.897933124590847e-03 -9.250187791436849e-04 -1.007682672923016e+00
12 11 -1.000284907933299e+00 -1.897810789588894e-03 -9.251750044609736e-04 -1.007682857223980e+00
12 12 -1.000284871413464e+00 -1.897613001342038e-03 -9.253745839787335e-04 -1.007683305322725e+00
12 13 -1.000284802610788e+00 -1.897347226119285e-03 -9.256101592621233e-04 -1.007684000527258e+00
12 14 -1.000284704000741e+00 -1.897023421460115e-03 -9.258735115059540e-04 -1.007684916866615e+00
12 15 -1.000284579231649e+00 -1.896653690726652e-03 -9.261557567698509e-04 -1.007686019980356e+00
12 16 -1.000284433005197e+00 -1.896251868571279e-03 -9.264475028986344e-04 -1.007687268313187e+00
12 17 -1.000284270909308e+00 -1.895833045594107e-03 -9.267389901379006e-04 -1.007688614587196e+00
12 18 -1.000284099207841e+00 -1.895413041832046e-03 -9.270202439195955e-04 -1.007690007513781e+00
12 19 -1.000283924594589e+00 -1.895007841460570e-03 -9.272812673309047e-04 -1.007691393694674e+00
12 20 -1.000283753921992e+00 -1.894633004127213e-03 -9.275122951733881e-04 -1.007692719649179e+00
12 21 -1.000283593917107e+00 -1.894303071101568e-03 -9.277041221487756e-04 -1.007693933894699e+00
12 22 -1.000283450898535e+00 -1.894030987352240e-03 -9.278485030566676e-04 -1.007694988999640e+00
12 23 -1.000283330508392e+00 -1.893827563886798e-03 -9.279386038640996e-04 -1.007695843521240e+00
12 24 -1.000283237473157e+00 -1.893701007118990e-03 -9.279694645793436e-04 -1.007696463737214e+00
12 25 -1.000283175406088e+00 -1.893656542214280e-03 -9.279384237216610e-04 -1.007696825082501e+00
12 26 -1.000283146661590e+00 -1.893696154825970e-03 -9.278454512122973e-04 -1.007696913212121e+00
12 27 -1.000283152248519e+00 -1.893818470681143e-03 -9.276933403781662e-04 -1.007696724628372e+00
12 28 -1.000283191805460e+00 -1.894018785245067e-03 -9.274877205106762e-04 -1.007696266834165e+00
12 29 -1.000283263636972e+00 -1.894289246255394e-03 -9.272368700026852e-04 -1.007695558002807e+00
12 30 -1.000283364805995e+00 -1.894619181305600e-03 -9.269513341657115e-04 -1.007694626184773e+00
12 31 -1.000283491274472e+00 -1.894995552846840e-03 -9.266433753343350e-04 -1.007693508099248e+00
13 0 -1.000283684444705e+00 -1.895715077576016e-03 -9.248660776391144e-04 -1.007691774336852e+00
13 1 -1.000283846482048e+00 -1.896139603015701e-03 -9.245539805002980e-04 -1.007690416621846e+00
13 2 -1.000284017119623e+00 -1.896563491572310e-03 -9.242592103630609e-04 -1.007689017127953e+00
13 3 -1.000284189902144e+00 -1.896970320270182e-03 -9.239938327423804e-04 -1.007687629705410e+00
13 4 -1.000284358340381e+00 -1.897344463660042e-03 -9.237682468551994e-04 -1.007686307402310e+00
13 5 -1.000284516136893e+00 -1.897671690983007e-03 -9.235907618663699e-04 -1.007685100472364e+00
13 6 -1.000284657400743e+00 -1.897939689909049e-03 -9.234673354320296e-04 -1.007684054531258e+00
13 7 -1.000284776847254e+00 -1.898138500348516e-03 -9.234014745203962e-04 -1.007683208919025e+00
13 8 -1.000284869979282e+00 -1.898260847106431e-03 -9.233942838929300e-04 -1.007682595314893e+00
13 9 -1.000284933246307e+00 -1.898302365606811e-03 -9.234446347097006e-04 -1.007682236639792e+00
13 10 -1.000284964177168e+00 -1.898261719849850e-03 -9.235494161792581e-04 -1.007682146271488e+00
13 11 -1.000284961481735e+00 -1.898140615358942e-03 -9.237038300797140e-04 -1.007682327588909e+00
13 12 -1.000284925116451e+00 -1.897943712084837e-03 -9.239016917958879e-04 -1.007682773855237e+00
13 13 -1.000284856308640e+00 -1.897678443666142e-03 -9.241357095410763e-04 -1.007683468442818e+00
13 14 -1.000284757535038e+00 -1.897354750488234e-03 -9.243977234981704e-04 -1.007684385396163e+00
13 15 -1.000284632451462e+00 -1.896984734552130e-03 -9.246788989932430e-04 -1.007685490321995e+00
13 16 -1.000284485772776e+00 -1.896582244344254e-03 -9.249698822396048e-04 -1.007686741587142e+00
13 17 -1.000284323105000e+00 -1.896162398340804e-03 -9.252609400769143e-04 -1.007688091795638e+00
13 18 -1.000284150734200e+00 -1.895741057164812e-03 -9.255421119548525e-04 -1.007689489505844e+00
13 19 -1.000283975379694e+00 -1.895334256756062e-03 -9.258034020008971e-04 -1.007690881136955e+00
13 20 -1.000283803921854e+00 -1.894957617742725e-03 -9.260350333397716e-04 -1.007692213002785e+00
13 21 -1.000283643117055e+00 -1.894625749230526e-03 -9.262277770302843e-04 -1.007693433399903e+00
13 22 -1.000283499313587e+00 -1.894351668433887e-03 -9.263733532500881e-04 -1.007694494668212e+00
13 23 -1.000283378182696e+00 -1.894146260656430e-03 -9.264648835953080e-04 -1.007695355135957e+00
13 24 -1.000283284478501e+00 -1.894017806235629e-03 -9.264973554937305e-04 -1.007695980858719e+00
13 25 -1.000283221839397e+00 -1.893971601275137e-03 -9.264680483855798e-04 -1.007696347064178e+00
13 26 -1.000283192641456e+00 -1.894009696775350e-03 -9.263768683679705e-04 -1.007696439223003e+00
13 27 -1.000283197910957e+00 -1.894130775933550e-03 -9.262265421501257e-04 -1.007696253682831e+00
13 28 -1.000283237299091e+00 -1.894330181888263e-03 -9.260226319423085e-04 -1.007695797826881e+00
13 29 -1.000283309117700e+00 -1.894600098520069e-03 -9.257733510883240e-04 -1.007695089748278e+00
13 30 -1.000283410431224e+00 -1.894929876444704e-03 -9.254891841531164e-04 -1.007694157460897e+00
13 31 -1.000283537197099e+00 -1.895306486762384e-03 -9.251823391164827e-04 -1.007693037693735e+00
14 0 -1.000283692686587e+00 -1.896008792181257e-03 -9.234300909398535e-04 -1.007691377166976e+00
14 1 -1.000283855159654e+00 -1.896433987539916e-03 -9.231186994525564e-04 -1.007690016517118e+00
14 2 -1.000284026370989e+00 -1.896858945958394e-03 -9.228242051907320e-04 -1.007688612941640e+00
14 3 -1.000284199843130e+00 -1.897267203721506e-03 -9.225586607718220e-04 -1.007687220449339e+00
14 4 -1.000284369059924e+00 -1.897643080023721e-03 -9.223324700773330e-04 -1.007685892287172e+00
14 5 -1.000284527693428e+00 -1.897972276421744e-03 -9.221539646399315e-04 -1.007684678939412e+00
14 6 -1.000284669819853e+00 -1.898242403189669e-03 -9.220291418970679e-04 -1.007683626274630e+00
14 7 -1.000284790120587e+00 -1.898443416140665e-03 -9.219615646353802e-04 -1.007682773898039e+00
14 8 -1.000284884064832e+00 -1.898567952839226e-03 -9.219524066870420e-04 -1.007682153755358e+00
14 9 -1.000284948070167e+00 -1.898611562233317e-03 -9.220006179950501e-04 -1.007681789023796e+00
14 10 -1.000284979636679e+00 -1.898572826383700e-03 -9.221031728494981e-04 -1.007681693316301e+00
14 11 -1.000284977449793e+00 -1.898453376751200e-03 -9.222553611427742e-04 -1.007681870216451e+00
14 12 -1.000284941446738e+00 -1.898257810047024e-03 -9.224510856902557e-04 -1.007682313153659e+00
14 13 -1.000284872841585e+00 -1.897993510023462e-03 -9.226831373163239e-04 -1.007683005621807e+00
14 14 -1.000284774104235e+00 -1.897670382314262e-03 -9.229434304241990e-04 -1.007683921738345e+00
14 15 -1.000284648890180e+00 -1.897300510059793e-03 -9.232231939052628e-04 -1.007685027133409e+00
14 16 -1.000284501920192e+00 -1.896897738736137e-03 -9.235131254591238e-04 -1.007686280149062e+00
14 17 -1.000284338811990e+00 -1.896477199337006e-03 -9.238035298057876e-04 -1.007687633318608e+00
14 18 -1.000284165868675e+00 -1.896054780084506e-03 -9.240844690057078e-04 -1.007689035086224e+00
14 19 -1.000283989831393e+00 -1.895646558679005e-03 -9.243459536274625e-04 -1.007690431717088e+00
14 20 -1.000283817606375e+00 -1.895268209980070e-03 -9.245781974494120e-04 -1.007691769336763e+00
14 21 -1.000283655978873e+00 -1.894934407545035e-03 -9.247719474990015e-04 -1.007692996026496e+00
14 22 -1.000283511327991e+00 -1.894658240889602e-03 -9.249188862677685e-04 -1.007694063891487e+00
14 23 -1.000283389356680e+00 -1.894450673103550e-03 -9.250120849830116e-04 -1.007694931013644e+00
14 24 -1.000283294850596e+00 -1.894320065234988e-03 -9.250464695095975e-04 -1.007695563198784e+00
14 25 -1.000283231478402e+00 -1.894271794187563e-03 -9.250192487052074e-04 -1.007695935430261e+00
14 26 -1.000283201644067e+00 -1.894307988963199e-03 -9.249302515095094e-04 -1.007696032948814e+00
14 27 -1.000283206398364e+00 -1.894427405233570e-03 -9.247821233228980e-04 -1.007695851895014e+00
14 28 -1.000283245412658e+00 -1.894625450478719e-03 -9.245803434888230e-04 -1.007695399475768e+00
14 29 -1.000283317013805e+00 -1.894894362233099e-03 -9.243330438875820e-04 -1.007694693646044e+00
14 30 -1.000283418275415e+00 -1.895223531737810e-03 -9.240506321569579e-04 -1.007693762326102e+00
14 31 -1.000283545157775e+00 -1.895599955831853e-03 -9.237452469128291e-04 -1.007692642200557e+00
15 0 -1.000283662576833e+00 -1.896273494301080e-03 -9.220741299687698e-04 -1.007691070395704e+00
15 1 -1.000283825339738e+00 -1.896699011009070e-03 -9.217636369851815e-04 -1.007689707868014e+00
15 2 -1.000283997006686e+00 -1.897124744391907e-03 -9.214695540755278e-04 -1.007688301070645e+00
15 3 -1.000284171082709e+00 -1.897534201383320e-03 -9.212039153177414e-04 -1.007686904138053e+00
15 4 -1.000284341028270e+00 -1.897911654785302e-03 -9.209771265534903e-04 -1.007685570491366e+00
15 5 -1.000284500487046e+00 -1.898242744484312e-03 -9.207975418841112e-04 -1.007684350830659e+00
15 6 -1.000284643502966e+00 -1.898515006212215e-03 -9.206712011327787e-04 -1.007683291273298e+00
15 7 -1.000284764722565e+00 -1.898718311474600e-03 -9.206017275545011e-04 -1.007682431695803e+00
15 8 -1.000284859579109e+00 -1.898845207442893e-03 -9.205903708130349e-04 -1.007681804325985e+00
15 9 -1.000284924454645e+00 -1.898891150479210e-03 -9.206361686142381e-04 -1.007681432622175e+00
15 10 -1.000284956815538e+00 -1.898854631671547e-03 -9.207361911688727e-04 -1.007681330466346e+00
15 11 -1.000284955316627e+00 -1.898737196784418e-03 -9.208858283968239e-04 -1.007681501688549e+00
15 12 -1.000284919868925e+00 -1.898543365592974e-03 -9.210790828571154e-04 -1.007681939932386e+00
15 13 -1.000284851665685e+00 -1.898280456695036e-03 -9.213088404595393e-04 -1.007682628865582e+00
15 14 -1.000284753162123e+00 -1.897958324553070e-03 -9.215671023687920e-04 -1.007683542733631e+00
15 15 -1.000284628005533e+00 -1.897589016475448e-03 -9.218451732059521e-04 -1.007684647245947e+00
15 16 -1.000284480915084e+00 -1.897186358284966e-03 -9.221338131199638e-04 -1.007685900773635e+00
15 17 -1.000284317513449e+00 -1.896765478063728e-03 -9.224233737470259e-04 -1.007687255828191e+00
15 18 -1.000284144115083e+00 -1.896342278003456e-03 -9.227039466380040e-04 -1.007688660781680e+00
15 19 -1.000283967478526e+00 -1.895932866086946e-03 -9.229655536529062e-04 -1.007690061779248e+00
15 20 -1.000283794532801e+00 -1.895552962477339e-03 -9.231984020702560e-04 -1.007691404782783e+00
15 21 -1.000283632090462e+00 -1.895217299286151e-03 -9.233932154494305e-04 -1.007692637672058e+00
15 22 -1.000283486561375e+00 -1.894939035753129e-03 -9.235416365526760e-04 -1.007693712320107e+00
15 23 -1.000283363681589e+00 -1.894729213445222e-03 -9.236366815982321e-04 -1.007694586554240e+00
15 24 -1.000283268271043e+00 -1.894596277891399e-03 -9.236732080389469e-04 -1.007695225912272e+00
15 25 -1.000283204032692e+00 -1.894545693562228e-03 -9.236483455459201e-04 -1.007695605105411e+00
15 26 -1.000283173403573e+00 -1.894579677156539e-03 -9.235618357732267e-04 -1.007695709107541e+00
15 27 -1.000283177465068e+00 -1.894697069100892e-03 -9.234162312443578e-04 -1.007695533807591e+00
15 28 -1.000283215915477e+00 -1.894893355406029e-03 -9.232169157199698e-04 -1.007695086186424e+00
15 29 -1.000283287103826e+00 -1.895160842602249e-03 -9.229719264561007e-04 -1.007694384008466e+00
15 30 -1.000283388120198e+00 -1.895488978440119e-03 -9.226915814316695e-04 -1.007693455047308e+00
15 31 -1.000283514934924e+00 -1.895864801431136e-03 -9.223879381710331e-04 -1.007692335891126e+00
16 0 -1.000283595313171e+00 -1.896499175297777e-03 -9.208506820532463e-04 -1.007690864898235e+00
16 1 -1.000283758210198e+00 -1.896924655674947e-03 -9.205412380897188e-04 -1.007689501612183e+00
16 2 -1.000283930198525e+00 -1.897350842842611e-03 -9.202476780151868e-04 -1.007688092565902e+00
16 3 -1.000284104770955e+00 -1.897761226728061e-03 -9.199820130726967e-04 -1.007686691982194e+00
16 4 -1.000284275368874e+00 -1.898140044251509e-03 -9.197546486887060e-04 -1.007685353425778e+00
16 5 -1.000284435610678e+00 -1.898472881846646e-03 -9.195739608853499e-04 -1.007684127790115e+00
16 6 -1.000284579509819e+00 -1.898747206388958e-03 -9.194460327535158e-04 -1.007683061427856e+00
16 7 -1.000284701678443e+00 -1.898952808083529e-03 -9.193745505275034e-04 -1.007682194482536e+00
16 8 -1.000284797512935e+00 -1.899082143877688e-03 -9.193608440403812e-04 -1.007681559469279e+00
16 9 -1.000284863357433e+00 -1.899130574798991e-03 -9.194040447616700e-04 -1.007681180142209e+00
16 10 -1.000284896640873e+00 -1.899096495407974e-03 -9.195013259107320e-04 -1.007681070675930e+00
16 11 -1.000284895982636e+00 -1.898981357619739e-03 -9.196481851319199e-04 -1.007681235178675e+00
16 12 -1.000284861261633e+00 -1.898789593661464e-03 -9.198387330459757e-04 -1.007681667547447e+00
16 13 -1.000284793643544e+00 -1.898528444067997e-03 -9.200659597647263e-04 -1.007682351669781e+00
16 14 -1.000284695561502e+00 -1.898207697414549e-03 -9.203219628119010e-04 -1.007683261970158e+00
16 15 -1.000284570646993e+00 -1.897839349550917e-03 -9.205981317169824e-04 -1.007684364290235e+00
16 16 -1.000284423610216e+00 -1.897437191063701e-03 -9.208852970240894e-04 -1.007685617082035e+00
16 17 -1.000284260072019e+00 -1.897016332198952e-03 -9.211738638559317e-04 -1.007686972883862e+00
16 18 -1.000284086352214e+00 -1.896592675162592e-03 -9.214539587463306e-04 -1.007688380039782e+00
16 19 -1.000283909221660e+00 -1.896182345609985e-03 -9.217156193009975e-04 -1.007689784613226e+00
16 20 -1.000283735628224e+00 -1.895801098358666e-03 -9.219490492524982e-04 -1.007691132433160e+00
16 21 -1.000283572409121e+00 -1.895463715996941e-03 -9.221449496471554e-04 -1.007692371199417e+00
16 22 -1.000283426003743e+00 -1.895183422295126e-03 -9.222949224400953e-04 -1.007693452564385e+00
16 23 -1.000283302181403e+00 -1.894971335033131e-03 -9.223919260754394e-04 -1.007694334102208e+00
16 24 -1.000283205797846e+00 -1.894835984896698e-03 -9.224307454073290e-04 -1.007694981074154e+00
16 25 -1.000283140593109e+00 -1.894782927572070e-03 -9.224084252997808e-04 -1.007695367901040e+00
16 26 -1.000283109041238e+00 -1.894814473961853e-03 -9.223246130314050e-04 -1.007695479262713e+00
16 27 -1.000283112259132e+00 -1.894929558249457e-03 -9.221817599437003e-04 -1.007695310761762e+00
16 28 -1.000283149977733e+00 -1.895123755982458e-03 -9.219851452343178e-04 -1.007694869112460e+00
16 29 -1.000283220574531e+00 -1.895389455233417e-03 -9.217427024422105e-04 -1.007694171843940e+00
16 30 -1.000283321162721e+00 -1.895716173916298e-03 -9.214646510373770e-04 -1.007693246535821e+00
16 31 -1.000283447729410e+00 -1.896091006515142e-03 -9.211629589773040e-04 -1.007692129631710e+00
17 0 -1.000283493469650e+00 -1.896677342117299e-03 -9.198068584063663e-04 -1.007690767821174e+00
17 1 -1.000283656341117e+00 -1.897102432754362e-03 -9.194985670564411e-04 -1.007689404916908e+00
17 2 -1.000283828505635e+00 -1.897528738382896e-03 -9.192056140938347e-04 -1.007687994671156e+00
17 3 -1.000284003449365e+00 -1.897939744608171e-03 -9.189399850073150e-04 -1.007686591355308e+00
17 4 -1.000284174599489e+00 -1.898319664095602e-03 -9.187120825029450e-04 -1.007685248642571e+00
17 5 -1.000284335553143e+00 -1.898654040020541e-03 -9.185303029108868e-04 -1.007684017590385e+00
17 6 -1.000284480296315e+00 -1.898930278767000e-03 -9.184007719546488e-04 -1.007682944764049e+00
17 7 -1.000284603408558e+00 -1.899138095338054e-03 -9.183272394296895e-04 -1.007682070559567e+00
17 8 -1.000284700249787e+00 -1.899269859963658e-03 -9.183111170486271e-04 -1.007681427773834e+00
17 9 -1.000284767125256e+00 -1.899320839160166e-03 -9.183516325097144e-04 -1.007681040460383e+00
17 10 -1.000284801424207e+00 -1.899289329123321e-03 -9.184460650044185e-04 -1.007680923098833e+00
17 11 -1.000284801727099e+00 -1.899176683349409e-03 -9.185900235241455e-04 -1.007681080096678e+00
17 12 -1.000284767876075e+00 -1.898987239101929e-03 -9.187777313625342e-04 -1.007681505634215e+00
17 13 -1.000284701003479e+00 -1.898728148753338e-03 -9.190022883623208e-04 -1.007682183856799e+00
17 14 -1.000284603513792e+00 -1.898409122823280e-03 -9.192558942167250e-04 -1.007683089411956e+00
17 15 -1.000284479015742e+00 -1.898042092292043e-03 -9.195300287723934e-04 -1.007684188320874e+00
17 16 -1.000284332203642e+00 -1.897640798510282e-03 -9.198155978233438e-04 -1.007685439164602e+00
17 17 -1.000284168689886e+00 -1.897220319704497e-03 -9.201030645519263e-04 -1.007686794555537e+00
17 18 -1.000283994793462e+00 -1.896796544128679e-03 -9.203825948267695e-04 -1.007688202854774e+00
17 19 -1.000283817292019e+00 -1.896385601928234e-03 -9.206442456782658e-04 -1.007689610085092e+00
17 20 -1.000283643147614e+00 -1.896003270786087e-03 -9.208782197683023e-04 -1.007690961977953e+00
17 21 -1.000283479218550e+00 -1.895664373842758e-03 -9.210751968419159e-04 -1.007692206081635e+00
17 22 -1.000283331971384e+00 -1.895382191687620e-03 -9.212267383221493e-04 -1.007693293848086e+00
17 23 -1.000283207207618e+00 -1.895167913149947e-03 -9.213257443661012e-04 -1.007694182609291e+00
17 24 -1.000283109819017e+00 -1.895030151721810e-03 -9.213669256646403e-04 -1.007694837351250e+00
17 25 -1.000283043584155e+00 -1.894974554783795e-03 -9.213472393942410e-04 -1.007695232196292e+00
17 26 -1.000283011016661e+00 -1.895003530496021e-03 -9.212662344685815e-04 -1.007695351513874e+00
17 27 -1.000283013272525e+00 -1.895116112113952e-03 -9.211262565177074e-04 -1.007695190596756e+00
17 28 -1.000283050119758e+00 -1.895307972102574e-03 -9.209324755129039e-04 -1.007694755862788e+00
17 29 -1.000283119969446e+00 -1.895571589379784e-03 -9.206927164622167e-04 -1.007694064570447e+00
17 30 -1.000283219963577e+00 -1.895896562990421e-03 -9.204170952025352e-04 -1.007693144065659e+00
17 31 -1.000283346112106e+00 -1.896270055619432e-03 -9.201174847940449e-04 -1.007692030604819e+00
18 0 -1.000283360899209e+00 -1.896801315998997e-03 -9.189825695198737e-04 -1.007690782422764e+00
18 1 -1.000283523587305e+00 -1.897225680418583e-03 -9.186754862037634e-04 -1.007689421019967e+00
18 2 -1.000283695777099e+00 -1.897651767022413e-03 -9.183831965737999e-04 -1.007688010662988e+00
18 3 -1.000283870953843e+00 -1.898063069711567e-03 -9.181176584821978e-04 -1.007686605630983e+00
18 4 -1.000284042535869e+00 -1.898443789281076e-03 -9.178892697727147e-04 -1.007685259666981e+00
18 5 -1.000284204103866e+00 -1.898779437403591e-03 -9.177064449952145e-04 -1.007684023957036e+00
18 6 -1.000284349620378e+00 -1.899057370595683e-03 -9.175753506774679e-04 -1.007682945248543e+00
18 7 -1.000284473635361e+00 -1.899267237633054e-03 -9.174997985601486e-04 -1.007682064165770e+00
18 8 -1.000284571474094e+00 -1.899401328936232e-03 -9.174812807181349e-04 -1.007681413770773e+00
18 9 -1.000284639403533e+00 -1.899454821025188e-03 -9.175191197543117e-04 -1.007681018408322e+00
18 10 -1.000284674772502e+00 -1.899425913544635e-03 -9.176107000323790e-04 -1.007680892864054e+00
18 11 -1.000284676120443e+00 -1.899315860446380e-03 -9.177517419079612e-04 -1.007681041855360e+00
18 12 -1.000284643249351e+00 -1.899128899968183e-03 -9.179365821479911e-04 -1.007681459865793e+00
18 13 -1.000284577253725e+00 -1.898872089627962e-03 -9.181584315847315e-04 -1.007682131326652e+00
18 14 -1.000284480504030e+00 -1.898555053009531e-03 -9.184095935341389e-04 -1.007683031143170e+00
18 15 -1.000284356580296e+00 -1.898189645537001e-03 -9.186816398779927e-04 -1.007684125555727e+00
18 16 -1.000284210154674e+00 -1.897789547177329e-03 -9.189655538895177e-04 -1.007685373317537e+00
18 17 -1.000284046824747e+00 -1.897369791007440e-03 -9.192518595498908e-04 -1.007686727159917e+00
18 18 -1.000283872902501e+00 -1.896946237854845e-03 -9.195307649054046e-04 -1.007688135505446e+00
18 19 -1.000283695166612e+00 -1.896535009144608e-03 -9.197923488972015e-04 -1.007689544378572e+00
18 20 -1.000283520588181e+00 -1.896151892919744e-03 -9.200268151706115e-04 -1.007690899452060e+00
18 21 -1.000283356042255e+00 -1.895811741451672e-03 -9.202248240559524e-04 -1.007692148156663e+00
18 22 -1.000283208019181e+00 -1.895527882299773e-03 -9.203778982786139e-04 -1.007693241771563e+00
18 23 -1.000283082350367e+00 -1.895311567603718e-03 -9.204788811759206e-04 -1.007694137406420e+00
18 24 -1.000282983962475e+00 -1.895171488359104e-03 -9.205224099603683e-04 -1.007694799783237e+00
18 25 -1.000282916672638e+00 -1.895113380756059e-03 -9.205053540384346e-04 -1.007695202728841e+00
18 26 -1.000282883035183e+00 -1.895139749552618e-03 -9.204271635754532e-04 -1.007695330297701e+00
18 27 -1.000282884247287e+00 -1.895249728536109e-03 -9.202900781768138e-04 -1.007695177461128e+00
18 28 -1.000282920116998e+00 -1.895439090710307e-03 -9.200991581940008e-04 -1.007694750322202e+00
18 29 -1.000282989092783e+00 -1.895700411660477e-03 -9.198621191909139e-04 -1.007694065843950e+00
18 30 -1.000283088349979e+00 -1.896023379471474e-03 -9.195889717959552e-04 -1.007693151107882e+00
18 31 -1.000283213926642e+00 -1.896395234738534e-03 -9.192914922949764e-04 -1.007692042147387e+00
19 0 -1.000283202594788e+00 -1.896866463357322e-03 -9.184090225186921e-04 -1.007690908019791e+00
19 1 -1.000283364949112e+00 -1.897289793614139e-03 -9.181031557956670e-04 -1.007689549178531e+00
19 2 -1.000283537012761e+00 -1.897715333111403e-03 -9.178115584267031e-04 -1.007688139799844e+00
19 3 -1.000283712275839e+00 -1.898126596316355e-03 -9.175461597136921e-04 -1.007686734129651e+00
19 4 -1.000283884153533e+00 -1.898507784911140e-03 -9.173173510239732e-04 -1.007685385939622e+00
19 5 -1.000284046215465e+00 -1.898844391879014e-03 -9.171335628988343e-04 -1.007684146504525e+00
19 6 -1.000284192405563e+00 -1.899123736312446e-03 -9.170009995458120e-04 -1.007683062716631e+00
19 7 -1.000284317248311e+00 -1.899335412358194e-03 -9.169235304609727e-04 -1.007682175395371e+00
19 8 -1.000284416037596e+00 -1.899471640758352e-03 -9.169027232369869e-04 -1.007681517840676e+00
19 9 -1.000284485004195e+00 -1.899527515986777e-03 -9.169379906578262e-04 -1.007681114669148e+00
19 10 -1.000284521457264e+00 -1.899501146365343e-03 -9.170268181259599e-04 -1.007680980962493e+00
19 11 -1.000284523894560e+00 -1.899393688660395e-03 -9.171650336864034e-04 -1.007681121747820e+00
19 12 -1.000284492075983e+00 -1.899209281739453e-03 -9.173470840559060e-04 -1.007681531820722e+00
19 13 -1.000284427055188e+00 -1.898954885396926e-03 -9.175662877739094e-04 -1.007682195915186e+00
19 14 -1.000284331164697e+00 -1.898640030921509e-03 -9.178150492393851e-04 -1.007683089218313e+00
19 15 -1.000284207951060e+00 -1.898276490378808e-03 -9.180850309824598e-04 -1.007684178220757e+00
19 16 -1.000284062058805e+00 -1.897877872411174e-03 -9.183672934685559e-04 -1.007685421884721e+00
19 17 -1.000283899064845e+00 -1.897459153438711e-03 -9.186524219318401e-04 -1.007686773101045e+00
19 18 -1.000283725268213e+00 -1.897036154409838e-03 -9.189306675469920e-04 -1.007688180396163e+00
19 19 -1.000283547442816e+00 -1.896624975135042e-03 -9.191921326586693e-04 -1.007689589838615e+00
19 20 -1.000283372563338e+00 -1.896241401117271e-03 -9.194270240620117e-04 -1.007690947083490e+00
19 21 -1.000283207516641e+00 -1.895900301342017e-03 -9.196259854415931e-04 -1.007692199482028e+00
19 22 -1.000283058812633e+00 -1.895615038936031e-03 -9.197805038828405e-04 -1.007693298174119e+00
19 23 -1.000282932309245e+00 -1.895396919399022e-03 -9.198833689376710e-04 -1.007694200074868e+00
19 24 -1.000282832965587e+00 -1.895254702992905e-03 -9.199291473126901e-04 -1.007694869663675e+00
19 25 -1.000282764635892e+00 -1.895194208326657e-03 -9.199146237877446e-04 -1.007695280486487e+00
19 26 -1.000282729914724e+00 -1.895218032321234e-03 -9.198391532800184e-04 -1.007695416290414e+00
19 27 -1.000282730040949e+00 -1.895325406954325e-03 -9.197048730479936e-04 -1.007695271725856e+00
19 28 -1.000282764864091e+00 -1.895512205670533e-03 -9.195167372007391e-04 -1.007694852574545e+00
19 29 -1.000282832872382e+00 -1.895771102973910e-03 -9.192823545921403e-04 -1.007694175490292e+00
19 30 -1.000282931277864e+00 -1.896091880580346e-03 -9.190116328318440e-04 -1.007693267269265e+00
19 31 -1.000283056150939e+00 -1.896461863756010e-03 -9.187162533916932e-04 -1.007692163694303e+00
20 0 -1.000283024512839e+00 -1.896870353892101e-03 -9.181075931248811e-04 -1.007691140032529e+00
20 1 -1.000283186395582e+00 -1.897292380977665e-03 -9.178029074864855e-04 -1.007689784716879e+00
20 2 -1.000283358186353e+00 -1.897717065746785e-03 -9.175120059139699e-04 -1.007688377370177e+00
20 3 -1.000283533385742e+00 -1.898127954804376e-03 -9.172467894433544e-04 -1.007686972165057e+00
20 4 -1.000283705411612e+00 -1.898509263461429e-03 -9.170176418708957e-04 -1.007685622859433e+00
20 5 -1.000283867828283e+00 -1.898846479517011e-03 -9.168330070018253e-04 -1.007684380773523e+00
20 6 -1.000284014566614e+00 -1.899126898545789e-03 -9.166991220195883e-04 -1.007683292901612e+00
20 7 -1.000284140130759e+00 -1.899340073819890e-03 -9.166199076669166e-04 -1.007682400217503e+00
20 8 -1.000284239787676e+00 -1.899478169160188e-03 -9.165969995559985e-04 -1.007681736222748e+00
20 9 -1.000284309735396e+00 -1.899536207892588e-03 -9.166298929823948e-04 -1.007681325776557e+00
20 10 -1.000284347245575e+00 -1.899512215557477e-03 -9.167161667358730e-04 -1.007681184236008e+00
20 11 -1.000284350775181e+00 -1.899407257818981e-03 -9.168517486966600e-04 -1.007681316925988e+00
20 12 -1.000284320041730e+00 -1.899225377770908e-03 -9.170311876128768e-04 -1.007681718950674e+00
20 13 -1.000284256056648e+00 -1.898973438409494e-03 -9.172479024936301e-04 -1.007682375351773e+00
20 14 -1.000284161112033e+00 -1.898660876785510e-03 -9.174943929959575e-04 -1.007683261611864e+00
20 15 -1.000284038717429e+00 -1.898299376849217e-03 -9.177624079776049e-04 -1.007684344493655e+00
20 16 -1.000283893485312e+00 -1.897902468668859e-03 -9.180430819367751e-04 -1.007685583197237e+00
20 17 -1.000283730966838e+00 -1.897485062663420e-03 -9.183270592717295e-04 -1.007686930807644e+00
20 18 -1.000283557442599e+00 -1.897062928856758e-03 -9.186046336135677e-04 -1.007688335994047e+00
20 19 -1.000283379676067e+00 -1.896652133190172e-03 -9.188659317156534e-04 -1.007689744910371e+00
20 20 -1.000283204639917e+00 -1.896268445785701e-03 -9.191011659405091e-04 -1.007691103235705e+00
20 21 -1.000283039227487e+00 -1.895926739494007e-03 -9.193009666219928e-04 -1.007692358282140e+00
20 22 -1.000282889963344e+00 -1.895640400517810e-03 -9.194567891336086e-04 -1.007693461088285e+00
20 23 -1.000282762727591e+00 -1.895420775809829e-03 -9.195613739695465e-04 -1.007694368409642e+00
20 24 -1.000282662508088e+00 -1.895276683870444e-03 -9.196092230402533e-04 -1.007695044514006e+00
20 25 -1.000282593193227e+00 -1.895214016000850e-03 -9.195970430441399e-04 -1.007695462692322e+00
20 26 -1.000282557415730e+00 -1.895235453278673e-03 -9.195241006249423e-04 -1.007695606404014e+00
20 27 -1.000282556455024e+00 -1.895340319892264e-03 -9.193924377092151e-04 -1.007695469991283e+00
20 28 -1.000282590202030e+00 -1.895524585987339e-03 -9.192069089937554e-04 -1.007695058919710e+00
20 29 -1.000282657185742e+00 -1.895781023641934e-03 -9.189750231737471e-04 -1.007694389531203e+00
20 30 -1.000282754656956e+00 -1.896099509308169e-03 -9.187065910384372e-04 -1.007693488326035e+00
20 31 -1.000282878721409e+00 -1.896467456412240e-03 -9.184132048969942e-04 -1.007692390818545e+00
21 0 -1.000282833363784e+00 -1.896812842953067e-03 -9.180891045505792e-04 -1.007691470123081e+00
21 1 -1.000282994654486e+00 -1.897233345877185e-03 -9.177855242592198e-04 -1.007690119167970e+00
21 2 -1.000283166035429e+00 -1.897656899163867e-03 -9.174952994857443e-04 -1.007688714834908e+00
21 3 -1.000283341022934e+00 -1.898067091994281e-03 -9.172303044497076e-04 -1.007687311185663e+00
21 4 -1.000283513043270e+00 -1.898448165704991e-03 -9.170009142916825e-04 -1.007685961922032e+00
21 5 -1.000283675661507e+00 -1.898785616847734e-03 -9.168155823505871e-04 -1.007684718363972e+00
21 6 -1.000283822801585e+00 -1.899066732408325e-03 -9.166805726458743e-04 -1.007683627560532e+00
21 7 -1.000283948953257e+00 -1.899281039964505e-03 -9.165998491024098e-04 -1.007682730593496e+00
21 8 -1.000284049361910e+00 -1.899420661052251e-03 -9.165751058470616e-04 -1.007682061122992e+00
21 9 -1.000284120197376e+00 -1.899480561309814e-03 -9.166059100474268e-04 -1.007681644212991e+00
21 10 -1.000284158697421e+00 -1.899458695342049e-03 -9.166899223413816e-04 -1.007681495464472e+00
21 11 -1.000284163280784e+00 -1.899356047531670e-03 -9.168231584739111e-04 -1.007681620476038e+00
21 12 -1.000284133624017e+00 -1.899176572525060e-03 -9.170002576196651e-04 -1.007682014644920e+00
21 13 -1.000284070696507e+00 -1.898927040970512e-03 -9.172147288014726e-04 -1.007682663314242e+00
21 14 -1.000283976748902e+00 -1.898616797134064e-03 -9.174591579690686e-04 -1.007683542264973e+00
21 15 -1.000283855251576e+00 -1.898257435395265e-03 -9.177253727785725e-04 -1.007684618543518e+00
21 16 -1.000283710781753e+00 -1.897862402999692e-03 -9.180045757167180e-04 -1.007685851607781e+00
21 17 -1.000283548860725e+00 -1.897446537445852e-03 -9.182874662200601e-04 -1.007687194764563e+00
21 18 -1.000283375745818e+00 -1.897025548551370e-03 -9.185643786173060e-04 -1.007688596859693e+00
21 19 -1.000283198184773e+00 -1.896615457322057e-03 -9.188254645916782e-04 -1.007690004170732e+00
21 20 -1.000283023142711e+00 -1.896232006294694e-03 -9.190609443038333e-04 -1.007691362441366e+00
21 21 -1.000282857513885e+00 -1.895890059287660e-03 -9.192614382738303e-04 -1.007692618986178e+00
21 22 -1.000282707832078e+00 -1.895603012216438e-03 -9.194183751732332e-04 -1.007693724784357e+00
21 23 -1.000282579994374e+00 -1.895382239900601e-03 -9.195244532702184e-04 -1.007694636472999e+00
21 24 -1.000282479012558e+00 -1.895236605708671e-03 -9.195741181956064e-04 -1.007695318147559e+00
21 25 -1.000282408804864e+00 -1.895172061060916e-03 -9.195640080757999e-04 -1.007695742879845e+00
21 26 -1.000282372038558e+00 -1.895191359975753e-03 -9.194933111267637e-04 -1.007695893872503e+00
21 27 -1.000282370030972e+00 -1.895293909442107e-03 -9.193639839617184e-04 -1.007695765183967e+00
21 28 -1.000282402712852e+00 -1.895475769032298e-03 -9.191807921599539e-04 -1.007695361980410e+00
21 29 -1.000282468653505e+00 -1.895729803471048e-03 -9.189511546567035e-04 -1.007694700300380e+00
21 30 -1.000282565143063e+00 -1.896045981478856e-03 -9.186847953257279e-04 -1.007693806348703e+00
21 31 -1.000282688324184e+00 -1.896411804720236e-03 -9.183932260568838e-04 -1.007692715363729e+00
22 0 -1.000282636374561e+00 -1.896696076670510e-03 -9.183535263234480e-04 -1.007691886427268e+00
22 1 -1.000282796974364e+00 -1.897114890009359e-03 -9.180509402758668e-04 -1.007690540509244e+00
22 2 -1.000282967823129e+00 -1.897537075477128e-03 -9.177613540738513e-04 -1.007689140064948e+00
22 3 -1.000283142457561e+00 -1.897946273774224e-03 -9.174966172658133e-04 -1.007687739011576e+00
22 4 -1.000283314317852e+00 -1.898326763964927e-03 -9.172670949400818e-04 -1.007686390953701e+00
22 5 -1.000283476976008e+00 -1.898664065267929e-03 -9.170812454054165e-04 -1.007685147164310e+00
22 6 -1.000283624355529e+00 -1.898945471382105e-03 -9.169453524705689e-04 -1.007684054697614e+00
22 7 -1.000283750938149e+00 -1.899160500101248e-03 -9.168634140103417e-04 -1.007683154693570e+00
22 8 -1.000283851953726e+00 -1.899301246696543e-03 -9.168371711301308e-04 -1.007682480922576e+00
22 9 -1.000283923549493e+00 -1.899362634857595e-03 -9.168662491585893e-04 -1.007682058607661e+00
22 10 -1.000283962934321e+00 -1.899342563092606e-03 -9.169483755278488e-04 -1.007681903552185e+00
22 11 -1.000283968492845e+00 -1.899241947589940e-03 -9.170796386334791e-04 -1.007682021593412e+00
22 12 -1.000283939863637e+00 -1.899064665165579e-03 -9.172547535438867e-04 -1.007682408394992e+00
22 13 -1.000283877975774e+00 -1.898817401940110e-03 -9.174673057585466e-04 -1.007683049584057e+00
22 14 -1.000283785038959e+00 -1.898509414328821e-03 -9.177099551937417e-04 -1.007683921231773e+00
22 15 -1.000283664483691e+00 -1.898152209058063e-03 -9.179745976915663e-04 -1.007684990669394e+00
22 16 -1.000283520850058e+00 -1.897759149300879e-03 -9.182524954784967e-04 -1.007686217623276e+00
22 17 -1.000283359626487e+00 -1.897344995301236e-03 -9.185343975192027e-04 -1.007687555641595e+00
22 18 -1.000283187043086e+00 -1.896925389645529e-03 -9.188106760011166e-04 -1.007688953774009e+00
22 19 -1.000283009827175e+00 -1.896516299161956e-03 -9.190715070930612e-04 -1.007690358454894e+00
22 20 -1.000282834931077e+00 -1.896133427680312e-03 -9.193071205488026e-04 -1.007691715530643e+00
22 21 -1.000282669244309e+00 -1.895791617242517e-03 -9.195081311796541e-04 -1.007692972360457e+00
22 22 -1.000282519304009e+00 -1.895504259464064e-03 -9.196659474901802e-04 -1.007694079908990e+00
22 23 -1.000282391018344e+00 -1.895282742230719e-03 -9.197732343714910e-04 -1.007694994741019e+00
22 24 -1.000282289417235e+00 -1.895135958703720e-03 -9.198243918550002e-04 -1.007695680825521e+00
22 25 -1.000282218443276e+00 -1.895069905597507e-03 -9.198160013455229e-04 -1.007696111059372e+00
22 26 -1.000282180793372e+00 -1.895087395888316e-03 -9.197471851840881e-04 -1.007696268429147e+00
22 27 -1.000282177818693e+00 -1.895187906832818e-03 -9.196198278006171e-04 -1.007696146744591e+00
22 28 -1.000282209486768e+00 -1.895367576814017e-03 -9.194386192810550e-04 -1.007695750900354e+00
22 29 -1.000282274405204e+00 -1.895619354780233e-03 -9.192109024581030e-04 -1.007695096651634e+00
22 30 -1.000282369902511e+00 -1.895933295717920e-03 -9.189463271595061e-04 -1.007694209919664e+00
22 31 -1.000282492158458e+00 -1.896296986247519e-03 -9.186563362345324e-04 -1.007693125669875e+00
23 0 -1.000282441029261e+00 -1.896524419598383e-03 -9.188900878786000e-04 -1.007692373884688e+00
23 1 -1.000282600864471e+00 -1.896941439330046e-03 -9.185883550336790e-04 -1.007691033497417e+00
23 2 -1.000282771077712e+00 -1.897362069585782e-03 -9.182993527634159e-04 -1.007689637678549e+00
23 3 -1.000282945230047e+00 -1.897770009780750e-03 -9.180349084334246e-04 -1.007688240171871e+00
23 4 -1.000283116780723e+00 -1.898149587193248e-03 -9.178053757222459e-04 -1.007686894446530e+00
23 5 -1.000283279314665e+00 -1.898486356838463e-03 -9.176192131929746e-04 -1.007685651683260e+00
23 6 -1.000283426761382e+00 -1.898767634103138e-03 -9.174827167792884e-04 -1.007684558891865e+00
23 7 -1.000283553601206e+00 -1.898982943241146e-03 -9.173999076302017e-04 -1.007683657218666e+00
23 8 -1.000283655055128e+00 -1.899124370410332e-03 -9.173725600569846e-04 -1.007682980491532e+00
23 9 -1.000283727254326e+00 -1.899186814891213e-03 -9.174003412951177e-04 -1.007682554040210e+00
23 10 -1.000283767384937e+00 -1.899168136155265e-03 -9.174810281023509e-04 -1.007682393820924e+00
23 11 -1.000283773802896e+00 -1.899069197836864e-03 -9.176107639360680e-04 -1.007682505865515e+00
23 12 -1.000283746113193e+00 -1.898893812489423e-03 -9.177843224853964e-04 -1.007682886067261e+00
23 13 -1.000283685207870e+00 -1.898648592815137e-03 -9.179953490341592e-04 -1.007683520308886e+00
23 14 -1.000283593257747e+00 -1.898342715652620e-03 -9.182365621266436e-04 -1.007684384932654e+00
23 15 -1.000283473654223e+00 -1.897987605127575e-03 -9.184999129062345e-04 -1.007685447545671e+00
23 16 -1.000283330899691e+00 -1.897596542037958e-03 -9.187767135210910e-04 -1.007686668143914e+00
23 17 -1.000283170447922e+00 -1.897184207930460e-03 -9.190577555502117e-04 -1.007688000527434e+00
23 18 -1.000282998498935e+00 -1.896766173862971e-03 -9.193334447242426e-04 -1.007689393968606e+00
23 19 -1.000282821755766e+00 -1.896358345422080e-03 -9.195939801706386e-04 -1.007690795085528e+00
23 20 -1.000282647153164e+00 -1.895976377919866e-03 -9.198296029751130e-04 -1.007692149861933e+00
23 21 -1.000282481570353e+00 -1.895635079343457e-03 -9.200309273316168e-04 -1.007693405743005e+00
23 22 -1.000282331541706e+00 -1.895347822846605e-03 -9.201893495322974e-04 -1.007694513725158e+00
23 23 -1.000282202980032e+00 -1.895125993954454e-03 -9.202975113062491e-04 -1.007695430350230e+00
23 24 -1.000282100926866e+00 -1.894978499410979e-03 -9.203497792351328e-04 -1.007696119511640e+00
23 25 -1.000282029342788e+00 -1.894911364710754e-03 -9.203426918998957e-04 -1.007696553982122e+00
23 26 -1.000281990948378e+00 -1.894927445598663e-03 -9.202753210539566e-04 -1.007696716580743e+00
23 27 -1.000281987123332e+00 -1.895026274410868e-03 -9.201494950685481e-04 -1.007696600912821e+00
23 28 -1.000282017867449e+00 -1.895204054686796e-03 -9.199698449251729e-04 -1.007696211639862e+00
23 29 -1.000282081823080e+00 -1.895453807887455e-03 -9.197436534620816e-04 -1.007695564265026e+00
23 30 -1.000282176354679e+00 -1.895765665941941e-03 -9.194805117175411e-04 -1.007694684448860e+00
23 31 -1.000282297677973e+00 -1.896127293973250e-03 -9.191918073483718e-04 -1.007693606897058e+00
24 0 -1.000282254794851e+00 -1.896304305994845e-03 -9.196777854032766e-04 -1.007692914673793e+00
24 1 -1.000282413819722e+00 -1.896719493559101e-03 -9.193767398994060e-04 -1.007691580108915e+00
24 2 -1.000282583317047e+00 -1.897138437478897e-03 -9.190882523146230e-04 -1.007690189485063e+00
24 3 -1.000282756875443e+00 -1.897544901043946e-03 -9.188241308428544e-04 -1.007688796349651e+00
24 4 -1.000282927977648e+00 -1.897923268372737e-03 -9.185947169794483e-04 -1.007687454003295e+00
24 5 -1.000283090226914e+00 -1.898259141864054e-03 -9.184084650032190e-04 -1.007686213493258e+00
24 6 -1.000283237564908e+00 -1.898539872722532e-03 -9.182716745551654e-04 -1.007685121737234e+00
24 7 -1.000283364477323e+00 -1.898755007961306e-03 -9.181883777934828e-04 -1.007684219835060e+00
24 8 -1.000283466183445e+00 -1.898896642499302e-03 -9.181603666878841e-04 -1.007683541615916e+00
24 9 -1.000283538805644e+00 -1.898959669786274e-03 -9.181873326027525e-04 -1.007683112459423e+00
24 10 -1.000283579514288e+00 -1.898941928665451e-03 -9.182670826110632e-04 -1.007682948419664e+00
24 11 -1.000283586643050e+00 -1.898844247797502e-03 -9.183957955541995e-04 -1.007683055671765e+00
24 12 -1.000283559769038e+00 -1.898670391643891e-03 -9.185682838373256e-04 -1.007683430292706e+00
24 13 -1.000283499752000e+00 -1.898426913526582e-03 -9.187782332818063e-04 -1.007684058382327e+00
24 14 -1.000283408727400e+00 -1.898122921881747e-03 -9.190184037490991e-04 -1.007684916524961e+00
24 15 -1.000283290049707e+00 -1.897769766173964e-03 -9.192807872445220e-04 -1.007685972584811e+00
24 16 -1.000283148184448e+00 -1.897380649595694e-03 -9.195567343896260e-04 -1.007687186818568e+00
24 17 -1.000282988550304e+00 -1.896970176725821e-03 -9.198370706857368e-04 -1.007688513278603e+00
24 18 -1.000282817315516e+00 -1.896553845649037e-03 -9.201122296817065e-04 -1.007689901470108e+00
24 19 -1.000282641155898e+00 -1.896147495841270e-03 -9.203724314133368e-04 -1.007691298215166e+00
24 20 -1.000282466984451e+00 -1.895766725834513e-03 -9.206079303576750e-04 -1.007692649664990e+00
24 21 -1.000282301664853e+00 -1.895426298333845e-03 -9.208093458727327e-04 -1.007693903389434e+00
24 22 -1.000282151722597e+00 -1.895139554416767e-03 -9.209680707167278e-04 -1.007695010462287e+00
24 23 -1.000282023068417e+00 -1.894917861758366e-03 -9.210767345378597e-04 -1.007695927453385e+00
24 24 -1.000281920748451e+00 -1.894770123824944e-03 -9.211296839439163e-04 -1.007696618234921e+00
24 25 -1.000281848734240e+00 -1.894702377269201e-03 -9.211234304907727e-04 -1.007697055510932e+00
24 26 -1.000281809763233e+00 -1.894717502870674e-03 -9.210570128834189e-04 -1.007697221987447e+00
24 27 -1.000281805237228e+00 -1.894815070770816e-03 -9.209322218176409e-04 -1.007697111117264e+00
24 28 -1.000281835182476e+00 -1.894991333395219e-03 -9.207536476639248e-04 -1.007696727376512e+00
24 29 -1.000281898271132e+00 -1.895239370096268e-03 -9.205285314266504e-04 -1.007696086057811e+00
24 30 -1.000281991899818e+00 -1.895549377476039e-03 -9.202664227512727e-04 -1.007695212593937e+00
24 31 -1.000282112317741e+00 -1.895909089813974e-03 -9.199786700591806e-04 -1.007694141453602e+00
25 0 -1.000282084840436e+00 -1.896044017541859e-03 -9.206862477039971e-04 -1.007693488757353e+00
25 1 -1.000282243039150e+00 -1.896457402049303e-03 -9.203857033115756e-04 -1.007692160091167e+00
25 2 -1.000282411766502e+00 -1.896874590554506e-03 -9.200976477097128e-04 -1.007690775040712e+00
25 3 -1.000282584640850e+00 -1.897279412960204e-03 -9.198338737707897e-04 -1.007689386941380e+00
25 4 -1.000282755171874e+00 -1.897656316501529e-03 -9.196047106242185e-04 -1.007688048899176e+00
25 5 -1.000282916985757e+00 -1.897990960610746e-03 -9.194186036433732e-04 -1.007686811792310e+00
25 6 -1.000283064042069e+00 -1.898270745236038e-03 -9.192818470220732e-04 -1.007685722401791e+00
25 7 -1.000283190838589e+00 -1.898485255950604e-03 -9.191984707486363e-04 -1.007684821728726e+00
25 8 -1.000283292600259e+00 -1.898626614243460e-03 -9.191702681648646e-04 -1.007684143546446e+00
25 9 -1.000283365448226e+00 -1.898689726564811e-03 -9.191969361948322e-04 -1.007683713225478e+00
25 10 -1.000283406544617e+00 -1.898672430284649e-03 -9.192762918984753e-04 -1.007683546859130e+00
25 11 -1.000283414208132e+00 -1.898575538064897e-03 -9.194045279776245e-04 -1.007683650708938e+00
25 12 -1.000283387994805e+00 -1.898402784360872e-03 -9.195764738446674e-04 -1.007684020982504e+00
25 13 -1.000283328738042e+00 -1.898160679359123e-03 -9.197858352724024e-04 -1.007684643950230e+00
25 14 -1.000283238542767e+00 -1.897858276747434e-03 -9.200253949792215e-04 -1.007685496400611e+00
25 15 -1.000283120730074e+00 -1.897506862141172e-03 -9.202871698799145e-04 -1.007686546426289e+00
25 16 -1.000282979730913e+00 -1.897119569060361e-03 -9.205625357556818e-04 -1.007687754525263e+00
25 17 -1.000282820929824e+00 -1.896710929904227e-03 -9.208423417926749e-04 -1.007689074992744e+00
25 18 -1.000282650462785e+00 -1.896296370965024e-03 -9.211170429401804e-04 -1.007690457568397e+00
25 19 -1.000282474976385e+00 -1.895891662951409e-03 -9.213768780343450e-04 -1.007691849291596e+00
25 20 -1.000282301358461e+00 -1.895512341323151e-03 -9.216121169893547e-04 -1.007693196505306e+00
25 21 -1.000282136452432e+00 -1.895173113964100e-03 -9.218133899759832e-04 -1.007694446938188e+00
25 22 -1.000281986769095e+00 -1.894887277421818e-03 -9.219720950563521e-04 -1.007695551784391e+00
25 23 -1.000281858210440e+00 -1.894666166536117e-03 -9.220808616996353e-04 -1.007696467692137e+00
25 24 -1.000281755819996e+00 -1.894518664596595e-03 -9.221340313411748e-04 -1.007697158567886e+00
25 25 -1.000281683572810e+00 -1.894450801336226e-03 -9.221281057023545e-04 -1.007697597105046e+00
25 26 -1.000281644215710e+00 -1.894465463902998e-03 -9.220621092596656e-04 -1.007697765955384e+00
25 27 -1.000281639165280e+00 -1.894562241453080e-03 -9.219378147871122e-04 -1.007697658477221e+00
25 28 -1.000281668467365e+00 -1.894737416998860e-03 -9.217597922108601e-04 -1.007697279016612e+00
25 29 -1.000281730817869e+00 -1.894984110838150e-03 -9.215352607416232e-04 -1.007696642705382e+00
25 30 -1.000281823640566e+00 -1.895292569514218e-03 -9.212737477691376e-04 -1.007695774790125e+00
25 31 -1.000281943214359e+00 -1.895650584569204e-03 -9.209865797367619e-04 -1.007694709534257e+00
26 0 -1.000281937759918e+00 -1.895753392206090e-03 -9.218769187285367e-04 -1.007694074538643e+00
26 1 -1.000282095147691e+00 -1.896165070543432e-03 -9.215766731795982e-04 -1.007692751625428e+00
26 2 -1.000282263079882e+00 -1.896580500312198e-03 -9.212889545261898e-04 -1.007691372317678e+00
26 3 -1.000282435205552e+00 -1.896983578061643e-03 -9.210255448551067e-04 -1.007689989731707e+00
26 4 -1.000282605063670e+00 -1.897358817922102e-03 -9.207967609127844e-04 -1.007688656760703e+00
26 5 -1.000282766307128e+00 -1.897691943972086e-03 -9.206110343233010e-04 -1.007687424084400e+00
26 6 -1.000282912918587e+00 -1.897970416204272e-03 -9.204746445340381e-04 -1.007686338307020e+00
26 7 -1.000283039414259e+00 -1.898183873198151e-03 -9.203916063181684e-04 -1.007685440281965e+00
26 8 -1.000283141031887e+00 -1.898324479829073e-03 -9.203636981470615e-04 -1.007684763671515e+00
26 9 -1.000283213899029e+00 -1.898387173997958e-03 -9.203906034112976e-04 -1.007684333778080e+00
26 10 -1.000283255177491e+00 -1.898369811025841e-03 -9.204701278179182e-04 -1.007684166673404e+00
26 11 -1.000283263178920e+00 -1.898273207233074e-03 -9.205984554953432e-04 -1.007684268645063e+00
26 12 -1.000283237445834e+00 -1.898101086120192e-03 -9.207704106742365e-04 -1.007684635973779e+00
26 13 -1.000283178792167e+00 -1.897859932454510e-03 -9.209796980462968e-04 -1.007685255048020e+00
26 14 -1.000283089298274e+00 -1.897558761060020e-03 -9.212191037098498e-04 -1.007686102814350e+00
26 15 -1.000282972256810e+00 -1.897208807328841e-03 -9.214806519868239e-04 -1.007687147555385e+00
26 16 -1.000282832067847e+00 -1.896823145913624e-03 -9.217557291354627e-04 -1.007688349981177e+00
26 17 -1.000282674084034e+00 -1.896416244410848e-03 -9.220351971427539e-04 -1.007689664611450e+00
26 18 -1.000282504409718e+00 -1.896003460908240e-03 -9.223095257643010e-04 -1.007691041413944e+00
26 19 -1.000282329661295e+00 -1.895600497131938e-03 -9.225689701781281e-04 -1.007692427650871e+00
26 20 -1.000282156698920e+00 -1.895222821585779e-03 -9.228038170767522e-04 -1.007693769874069e+00
26 21 -1.000281992341804e+00 -1.894885079888355e-03 -9.230047125165263e-04 -1.007695015999277e+00
26 22 -1.000281843080807e+00 -1.894600513228298e-03 -9.231630687598664e-04 -1.007696117379615e+00
26 23 -1.000281714802872e+00 -1.894380409814910e-03 -9.232715276270845e-04 -1.007697030789046e+00
26 24 -1.000281612541813e+00 -1.894233616617652e-03 -9.233244409085603e-04 -1.007697720222313e+00
26 25 -1.000281540268524e+00 -1.894166138564907e-03 -9.233183182297761e-04 -1.007698158420914e+00
26 26 -1.000281500731258e+00 -1.894180850072501e-03 -9.232521892078642e-04 -1.007698328043976e+00
26 27 -1.000281495353454e+00 -1.894277339589818e-03 -9.231278293139602e-04 -1.007698222417705e+00
26 28 -1.000281524192963e+00 -1.894451901159242e-03 -9.229498093985956e-04 -1.007697845818495e+00
26 29 -1.000281585962475e+00 -1.894697677521657e-03 -9.227253481324401e-04 -1.007697213273125e+00
26 30 -1.000281678106837e+00 -1.895004948542384e-03 -9.224639706619624e-04 -1.007696349890706e+00
26 31 -1.000281796929688e+00 -1.895361548995378e-03 -9.221769992073749e-04 -1.007695289768952e+00
27 0 -1.000281819308992e+00 -1.895443471139270e-03 -9.232045094637813e-04 -1.007694649620736e+00
27 1 -1.000281975932093e+00 -1.895853605613408e-03 -9.229043493143192e-04 -1.007693332094000e+00
27 2 -1.000282143074217e+00 -1.896267340318642e-03 -9.226168614583175e-04 -1.007691958479207e+00
27 3 -1.000282314414843e+00 -1.896668635815994e-03 -9.223538219154492e-04 -1.007690581675454e+00
27 4 -1.000282483523502e+00 -1.897042074470592e-03 -9.221255350771060e-04 -1.007689254352735e+00
27 5 -1.000282644082707e+00 -1.897373450415243e-03 -9.219404142290367e-04 -1.007688026969598e+00
27 6 -1.000282790102586e+00 -1.897650292816338e-03 -9.218047153875440e-04 -1.007686945919652e+00
27 7 -1.000282916123377e+00 -1.897862305582389e-03 -9.217224257469129e-04 -1.007686051865526e+00
27 8 -1.000283017402223e+00 -1.898001712070720e-03 -9.216952929908440e-04 -1.007685378307668e+00
27 9 -1.000283090080560e+00 -1.898063499048240e-03 -9.217229678525313e-04 -1.007684950423435e+00
27 10 -1.000283131327908e+00 -1.898045558736393e-03 -9.218032234091416e-04 -1.007684784202345e+00
27 11 -1.000283139457062e+00 -1.897948730598369e-03 -9.219322132024147e-04 -1.007684885896678e+00
27 12 -1.000283114005002e+00 -1.897776746452442e-03 -9.221047344938510e-04 -1.007685251800572e+00
27 13 -1.000283055773760e+00 -1.897536084346811e-03 -9.223144696524007e-04 -1.007685868363576e+00
27 14 -1.000282966826125e+00 -1.897235737958083e-03 -9.225541878523297e-04 -1.007686712637245e+00
27 15 -1.000282850432471e+00 -1.896886908344130e-03 -9.228159025194588e-04 -1.007687753047412e+00
27 16 -1.000282710966909e+00 -1.896502624335993e-03 -9.230909954184957e-04 -1.007688950478743e+00
27 17 -1.000282553753572e+00 -1.896097298310540e-03 -9.233703304052187e-04 -1.007690259649248e+00
27 18 -1.000282384866934e+00 -1.895686226166038e-03 -9.236443850233964e-04 -1.007691630740156e+00
27 19 -1.000282210893341e+00 -1.895285043094538e-03 -9.239034274213801e-04 -1.007693011233646e+00
27 20 -1.000282038663809e+00 -1.894909149360808e-03 -9.241377615234331e-04 -1.007694347899642e+00
27 21 -1.000281874970323e+00 -1.894573123192993e-03 -9.243380539217051e-04 -1.007695588862311e+00
27 22 -1.000281726279353e+00 -1.894290141684770e-03 -9.244957398686683e-04 -1.007696685666215e+00
27 23 -1.000281598457123e+00 -1.894071434523543e-03 -9.246034858673975e-04 -1.007697595253071e+00
27 24 -1.000281496521012e+00 -1.893925797693071e-03 -9.246556692529043e-04 -1.007698281756228e+00
27 25 -1.000281424430203e+00 -1.893859194209050e-03 -9.246488251610481e-04 -1.007698718022721e+00
27 26 -1.000281384926269e+00 -1.893874466786065e-03 -9.245820080052699e-04 -1.007698886781480e+00
27 27 -1.000281379431236e+00 -1.893971183238771e-03 -9.244570170513841e-04 -1.007698781390875e+00
27 28 -1.000281408006899e+00 -1.894145628685203e-03 -9.242784457296196e-04 -1.007698406120675e+00
27 29 -1.000281469375131e+00 -1.894390949071813e-03 -9.240535334137746e-04 -1.007697775952106e+00
27 30 -1.000281560994955e+00 -1.894697439741770e-03 -9.237918229453674e-04 -1.007696915910696e+00
27 31 -1.000281679188895e+00 -1.895052963010365e-03 -9.235046502256375e-04 -1.007695859974337e+00
28 0 -1.000281734167985e+00 -1.895126093255145e-03 -9.246186681608164e-04 -1.007695191650887e+00
28 1 -1.000281890102460e+00 -1.895534906577308e-03 -9.243183742179437e-04 -1.007693878933614e+00
28 2 -1.000282056490110e+00 -1.895947075548634e-03 -9.240310010258087e-04 -1.007692510741597e+00
28 3 -1.000282227039405e+00 -1.896346619716506e-03 -9.237683232193740e-04 -1.007691139766827e+00
28 4 -1.000282395350670e+00 -1.896718188589082e-03 -9.235406333040224e-04 -1.007689818453617e+00
28 5 -1.000282555137881e+00 -1.897047649195345e-03 -9.233563225201823e-04 -1.007688597024561e+00
28 6 -1.000282700441934e+00 -1.897322606341732e-03 -9.232216157133722e-04 -1.007687521636876e+00
28 7 -1.000282825831718e+00 -1.897532839037889e-03 -9.231404608897788e-04 -1.007686632726855e+00
28 8 -1.000282926589658e+00 -1.897670641975001e-03 -9.231145597750791e-04 -1.007685963588591e+00
28 9 -1.000282998878038e+00 -1.897731066323275e-03 -9.231435124169790e-04 -1.007685539222231e+00
28 10 -1.000283039881832e+00 -1.897712058682539e-03 -9.232250394182602e-04 -1.007685375477667e+00
28 11 -1.000283047923089e+00 -1.897614500238849e-03 -9.233552429927973e-04 -1.007685478511916e+00
28 12 -1.000283022541457e+00 -1.897442150235373e-03 -9.235288723013844e-04 -1.007685844571850e+00
28 13 -1.000282964535180e+00 -1.897201499234036e-03 -9.237395663099069e-04 -1.007686460107960e+00
28 14 -1.000282875957259e+00 -1.896901538470602e-03 -9.239800571643017e-04 -1.007687302219124e+00
28 15 -1.000282760062812e+00 -1.896553451838391e-03 -9.242423295758806e-04 -1.007688339422174e+00
28 16 -1.000282621205851e+00 -1.896170237028486e-03 -9.245177462391501e-04 -1.007689532732537e+00
28 17 -1.000282464686420e+00 -1.895766262885616e-03 -9.247971617287688e-04 -1.007690837032748e+00
28 18 -1.000282296552009e+00 -1.895356771615789e-03 -9.250710535423201e-04 -1.007692202694617e+00
28 19 -1.000282123360222e+00 -1.894957336934333e-03 -9.253296985520666e-04 -1.007693577408970e+00
28 20 -1.000281951912619e+00 -1.894583292166467e-03 -9.255634178216443e-04 -1.007694908164791e+00
28 21 -1.000281788972003e+00 -1.894249145606665e-03 -9.257629026974766e-04 -1.007696143307910e+00
28 22 -1.000281640976983e+00 -1.893968004097154e-03 -9.259196194325379e-04 -1.007697234598995e+00
28 23 -1.000281513768201e+00 -1.893751029292994e-03 -9.260262703798832e-04 -1.007698139182747e+00
28 24 -1.000281412340518e+00 -1.893606953449079e-03 -9.260772725439967e-04 -1.007698821376313e+00
28 25 -1.000281340634264e+00 -1.893541681945155e-03 -9.260692036282479e-04 -1.007699254186285e+00
28 26 -1.000281301376436e+00 -1.893558007799128e-03 -9.260011622987870e-04 -1.007699420471742e+00
28 27 -1.000281295979380e+00 -1.893655458955328e-03 -9.258749923195947e-04 -1.007699313686559e+00
28 28 -1.000281324500559e+00 -1.893830292049106e-03 -9.256953304930149e-04 -1.007698938157215e+00
28 29 -1.000281385663070e+00 -1.894075636980340e-03 -9.254694571196031e-04 -1.007698308880493e+00
28 30 -1.000281476932753e+00 -1.894381786192161e-03 -9.252069520437200e-04 -1.007697450855184e+00
28 31 -1.000281594644490e+00 -1.894736612733450e-03 -9.249191827097330e-04 -1.007696397989754e+00
29 0 -1.000281685742101e+00 -1.894813450352040e-03 -9.260658147110638e-04 -1.007695679219878e+00
29 1 -1.000281841091196e+00 -1.895221218052575e-03 -9.257651678010056e-04 -1.007694370543878e+00
29 2 -1.000282006789528e+00 -1.895632012437358e-03 -9.254777845385292e-04 -1.007693007291142e+00
29 3 -1.000282176572082e+00 -1.896029904866771e-03 -9.252154430309768e-04 -1.007691641964236e+00
29 4 -1.000282344069057e+00 -1.896399608379457e-03 -9.249884251296461e-04 -1.007690326787691e+00
29 5 -1.000282503026476e+00 -1.896727062872239e-03 -9.248050973417586e-04 -1.007689111742588e+00
29 6 -1.000282647518087e+00 -1.896999952313057e-03 -9.246716465894789e-04 -1.007688042733183e+00
29 7 -1.000282772145013e+00 -1.897208137760080e-03 -9.245919712180129e-04 -1.007687159942372e+00
29 8 -1.000282872219909e+00 -1.897343995329942e-03 -9.245677135292200e-04 -1.007686496421337e+00
29 9 -1.000282943932012e+00 -1.897402653438439e-03 -9.245984071158794e-04 -1.007686076948332e+00
29 10 -1.000282984488779e+00 -1.897382128259445e-03 -9.246817024554237e-04 -1.007685917182220e+00
29 11 -1.000282992229271e+00 -1.897283359833717e-03 -9.248136312691841e-04 -1.007686023128034e+00
29 12 -1.000282966704067e+00 -1.897110153311170e-03 -9.249888746180562e-04 -1.007686390925177e+00
29 13 -1.000282908716032e+00 -1.896869030783587e-03 -9.252010082783804e-04 -1.007687006963957e+00
29 14 -1.000282820316523e+00 -1.896568999711344e-03 -9.254427088629940e-04 -1.007687848331323e+00
29 15 -1.000282704752912e+00 -1.896221244392642e-03 -9.257059158569057e-04 -1.007688883580116e+00
29 16 -1.000282566365693e+00 -1.895838747261715e-03 -9.259819587091989e-04 -1.007690073807743e+00
29 17 -1.000282410436220e+00 -1.895435847253312e-03 -9.262616711853499e-04 -1.007691374020574e+00
29 18 -1.000282242988999e+00 -1.895027743645100e-03 -9.265355223856954e-04 -1.007692734750293e+00
29 19 -1.000282070555345e+00 -1.894629956111572e-03 -9.267937933187669e-04 -1.007694103876959e+00
29 20 -1.000281899908187e+00 -1.894257754933171e-03 -9.270268216020922e-04 -1.007695428600965e+00
29 21 -1.000281737780373e+00 -1.893925578787116e-03 -9.272253264978996e-04 -1.007696657493929e+00
29 22 -1.000281590580276e+00 -1.893646460966696e-03 -9.273808117466628e-04 -1.007697742548569e+00
29 23 -1.000281464119074e+00 -1.893431488135883e-03 -9.274860251969882e-04 -1.007698641140307e+00
29 24 -1.000281363363843e+00 -1.893289318320327e-03 -9.275354363843332e-04 -1.007699317808866e+00
29 25 -1.000281292229639e+00 -1.893225785656927e-03 -9.275256814471433e-04 -1.007699745768502e+00
29 26 -1.000281253421568e+00 -1.893243617454738e-03 -9.274559213475899e-04 -1.007699908063535e+00
29 27 -1.000281248334379e+00 -1.893342284163876e-03 -9.273280633869208e-04 -1.007699798302849e+00
29 28 -1.000281277013074e+00 -1.893517995452951e-03 -9.271468068722089e-04 -1.007699420930970e+00
29 29 -1.000281338173981e+00 -1.893763846496580e-03 -9.269194918884026e-04 -1.007698791020866e+00
29 30 -1.000281429282171e+00 -1.894070108553036e-03 -9.266557536294457e-04 -1.007697933602361e+00
29 31 -1.000281546677855e+00 -1.894424648076232e-03 -9.263670082780641e-04 -1.007696882567752e+00
30 0 -1.000281676009948e+00 -1.894517618769755e-03 -9.274910832016683e-04 -1.007696092774599e+00
30 1 -1.000281830900411e+00 -1.894924659303367e-03 -9.271898705152665e-04 -1.007694787208155e+00
30 2 -1.000281996002068e+00 -1.895334325733974e-03 -9.269023463107860e-04 -1.007693428213464e+00
30 3 -1.000282165072911e+00 -1.895730732036701e-03 -9.266402972937207e-04 -1.007692068128677e+00
30 4 -1.000282331770860e+00 -1.896098648633851e-03 -9.264139964854597e-04 -1.007690758973215e+00
30 5 -1.000282489873271e+00 -1.896424085358093e-03 -9.262317838362563e-04 -1.007689550490750e+00
30 6 -1.000282633487589e+00 -1.896694805772915e-03 -9.260998029278875e-04 -1.007688488325852e+00
30 7 -1.000282757249539e+00 -1.896900756740621e-03 -9.260218940128293e-04 -1.007687612390740e+00
30 8 -1.000282856505766e+00 -1.897034402633131e-03 -9.259996291467822e-04 -1.007686955466802e+00
30 9 -1.000282927477427e+00 -1.897090958813711e-03 -9.260324624420870e-04 -1.007686542074806e+00
30 10 -1.000282967400574e+00 -1.897068523540025e-03 -9.261179590010960e-04 -1.007686387638676e+00
30 11 -1.000282974638484e+00 -1.896968110793721e-03 -9.262520630370148e-04 -1.007686497959973e+00
30 12 -1.000282948760640e+00 -1.896793588587593e-03 -9.264293698507400e-04 -1.007686869013726e+00
30 13 -1.000282890582814e+00 -1.896551528368222e-03 -9.266433748639156e-04 -1.007687487070961e+00
30 14 -1.000282802162865e+00 -1.896250971702854e-03 -9.268866829987996e-04 -1.007688329148212e+00
30 15 -1.000282686748150e+00 -1.895903120763853e-03 -9.271511734487498e-04 -1.007689363778265e+00
30 16 -1.000282548672748e+00 -1.895520959319322e-03 -9.274281288162851e-04 -1.007690552088407e+00
30 17 -1.000282393205522e+00 -1.895118811370781e-03 -9.277083507946072e-04 -1.007691849162937e+00
30 18 -1.000282226352960e+00 -1.894711845833153e-03 -9.279822919741755e-04 -1.007693205656053e+00
30 19 -1.000282054623602e+00 -1.894315538000856e-03 -9.282402327486260e-04 -1.007694569609768e+00
30 20 -1.000281884763746e+00 -1.893945101659715e-03 -9.284725256903501e-04 -1.007695888419354e+00
30 21 -1.000281723476711e+00 -1.893614909075120e-03 -9.286699194623817e-04 -1.007697110877101e+00
30 22 -1.000281577139446e+00 -1.893337919515158e-03 -9.288239600793167e-04 -1.007698189214915e+00
30 23 -1.000281451530866e+00 -1.893125140365248e-03 -9.289274490761036e-04 -1.007699081058435e+00
30 24 -1.000281351586021e+00 -1.892985147629343e-03 -9.289749197570202e-04 -1.007699751200605e+00
30 25 -1.000281281189250e+00 -1.892923693455962e-03 -9.289630802894234e-04 -1.007700173103184e+00
30 26 -1.000281243017344e+00 -1.892943426231518e-03 -9.288911692006819e-04 -1.007700330043015e+00
30 27 -1.000281238440300e+00 -1.893043743645097e-03 -9.287611737460046e-04 -1.007700215837131e+00
30 28 -1.000281267483038e+00 -1.893220791637753e-03 -9.285778728323512e-04 -1.007699835104981e+00
30 29 -1.000281328847362e+00 -1.893467613125208e-03 -9.283486835767189e-04 -1.007699203053795e+00
30 30 -1.000281419989922e+00 -1.893774440540866e-03 -9.280833132879133e-04 -1.007698344801501e+00
30 31 -1.000281537248915e+00 -1.894129116524366e-03 -9.277932424176077e-04 -1.007697294278699e+00
31 0 -1.000281705429532e+00 -1.894250085875417e-03 -9.288403158391508e-04 -1.007696415494050e+00
31 1 -1.000281860006937e+00 -1.894656748712590e-03 -9.285383383327076e-04 -1.007695111976763e+00
31 2 -1.000282024628776e+00 -1.895065580439651e-03 -9.282505401814013e-04 -1.007693756385398e+00
31 3 -1.000282193071555e+00 -1.895460726630853e-03 -9.279887217206823e-04 -1.007692400925575e+00
31 4 -1.000282359017614e+00 -1.895827006586564e-03 -9.277631492844002e-04 -1.007691097434713e+00
31 5 -1.000282516273719e+00 -1.896150494361392e-03 -9.275821354958532e-04 -1.007689895432647e+00
31 6 -1.000282658980530e+00 -1.896419030345739e-03 -9.274517771936022e-04 -1.007688840307925e+00
31 7 -1.000282781809338e+00 -1.896622647443709e-03 -9.273758508424376e-04 -1.007687971695857e+00
31 8 -1.000282880143137e+00 -1.896753901588544e-03 -9.273558503483221e-04 -1.007687322091947e+00
31 9 -1.000282950238754e+00 -1.896808101542289e-03 -9.273911401240166e-04 -1.007686915733539e+00
31 10 -1.000282989365956e+00 -1.896783437185300e-03 -9.274791875545902e-04 -1.007686767774171e+00
31 11 -1.000282995918553e+00 -1.896681008708719e-03 -9.276158356599080e-04 -1.007686883768113e+00
31 12 -1.000282969492164e+00 -1.896504761364027e-03 -9.277955799206766e-04 -1.007687259475826e+00
31 13 -1.000282910923200e+00 -1.896261331763338e-03 -9.280118214833334e-04 -1.007687880994807e+00
31 14 -1.000282822283919e+00 -1.895959812244312e-03 -9.282570798431761e-04 -1.007688725215142e+00
31 15 -1.000282706829440e+00 -1.895611439808873e-03 -9.285231605751483e-04 -1.007689760593805e+00
31 16 -1.000282568894812e+00 -1.895229216154673e-03 -9.288012873184267e-04 -1.007690948234610e+00
31 17 -1.000282413743102e+00 -1.894827465891245e-03 -9.290822197005139e-04 -1.007692243250858e+00
31 18 -1.000282247368495e+00 -1.894421341455233e-03 -9.293563862682549e-04 -1.007693596376645e+00
31 19 -1.000282076261251e+00 -1.894026285485198e-03 -9.296140615472235e-04 -1.007694955781314e+00
31 20 -1.000281907144159e+00 -1.893657464311999e-03 -9.298456101162346e-04 -1.007696269030112e+00
31 21 -1.000281746692607e+00 -1.893329189596515e-03 -9.300418099449807e-04 -1.007697485122328e+00
31 22 -1.000281601252123e+00 -1.893054348803139e-03 -9.301942525862866e-04 -1.007698556527434e+00
31 23 -1.000281476567771e+00 -1.892843868714003e-03 -9.302957996548303e-04 -1.007699441131391e+00
31 24 -1.000281377539557e+00 -1.892706238784017e-03 -9.303410569218549e-04 -1.007700104001020e+00
31 25 -1.000281308016864e+00 -1.892647121802697e-03 -9.303268149268199e-04 -1.007700518875429e+00
31 26 -1.000281270642920e+00 -1.892669077246138e-03 -9.302524016337589e-04 -1.007700669301855e+00
31 27 -1.000281266756863e+00 -1.892771417660821e-03 -9.301198976657150e-04 -1.007700549350194e+00
31 28 -1.000281296356730e+00 -1.892950210899167e-03 -9.299341760695841e-04 -1.007700163864861e+00
31 29 -1.000281358122521e+00 -1.893198431894341e-03 -9.297027458104251e-04 -1.007699528240764e+00
31 30 -1.000281449494986e+00 -1.893506257844895e-03 -9.294354005575799e-04 -1.007698667738567e+00
31 31 -1.000281566802932e+00 -1.893861491112232e-03 -9.291436981527050e-04 -1.007697616380888e+00
