7.745405270284361e-07
1.000000000000000e-12
1.000000000000000e-17
3.539416221790099e-01
1.942717496888162e-01
-3.550473617955709e-02
-1.500017464083440e+00
1.901109735892602e-07
32
32
-2.466350921362859e-03
1
0 0 -1.000281408220089e+00 -1.893558753120780e-03 -9.313090940676038e-04 -1.007698150949868e+00
0 1 -1.000281603634283e+00 -1.894075058971062e-03 -9.309202233695350e-04 -1.007696498420339e+00
0 2 -1.000281811538066e+00 -1.894593266788236e-03 -9.305512375600976e-04 -1.007694781650052e+00
0 3 -1.000282024111302e+00 -1.895093231370663e-03 -9.302175129600944e-04 -1.007693066782408e+00
0 4 -1.000282233441662e+00 -1.895555751247970e-03 -9.299321998137379e-04 -1.007691419289246e+00
0 5 -1.000282431788312e+00 -1.895963301171767e-03 -9.297056798363307e-04 -1.007689901529698e+00
0 6 -1.000282611832227e+00 -1.896300666428509e-03 -9.295452614532049e-04 -1.007688570502361e+00
0 7 -1.000282766910832e+00 -1.896555460657150e-03 -9.294551086388211e-04 -1.007687475854613e+00
0 8 -1.000282891235035e+00 -1.896718516565778e-03 -9.294363760323381e-04 -1.007686658197372e+00
0 9 -1.000282980086336e+00 -1.896784146419521e-03 -9.294875036241078e-04 -1.007686147758471e+00
0 10 -1.000283029990229e+00 -1.896750275470620e-03 -9.296046117207937e-04 -1.007685963395317e+00
0 11 -1.000283038860157e+00 -1.896618455583068e-03 -9.297819335988624e-04 -1.007686111979520e+00
0 12 -1.000283006104442e+00 -1.896393768032259e-03 -9.300122289656233e-04 -1.007686588162240e+00
0 13 -1.000282932687672e+00 -1.896084624620441e-03 -9.302871338522386e-04 -1.007687374526231e+00
0 14 -1.000282821138129e+00 -1.895702475629716e-03 -9.305974201650027e-04 -1.007688442126733e+00
0 15 -1.000282675494257e+00 -1.895261432010532e-03 -9.309331598264508e-04 -1.007689751418214e+00
0 16 -1.000282501185759e+00 -1.894777807858550e-03 -9.312838118339559e-04 -1.007691253557158e+00
0 17 -1.000282304848843e+00 -1.894269588540019e-03 -9.316382710213105e-04 -1.007692892061659e+00
0 18 -1.000282094079687e+00 -1.893755830833933e-03 -9.319849301043399e-04 -1.007694604795066e+00
0 19 -1.000281877134809e+00 -1.893256004482315e-03 -9.323118092051421e-04 -1.007696326224082e+00
0 20 -1.000281662591087e+00 -1.892789289033381e-03 -9.326067990459497e-04 -1.007697989884054e+00
0 21 -1.000281458981502e+00 -1.892373845196299e-03 -9.328580458544358e-04 -1.007699530967575e+00
0 22 -1.000281274425160e+00 -1.892026085859588e-03 -9.330544794503578e-04 -1.007700888936893e+00
0 23 -1.000281116271562e+00 -1.891759978096692e-03 -9.331864552097733e-04 -1.007702010046247e+00
0 24 -1.000280990778976e+00 -1.891586412731980e-03 -9.332464518320996e-04 -1.007702849649442e+00
0 25 -1.000280902845264e+00 -1.891512680617233e-03 -9.332297458486236e-04 -1.007703374165291e+00
0 26 -1.000280855806287e+00 -1.891542093227000e-03 -9.331349743800754e-04 -1.007703562582765e+00
0 27 -1.000280851312488e+00 -1.891673778976782e-03 -9.329645019067885e-04 -1.007703407409936e+00
0 28 -1.000280889288364e+00 -1.891902676115694e-03 -9.327245254671723e-04 -1.007702915004419e+00
0 29 -1.000280967973203e+00 -1.892219729170050e-03 -9.324248836518987e-04 -1.007702105264535e+00
0 30 -1.000281084035629e+00 -1.892612280468790e-03 -9.320785722246088e-04 -1.007701010704612e+00
0 31 -1.000281232750010e+00 -1.893064633529192e-03 -9.317010057125481e-04 -1.007699674978780e+00
1 0 -1.000281541604543e+00 -1.893331813342770e-03 -9.326410870470431e-04 -1.007698272113826e+00
1 1 -1.000281737034581e+00 -1.893848699143170e-03 -9.322504493678744e-04 -1.007696619140161e+00
1 2 -1.000281944621748e+00 -1.894366646700028e-03 -9.318806186965124e-04 -1.007694904540315e+00
1 3 -1.000282156558271e+00 -1.894865520972747e-03 -9.315470081063610e-04 -1.007693194367137e+00
1 4 -1.000282364956527e+00 -1.895326163431646e-03 -9.312627667120708e-04 -1.007691553903262e+00
1 5 -1.000282562111720e+00 -1.895731122735733e-03 -9.310382365539046e-04 -1.007690045228665e+00
1 6 -1.000282740750862e+00 -1.896065286149351e-03 -9.308806487212076e-04 -1.007688724984329e+00
1 7 -1.000282894265662e+00 -1.896316393158273e-03 -9.307940552848972e-04 -1.007687642396319e+00
1 8 -1.000283016927383e+00 -1.896475420743034e-03 -9.307794696458218e-04 -1.007686837608236e+00
1 9 -1.000283104081513e+00 -1.896536837775601e-03 -9.308351676331597e-04 -1.007686340353527e+00
1 10 -1.000283152318731e+00 -1.896498732288137e-03 -9.309570892227515e-04 -1.007686168986681e+00
1 11 -1.000283159616438e+00 -1.896362818926709e-03 -9.311392783455713e-04 -1.007686329886020e+00
1 12 -1.000283125443265e+00 -1.896134335432870e-03 -9.313743042803517e-04 -1.007686817237279e+00
1 13 -1.000283050818060e+00 -1.895821837585489e-03 -9.316536198592699e-04 -1.007687613203202e+00
1 14 -1.000282938315203e+00 -1.895436901781885e-03 -9.319678285695494e-04 -1.007688688479572e+00
1 15 -1.000282792009373e+00 -1.894993743006180e-03 -9.323068547165406e-04 -1.007690003233785e+00
1 16 -1.000282617355385e+00 -1.894508754019100e-03 -9.326600352225487e-04 -1.007691508416852e+00
1 17 -1.000282421002556e+00 -1.893999970856865e-03 -9.330161724100643e-04 -1.007693147430204e+00
1 18 -1.000282210547679e+00 -1.893486471153507e-03 -9.333635992724419e-04 -1.007694858114007e+00
1 19 -1.000281994235382e+00 -1.892987714991156e-03 -9.336903108165288e-04 -1.007696575006594e+00
1 20 -1.000281780618564e+00 -1.892522842157001e-03 -9.339842074030804e-04 -1.007698231807871e+00
1 21 -1.000281578194961e+00 -1.892109944779796e-03 -9.342334785358254e-04 -1.007699763963374e+00
1 22 -1.000281395038421e+00 -1.891765340476375e-03 -9.344271290741834e-04 -1.007701111269176e+00
1 23 -1.000281238444877e+00 -1.891502877572097e-03 -9.345556186217507e-04 -1.007702220382872e+00
1 24 -1.000281114612831e+00 -1.891333309004786e-03 -9.346115558040185e-04 -1.007703047116066e+00
1 25 -1.000281028376450e+00 -1.891263773701558e-03 -9.345903683446387e-04 -1.007703558382365e+00
1 26 -1.000280983006343e+00 -1.891297422689658e-03 -9.344908606409238e-04 -1.007703733683867e+00
1 27 -1.000280980088605e+00 -1.891433221346117e-03 -9.343155747787421e-04 -1.007703566040170e+00
1 28 -1.000281019486870e+00 -1.891665948677037e-03 -9.340708895351140e-04 -1.007703062297608e+00
1 29 -1.000281099385526e+00 -1.891986400230034e-03 -9.337668229453122e-04 -1.007702242799502e+00
1 30 -1.000281216406380e+00 -1.892381785569305e-03 -9.334165414524791e-04 -1.007701140443052e+00
1 31 -1.000281365786760e+00 -1.892836296834967e-03 -9.330356149796577e-04 -1.007699799188105e+00
2 0 -1.000281715217210e+00 -1.893174791420600e-03 -9.336999022994061e-04 -1.007698242087222e+00
2 1 -1.000281910935276e+00 -1.893692843186134e-03 -9.333073104594083e-04 -1.007696586729808e+00
2 2 -1.000282118467170e+00 -1.894211118937751e-03 -9.329364531714975e-04 -1.007694872409281e+00
2 3 -1.000282330007291e+00 -1.894709471505123e-03 -9.326027866396524e-04 -1.007693165160011e+00
2 4 -1.000282537683165e+00 -1.895168763456993e-03 -9.323194644934707e-04 -1.007691530144095e+00
2 5 -1.000282733817590e+00 -1.895571596892080e-03 -9.320967939621849e-04 -1.007690029224560e+00
2 6 -1.000282911176616e+00 -1.895902942601431e-03 -9.319419333274994e-04 -1.007688718738422e+00
2 7 -1.000283063200923e+00 -1.896150650109193e-03 -9.318588271452585e-04 -1.007687647533545e+00
2 8 -1.000283184218795e+00 -1.896305828383292e-03 -9.318483512872138e-04 -1.007686855316244e+00
2 9 -1.000283269638666e+00 -1.896363095060044e-03 -9.319086196181636e-04 -1.007686371340021e+00
2 10 -1.000283316117766e+00 -1.896320698037347e-03 -9.320353921743785e-04 -1.007686213454289e+00
2 11 -1.000283321701126e+00 -1.896180516705560e-03 -9.322225225359594e-04 -1.007686387525864e+00
2 12 -1.000283285923424e+00 -1.895947951884828e-03 -9.324623875670764e-04 -1.007686887241833e+00
2 13 -1.000283209865339e+00 -1.895631714465365e-03 -9.327462537392590e-04 -1.007687694297619e+00
2 14 -1.000283096156456e+00 -1.895243522388681e-03 -9.330645512410637e-04 -1.007688778969611e+00
2 15 -1.000282948917914e+00 -1.894797713732400e-03 -9.334070500556887e-04 -1.007690101068396e+00
2 16 -1.000282773640496e+00 -1.894310781554393e-03 -9.337629571225543e-04 -1.007691611263680e+00
2 17 -1.000282576997604e+00 -1.893800835669493e-03 -9.341209739765686e-04 -1.007693252761837e+00
2 18 -1.000282366597307e+00 -1.893286998216100e-03 -9.344693656606226e-04 -1.007694963301991e+00
2 19 -1.000282150682236e+00 -1.892788742903772e-03 -9.347960938993036e-04 -1.007696677419922e+00
2 20 -1.000281937790045e+00 -1.892325191694685e-03 -9.350890607290784e-04 -1.007698328912884e+00
2 21 -1.000281736390527e+00 -1.891914387783409e-03 -9.353364917630355e-04 -1.007699853421832e+00
2 22 -1.000281554517974e+00 -1.891572570184187e-03 -9.355274612821134e-04 -1.007701191030462e+00
2 23 -1.000281399418737e+00 -1.891313481720873e-03 -9.356525294330027e-04 -1.007702288765855e+00
2 24 -1.000281277233668e+00 -1.891147746926859e-03 -9.357044328718590e-04 -1.007703102876760e+00
2 25 -1.000281192733457e+00 -1.891082358258981e-03 -9.356787500822489e-04 -1.007703600764730e+00
2 26 -1.000281149121858e+00 -1.891120307616424e-03 -9.355744537043112e-04 -1.007703762451764e+00
2 27 -1.000281147917337e+00 -1.891260394556679e-03 -9.353942660350266e-04 -1.007703581488639e+00
2 28 -1.000281188917760e+00 -1.891497232051276e-03 -9.351447519672089e-04 -1.007703065242322e+00
2 29 -1.000281270246103e+00 -1.891821456057420e-03 -9.348361147369987e-04 -1.007702234544634e+00
2 30 -1.000281388469416e+00 -1.892220129391005e-03 -9.344816977763816e-04 -1.007701122729219e+00
2 31 -1.000281538778998e+00 -1.892677316139325e-03 -9.340972325939758e-04 -1.007699774122808e+00
3 0 -1.000281922218149e+00 -1.893093928728609e-03 -9.344440919470524e-04 -1.007698061841610e+00
3 1 -1.000282118486099e+00 -1.893613688814080e-03 -9.340494322905286e-04 -1.007696402248935e+00
3 2 -1.000282326227070e+00 -1.894132870247232e-03 -9.336774023779753e-04 -1.007694686300752e+00
3 3 -1.000282537627313e+00 -1.894631291859505e-03 -9.333435061150026e-04 -1.007692980085922e+00
3 4 -1.000282744819394e+00 -1.895089814699192e-03 -9.330609071160961e-04 -1.007691348719187e+00
3 5 -1.000282940144207e+00 -1.895491071696954e-03 -9.328398845409024e-04 -1.007689853917369e+00
3 6 -1.000283116398232e+00 -1.895820095264786e-03 -9.326875320197827e-04 -1.007688551779539e+00
3 7 -1.000283267063802e+00 -1.896064824749239e-03 -9.326076955851194e-04 -1.007687490833611e+00
3 8 -1.000283386520677e+00 -1.896216483802983e-03 -9.326011224670904e-04 -1.007686710395421e+00
3 9 -1.000283470236832e+00 -1.896269825383471e-03 -9.326657728544086e-04 -1.007686239271214e+00
3 10 -1.000283514934860e+00 -1.896223248069352e-03 -9.327972346456518e-04 -1.007686094822972e+00
3 11 -1.000283518728395e+00 -1.896078791249476e-03 -9.329891783958049e-04 -1.007686282408478e+00
3 12 -1.000283481221240e+00 -1.895842018865257e-03 -9.332337947273497e-04 -1.007686795202994e+00
3 13 -1.000283403561061e+00 -1.895521802090434e-03 -9.335221678051258e-04 -1.007687614405435e+00
3 14 -1.000283288439684e+00 -1.895130010549209e-03 -9.338445560774717e-04 -1.007688709828736e+00
3 15 -1.000283140033238e+00 -1.894681119760048e-03 -9.341905746761799e-04 -1.007690040870566e+00
3 16 -1.000282963877990e+00 -1.894191740713883e-03 -9.345492984326540e-04 -1.007691557854414e+00
3 17 -1.000282766681489e+00 -1.893680077178392e-03 -9.349093243432372e-04 -1.007693203720694e+00
3 18 -1.000282556073284e+00 -1.893165317779639e-03 -9.352588438420154e-04 -1.007694916033376e+00
3 19 -1.000282340303949e+00 -1.892666972690050e-03 -9.355857779659839e-04 -1.007696629251621e+00
3 20 -1.000282127905223e+00 -1.892204168671817e-03 -9.358780220318613e-04 -1.007698277199189e+00
3 21 -1.000281927327383e+00 -1.891794921546140e-03 -9.361238291922144e-04 -1.007699795647155e+00
3 22 -1.000281746572469e+00 -1.891455411606343e-03 -9.363123347839087e-04 -1.007701124908800e+00
3 23 -1.000281592843180e+00 -1.891199293764915e-03 -9.364341913707734e-04 -1.007702212331758e+00
3 24 -1.000281472227074e+00 -1.891037078780983e-03 -9.364822558636692e-04 -1.007703014564022e+00
3 25 -1.000281389434061e+00 -1.890975623813092e-03 -9.364522504502008e-04 -1.007703499469326e+00
3 26 -1.000281347602098e+00 -1.891017769133679e-03 -9.363433101232999e-04 -1.007703647576034e+00
3 27 -1.000281348181410e+00 -1.891162152183949e-03 -9.361583329121042e-04 -1.007703452964887e+00
3 28 -1.000281390901690e+00 -1.891403219599290e-03 -9.359040666854946e-04 -1.007702923535144e+00
3 29 -1.000281473820304e+00 -1.891731443339450e-03 -9.355908977946500e-04 -1.007702080631854e+00
3 30 -1.000281593443739e+00 -1.892133731211775e-03 -9.352323454011622e-04 -1.007700958061773e+00
3 31 -1.000281744910149e+00 -1.892594007604832e-03 -9.348443022502993e-04 -1.007699600565137e+00
4 0 -1.000282154446621e+00 -1.893092453797122e-03 -9.348439716380496e-04 -1.007697738703757e+00
4 1 -1.000282351504802e+00 -1.893614397367759e-03 -9.344472150551974e-04 -1.007696073191773e+00
4 2 -1.000282559710887e+00 -1.894135026027662e-03 -9.340739140365229e-04 -1.007694353774998e+00
4 3 -1.000282771233098e+00 -1.894634104270689e-03 -9.337396226636231e-04 -1.007692646666914e+00
4 4 -1.000282978198790e+00 -1.895092469081351e-03 -9.334575199883085e-04 -1.007691017009724e+00
4 5 -1.000283172956656e+00 -1.895492760225485e-03 -9.332378655794540e-04 -1.007689526450949e+00
4 6 -1.000283348323739e+00 -1.895820047365004e-03 -9.330876993042156e-04 -1.007688230927193e+00
4 7 -1.000283497815133e+00 -1.896062336191920e-03 -9.330107811260282e-04 -1.007687178716490e+00
4 8 -1.000283615854628e+00 -1.896210943541136e-03 -9.330077432127704e-04 -1.007686408805542e+00
4 9 -1.000283697964004e+00 -1.896260738911947e-03 -9.330764067381531e-04 -1.007685949603732e+00
4 10 -1.000283740927387e+00 -1.896210256179752e-03 -9.332122028818605e-04 -1.007685818023216e+00
4 11 -1.000283742925230e+00 -1.896061683566473e-03 -9.334086342839248e-04 -1.007686018935566e+00
4 12 -1.000283703630882e+00 -1.895820741958032e-03 -9.336577187704327e-04 -1.007686545010623e+00
4 13 -1.000283624261626e+00 -1.895496461930810e-03 -9.339503692093451e-04 -1.007687376940538e+00
4 14 -1.000283507576182e+00 -1.895100868972661e-03 -9.342766809115404e-04 -1.007688484049039e+00
4 15 -1.000283357812049e+00 -1.894648584829334e-03 -9.346261204981485e-04 -1.007689825281353e+00
4 16 -1.000283180558732e+00 -1.894156351382005e-03 -9.349876343979233e-04 -1.007691350563357e+00
4 17 -1.000282982566684e+00 -1.893642482947934e-03 -9.353497155063624e-04 -1.007693002508666e+00
4 18 -1.000282771496289e+00 -1.893126254064429e-03 -9.357004787020556e-04 -1.007694718438854e+00
4 19 -1.000282555615666e+00 -1.892627232643761e-03 -9.360277986378439e-04 -1.007696432665881e+00
4 20 -1.000282343460176e+00 -1.892164572536314e-03 -9.363195562524028e-04 -1.007698078968440e+00
4 21 -1.000282143469785e+00 -1.891756284831721e-03 -9.365640229353271e-04 -1.007699593177118e+00
4 22 -1.000281963622817e+00 -1.891418513402391e-03 -9.367503841029583e-04 -1.007700915767427e+00
4 23 -1.000281811085906e+00 -1.891164846353124e-03 -9.368693723243584e-04 -1.007701994346082e+00
4 24 -1.000281691899753e+00 -1.891005699739651e-03 -9.369139516809904e-04 -1.007702785906945e+00
4 25 -1.000281610718616e+00 -1.890947811854705e-03 -9.368799751820426e-04 -1.007703258732033e+00
4 26 -1.000281570618295e+00 -1.890993884727734e-03 -9.367667279353034e-04 -1.007703393822746e+00
4 27 -1.000281572982721e+00 -1.891142403637037e-03 -9.365772720793112e-04 -1.007703185768241e+00
4 28 -1.000281617473571e+00 -1.891387655035089e-03 -9.363185273905199e-04 -1.007702642991377e+00
4 29 -1.000281702080978e+00 -1.891719949000339e-03 -9.360010531255158e-04 -1.007701787354954e+00
4 30 -1.000281823247559e+00 -1.892126036331067e-03 -9.356385354569405e-04 -1.007700653156289e+00
4 31 -1.000281976053349e+00 -1.892589695578363e-03 -9.352470217181594e-04 -1.007699285579238e+00
5 0 -1.000282402765617e+00 -1.893170438920142e-03 -9.348829287384024e-04 -1.007697286015653e+00
5 1 -1.000282600822562e+00 -1.893694953291126e-03 -9.344841372893774e-04 -1.007695613139940e+00
5 2 -1.000282809730650e+00 -1.894217511550479e-03 -9.341095235662728e-04 -1.007693888557883e+00
5 3 -1.000283021630994e+00 -1.894717805763237e-03 -9.337746924617270e-04 -1.007692178672290e+00
5 4 -1.000283228635649e+00 -1.895176627220740e-03 -9.334928436060582e-04 -1.007690548726553e+00
5 5 -1.000283423090466e+00 -1.895576598293116e-03 -9.332742261090732e-04 -1.007689060378401e+00
5 6 -1.000283597822452e+00 -1.895902800322867e-03 -9.331258385213545e-04 -1.007687769483041e+00
5 7 -1.000283746369419e+00 -1.896143279569518e-03 -9.330513702071183e-04 -1.007686724147566e+00
5 8 -1.000283863190043e+00 -1.896289420920569e-03 -9.330513566835746e-04 -1.007685963103669e+00
5 9 -1.000283943851978e+00 -1.896336186850131e-03 -9.331235009099818e-04 -1.007685514430482e+00
5 10 -1.000283985194534e+00 -1.896282225736325e-03 -9.332630992325841e-04 -1.007685394645997e+00
5 11 -1.000283985460632e+00 -1.896129857828295e-03 -9.334635078370096e-04 -1.007685608177023e+00
5 12 -1.000283944390996e+00 -1.895884948880845e-03 -9.337165918001719e-04 -1.007686147213535e+00
5 13 -1.000283863272500e+00 -1.895556681743569e-03 -9.340131109049384e-04 -1.007686991950487e+00
5 14 -1.000283744932773e+00 -1.895157235632270e-03 -9.343430132531832e-04 -1.007688111216294e+00
5 15 -1.000283593674612e+00 -1.894701381451108e-03 -9.346956297562273e-04 -1.007689463482267e+00
5 16 -1.000283415146421e+00 -1.894205999848707e-03 -9.350597872349196e-04 -1.007690998240858e+00
5 17 -1.000283216148641e+00 -1.893689527976396e-03 -9.354238789709428e-04 -1.007692657730946e+00
5 18 -1.000283004380636e+00 -1.893171342182741e-03 -9.357759438094299e-04 -1.007694378974420e+00
5 19 -1.000282788136970e+00 -1.892671086928795e-03 -9.361038070228476e-04 -1.007696096071592e+00
5 20 -1.000282575966005e+00 -1.892207964304498e-03 -9.363953287542688e-04 -1.007697742686302e+00
5 21 -1.000282376306928e+00 -1.891800003505882e-03 -9.366387887018778e-04 -1.007699254635738e+00
5 22 -1.000282197123735e+00 -1.891463335646966e-03 -9.368234091664342e-04 -1.007700572484334e+00
5 23 -1.000282045555959e+00 -1.891211505597540e-03 -9.369399870548647e-04 -1.007701644026779e+00
5 24 -1.000281927605714e+00 -1.891054857387483e-03 -9.369815764806212e-04 -1.007702426536025e+00
5 25 -1.000281847878899e+00 -1.891000031500545e-03 -9.369441433604997e-04 -1.007702888652053e+00
5 26 -1.000281809395129e+00 -1.891049610452303e-03 -9.368271044830620e-04 -1.007703011797772e+00
5 27 -1.000281813476466e+00 -1.891201943147514e-03 -9.366336673113492e-04 -1.007702791029985e+00
5 28 -1.000281859719362e+00 -1.891451168255742e-03 -9.363709049204446e-04 -1.007702235266236e+00
5 29 -1.000281946047833e+00 -1.891787442577963e-03 -9.360495319717701e-04 -1.007701366870784e+00
5 30 -1.000282068839899e+00 -1.892197364214777e-03 -9.356833861861409e-04 -1.007700220629090e+00
5 31 -1.000282223114755e+00 -1.892664565452722e-03 -9.352886565673177e-04 -1.007698842181329e+00
6 0 -1.000282657444722e+00 -1.893324793816126e-03 -9.345582521884015e-04 -1.007696722484263e+00
6 1 -1.000282856668383e+00 -1.893852161845324e-03 -9.341575805057081e-04 -1.007695041100845e+00
6 2 -1.000283066486353e+00 -1.894377052462941e-03 -9.337816757529048e-04 -1.007693309871989e+00
6 3 -1.000283279004587e+00 -1.894879070045286e-03 -9.334461922582461e-04 -1.007691595447088e+00
6 4 -1.000283486310362e+00 -1.895338940510581e-03 -9.331643540881001e-04 -1.007689963240029e+00
6 5 -1.000283680736290e+00 -1.895739245673907e-03 -9.329464086101518e-04 -1.007688474996693e+00
6 6 -1.000283855108506e+00 -1.896065052866540e-03 -9.327993266424784e-04 -1.007687186574071e+00
6 7 -1.000284002976646e+00 -1.896304421547972e-03 -9.327267454609659e-04 -1.007686145993811e+00
6 8 -1.000284118823674e+00 -1.896448776657451e-03 -9.327291267183519e-04 -1.007685391817210e+00
6 9 -1.000284198253317e+00 -1.896493146411947e-03 -9.328040807046286e-04 -1.007684951872778e+00
6 10 -1.000284238151626e+00 -1.896436268691777e-03 -9.329467956067937e-04 -1.007684842354781e+00
6 11 -1.000284236817296e+00 -1.896280574078114e-03 -9.331505079552832e-04 -1.007685067303497e+00
6 12 -1.000284194053666e+00 -1.896032055446394e-03 -9.334069564411073e-04 -1.007685618473431e+00
6 13 -1.000284111214437e+00 -1.895700034650830e-03 -9.337067728042391e-04 -1.007686475591741e+00
6 14 -1.000283991195446e+00 -1.895296836409316e-03 -9.340397802143026e-04 -1.007687607004897e+00
6 15 -1.000283838366157e+00 -1.894837377936024e-03 -9.343951920405407e-04 -1.007688970707304e+00
6 16 -1.000283658437194e+00 -1.894338681048311e-03 -9.347617290126309e-04 -1.007690515739520e+00
6 17 -1.000283458264063e+00 -1.893819312958944e-03 -9.351276937896189e-04 -1.007692183933278e+00
6 18 -1.000283245591702e+00 -1.893298763484168e-03 -9.354810537242972e-04 -1.007693911965793e+00
6 19 -1.000283028748980e+00 -1.892796769369907e-03 -9.358095844791399e-04 -1.007695633669546e+00
6 20 -1.000282816306086e+00 -1.892332600219044e-03 -9.361011200794574e-04 -1.007697282528196e+00
6 21 -1.000282616710916e+00 -1.891924325336817e-03 -9.363439383374575e-04 -1.007698794273695e+00
6 22 -1.000282437923010e+00 -1.891588086953757e-03 -9.365272841454525e-04 -1.007700109483513e+00
6 23 -1.000282287064763e+00 -1.891337411701979e-03 -9.366420012216662e-04 -1.007701176062466e+00
6 24 -1.000282170109434e+00 -1.891182596943377e-03 -9.366812135384625e-04 -1.007701951485149e+00
6 25 -1.000282091623620e+00 -1.891130210159293e-03 -9.366409774792822e-04 -1.007702404675543e+00
6 26 -1.000282054578796e+00 -1.891182737669842e-03 -9.365208173082506e-04 -1.007702517410628e+00
6 27 -1.000282060241971e+00 -1.891338413082816e-03 -9.363240606972970e-04 -1.007702285156097e+00
6 28 -1.000282108149792e+00 -1.891591245501891e-03 -9.360579091077098e-04 -1.007701717275692e+00
6 29 -1.000282196163902e+00 -1.891931253106113e-03 -9.357332089431352e-04 -1.007700836598917e+00
6 30 -1.000282320599490e+00 -1.892344891604834e-03 -9.353639277797416e-04 -1.007699678377818e+00
6 31 -1.000282476414528e+00 -1.892815652381077e-03 -9.349663770610822e-04 -1.007698288703682e+00
7 0 -1.000282908562085e+00 -1.893549397577771e-03 -9.338814226999463e-04 -1.007696071265521e+00
7 1 -1.000283109072952e+00 -1.894079785792725e-03 -9.334791140725247e-04 -1.007694380577817e+00
7 2 -1.000283319971097e+00 -1.894607315125435e-03 -9.331020056756561e-04 -1.007692641496678e+00
7 3 -1.000283533320663e+00 -1.895111490584054e-03 -9.327657971916342e-04 -1.007690920965337e+00
7 4 -1.000283741175799e+00 -1.895572955983218e-03 -9.324837390047205e-04 -1.007689284629657e+00
7 5 -1.000283935846193e+00 -1.895974231399683e-03 -9.322660849254425e-04 -1.007687794396876e+00
7 6 -1.000284110146375e+00 -1.896300345091221e-03 -9.321197928190405e-04 -1.007686506208471e+00
7 7 -1.000284257626368e+00 -1.896539341686931e-03 -9.320484687477852e-04 -1.007685468089830e+00
7 8 -1.000284372781829e+00 -1.896682656609104e-03 -9.320525260296829e-04 -1.007684718523125e+00
7 9 -1.000284451241435e+00 -1.896725354303885e-03 -9.321295108282473e-04 -1.007684285174849e+00
7 10 -1.000284489927837e+00 -1.896666233961479e-03 -9.322745336323173e-04 -1.007684183997760e+00
7 11 -1.000284487186670e+00 -1.896507810532548e-03 -9.324807429914741e-04 -1.007684418718841e+00
7 12 -1.000284442876618e+00 -1.896256181178951e-03 -9.327397830167632e-04 -1.007684980718892e+00
7 13 -1.000284358412809e+00 -1.895920788058113e-03 -9.330421876309362e-04 -1.007685849304982e+00
7 14 -1.000284236755944e+00 -1.895514087607440e-03 -9.333776820407325e-04 -1.007686992373535e+00
7 15 -1.000284082340929e+00 -1.895051134778926e-03 -9.337353848779144e-04 -1.007688367457829e+00
7 16 -1.000283900941457e+00 -1.894549089178002e-03 -9.341039291564415e-04 -1.007689923146548e+00
7 17 -1.000283699470934e+00 -1.894026649911357e-03 -9.344715405147031e-04 -1.007691600848635e+00
7 18 -1.000283485724625e+00 -1.893503427361646e-03 -9.348261229123985e-04 -1.007693336865409e+00
7 19 -1.000283268072193e+00 -1.892999262688393e-03 -9.351554043749279e-04 -1.007695064715870e+00
7 20 -1.000283055113591e+00 -1.892533509526419e-03 -9.354471887218956e-04 -1.007696717645647e+00
7 21 -1.000282855314526e+00 -1.892124297428456e-03 -9.356897424021074e-04 -1.007698231233773e+00
7 22 -1.000282676640048e+00 -1.891787802850929e-03 -9.358723187176342e-04 -1.007699545995143e+00
7 23 -1.000282526205954e+00 -1.891537559644529e-03 -9.359857896603295e-04 -1.007700609863152e+00
7 24 -1.000282409967334e+00 -1.891383845477664e-03 -9.360233264153249e-04 -1.007701380429467e+00
7 25 -1.000282332461942e+00 -1.891333182308634e-03 -9.359810496672306e-04 -1.007701826817823e+00
7 26 -1.000282296622995e+00 -1.891387987258193e-03 -9.358585625342788e-04 -1.007701931078346e+00
7 27 -1.000282303671471e+00 -1.891546404251538e-03 -9.356592830935004e-04 -1.007701689010657e+00
7 28 -1.000282353091978e+00 -1.891802336129305e-03 -9.353905113330272e-04 -1.007701110358562e+00
7 29 -1.000282442689902e+00 -1.892145682457582e-03 -9.350631963366098e-04 -1.007700218362666e+00
7 30 -1.000282568721771e+00 -1.892562772404089e-03 -9.346914080457442e-04 -1.007699048702076e+00
7 31 -1.000282726086445e+00 -1.893036967493517e-03 -9.342915554402364e-04 -1.007697647895904e+00
8 0 -1.000283146405862e+00 -1.893835361954986e-03 -9.328778240017415e-04 -1.007695358847599e+00
8 1 -1.000283348272159e+00 -1.894368813962571e-03 -9.324742008194730e-04 -1.007693658437565e+00
8 2 -1.000283560376340e+00 -1.894899179825777e-03 -9.320960390146135e-04 -1.007691910622272e+00
8 3 -1.000283774735895e+00 -1.895405857785991e-03 -9.317590766570352e-04 -1.007690182673377e+00
8 4 -1.000283983364980e+00 -1.895869396345828e-03 -9.314765906575718e-04 -1.007688540520074e+00
8 5 -1.000284178541629e+00 -1.896272235105662e-03 -9.312588492284289e-04 -1.007687046297596e+00
8 6 -1.000284353058435e+00 -1.896599339625486e-03 -9.311128126711491e-04 -1.007685756111484e+00
8 7 -1.000284500454347e+00 -1.896838712371616e-03 -9.310420774513651e-04 -1.007684718079576e+00
8 8 -1.000284615225744e+00 -1.896981769631870e-03 -9.310470350606879e-04 -1.007683970698275e+00
8 9 -1.000284693014300e+00 -1.897023581442117e-03 -9.311251980274460e-04 -1.007683541566103e+00
8 10 -1.000284730767730e+00 -1.896962977725314e-03 -9.312716328218652e-04 -1.007683446485803e+00
8 11 -1.000284726867892e+00 -1.896802528462783e-03 -9.314794355146368e-04 -1.007683688956632e+00
8 12 -1.000284681219372e+00 -1.896548408305413e-03 -9.317401910018382e-04 -1.007684260061741e+00
8 13 -1.000284595290939e+00 -1.896210156555872e-03 -9.320443688347738e-04 -1.007685138751716e+00
8 14 -1.000284472102311e+00 -1.895800342507591e-03 -9.323816267751659e-04 -1.007686292522424e+00
8 15 -1.000284316150032e+00 -1.895334144684388e-03 -9.327410157564097e-04 -1.007687678480428e+00
8 16 -1.000284133269186e+00 -1.894828851471096e-03 -9.331111038100377e-04 -1.007689244780775e+00
8 17 -1.000283930431613e+00 -1.894303290485997e-03 -9.334800567527327e-04 -1.007690932410612e+00
8 18 -1.000283715485644e+00 -1.893777195074524e-03 -9.338357258402056e-04 -1.007692677278995e+00
8 19 -1.000283496846561e+00 -1.893270518702125e-03 -9.341657954925244e-04 -1.007694412558709e+00
8 20 -1.000283283150812e+00 -1.892802711945229e-03 -9.344580371704422e-04 -1.007696071209738e+00
8 21 -1.000283082890270e+00 -1.892391982083810e-03 -9.347006980463276e-04 -1.007697588597129e+00
8 22 -1.000282904045182e+00 -1.892054561362517e-03 -9.348830262359950e-04 -1.007698905100459e+00
8 23 -1.000282753735376e+00 -1.891804015795800e-03 -9.349959027890952e-04 -1.007699968599863e+00
8 24 -1.000282637909009e+00 -1.891650630802604e-03 -9.350325217903546e-04 -1.007700736716076e+00
8 25 -1.000282561086492e+00 -1.891600911838923e-03 -9.349890398638225e-04 -1.007701178681307e+00
8 26 -1.000282526174196e+00 -1.891657236461242e-03 -9.348651078064878e-04 -1.007701276727256e+00
8 27 -1.000282534357875e+00 -1.891817688044210e-03 -9.346642011883154e-04 -1.007701026899251e+00
8 28 -1.000282585079813e+00 -1.892076090568494e-03 -9.343936847679283e-04 -1.007700439240400e+00
8 29 -1.000282676097375e+00 -1.892422249550569e-03 -9.340645766875974e-04 -1.007699537332651e+00
8 30 -1.000282803614939e+00 -1.892842388443070e-03 -9.336910170951200e-04 -1.007698357225984e+00
8 31 -1.000282962476799e+00 -1.893319755178608e-03 -9.332894834112201e-04 -1.007696945826843e+00
9 0 -1.000283361856612e+00 -1.894171411696409e-03 -9.315858625739517e-04 -1.007694613811019e+00
9 1 -1.000283565091888e+00 -1.894707847442735e-03 -9.311813108615472e-04 -1.007692903652420e+00
9 2 -1.000283778478915e+00 -1.895241132432974e-03 -9.308023003047063e-04 -1.007691146575983e+00
9 3 -1.000283993985714e+00 -1.895750555239293e-03 -9.304645983840630e-04 -1.007689410202397e+00
9 4 -1.000284203581194e+00 -1.896216559562251e-03 -9.301815077272394e-04 -1.007687760784314e+00
9 5 -1.000284399504171e+00 -1.896621488777950e-03 -9.299633183057293e-04 -1.007686260743113e+00
9 6 -1.000284574515820e+00 -1.896950224667733e-03 -9.298170074960179e-04 -1.007684966421349e+00
9 7 -1.000284722133152e+00 -1.897190702258551e-03 -9.297461830992227e-04 -1.007683926113245e+00
9 8 -1.000284836841441e+00 -1.897334290199573e-03 -9.297512414392353e-04 -1.007683178421102e+00
9 9 -1.000284914282940e+00 -1.897376033307896e-03 -9.298296932143033e-04 -1.007682750971905e+00
9 10 -1.000284951417863e+00 -1.897314760375497e-03 -9.299765964639407e-04 -1.007682659515825e+00
9 11 -1.000284946652151e+00 -1.897153065037866e-03 -9.301850320343985e-04 -1.007682907418441e+00
9 12 -1.000284899925114e+00 -1.896897169900895e-03 -9.304465625694065e-04 -1.007683485552119e+00
9 13 -1.000284812749345e+00 -1.896556684604179e-03 -9.307516287813351e-04 -1.007684372588181e+00
9 14 -1.000284688195378e+00 -1.896144267898550e-03 -9.310898543864256e-04 -1.007685535687512e+00
9 15 -1.000284530815121e+00 -1.895675202742793e-03 -9.314502528001586e-04 -1.007686931581425e+00
9 16 -1.000284346500972e+00 -1.895166892332667e-03 -9.318213524661388e-04 -1.007688508026269e+00
9 17 -1.000284142281474e+00 -1.894638284536154e-03 -9.321912786912720e-04 -1.007690205604553e+00
9 18 -1.000283926058668e+00 -1.894109233164539e-03 -9.325478428300571e-04 -1.007691959832441e+00
9 19 -1.000283706296433e+00 -1.893599807153434e-03 -9.328786921584535e-04 -1.007693703518335e+00
9 20 -1.000283491672922e+00 -1.893129562809790e-03 -9.331715659624718e-04 -1.007695369300957e+00
9 21 -1.000283290713442e+00 -1.892716799407112e-03 -9.334146857926709e-04 -1.007696892279081e+00
9 22 -1.000283111422420e+00 -1.892377824216175e-03 -9.335972815685454e-04 -1.007698212630042e+00
9 23 -1.000282960934075e+00 -1.892126258850623e-03 -9.337102241474863e-04 -1.007699278101861e+00
9 24 -1.000282845201063e+00 -1.891972423331178e-03 -9.337467059458487e-04 -1.007700046256080e+00
9 25 -1.000282768738620e+00 -1.891922836094063e-03 -9.337028906625681e-04 -1.007700486338214e+00
9 26 -1.000282734438683e+00 -1.891979866227861e-03 -9.335784444805855e-04 -1.007700580662968e+00
9 27 -1.000282743463879e+00 -1.892141567966810e-03 -9.333768655586659e-04 -1.007700325423889e+00
9 28 -1.000282795225462e+00 -1.892401716825019e-03 -9.331055469633265e-04 -1.007699730871380e+00
9 29 -1.000282887442900e+00 -1.892750052487691e-03 -9.327755393381928e-04 -1.007698820845773e+00
9 30 -1.000283016277031e+00 -1.893172717674452e-03 -9.324010181173403e-04 -1.007697631697119e+00
9 31 -1.000283176524254e+00 -1.893652867408413e-03 -9.319984974651701e-04 -1.007696210663648e+00
10 0 -1.000283546734654e+00 -1.894544361678312e-03 -9.300555145598924e-04 -1.007693865546625e+00
10 1 -1.000283751298014e+00 -1.895083582683344e-03 -9.296504635671145e-04 -1.007692145999466e+00
10 2 -1.000283965993461e+00 -1.895619753048952e-03 -9.292708507558293e-04 -1.007690379503731e+00
10 3 -1.000284182738684e+00 -1.896132053025111e-03 -9.289324630833036e-04 -1.007688634036082e+00
10 4 -1.000284393453799e+00 -1.896600815983480e-03 -9.286486270610458e-04 -1.007686976200478e+00
10 5 -1.000284590332379e+00 -1.897008277168081e-03 -9.284296602208969e-04 -1.007685468751248e+00
10 6 -1.000284766096078e+00 -1.897339217102159e-03 -9.282825699259318e-04 -1.007684168330736e+00
10 7 -1.000284914230114e+00 -1.897581481016029e-03 -9.282109951531433e-04 -1.007683123485686e+00
10 8 -1.000285029197319e+00 -1.897726363329447e-03 -9.282153635028813e-04 -1.007682373011513e+00
10 9 -1.000285106628053e+00 -1.897768853816457e-03 -9.282932157075637e-04 -1.007681944658841e+00
10 10 -1.000285143481999e+00 -1.897707748508036e-03 -9.284396367081576e-04 -1.007681854224168e+00
10 11 -1.000285138176177e+00 -1.897545632683941e-03 -9.286477290805030e-04 -1.007682105037811e+00
10 12 -1.000285090672153e+00 -1.897288745595482e-03 -9.289090706124610e-04 -1.007682687856132e+00
10 13 -1.000285002514780e+00 -1.896946737531593e-03 -9.292141100818601e-04 -1.007683581159592e+00
10 14 -1.000284876815180e+00 -1.896532329748053e-03 -9.295524721674706e-04 -1.007684751852837e+00
10 15 -1.000284718172187e+00 -1.896060886639443e-03 -9.299131640696179e-04 -1.007686156357497e+00
10 16 -1.000284532529242e+00 -1.895549908056619e-03 -9.302847008336523e-04 -1.007687742081055e+00
10 17 -1.000284326967692e+00 -1.895018449209825e-03 -9.306551878080192e-04 -1.007689449234314e+00
10 18 -1.000284109441823e+00 -1.894486476952214e-03 -9.310124112768798e-04 -1.007691212955822e+00
10 19 -1.000283888465132e+00 -1.893974174095482e-03 -9.313439901281653e-04 -1.007692965686225e+00
10 20 -1.000283672760977e+00 -1.893501207204949e-03 -9.316376334749900e-04 -1.007694639720322e+00
10 21 -1.000283470893947e+00 -1.893085978103435e-03 -9.318815320879362e-04 -1.007696169849277e+00
10 22 -1.000283290900606e+00 -1.892744885186577e-03 -9.320648856672696e-04 -1.007697495989956e+00
10 23 -1.000283139939351e+00 -1.892491626706346e-03 -9.321785367583802e-04 -1.007698565685170e+00
10 24 -1.000283023978603e+00 -1.892336582649776e-03 -9.322156526294683e-04 -1.007699336351460e+00
10 25 -1.000282947540749e+00 -1.892286313314451e-03 -9.321723757554370e-04 -1.007699777152098e+00
10 26 -1.000282913516159e+00 -1.892343210594851e-03 -9.320483552047446e-04 -1.007699870383535e+00
10 27 -1.000282923057250e+00 -1.892505331960562e-03 -9.318470760497446e-04 -1.007699612284940e+00
10 28 -1.000282975556756e+00 -1.892766436664493e-03 -9.315759223027737e-04 -1.007699013214199e+00
10 29 -1.000283068707889e+00 -1.893116229335371e-03 -9.312459397483373e-04 -1.007698097176948e+00
10 30 -1.000283198638196e+00 -1.893540800021716e-03 -9.308713032708811e-04 -1.007696900741000e+00
10 31 -1.000283360104608e+00 -1.894023235035644e-03 -9.304685306543067e-04 -1.007695471408372e+00
11 0 -1.000283694099593e+00 -1.894939665851255e-03 -9.283463527593369e-04 -1.007693143008259e+00
11 1 -1.000283899898443e+00 -1.895481365694539e-03 -9.279412519301963e-04 -1.007691414796012e+00
11 2 -1.000284115876721e+00 -1.896020275176797e-03 -9.275613103291856e-04 -1.007689639089638e+00
11 3 -1.000284333902765e+00 -1.896535471563376e-03 -9.272223237712748e-04 -1.007687884215651e+00
11 4 -1.000284545846251e+00 -1.897007176744526e-03 -9.269376393106227e-04 -1.007686217143365e+00
11 5 -1.000284743851419e+00 -1.897417510475986e-03 -9.267176058973549e-04 -1.007684700992895e+00
11 6 -1.000284920593988e+00 -1.897751138712786e-03 -9.265692721562982e-04 -1.007683392756724e+00
11 7 -1.000285069518777e+00 -1.897995797959238e-03 -9.264963269411180e-04 -1.007682341300485e+00
11 8 -1.000285185055658e+00 -1.898142684620633e-03 -9.264992543511715e-04 -1.007681585692529e+00
11 9 -1.000285262811136e+00 -1.898186705962559e-03 -9.265756552042957e-04 -1.007681153896777e+00
11 10 -1.000285299731474e+00 -1.898126595280492e-03 -9.267206746333396e-04 -1.007681061852016e+00
11 11 -1.000285294231426e+00 -1.897964897956461e-03 -9.269274724996499e-04 -1.007681312952667e+00
11 12 -1.000285246281433e+00 -1.897707837762029e-03 -9.271876786706414e-04 -1.007681897938756e+00
11 13 -1.000285157445728e+00 -1.897365074258480e-03 -9.274917867381313e-04 -1.007682795195856e+00
11 14 -1.000285030864235e+00 -1.896949362055647e-03 -9.278294568204403e-04 -1.007683971460368e+00
11 15 -1.000284871172527e+00 -1.896476121195252e-03 -9.281897204867290e-04 -1.007685382920879e+00
11 16 -1.000284684356885e+00 -1.895962926423951e-03 -9.285611054621551e-04 -1.007686976699105e+00
11 17 -1.000284477545500e+00 -1.895428923111575e-03 -9.289317185480397e-04 -1.007688692681779e+00
11 18 -1.000284258741401e+00 -1.894894179242348e-03 -9.292893371377113e-04 -1.007690465659892e+00
11 19 -1.000284036506777e+00 -1.894378985520166e-03 -9.296215616734515e-04 -1.007692227717111e+00
11 20 -1.000283819611880e+00 -1.893903119004459e-03 -9.299160740910045e-04 -1.007693910795237e+00
11 21 -1.000283616664826e+00 -1.893485090454506e-03 -9.301610305042403e-04 -1.007695449349224e+00
11 22 -1.000283435741005e+00 -1.893141401727467e-03 -9.303455901898692e-04 -1.007696782987982e+00
11 23 -1.000283284031863e+00 -1.892885845701062e-03 -9.304605512748698e-04 -1.007697858983970e+00
11 24 -1.000283167532260e+00 -1.892728885378314e-03 -9.304990340687144e-04 -1.007698634528360e+00
11 25 -1.000283090783706e+00 -1.892677150086142e-03 -9.304571326760447e-04 -1.007699078610172e+00
11 26 -1.000283056687853e+00 -1.892733084702775e-03 -9.303344474612431e-04 -1.007699173407803e+00
11 27 -1.000283066400201e+00 -1.892894781999817e-03 -9.301344157432020e-04 -1.007698915102233e+00
11 28 -1.000283119308202e+00 -1.893156017711068e-03 -9.298643762475916e-04 -1.007698314055027e+00
11 29 -1.000283213091403e+00 -1.893506493452447e-03 -9.295353334629350e-04 -1.007697394337919e+00
11 30 -1.000283343855485e+00 -1.893932276597922e-03 -9.291614262331511e-04 -1.007696192646213e+00
11 31 -1.000283506327824e+00 -1.894416411600863e-03 -9.287591425709428e-04 -1.007694756667641e+00
12 0 -1.000283798492650e+00 -1.895342010041538e-03 -9.265251392047922e-04 -1.007692473566785e+00
12 1 -1.000284005387468e+00 -1.895885788883722e-03 -9.261204348292108e-04 -1.007690737739907e+00
12 2 -1.000284222573883e+00 -1.896427186889592e-03 -9.257404486667396e-04 -1.007688953382281e+00
12 3 -1.000284441873700e+00 -1.896945187578948e-03 -9.254009740044296e-04 -1.007687189151128e+00
12 4 -1.000284655106581e+00 -1.897419904751241e-03 -9.251153736855693e-04 -1.007685512380458e+00
12 5 -1.000284854365388e+00 -1.897833339978338e-03 -9.248940305590305e-04 -1.007683986574205e+00
12 6 -1.000285032275278e+00 -1.898170035691147e-03 -9.247440444843847e-04 -1.007682669111857e+00
12 7 -1.000285182233556e+00 -1.898417604801203e-03 -9.246691710544427e-04 -1.007681609232304e+00
12 8 -1.000285298627899e+00 -1.898567125809866e-03 -9.246699733417136e-04 -1.007680846345769e+00
12 9 -1.000285377030050e+00 -1.898613399491026e-03 -9.247441391347930e-04 -1.007680408710004e+00
12 10 -1.000285414360587e+00 -1.898555068998462e-03 -9.248869043082359e-04 -1.007680312496049e+00
12 11 -1.000285409018719e+00 -1.898394609722031e-03 -9.250915194417337e-04 -1.007680561259459e+00
12 12 -1.000285360969988e+00 -1.898138198391021e-03 -9.253497013290146e-04 -1.007681145824228e+00
12 13 -1.000285271784405e+00 -1.897795472354260e-03 -9.256520226439398e-04 -1.007682044579956e+00
12 14 -1.000285144617882e+00 -1.897379189483544e-03 -9.259882109917001e-04 -1.007683224188323e+00
12 15 -1.000284984131200e+00 -1.896904797654308e-03 -9.263473513424988e-04 -1.007684640690159e+00
12 16 -1.000284796343617e+00 -1.896389921777612e-03 -9.267180097032949e-04 -1.007686240995670e+00
12 17 -1.000284588422378e+00 -1.895853776733012e-03 -9.270883157302651e-04 -1.007687964727515e+00
12 18 -1.000284368413880e+00 -1.895316516038258e-03 -9.274460540019265e-04 -1.007689746372003e+00
12 19 -1.000284144926218e+00 -1.894798528330797e-03 -9.277788164609931e-04 -1.007691517680023e+00
12 20 -1.000283926776418e+00 -1.894319697093210e-03 -9.280742616072355e-04 -1.007693210245211e+00
12 21 -1.000283722618704e+00 -1.893898644049102e-03 -9.283205087213124e-04 -1.007694758171078e+00
12 22 -1.000283540572508e+00 -1.893551982827702e-03 -9.285066686306076e-04 -1.007696100722904e+00
12 23 -1.000283387869944e+00 -1.893293615356712e-03 -9.286234810020975e-04 -1.007697184847781e+00
12 24 -1.000283270541921e+00 -1.893134107515930e-03 -9.286639992381895e-04 -1.007697967439929e+00
12 25 -1.000283193160286e+00 -1.893080182023992e-03 -9.286242439606497e-04 -1.007698417229357e+00
12 26 -1.000283158650378e+00 -1.893134364683866e-03 -9.285037377435656e-04 -1.007698516181680e+00
12 27 -1.000283168183939e+00 -1.893294814111844e-03 -9.283058382954318e-04 -1.007698260318453e+00
12 28 -1.000283221156484e+00 -1.893555354461078e-03 -9.280378054396822e-04 -1.007697659901481e+00
12 29 -1.000283315246880e+00 -1.893905716328045e-03 -9.277105679702902e-04 -1.007696738967510e+00
12 30 -1.000283446551163e+00 -1.894331975228925e-03 -9.273381947223315e-04 -1.007695534244434e+00
12 31 -1.000283609778283e+00 -1.894817162285653e-03 -9.269371119478645e-04 -1.007694093520225e+00
13 0 -1.000283856115886e+00 -1.895735920080576e-03 -9.246630949076004e-04 -1.007691882016130e+00
13 1 -1.000284063926544e+00 -1.896281302222266e-03 -9.242592077703250e-04 -1.007690139904910e+00
13 2 -1.000284282201181e+00 -1.896824845889498e-03 -9.238794551121309e-04 -1.007688347777259e+00
13 3 -1.000284502719708e+00 -1.897345453748483e-03 -9.235396161770533e-04 -1.007686574589223e+00
13 4 -1.000284717254159e+00 -1.897823139052039e-03 -9.232530643765181e-04 -1.007684888024879e+00
13 5 -1.000284917845880e+00 -1.898239786846266e-03 -9.230302181289674e-04 -1.007683351975791e+00
13 6 -1.000285097066695e+00 -1.898579811669335e-03 -9.228782367790848e-04 -1.007682024230873e+00
13 7 -1.000285248261141e+00 -1.898830692821827e-03 -9.228009565735085e-04 -1.007680954441965e+00
13 8 -1.000285365767216e+00 -1.898983375754860e-03 -9.227990383896122e-04 -1.007680182416320e+00
13 9 -1.000285445112381e+00 -1.899032534858774e-03 -9.228702803752839e-04 -1.007679736774711e+00
13 10 -1.000285483180209e+00 -1.898976698997854e-03 -9.230100364987562e-04 -1.007679634001946e+00
13 11 -1.000285478341648e+00 -1.898818246134114e-03 -9.232116779826032e-04 -1.007679877905505e+00
13 12 -1.000285430543829e+00 -1.898563276551425e-03 -9.234670392155169e-04 -1.007680459489385e+00
13 13 -1.000285341348849e+00 -1.898221375200308e-03 -9.237668019935183e-04 -1.007681357244737e+00
13 14 -1.000285213915262e+00 -1.897805273139522e-03 -9.241007901887563e-04 -1.007682537854506e+00
13 15 -1.000285052916539e+00 -1.897330417069882e-03 -9.244581691587666e-04 -1.007683957302899e+00
13 16 -1.000284864393770e+00 -1.896814455394952e-03 -9.248275673094682e-04 -1.007685562370833e+00
13 17 -1.000284655544001e+00 -1.896276649456004e-03 -9.251971570350549e-04 -1.007687292486249e+00
13 18 -1.000284434449991e+00 -1.895737219745696e-03 -9.255547448857519e-04 -1.007689081884632e+00
13 19 -1.000284209761240e+00 -1.895216639243056e-03 -9.258879239149045e-04 -1.007690862020868e+00
13 20 -1.000283990339695e+00 -1.894734889706588e-03 -9.261843337791404e-04 -1.007692564158509e+00
13 21 -1.000283784886574e+00 -1.894310701701050e-03 -9.264320562963506e-04 -1.007694122047383e+00
13 22 -1.000283601568932e+00 -1.893960804849247e-03 -9.266201475192648e-04 -1.007695474586073e+00
13 23 -1.000283447665603e+00 -1.893699220464783e-03 -9.267392764932960e-04 -1.007696568353685e+00
13 24 -1.000283329251772e+00 -1.893536633137850e-03 -9.267824122528394e-04 -1.007697359887686e+00
13 25 -1.000283250939683e+00 -1.893479879625495e-03 -9.267454801377412e-04 -1.007697817584579e+00
13 26 -1.000283215689875e+00 -1.893531591387333e-03 -9.266278997019753e-04 -1.007697923110792e+00
13 27 -1.000283224702782e+00 -1.893690020757250e-03 -9.264329210521085e-04 -1.007697672233749e+00
13 28 -1.000283277394878e+00 -1.893949070177440e-03 -9.261676950161799e-04 -1.007697075016638e+00
13 29 -1.000283371457294e+00 -1.894298529945567e-03 -9.258430435096346e-04 -1.007696155362021e+00
13 30 -1.000283502989059e+00 -1.894724514177246e-03 -9.254729345611553e-04 -1.007694949934300e+00
13 31 -1.000283666692542e+00 -1.895210069616336e-03 -9.250737038946349e-04 -1.007693506532486e+00
14 0 -1.000283864945833e+00 -1.896106358641450e-03 -9.228329762175878e-04 -1.007691389761658e+00
14 1 -1.000284073459246e+00 -1.896652812463185e-03 -9.224302812412188e-04 -1.007689642920203e+00
14 2 -1.000284292662520e+00 -1.897198082003145e-03 -9.220510179053024e-04 -1.007687844185341e+00
14 3 -1.000284514299906e+00 -1.897721004948636e-03 -9.217109410683811e-04 -1.007686062768869e+00
14 4 -1.000284730099851e+00 -1.898201505040625e-03 -9.214234298692873e-04 -1.007684366678000e+00
14 5 -1.000284932053833e+00 -1.898621356593257e-03 -9.211989389772059e-04 -1.007682820182002e+00
14 6 -1.000285112679601e+00 -1.898964846780781e-03 -9.210446929678468e-04 -1.007681481486045e+00
14 7 -1.000285265265815e+00 -1.899219316573335e-03 -9.209646192347408e-04 -1.007680400678233e+00
14 8 -1.000285384095272e+00 -1.899375568291269e-03 -9.209594916878204e-04 -1.007679618002790e+00
14 9 -1.000285464643252e+00 -1.899428134590735e-03 -9.210272384960937e-04 -1.007679162499580e+00
14 10 -1.000285503746331e+00 -1.899375410096814e-03 -9.211633546846079e-04 -1.007679051037147e+00
14 11 -1.000285499735621e+00 -1.899219651868705e-03 -9.213613567833800e-04 -1.007679287755363e+00
14 12 -1.000285452527196e+00 -1.898966857688755e-03 -9.216132219890048e-04 -1.007679863926131e+00
14 13 -1.000285363661971e+00 -1.898626532138016e-03 -9.219097665617354e-04 -1.007680758235110e+00
14 14 -1.000285236287707e+00 -1.898211350379977e-03 -9.222409357225834e-04 -1.007681937481584e+00
14 15 -1.000285075077559e+00 -1.897736729017011e-03 -9.225959989740463e-04 -1.007683357686142e+00
14 16 -1.000284886082510e+00 -1.897220312641464e-03 -9.229636680920502e-04 -1.007684965586779e+00
14 17 -1.000284676519073e+00 -1.896681384523718e-03 -9.233321754151376e-04 -1.007686700492813e+00
14 18 -1.000284454498037e+00 -1.896140211140802e-03 -9.236893627280515e-04 -1.007688496452099e+00
14 19 -1.000284228704281e+00 -1.895617333093906e-03 -9.240228335400428e-04 -1.007690284671240e+00
14 20 -1.000284008041205e+00 -1.895132818796871e-03 -9.243202137005442e-04 -1.007691996113437e+00
14 21 -1.000283801256218e+00 -1.894705501771752e-03 -9.245695476497121e-04 -1.007693564184972e+00
14 22 -1.000283616565810e+00 -1.894352227660350e-03 -9.247598315580883e-04 -1.007694927408197e+00
14 23 -1.000283461299820e+00 -1.894087142915969e-03 -9.248816539603428e-04 -1.007696031965906e+00
14 24 -1.000283341584278e+00 -1.893921062042296e-03 -9.249278855322882e-04 -1.007696833992861e+00
14 25 -1.000283262080378e+00 -1.893860952106894e-03 -9.248943387434229e-04 -1.007697301490235e+00
14 26 -1.000283225793976e+00 -1.893909570911086e-03 -9.247803092672892e-04 -1.007697415750357e+00
14 27 -1.000283233965469e+00 -1.894065288691298e-03 -9.245889159443845e-04 -1.007697172202000e+00
14 28 -1.000283286044351e+00 -1.894322112903214e-03 -9.243271749783869e-04 -1.007696580618940e+00
14 29 -1.000283379746528e+00 -1.894669921858389e-03 -9.240057749824439e-04 -1.007695664675681e+00
14 30 -1.000283511186516e+00 -1.895094897072990e-03 -9.236385572332008e-04 -1.007694460879827e+00
14 31 -1.000283675072025e+00 -1.895580128937085e-03 -9.232417425616519e-04 -1.007693016952844e+00
15 0 -1.000283824782112e+00 -1.896439287614310e-03 -9.211060974933567e-04 -1.007691014200365e+00
15 1 -1.000284033760959e+00 -1.896986247088675e-03 -9.207049069932820e-04 -1.007689264343769e+00
15 2 -1.000284253700442e+00 -1.897532763343571e-03 -9.203263535968714e-04 -1.007687460397182e+00
15 3 -1.000284476316589e+00 -1.898057627106750e-03 -9.199861594154718e-04 -1.007685671776238e+00
15 4 -1.000284693299750e+00 -1.898540686675118e-03 -9.196977048945243e-04 -1.007683966773216e+00
15 5 -1.000284896594999e+00 -1.898963615488108e-03 -9.194714802931899e-04 -1.007682410011355e+00
15 6 -1.000285078667364e+00 -1.899310578753681e-03 -9.193147786122224e-04 -1.007681060103096e+00
15 7 -1.000285232748660e+00 -1.899568779560949e-03 -9.192316257813734e-04 -1.007679967579788e+00
15 8 -1.000285353062984e+00 -1.899728872191710e-03 -9.192229203112967e-04 -1.007679173146674e+00
15 9 -1.000285435027447e+00 -1.899785237448000e-03 -9.192867353384094e-04 -1.007678706303271e+00
15 10 -1.000285475423471e+00 -1.899736121028195e-03 -9.194187240711252e-04 -1.007678584356798e+00
15 11 -1.000285472532392e+00 -1.899583640478764e-03 -9.196125668490846e-04 -1.007678811846592e+00
15 12 -1.000285426227858e+00 -1.899333668984701e-03 -9.198604033293457e-04 -1.007679380389909e+00
15 13 -1.000285338017152e+00 -1.898995605756010e-03 -9.201532047383417e-04 -1.007680268952490e+00
15 14 -1.000285211024247e+00 -1.898582043207568e-03 -9.204810580367524e-04 -1.007681444540102e+00
15 15 -1.000285049909072e+00 -1.898108340450770e-03 -9.208333558483880e-04 -1.007682863300191e+00
15 16 -1.000284860720291e+00 -1.897592111469641e-03 -9.211989100400154e-04 -1.007684472014894e+00
15 17 -1.000284650682863e+00 -1.897052636184618e-03 -9.215660271911976e-04 -1.007686209955337e+00
15 18 -1.000284427926253e+00 -1.896510204318125e-03 -9.219225960703845e-04 -1.007688011051951e+00
15 19 -1.000284201163434e+00 -1.895985405061623e-03 -9.222562392179043e-04 -1.007689806319346e+00
15 20 -1.000283979334329e+00 -1.895498379081352e-03 -9.225545732513455e-04 -1.007691526460075e+00
15 21 -1.000283771230072e+00 -1.895068053475747e-03 -9.228056055171828e-04 -1.007693104559082e+00
15 22 -1.000283585116575e+00 -1.894711385626742e-03 -9.229982687177463e-04 -1.007694478767105e+00
15 23 -1.000283428377082e+00 -1.894442648069979e-03 -9.231230639818059e-04 -1.007695594857465e+00
15 24 -1.000283307193128e+00 -1.894272791502624e-03 -9.231727535796417e-04 -1.007696408531447e+00
15 25 -1.000283226281534e+00 -1.894208924708635e-03 -9.231430238054426e-04 -1.007696887347905e+00
15 26 -1.000283188701844e+00 -1.894253947746455e-03 -9.230330300754580e-04 -1.007697012164469e+00
15 27 -1.000283195744184e+00 -1.894406368418718e-03 -9.228457412561046e-04 -1.007696777999772e+00
15 28 -1.000283246901945e+00 -1.894660321865382e-03 -9.225880189140293e-04 -1.007696194258394e+00
15 29 -1.000283339927371e+00 -1.895005799235045e-03 -9.222703979365095e-04 -1.007695284301763e+00
15 30 -1.000283470962202e+00 -1.895429075360501e-03 -9.219065726329954e-04 -1.007694084394271e+00
15 31 -1.000283634730985e+00 -1.895913310237285e-03 -9.215126294634229e-04 -1.007692642095581e+00
16 0 -1.000283737233698e+00 -1.896722176880895e-03 -9.195494419506563e-04 -1.007690768285288e+00
16 1 -1.000283946425738e+00 -1.897269063465295e-03 -9.191499941968599e-04 -1.007689017223379e+00
16 2 -1.000284166883733e+00 -1.897816306550381e-03 -9.187723276830717e-04 -1.007687209638916e+00
16 3 -1.000284390303826e+00 -1.898342669426095e-03 -9.184321252274464e-04 -1.007685415092610e+00
16 4 -1.000284608345169e+00 -1.898827941766549e-03 -9.181427643391510e-04 -1.007683702113229e+00
16 5 -1.000284812911670e+00 -1.899253709744103e-03 -9.179147691781566e-04 -1.007682135641002e+00
16 6 -1.000284996418916e+00 -1.899604026355867e-03 -9.177555024803213e-04 -1.007680774672000e+00
16 7 -1.000285152042891e+00 -1.899865962093311e-03 -9.176690931525214e-04 -1.007679670172233e+00
16 8 -1.000285273947608e+00 -1.900030023721943e-03 -9.176565714137365e-04 -1.007678863315163e+00
16 9 -1.000285357488281e+00 -1.900090436006347e-03 -9.177161644546051e-04 -1.007678384082615e+00
16 10 -1.000285399385258e+00 -1.900045286933366e-03 -9.178436944177996e-04 -1.007678250258033e+00
16 11 -1.000285397862124e+00 -1.899896541196535e-03 -9.180330179440688e-04 -1.007678466832107e+00
16 12 -1.000285352740300e+00 -1.899649929780347e-03 -9.182764512234472e-04 -1.007679025832305e+00
16 13 -1.000285265482244e+00 -1.899314725462058e-03 -9.185651352708468e-04 -1.007679906579414e+00
16 14 -1.000285139176136e+00 -1.898903414483425e-03 -9.188893132526582e-04 -1.007681076367098e+00
16 15 -1.000284978456421e+00 -1.898431273632981e-03 -9.192385143962151e-04 -1.007682491554256e+00
16 16 -1.000284789357410e+00 -1.897915860829482e-03 -9.196016631288956e-04 -1.007684099052047e+00
16 17 -1.000284579101219e+00 -1.897376427543536e-03 -9.199671516367603e-04 -1.007685838175007e+00
16 18 -1.000284355825975e+00 -1.896833263327666e-03 -9.203229252475933e-04 -1.007687642810118e+00
16 19 -1.000284128264493e+00 -1.896306985503820e-03 -9.206566323804366e-04 -1.007689443842412e+00
16 20 -1.000283905387008e+00 -1.895817790240982e-03 -9.209558841298794e-04 -1.007691171762442e+00
16 21 -1.000283696024334e+00 -1.895384685479039e-03 -9.212086516490910e-04 -1.007692759367740e+00
16 22 -1.000283508489983e+00 -1.895024731902368e-03 -9.214038027428938e-04 -1.007694144455837e+00
16 23 -1.000283350221005e+00 -1.894752324408000e-03 -9.215317473891903e-04 -1.007695272392564e+00
16 24 -1.000283227457007e+00 -1.894578551158582e-03 -9.215851330456830e-04 -1.007696098431053e+00
16 25 -1.000283144975008e+00 -1.894510668791512e-03 -9.215595106675885e-04 -1.007696589657536e+00
16 26 -1.000283105894628e+00 -1.894551730190747e-03 -9.214538839938167e-04 -1.007696726450721e+00
16 27 -1.000283111563709e+00 -1.894700395208440e-03 -9.212710590621706e-04 -1.007696503362894e+00
16 28 -1.000283161528771e+00 -1.894950944478946e-03 -9.210177291622589e-04 -1.007695929363534e+00
16 29 -1.000283253588478e+00 -1.895293502365838e-03 -9.207042613397997e-04 -1.007695027428368e+00
16 30 -1.000283383922342e+00 -1.895714459113907e-03 -9.203441885755537e-04 -1.007693833502341e+00
16 31 -1.000283547282502e+00 -1.896197067388545e-03 -9.199534488416591e-04 -1.007692394905986e+00
17 0 -1.000283605646664e+00 -1.896944444646971e-03 -9.182229947145228e-04 -1.007690660255219e+00
17 1 -1.000283814794047e+00 -1.897490688432075e-03 -9.178254482409792e-04 -1.007688909826413e+00
17 2 -1.000284035535581e+00 -1.898038116772046e-03 -9.174487975793860e-04 -1.007687100298778e+00
17 3 -1.000284259556568e+00 -1.898565485996333e-03 -9.171086812799106e-04 -1.007685301314151e+00
17 4 -1.000284478493087e+00 -1.899052546188455e-03 -9.168184701224424e-04 -1.007683581580192e+00
17 5 -1.000284684214634e+00 -1.899480812927895e-03 -9.165887200770545e-04 -1.007682006305697e+00
17 6 -1.000284869092305e+00 -1.899834240549600e-03 -9.164268632790940e-04 -1.007680634833539e+00
17 7 -1.000285026249194e+00 -1.900099776941738e-03 -9.163371325818969e-04 -1.007679518540413e+00
17 8 -1.000285149790102e+00 -1.900267787523698e-03 -9.163206918209952e-04 -1.007678699057468e+00
17 9 -1.000285235007082e+00 -1.900332342954139e-03 -9.163759253066251e-04 -1.007678206852690e+00
17 10 -1.000285278555875e+00 -1.900291370692266e-03 -9.164988288748000e-04 -1.007678060205165e+00
17 11 -1.000285278596502e+00 -1.900146674823312e-03 -9.166834420230987e-04 -1.007678264592154e+00
17 12 -1.000285234890296e+00 -1.899903831819476e-03 -9.169222652014717e-04 -1.007678812500825e+00
17 13 -1.000285148845450e+00 -1.899571971892548e-03 -9.172066173022882e-04 -1.007679683668154e+00
17 14 -1.000285023503798e+00 -1.899163455868806e-03 -9.175269058362598e-04 -1.007680845745813e+00
17 15 -1.000284863463074e+00 -1.898693456512766e-03 -9.178728049565728e-04 -1.007682255380667e+00
17 16 -1.000284674731807e+00 -1.898179452378058e-03 -9.182333600725511e-04 -1.007683859692609e+00
17 17 -1.000284464518162e+00 -1.897640642757586e-03 -9.185970568337483e-04 -1.007685598118561e+00
17 18 -1.000284240958693e+00 -1.897097294089284e-03 -9.189519036078414e-04 -1.007687404576376e+00
17 19 -1.000284012797131e+00 -1.896570030607938e-03 -9.192855794881404e-04 -1.007689209888128e+00
17 20 -1.000283789026715e+00 -1.896079085175789e-03 -9.195856934013517e-04 -1.007690944388982e+00
17 21 -1.000283578512436e+00 -1.895643530792697e-03 -9.198401824571001e-04 -1.007692540633733e+00
17 22 -1.000283389611829e+00 -1.895280519306286e-03 -9.200378503055186e-04 -1.007693936097823e+00
17 23 -1.000283229814150e+00 -1.895004559942064e-03 -9.201690146808196e-04 -1.007695075756204e+00
17 24 -1.000283105417471e+00 -1.894826874612126e-03 -9.202262051674914e-04 -1.007695914415764e+00
17 25 -1.000283021261370e+00 -1.894754868422206e-03 -9.202048327078414e-04 -1.007696418677542e+00
17 26 -1.000282980529766e+00 -1.894791751914400e-03 -9.201037436036160e-04 -1.007696568414931e+00
17 27 -1.000282984634044e+00 -1.894936345768731e-03 -9.199255745182188e-04 -1.007696357675017e+00
17 28 -1.000283033181013e+00 -1.895183088383244e-03 -9.196768431606587e-04 -1.007695794942920e+00
17 29 -1.000283124023973e+00 -1.895522252548671e-03 -9.193677407358481e-04 -1.007694902751190e+00
17 30 -1.000283253389306e+00 -1.895940361535130e-03 -9.190116305749690e-04 -1.007693716661555e+00
17 31 -1.000283416066491e+00 -1.896420780134934e-03 -9.186242941328271e-04 -1.007692283687247e+00
18 0 -1.000283434977818e+00 -1.897097818924098e-03 -9.171774142403256e-04 -1.007690693505043e+00
18 1 -1.000283643826098e+00 -1.897642878440064e-03 -9.167818469919126e-04 -1.007688945512335e+00
18 2 -1.000283864607227e+00 -1.898189947828041e-03 -9.164062922732640e-04 -1.007687135797504e+00
18 3 -1.000284089005113e+00 -1.898717797092334e-03 -9.160663414132335e-04 -1.007685334016730e+00
18 4 -1.000284308641697e+00 -1.899206157039442e-03 -9.157753556605885e-04 -1.007683608992773e+00
18 5 -1.000284515359947e+00 -1.899636491692660e-03 -9.155439202606017e-04 -1.007682026145327e+00
18 6 -1.000284701492975e+00 -1.899992673806744e-03 -9.153795341274425e-04 -1.007680645114768e+00
18 7 -1.000284860115914e+00 -1.900261543310537e-03 -9.152865310694451e-04 -1.007679517649000e+00
18 8 -1.000284985277510e+00 -1.900433335846296e-03 -9.152662055183470e-04 -1.007678685808923e+00
18 9 -1.000285072207781e+00 -1.900501975613392e-03 -9.153170966419077e-04 -1.007678180534476e+00
18 10 -1.000285117496708e+00 -1.900465232594365e-03 -9.154353729353352e-04 -1.007678020601592e+00
18 11 -1.000285119237316e+00 -1.900324748547750e-03 -9.156152567231352e-04 -1.007678211990965e+00
18 12 -1.000285077125345e+00 -1.900085939135426e-03 -9.158494332722747e-04 -1.007678747681102e+00
18 13 -1.000284992507421e+00 -1.899757781370269e-03 -9.161294005588819e-04 -1.007679607870329e+00
18 14 -1.000284868370248e+00 -1.899352496019448e-03 -9.164457327293632e-04 -1.007680760625343e+00
18 15 -1.000284709264990e+00 -1.898885133864886e-03 -9.167882523020689e-04 -1.007682162947048e+00
18 16 -1.000284521163968e+00 -1.898373073905894e-03 -9.171461296166579e-04 -1.007683762235467e+00
18 17 -1.000284311250935e+00 -1.897835441921089e-03 -9.175079474920888e-04 -1.007685498123030e+00
18 18 -1.000284087650817e+00 -1.897292459528957e-03 -9.178617806717088e-04 -1.007687304630622e+00
18 19 -1.000283859108971e+00 -1.896764736447740e-03 -9.181953422931216e-04 -1.007689112586197e+00
18 20 -1.000283634633449e+00 -1.896272521917902e-03 -9.184962426880511e-04 -1.007690852232283e+00
18 21 -1.000283423116611e+00 -1.895834935795384e-03 -9.187523882249835e-04 -1.007692455934662e+00
18 22 -1.000283232954794e+00 -1.895469205784384e-03 -9.189525207760979e-04 -1.007693860889326e+00
18 23 -1.000283071685962e+00 -1.895189943414422e-03 -9.190868671314666e-04 -1.007695011710991e+00
18 24 -1.000282945664937e+00 -1.895008495782520e-03 -9.191478396301246e-04 -1.007695862778506e+00
18 25 -1.000282859793942e+00 -1.894932411557162e-03 -9.191307095604567e-04 -1.007696380213082e+00
18 26 -1.000282817322991e+00 -1.894965057857833e-03 -9.190341658465660e-04 -1.007696543375291e+00
18 27 -1.000282819730383e+00 -1.895105418898766e-03 -9.188606752301092e-04 -1.007696345787366e+00
18 28 -1.000282866688023e+00 -1.895348097109842e-03 -9.186165785598903e-04 -1.007695795419427e+00
18 29 -1.000282956110012e+00 -1.895683523271399e-03 -9.183118894554266e-04 -1.007694914320282e+00
18 30 -1.000283084276989e+00 -1.896098366241649e-03 -9.179597998264817e-04 -1.007693737619076e+00
18 31 -1.000283246024098e+00 -1.896576118084987e-03 -9.175759330236796e-04 -1.007692311965226e+00
19 0 -1.000283231618978e+00 -1.897176613657656e-03 -9.164521339299499e-04 -1.007690866572204e+00
19 1 -1.000283439925772e+00 -1.897719994089651e-03 -9.160585462290506e-04 -1.007689122722008e+00
19 2 -1.000283660502023e+00 -1.898266176240131e-03 -9.156841209998407e-04 -1.007687314577022e+00
19 3 -1.000283885039652e+00 -1.898793963600315e-03 -9.153444019506141e-04 -1.007685511741220e+00
19 4 -1.000284105155704e+00 -1.899283088395279e-03 -9.150527389574349e-04 -1.007683783085409e+00
19 5 -1.000284312675402e+00 -1.899714984006650e-03 -9.148197428888481e-04 -1.007682194174902e+00
19 6 -1.000284499901874e+00 -1.900073461977678e-03 -9.146529739975244e-04 -1.007680804886485e+00
19 7 -1.000284659869138e+00 -1.900345273137926e-03 -9.145568603793469e-04 -1.007679667285284e+00
19 8 -1.000284786575156e+00 -1.900520539658307e-03 -9.145328199011842e-04 -1.007678823818144e+00
19 9 -1.000284875191250e+00 -1.900593052166379e-03 -9.145795393521828e-04 -1.007678305865738e+00
19 10 -1.000284922242901e+00 -1.900560432080802e-03 -9.146933526337148e-04 -1.007678132683628e+00
19 11 -1.000284925755291e+00 -1.900424163395587e-03 -9.148686577666052e-04 -1.007678310753491e+00
19 12 -1.000284885355634e+00 -1.900189500842457e-03 -9.150983183967137e-04 -1.007678833558028e+00
19 13 -1.000284802324037e+00 -1.899865263271416e-03 -9.153740065835019e-04 -1.007679681784972e+00
19 14 -1.000284679585340e+00 -1.899463521858222e-03 -9.156864598482879e-04 -1.007680823957833e+00
19 15 -1.000284521636017e+00 -1.898999192049890e-03 -9.160256471938215e-04 -1.007682217484257e+00
19 16 -1.000284334403164e+00 -1.898489537025882e-03 -9.163808628727930e-04 -1.007683810104814e+00
19 17 -1.000284125036662e+00 -1.897953590609212e-03 -9.167407866851408e-04 -1.007685541712872e+00
19 18 -1.000283901640252e+00 -1.897411509563740e-03 -9.170935608144644e-04 -1.007687346500557e+00
19 19 -1.000283672951587e+00 -1.896883868158166e-03 -9.174269349825487e-04 -1.007689155370282e+00
19 20 -1.000283447984741e+00 -1.896390911121927e-03 -9.177285245101100e-04 -1.007690898538006e+00
19 21 -1.000283235651565e+00 -1.895951785319824e-03 -9.179862089160925e-04 -1.007692508241194e+00
19 22 -1.000283044380536e+00 -1.895583776281622e-03 -9.181886721729647e-04 -1.007693921449397e+00
19 23 -1.000282881753075e+00 -1.895301582103376e-03 -9.183260542862077e-04 -1.007695082460907e+00
19 24 -1.000282754177001e+00 -1.895116661947542e-03 -9.183906551629799e-04 -1.007695945260242e+00
19 25 -1.000282666614912e+00 -1.895036697857175e-03 -9.183776117847923e-04 -1.007696475511804e+00
19 26 -1.000282622382148e+00 -1.895065206577738e-03 -9.182854610554951e-04 -1.007696652075260e+00
19 27 -1.000282623024700e+00 -1.895201332365472e-03 -9.181165048155546e-04 -1.007696467948461e+00
19 28 -1.000282668281946e+00 -1.895439841743316e-03 -9.178769118722672e-04 -1.007695930575419e+00
19 29 -1.000282756132723e+00 -1.895771327072058e-03 -9.175765231638240e-04 -1.007695061498774e+00
19 30 -1.000282882917249e+00 -1.896182609812432e-03 -9.172283640811410e-04 -1.007693895382082e+00
19 31 -1.000283043522864e+00 -1.896657319581634e-03 -9.168479042287347e-04 -1.007692478468363e+00
20 0 -1.000283003176648e+00 -1.897177915603774e-03 -9.160739591182338e-04 -1.007691173221070e+00
20 1 -1.000283210719851e+00 -1.897719185078031e-03 -9.156822799562728e-04 -1.007689435065911e+00
20 2 -1.000283430854481e+00 -1.898263985003811e-03 -9.153089765979752e-04 -1.007687630190130e+00
20 3 -1.000283655289419e+00 -1.898791170652898e-03 -9.149695469019732e-04 -1.007685828081633e+00
20 4 -1.000283875646147e+00 -1.899280496213807e-03 -9.146773278619930e-04 -1.007684097590780e+00
20 5 -1.000284083741637e+00 -1.899713386687221e-03 -9.144429509656237e-04 -1.007682504357241e+00
20 6 -1.000284271858277e+00 -1.900073615321772e-03 -9.142740299845360e-04 -1.007681108423451e+00
20 7 -1.000284432997411e+00 -1.900347866080425e-03 -9.141750775920476e-04 -1.007679962105633e+00
20 8 -1.000284561113335e+00 -1.900526168090596e-03 -9.141476239220378e-04 -1.007679108178544e+00
20 9 -1.000284651324175e+00 -1.900602196268306e-03 -9.141904907933398e-04 -1.007678578415967e+00
20 10 -1.000284700094626e+00 -1.900573438064733e-03 -9.143001638655983e-04 -1.007678392517712e+00
20 11 -1.000284705383766e+00 -1.900441230232762e-03 -9.144712031884976e-04 -1.007678557445239e+00
20 12 -1.000284666749916e+00 -1.900210672358801e-03 -9.146966382663710e-04 -1.007679067179820e+00
20 13 -1.000284585404197e+00 -1.899890425994838e-03 -9.149683044345347e-04 -1.007679902908536e+00
20 14 -1.000284464205194e+00 -1.899492408933853e-03 -9.152770934366775e-04 -1.007681033635963e+00
20 15 -1.000284307588687e+00 -1.899031393233940e-03 -9.156131132070500e-04 -1.007682417213382e+00
20 16 -1.000284121429271e+00 -1.898524514324805e-03 -9.159657763234781e-04 -1.007684001769656e+00
20 17 -1.000283912834744e+00 -1.897990698796983e-03 -9.163238564423296e-04 -1.007685727515487e+00
20 18 -1.000283689878870e+00 -1.897450020705454e-03 -9.166755626038803e-04 -1.007687528876574e+00
20 19 -1.000283461282527e+00 -1.896922999295986e-03 -9.170086826241963e-04 -1.007689336895407e+00
20 20 -1.000283236056809e+00 -1.896429854262763e-03 -9.173108398822496e-04 -1.007691081828003e+00
20 21 -1.000283023124449e+00 -1.895989738711683e-03 -9.175698914905366e-04 -1.007692695848891e+00
20 22 -1.000282830938203e+00 -1.895619975733661e-03 -9.177744694775910e-04 -1.007694115762855e+00
20 23 -1.000282667116076e+00 -1.895335330950523e-03 -9.179146346141444e-04 -1.007695285607485e+00
20 24 -1.000282538113108e+00 -1.895147358316021e-03 -9.179825832605280e-04 -1.007696159021323e+00
20 25 -1.000282448947664e+00 -1.895063858127915e-03 -9.179733278192379e-04 -1.007696701252129e+00
20 26 -1.000282402997126e+00 -1.895088484197099e-03 -9.178852633771515e-04 -1.007696890689596e+00
20 27 -1.000282401873433e+00 -1.895220531286819e-03 -9.177205375123398e-04 -1.007696719827507e+00
20 28 -1.000282445383320e+00 -1.895454923879257e-03 -9.174851581320924e-04 -1.007696195592404e+00
20 29 -1.000282531571835e+00 -1.895782413384850e-03 -9.171888048651085e-04 -1.007695339017440e+00
20 30 -1.000282656841777e+00 -1.896189975089443e-03 -9.168443474235741e-04 -1.007694184285320e+00
20 31 -1.000282816137235e+00 -1.896661381316471e-03 -9.164671111267349e-04 -1.007692777205315e+00
21 0 -1.000282758211724e+00 -1.897101679437392e-03 -9.160561972990186e-04 -1.007691602617894e+00
21 1 -1.000282964797016e+00 -1.897640482976478e-03 -9.156662931672790e-04 -1.007689871504512e+00
21 2 -1.000283184268822e+00 -1.898183454904085e-03 -9.152940699210890e-04 -1.007688071483593e+00
21 3 -1.000283408361333e+00 -1.898709518789868e-03 -9.149549824842507e-04 -1.007686271866988e+00
21 4 -1.000283628709763e+00 -1.899198470782894e-03 -9.146623534211982e-04 -1.007684541415990e+00
21 5 -1.000283837132740e+00 -1.899631750228355e-03 -9.144268290765348e-04 -1.007682945769973e+00
21 6 -1.000284025901941e+00 -1.899993116393938e-03 -9.142560673546480e-04 -1.007681545060052e+00
21 7 -1.000284187995639e+00 -1.900269211094327e-03 -9.141546528878009e-04 -1.007680391778015e+00
21 8 -1.000284317333242e+00 -1.900449994503119e-03 -9.141242124384090e-04 -1.007679528955728e+00
21 9 -1.000284408987269e+00 -1.900529048260997e-03 -9.141636847825308e-04 -1.007678988697085e+00
21 10 -1.000284459367669e+00 -1.900503745500546e-03 -9.142696880651887e-04 -1.007678791094089e+00
21 11 -1.000284466371596e+00 -1.900375291578645e-03 -9.144369252744296e-04 -1.007678943549433e+00
21 12 -1.000284429490619e+00 -1.900148642397735e-03 -9.146585736972181e-04 -1.007679440519082e+00
21 13 -1.000284349866998e+00 -1.899832309108369e-03 -9.149266151595241e-04 -1.007680263680354e+00
21 14 -1.000284230291245e+00 -1.899438058339676e-03 -9.152320805125341e-04 -1.007681382524436e+00
21 15 -1.000284075134804e+00 -1.898980516140320e-03 -9.155652040400917e-04 -1.007682755366353e+00
21 16 -1.000283890214453e+00 -1.898476682802925e-03 -9.159155074748186e-04 -1.007684330757063e+00
21 17 -1.000283682589193e+00 -1.897945366093127e-03 -9.162718527550517e-04 -1.007686049269942e+00
21 18 -1.000283460295043e+00 -1.897406542427211e-03 -9.166225132836059e-04 -1.007687845618383e+00
21 19 -1.000283232027645e+00 -1.896880658526040e-03 -9.169553150535224e-04 -1.007689651045458e+00
21 20 -1.000283006786242e+00 -1.896387889512777e-03 -9.172578921938969e-04 -1.007691395912291e+00
21 21 -1.000282793495481e+00 -1.895947373710283e-03 -9.175180850144716e-04 -1.007693012398126e+00
21 22 -1.000282600623605e+00 -1.895576449995437e-03 -9.177244820668953e-04 -1.007694437210903e+00
21 23 -1.000282435816844e+00 -1.895289929802183e-03 -9.178670756502709e-04 -1.007695614193419e+00
21 24 -1.000282305569749e+00 -1.895099440914872e-03 -9.179379709838710e-04 -1.007696496700234e+00
21 25 -1.000282214949674e+00 -1.895012882253248e-03 -9.179320696459313e-04 -1.007697049618755e+00
21 26 -1.000282167390457e+00 -1.895034026975130e-03 -9.178476400237331e-04 -1.007697250917344e+00
21 27 -1.000282164565789e+00 -1.895162305160283e-03 -9.176866918022289e-04 -1.007697092624847e+00
21 28 -1.000282206347082e+00 -1.895392787145696e-03 -9.174550890556357e-04 -1.007696581178510e+00
21 29 -1.000282290844502e+00 -1.895716374866552e-03 -9.171623669627435e-04 -1.007695737118045e+00
21 30 -1.000282414524091e+00 -1.896120192961387e-03 -9.168212553363722e-04 -1.007694594147991e+00
21 31 -1.000282572389224e+00 -1.896588156405742e-03 -9.164469493714713e-04 -1.007693197632279e+00
22 0 -1.000282505944157e+00 -1.896950729586983e-03 -9.163983318479680e-04 -1.007692139600511e+00
22 1 -1.000282711411570e+00 -1.897486800638388e-03 -9.160100163942777e-04 -1.007690416624329e+00
22 2 -1.000282930022315e+00 -1.898027562700011e-03 -9.156388039044992e-04 -1.007688622876671e+00
22 3 -1.000283153543527e+00 -1.898552022107198e-03 -9.153001099500425e-04 -1.007686827438350e+00
22 4 -1.000283373633152e+00 -1.899040035751264e-03 -9.150072413467865e-04 -1.007685098915017e+00
22 5 -1.000283582121364e+00 -1.899473079493735e-03 -9.147708532684165e-04 -1.007683502870949e+00
22 6 -1.000283771279472e+00 -1.899834923339786e-03 -9.145986368949555e-04 -1.007682099445913e+00
22 7 -1.000283934073148e+00 -1.900112193393830e-03 -9.144952330809450e-04 -1.007680941224813e+00
22 8 -1.000284064397098e+00 -1.900294807891915e-03 -9.144623452879001e-04 -1.007680071415272e+00
22 9 -1.000284157287632e+00 -1.900376281316519e-03 -9.144990066039211e-04 -1.007679522375419e+00
22 10 -1.000284209108033e+00 -1.900353896327427e-03 -9.146019438501617e-04 -1.007679314522923e+00
22 11 -1.000284217699974e+00 -1.900228747574508e-03 -9.147659789484203e-04 -1.007679455646823e+00
22 12 -1.000284182492924e+00 -1.900005664279667e-03 -9.149844133080744e-04 -1.007679940635732e+00
22 13 -1.000284104563047e+00 -1.899693019957130e-03 -9.152493527159024e-04 -1.007680751629188e+00
22 14 -1.000283986633583e+00 -1.899302437964445e-03 -9.155519470145654e-04 -1.007681858592327e+00
22 15 -1.000283833010408e+00 -1.898848400976944e-03 -9.158825403713409e-04 -1.007683220307145e+00
22 16 -1.000283649449303e+00 -1.898347771643828e-03 -9.162307513630204e-04 -1.007684785765051e+00
22 17 -1.000283442955540e+00 -1.897819231722855e-03 -9.165855218306276e-04 -1.007686495934003e+00
22 18 -1.000283221520982e+00 -1.897282648657505e-03 -9.169351847833887e-04 -1.007688285858809e+00
22 19 -1.000282993808459e+00 -1.896758381653885e-03 -9.172676033644096e-04 -1.007690087036848e+00
22 20 -1.000282768796934e+00 -1.896266543167107e-03 -9.175704254862766e-04 -1.007691829996008e+00
22 21 -1.000282555403923e+00 -1.895826236154464e-03 -9.178314817477529e-04 -1.007693446987780e+00
22 22 -1.000282362103708e+00 -1.895454792844438e-03 -9.180393278224442e-04 -1.007694874694918e+00
22 23 -1.000282196561155e+00 -1.895167046861684e-03 -9.181839009068226e-04 -1.007696056839374e+00
22 24 -1.000282065300996e+00 -1.894974675795824e-03 -9.182572307857087e-04 -1.007696946565455e+00
22 25 -1.000281973430893e+00 -1.894885653631536e-03 -9.182541261763445e-04 -1.007697508470720e+00
22 26 -1.000281924433424e+00 -1.894903850594958e-03 -9.181727488245198e-04 -1.007697720166821e+00
22 27 -1.000281920037467e+00 -1.895028811784061e-03 -9.180149920266961e-04 -1.007697573274371e+00
22 28 -1.000281960173905e+00 -1.895255735795457e-03 -9.177865979304350e-04 -1.007697073788105e+00
22 29 -1.000282043014502e+00 -1.895575660997417e-03 -9.174969786189265e-04 -1.007696241788763e+00
22 30 -1.000282165086954e+00 -1.895975851483477e-03 -9.171587442616351e-04 -1.007695110522769e+00
22 31 -1.000282321454333e+00 -1.896440359559935e-03 -9.167869787074924e-04 -1.007693724913428e+00
23 0 -1.000282255928593e+00 -1.896730668513451e-03 -9.170862237251548e-04 -1.007692765055312e+00
23 1 -1.000282460158147e+00 -1.897263838222449e-03 -9.166992665291617e-04 -1.007691051021256e+00
23 2 -1.000282677739673e+00 -1.897802086062042e-03 -9.163289727025690e-04 -1.007689264746746e+00
23 3 -1.000282900479863e+00 -1.898324512868779e-03 -9.159907230803051e-04 -1.007687475033943e+00
23 4 -1.000283120067636e+00 -1.898811052951183e-03 -9.156978078807175e-04 -1.007685750271441e+00
23 5 -1.000283328354179e+00 -1.899243239574083e-03 -9.154608844582700e-04 -1.007684155876089e+00
23 6 -1.000283517620859e+00 -1.899604877985906e-03 -9.152876644989606e-04 -1.007682751915379e+00
23 7 -1.000283680831788e+00 -1.899882605856551e-03 -9.151828265856137e-04 -1.007681590980662e+00
23 8 -1.000283811868148e+00 -1.900066328182621e-03 -9.151481279277478e-04 -1.007680716367081e+00
23 9 -1.000283905740762e+00 -1.900149520898756e-03 -9.151826700025024e-04 -1.007680160601646e+00
23 10 -1.000283958776064e+00 -1.900129403520143e-03 -9.152832604833737e-04 -1.007679944348655e+00
23 11 -1.000283968768835e+00 -1.900006985150209e-03 -9.154448113206647e-04 -1.007680075713194e+00
23 12 -1.000283935093531e+00 -1.899786990389883e-03 -9.156607192425582e-04 -1.007680549957433e+00
23 13 -1.000283858765513e+00 -1.899477673035262e-03 -9.159231869476440e-04 -1.007681349637841e+00
23 14 -1.000283742444025e+00 -1.899090526179150e-03 -9.162234594597367e-04 -1.007682445163756e+00
23 15 -1.000283590370559e+00 -1.898639896973323e-03 -9.165519709877542e-04 -1.007683795770254e+00
23 16 -1.000283408239007e+00 -1.898142513165857e-03 -9.168984212330724e-04 -1.007685350890829e+00
23 17 -1.000283202998008e+00 -1.897616928159959e-03 -9.172518205445673e-04 -1.007687051904963e+00
23 18 -1.000282982590499e+00 -1.897082893042599e-03 -9.176005549510238e-04 -1.007688834220647e+00
23 19 -1.000282755640094e+00 -1.896560667450763e-03 -9.179325233443414e-04 -1.007690629634626e+00
23 20 -1.000282531097717e+00 -1.896070285107858e-03 -9.182353910636580e-04 -1.007692368897688e+00
23 21 -1.000282317864864e+00 -1.895630794161497e-03 -9.184969871214470e-04 -1.007693984398947e+00
23 22 -1.000282124412054e+00 -1.895259497831114e-03 -9.187058463731447e-04 -1.007695412869264e+00
23 23 -1.000281958412407e+00 -1.894971227211868e-03 -9.188518666162064e-04 -1.007696597989094e+00
23 24 -1.000281826410300e+00 -1.894777683498862e-03 -9.189270213400604e-04 -1.007697492774874e+00
23 25 -1.000281733543443e+00 -1.894686889116036e-03 -9.189260485292247e-04 -1.007698061616305e+00
23 26 -1.000281683333471e+00 -1.894702785260685e-03 -9.188470275952468e-04 -1.007698281846962e+00
23 27 -1.000281677555682e+00 -1.894825007341905e-03 -9.186917609288791e-04 -1.007698144751814e+00
23 28 -1.000281716192982e+00 -1.895048859841139e-03 -9.184658945210825e-04 -1.007697655946551e+00
23 29 -1.000281797473000e+00 -1.895365498482813e-03 -9.181787428012347e-04 -1.007696835104159e+00
23 30 -1.000281917981269e+00 -1.895762311769217e-03 -9.178428208699965e-04 -1.007695715049799e+00
23 31 -1.000282072838687e+00 -1.896223478797459e-03 -9.174731240702873e-04 -1.007694340287622e+00
24 0 -1.000282017708883e+00 -1.896449692414330e-03 -9.180928052740477e-04 -1.007693456418167e+00
24 1 -1.000282220625291e+00 -1.896979896547555e-03 -9.177069393539807e-04 -1.007691751808374e+00
24 2 -1.000282437046092e+00 -1.897515415309623e-03 -9.173374527316535e-04 -1.007689973941253e+00
24 3 -1.000282658822682e+00 -1.898035452224421e-03 -9.169996973673408e-04 -1.007688191303072e+00
24 4 -1.000282877682022e+00 -1.898520032865259e-03 -9.167069461818966e-04 -1.007686472011867e+00
24 5 -1.000283085505126e+00 -1.898950767007283e-03 -9.164698509495978e-04 -1.007684881269150e+00
24 6 -1.000283274593663e+00 -1.899311518765464e-03 -9.162961293686450e-04 -1.007683478990548e+00
24 7 -1.000283437921403e+00 -1.899588964346872e-03 -9.161904775980661e-04 -1.007682317686472e+00
24 8 -1.000283569367633e+00 -1.899773024564888e-03 -9.161546818980731e-04 -1.007681440648386e+00
24 9 -1.000283663929318e+00 -1.899857166889318e-03 -9.161878836266496e-04 -1.007680880480389e+00
24 10 -1.000283717907323e+00 -1.899838577792494e-03 -9.162869397776113e-04 -1.007680658003934e+00
24 11 -1.000283729060047e+00 -1.899718209664090e-03 -9.164468192677726e-04 -1.007680781556665e+00
24 12 -1.000283696716177e+00 -1.899500708578501e-03 -9.166609816312395e-04 -1.007681246700838e+00
24 13 -1.000283621837816e+00 -1.899194230826841e-03 -9.169216962983053e-04 -1.007682036349402e+00
24 14 -1.000283507025830e+00 -1.898810157015069e-03 -9.172202765268936e-04 -1.007683121309771e+00
24 15 -1.000283356460914e+00 -1.898362711839038e-03 -9.175472232527874e-04 -1.007684461238946e+00
24 16 -1.000283175776530e+00 -1.897868496106366e-03 -9.178922982775763e-04 -1.007686005997304e+00
24 17 -1.000282971863931e+00 -1.897345937278913e-03 -9.182445667464370e-04 -1.007687697377590e+00
24 18 -1.000282752614190e+00 -1.896814666858717e-03 -9.185924600455303e-04 -1.007689471169537e+00
24 19 -1.000282526606725e+00 -1.896294836398272e-03 -9.189239111348043e-04 -1.007691259503417e+00
24 20 -1.000282302757592e+00 -1.895806387582325e-03 -9.192266064705640e-04 -1.007692993401271e+00
24 21 -1.000282089943807e+00 -1.895368296045054e-03 -9.194883820542426e-04 -1.007694605451225e+00
24 22 -1.000281896622336e+00 -1.894997814326891e-03 -9.196977652780628e-04 -1.007696032505056e+00
24 23 -1.000281730463816e+00 -1.894709746055646e-03 -9.198446325896014e-04 -1.007697218283401e+00
24 24 -1.000281598020971e+00 -1.894515788758964e-03 -9.199209233968039e-04 -1.007698115762318e+00
24 25 -1.000281504450045e+00 -1.894423984671725e-03 -9.199213303216237e-04 -1.007698689213967e+00
24 26 -1.000281453300417e+00 -1.894438316976377e-03 -9.198438778550629e-04 -1.007698915783823e+00
24 27 -1.000281446383206e+00 -1.894558483156935e-03 -9.196903060906532e-04 -1.007698786507026e+00
24 28 -1.000281483723989e+00 -1.894779867241097e-03 -9.194661940957486e-04 -1.007698306697860e+00
24 29 -1.000281563598465e+00 -1.895093718845041e-03 -9.191807878751129e-04 -1.007697495687917e+00
24 30 -1.000281682643946e+00 -1.895487531067095e-03 -9.188465356424904e-04 -1.007696385934091e+00
24 31 -1.000281836035006e+00 -1.895945594426455e-03 -9.184783699249239e-04 -1.007695021559013e+00
25 0 -1.000281800461419e+00 -1.896118316539245e-03 -9.193792167619129e-04 -1.007694188315830e+00
25 1 -1.000282002037586e+00 -1.896645599457663e-03 -9.189941454997505e-04 -1.007692493266374e+00
25 2 -1.000282217208345e+00 -1.897178273239705e-03 -9.186253375196358e-04 -1.007690724435520e+00
25 3 -1.000282437873185e+00 -1.897695648333622e-03 -9.182881224294685e-04 -1.007688949968644e+00
25 4 -1.000282655802819e+00 -1.898177852172118e-03 -9.179957549314860e-04 -1.007687237669411e+00
25 5 -1.000282862915962e+00 -1.898606587658696e-03 -9.177588728110583e-04 -1.007685652462966e+00
25 6 -1.000283051544220e+00 -1.898965799441678e-03 -9.175851846880738e-04 -1.007684254038309e+00
25 7 -1.000283214681877e+00 -1.899242227800819e-03 -9.174793834578777e-04 -1.007683094740405e+00
25 8 -1.000283346218017e+00 -1.899425837873210e-03 -9.174432583725419e-04 -1.007682217765773e+00
25 9 -1.000283441147978e+00 -1.899510119373022e-03 -9.174759599231379e-04 -1.007681655699958e+00
25 10 -1.000283495759449e+00 -1.899492257463251e-03 -9.175743602990564e-04 -1.007681429425014e+00
25 11 -1.000283507786417e+00 -1.899373178933743e-03 -9.177334499926517e-04 -1.007681547418377e+00
25 12 -1.000283476522753e+00 -1.899157480309237e-03 -9.179467167006488e-04 -1.007682005457709e+00
25 13 -1.000283402886825e+00 -1.898853246283755e-03 -9.182064638955063e-04 -1.007682786738440e+00
25 14 -1.000283289428967e+00 -1.898471767227831e-03 -9.185040430473307e-04 -1.007683862404364e+00
25 15 -1.000283140274985e+00 -1.898027163254504e-03 -9.188299954713470e-04 -1.007685192487000e+00
25 16 -1.000282961001638e+00 -1.897535920893196e-03 -9.191741238074631e-04 -1.007686727242669e+00
25 17 -1.000282758444175e+00 -1.897016348609885e-03 -9.195255329205649e-04 -1.007688408864051e+00
25 18 -1.000282540440808e+00 -1.896487959523369e-03 -9.198726908842329e-04 -1.007690173526844e+00
25 19 -1.000282315523422e+00 -1.895970792687821e-03 -9.202035620966861e-04 -1.007691953716331e+00
25 20 -1.000282092567603e+00 -1.895484687761607e-03 -9.205058572781959e-04 -1.007693680764526e+00
25 21 -1.000281880418225e+00 -1.895048532472078e-03 -9.207674283848534e-04 -1.007695287513772e+00
25 22 -1.000281687509324e+00 -1.894679508462976e-03 -9.209768100610977e-04 -1.007696711006262e+00
25 23 -1.000281521498342e+00 -1.894392367733425e-03 -9.211238772937641e-04 -1.007697895083615e+00
25 24 -1.000281388934653e+00 -1.894198776899291e-03 -9.212005594888917e-04 -1.007698792770878e+00
25 25 -1.000281294980717e+00 -1.894106768497763e-03 -9.212015311755991e-04 -1.007699368317959e+00
25 26 -1.000281243201240e+00 -1.894120336948686e-03 -9.211247915929201e-04 -1.007699598779872e+00
25 27 -1.000281235431223e+00 -1.894239211093226e-03 -9.209720499294820e-04 -1.007699475037442e+00
25 28 -1.000281271727913e+00 -1.894458825046587e-03 -9.207488506336068e-04 -1.007699002192827e+00
25 29 -1.000281350405347e+00 -1.894770495141628e-03 -9.204644033642769e-04 -1.007698199316100e+00
25 30 -1.000281468144461e+00 -1.895161795186993e-03 -9.201311198823997e-04 -1.007697098563435e+00
25 31 -1.000281620167364e+00 -1.895617107657331e-03 -9.197638973034700e-04 -1.007695743727808e+00
26 0 -1.000281612639277e+00 -1.895749014099066e-03 -9.208963279586057e-04 -1.007694933358658e+00
26 1 -1.000281812898183e+00 -1.896273529122982e-03 -9.205117318290397e-04 -1.007693247647905e+00
26 2 -1.000282026775878e+00 -1.896803347269089e-03 -9.201434577165993e-04 -1.007691488147101e+00
26 3 -1.000282246221572e+00 -1.897317886245582e-03 -9.198068194095298e-04 -1.007689722648324e+00
26 4 -1.000282463053922e+00 -1.897797382287909e-03 -9.195150525703997e-04 -1.007688018608310e+00
26 5 -1.000282669235858e+00 -1.898223644550157e-03 -9.192787730963844e-04 -1.007686440625066e+00
26 6 -1.000282857137384e+00 -1.898580716756703e-03 -9.191056658876865e-04 -1.007685048094920e+00
26 7 -1.000283019783385e+00 -1.898855426513083e-03 -9.190003994047967e-04 -1.007683893118695e+00
26 8 -1.000283151084212e+00 -1.899037810551379e-03 -9.189647386934878e-04 -1.007683018708932e+00
26 9 -1.000283246046068e+00 -1.899121411090285e-03 -9.189978114299657e-04 -1.007682457336424e+00
26 10 -1.000283300956423e+00 -1.899103443796330e-03 -9.190964701778479e-04 -1.007682229844726e+00
26 11 -1.000283313537694e+00 -1.898984841785978e-03 -9.192556910494641e-04 -1.007682344753326e+00
26 12 -1.000283283061182e+00 -1.898770182970217e-03 -9.194689539994876e-04 -1.007682797962160e+00
26 13 -1.000283210412780e+00 -1.898467509455970e-03 -9.197285617130341e-04 -1.007683572863369e+00
26 14 -1.000283098102124e+00 -1.898088047365535e-03 -9.200258715753353e-04 -1.007684640861909e+00
26 15 -1.000282950208129e+00 -1.897645834022740e-03 -9.203514372965229e-04 -1.007685962302403e+00
26 16 -1.000282772256664e+00 -1.897157258452403e-03 -9.206950800227237e-04 -1.007687487791724e+00
26 17 -1.000282571030441e+00 -1.896640521526821e-03 -9.210459280997663e-04 -1.007689159894067e+00
26 18 -1.000282354315806e+00 -1.896115023795909e-03 -9.213924760927886e-04 -1.007690915160404e+00
26 19 -1.000282130595562e+00 -1.895600691685497e-03 -9.217227158373032e-04 -1.007692686439199e+00
26 20 -1.000281908700729e+00 -1.895117256474833e-03 -9.220243849347438e-04 -1.007694405400115e+00
26 21 -1.000281697437562e+00 -1.894683505598447e-03 -9.222853606401210e-04 -1.007696005186028e+00
26 22 -1.000281505208601e+00 -1.894316532042839e-03 -9.224942002977656e-04 -1.007697423092329e+00
26 23 -1.000281339647769e+00 -1.894031013822654e-03 -9.226407979211360e-04 -1.007698603158379e+00
26 24 -1.000281207289395e+00 -1.893838560407359e-03 -9.227170975492529e-04 -1.007699498546488e+00
26 25 -1.000281113289574e+00 -1.893747165341070e-03 -9.227177838793442e-04 -1.007700073580966e+00
26 26 -1.000281061215388e+00 -1.893760803000125e-03 -9.226408622673664e-04 -1.007700305327492e+00
26 27 -1.000281052912863e+00 -1.893879201534811e-03 -9.224880445239233e-04 -1.007700184614106e+00
26 28 -1.000281088458561e+00 -1.894097813533385e-03 -9.222648747558629e-04 -1.007699716428984e+00
26 29 -1.000281166193478e+00 -1.894407992090821e-03 -9.219805597969089e-04 -1.007698919671544e+00
26 30 -1.000281282832338e+00 -1.894797364750023e-03 -9.216475064691743e-04 -1.007697826276490e+00
26 31 -1.000281433636969e+00 -1.895250383166208e-03 -9.212806050418877e-04 -1.007696479770937e+00
27 0 -1.000281461631140e+00 -1.895355775884035e-03 -9.225865817346430e-04 -1.007695663082843e+00
27 1 -1.000281660645874e+00 -1.895877781829903e-03 -9.222021245796927e-04 -1.007693986132708e+00
27 2 -1.000281873236352e+00 -1.896404841834356e-03 -9.218342228405121e-04 -1.007692235902028e+00
27 3 -1.000282091401378e+00 -1.896916477328743e-03 -9.214981812101418e-04 -1.007690479829963e+00
27 4 -1.000282307009963e+00 -1.897393036141891e-03 -9.212072163137959e-04 -1.007688785006922e+00
27 5 -1.000282512073991e+00 -1.897816442510168e-03 -9.209719153640281e-04 -1.007687215666188e+00
27 6 -1.000282699008777e+00 -1.898170853913200e-03 -9.207999255886975e-04 -1.007685830856833e+00
27 7 -1.000282860878845e+00 -1.898443205528472e-03 -9.206958699487174e-04 -1.007684682365172e+00
27 8 -1.000282991626687e+00 -1.898623630677883e-03 -9.206614621890351e-04 -1.007683812936283e+00
27 9 -1.000283086281565e+00 -1.898705752482583e-03 -9.206957758527328e-04 -1.007683254833767e+00
27 10 -1.000283141143661e+00 -1.898686847601860e-03 -9.207956099090539e-04 -1.007683028765371e+00
27 11 -1.000283153937047e+00 -1.898567887137234e-03 -9.209558904045649e-04 -1.007683143193326e+00
27 12 -1.000283123923617e+00 -1.898353462353304e-03 -9.211700530591415e-04 -1.007683594041160e+00
27 13 -1.000283051969391e+00 -1.898051603777151e-03 -9.214303640872960e-04 -1.007684364803437e+00
27 14 -1.000282940554748e+00 -1.897673501798883e-03 -9.217281540116729e-04 -1.007685427060836e+00
27 15 -1.000282793721454e+00 -1.897233135784483e-03 -9.220539606854116e-04 -1.007686741397960e+00
27 16 -1.000282616952220e+00 -1.896746817766222e-03 -9.223976006909187e-04 -1.007688258713326e+00
27 17 -1.000282416982690e+00 -1.896232656731723e-03 -9.227482081812759e-04 -1.007689921899572e+00
27 18 -1.000282201550327e+00 -1.895709950867060e-03 -9.230942924601876e-04 -1.007691667857887e+00
27 19 -1.000281979089145e+00 -1.895198517974916e-03 -9.234238677921881e-04 -1.007693429794815e+00
27 20 -1.000281758383196e+00 -1.894717978526656e-03 -9.237247008285636e-04 -1.007695139732965e+00
27 21 -1.000281548195130e+00 -1.894287011070881e-03 -9.239847030661675e-04 -1.007696731150538e+00
27 22 -1.000281356888608e+00 -1.893922605613213e-03 -9.241924693514874e-04 -1.007698141649099e+00
27 23 -1.000281192064543e+00 -1.893639346567652e-03 -9.243379325964589e-04 -1.007699315535408e+00
27 24 -1.000281060231041e+00 -1.893448761978489e-03 -9.244130759753145e-04 -1.007700206192807e+00
27 25 -1.000280966525491e+00 -1.893358778402520e-03 -9.244126230676793e-04 -1.007700778114241e+00
27 26 -1.000280914504307e+00 -1.893373319552198e-03 -9.243346174404325e-04 -1.007701008476884e+00
27 27 -1.000280906011167e+00 -1.893492080710400e-03 -9.241808076640567e-04 -1.007700888159983e+00
27 28 -1.000280941128719e+00 -1.893710500381689e-03 -9.239567721525506e-04 -1.007700422141097e+00
27 29 -1.000281018212452e+00 -1.894019936905239e-03 -9.236717487450914e-04 -1.007699629246951e+00
27 30 -1.000281133999805e+00 -1.894408042529398e-03 -9.233381713419193e-04 -1.007698541278464e+00
27 31 -1.000281283783006e+00 -1.894859312678269e-03 -9.229709526424236e-04 -1.007697201570775e+00
28 0 -1.000281353450664e+00 -1.894953601953277e-03 -9.243860943056200e-04 -1.007696349022069e+00
28 1 -1.000281551342642e+00 -1.895473455892985e-03 -9.240014293972679e-04 -1.007694679912281e+00
28 2 -1.000281762701552e+00 -1.895997962567970e-03 -9.236337211491660e-04 -1.007692938531733e+00
28 3 -1.000281979573769e+00 -1.896506739550572e-03 -9.232982726684828e-04 -1.007691191980682e+00
28 4 -1.000282193879042e+00 -1.896980244579812e-03 -9.230082825744188e-04 -1.007689506978491e+00
28 5 -1.000282397680980e+00 -1.897400521314572e-03 -9.227743034225565e-04 -1.007687947370486e+00
28 6 -1.000282583445470e+00 -1.897751851468164e-03 -9.226039316032570e-04 -1.007686571816796e+00
28 7 -1.000282744284329e+00 -1.898021294114366e-03 -9.225017248485162e-04 -1.007685431730225e+00
28 8 -1.000282874181906e+00 -1.898199100465689e-03 -9.224693205764683e-04 -1.007684569514914e+00
28 9 -1.000282968201801e+00 -1.898278999740828e-03 -9.225057090874818e-04 -1.007684017142908e+00
28 10 -1.000283022669321e+00 -1.898258357809003e-03 -9.226076033848788e-04 -1.007683795093806e+00
28 11 -1.000283035323426e+00 -1.898138214237861e-03 -9.227698447031329e-04 -1.007683911674717e+00
28 12 -1.000283005430207e+00 -1.897923205327015e-03 -9.229857889436798e-04 -1.007684362732561e+00
28 13 -1.000282933849204e+00 -1.897621381472506e-03 -9.232476314285344e-04 -1.007685131766026e+00
28 14 -1.000282823044083e+00 -1.897243927174121e-03 -9.235466441932038e-04 -1.007686190439283e+00
28 15 -1.000282677030653e+00 -1.896804791078684e-03 -9.238733212510163e-04 -1.007687499493923e+00
28 16 -1.000282501257913e+00 -1.896320232043547e-03 -9.242174508130961e-04 -1.007689010049069e+00
28 17 -1.000282302421762e+00 -1.895808286601483e-03 -9.245681540971123e-04 -1.007690665269733e+00
28 18 -1.000282088215630e+00 -1.895288164610830e-03 -9.249139426202721e-04 -1.007692402369176e+00
28 19 -1.000281867026891e+00 -1.894779583264525e-03 -9.252428474554859e-04 -1.007694154893590e+00
28 20 -1.000281647592014e+00 -1.894302054090335e-03 -9.255426654212414e-04 -1.007695855220182e+00
28 21 -1.000281438626747e+00 -1.893874142540586e-03 -9.258013495188615e-04 -1.007697437183969e+00
28 22 -1.000281248450018e+00 -1.893512725400503e-03 -9.260075451164719e-04 -1.007698838733711e+00
28 23 -1.000281084621554e+00 -1.893232277407500e-03 -9.261512426612138e-04 -1.007700004503035e+00
28 24 -1.000280953613101e+00 -1.893044223873890e-03 -9.262244883395949e-04 -1.007700888171801e+00
28 25 -1.000280860531676e+00 -1.892956398782398e-03 -9.262220727932099e-04 -1.007701454489680e+00
28 26 -1.000280808910260e+00 -1.892972646337832e-03 -9.261421089865863e-04 -1.007701680842543e+00
28 27 -1.000280800576799e+00 -1.893092597884741e-03 -9.259864151986937e-04 -1.007701558263557e+00
28 28 -1.000280835606569e+00 -1.893311645740829e-03 -9.257606378146911e-04 -1.007701091823712e+00
28 29 -1.000280912356606e+00 -1.893621121729034e-03 -9.254740790437863e-04 -1.007700300377716e+00
28 30 -1.000281027575084e+00 -1.894008672705971e-03 -9.251392317349748e-04 -1.007699215685753e+00
28 31 -1.000281176573997e+00 -1.894458810536144e-03 -9.247710600022688e-04 -1.007697880973069e+00
29 0 -1.000281292472650e+00 -1.894557941103196e-03 -9.262269475182925e-04 -1.007696963869033e+00
29 1 -1.000281489408009e+00 -1.895076087203469e-03 -9.258417247806651e-04 -1.007695301364798e+00
29 2 -1.000281699639790e+00 -1.895598347474238e-03 -9.254740147401068e-04 -1.007693568062303e+00
29 3 -1.000281915257919e+00 -1.896104424016695e-03 -9.251391271275917e-04 -1.007691830750993e+00
29 4 -1.000282128231198e+00 -1.896574878441674e-03 -9.248502442056333e-04 -1.007690155789269e+00
29 5 -1.000282330675826e+00 -1.896991873766420e-03 -9.246178786568571e-04 -1.007688606625722e+00
29 6 -1.000282515111711e+00 -1.897339821826911e-03 -9.244495645102323e-04 -1.007687241504197e+00
29 7 -1.000282674703816e+00 -1.897605917011809e-03 -9.243497773694858e-04 -1.007686111419619e+00
29 8 -1.000282803486344e+00 -1.897780544873702e-03 -9.243200566676354e-04 -1.007685258375669e+00
29 9 -1.000282896567122e+00 -1.897857561788850e-03 -9.243592833415534e-04 -1.007684713979831e+00
29 10 -1.000282950308129e+00 -1.897834447919870e-03 -9.244640545215658e-04 -1.007684498399151e+00
29 11 -1.000282962475975e+00 -1.897712339402918e-03 -9.246290944528669e-04 -1.007684619692953e+00
29 12 -1.000282932354411e+00 -1.897495947438907e-03 -9.248476466668612e-04 -1.007685073534421e+00
29 13 -1.000282860810077e+00 -1.897193372799408e-03 -9.251118040761386e-04 -1.007685843328263e+00
29 14 -1.000282750303123e+00 -1.896815824311440e-03 -9.254127504588032e-04 -1.007686900726137e+00
29 15 -1.000282604835705e+00 -1.896377248785652e-03 -9.257409086308719e-04 -1.007688206536265e+00
29 16 -1.000282429833971e+00 -1.895893878123860e-03 -9.260860147003498e-04 -1.007689712017884e+00
29 17 -1.000282231962974e+00 -1.895383698641860e-03 -9.264371583166113e-04 -1.007691360541763e+00
29 18 -1.000282018878645e+00 -1.894865849227463e-03 -9.267828405924422e-04 -1.007693089583219e+00
29 19 -1.000281798925666e+00 -1.894359958483362e-03 -9.271111028403437e-04 -1.007694832996218e+00
29 20 -1.000281580794171e+00 -1.893885435356489e-03 -9.274097712075587e-04 -1.007696523499904e+00
29 21 -1.000281373151549e+00 -1.893460732568395e-03 -9.276668450869845e-04 -1.007698095293518e+00
29 22 -1.000281184267939e+00 -1.893102607862160e-03 -9.278710312729992e-04 -1.007699486700530e+00
29 23 -1.000281021655388e+00 -1.892825414461282e-03 -9.280123946372219e-04 -1.007700642728023e+00
29 24 -1.000280891740595e+00 -1.892640457610038e-03 -9.280830664606621e-04 -1.007701517416154e+00
29 25 -1.000280799589637e+00 -1.892555456613525e-03 -9.280779304219790e-04 -1.007702075849834e+00
29 26 -1.000280748700094e+00 -1.892574150206525e-03 -9.279951975512338e-04 -1.007702295713585e+00
29 27 -1.000280740871381e+00 -1.892696077066878e-03 -9.278367863829087e-04 -1.007702168291766e+00
29 28 -1.000280776158303e+00 -1.892916553009719e-03 -9.276084429851275e-04 -1.007701698849068e+00
29 29 -1.000280852906446e+00 -1.893226852575658e-03 -9.273195657313316e-04 -1.007700906367674e+00
29 30 -1.000280967862211e+00 -1.893614587128977e-03 -9.269827367647371e-04 -1.007699822662280e+00
29 31 -1.000281116345791e+00 -1.894064256728987e-03 -9.266129989708302e-04 -1.007698490935567e+00
30 0 -1.000281281231444e+00 -1.894184097600066e-03 -9.280396102485580e-04 -1.007697482670624e+00
30 1 -1.000281477415464e+00 -1.894701051789560e-03 -9.276534859891182e-04 -1.007695825264638e+00
30 2 -1.000281686670111e+00 -1.895221464713123e-03 -9.272855659599438e-04 -1.007694098940017e+00
30 3 -1.000281901123009e+00 -1.895725107891008e-03 -9.269511746280364e-04 -1.007692370216369e+00
30 4 -1.000282112788447e+00 -1.896192636781523e-03 -9.266634800129681e-04 -1.007690705115167e+00
30 5 -1.000282313834138e+00 -1.896606329170554e-03 -9.264329513233371e-04 -1.007689166694481e+00
30 6 -1.000282496835373e+00 -1.896950727767269e-03 -9.262670515758723e-04 -1.007687812770813e+00
30 7 -1.000282655013955e+00 -1.897213168192883e-03 -9.261701609125131e-04 -1.007686693893764e+00
30 8 -1.000282782459907e+00 -1.897384181440717e-03 -9.261437027618234e-04 -1.007685851623081e+00
30 9 -1.000282874333496e+00 -1.897457767270028e-03 -9.261864262843323e-04 -1.007685317142649e+00
30 10 -1.000282927043575e+00 -1.897431540921650e-03 -9.262947870413608e-04 -1.007685110234243e+00
30 11 -1.000282938396157e+00 -1.897306759421049e-03 -9.264633648664843e-04 -1.007685238626257e+00
30 12 -1.000282907705393e+00 -1.897088235730619e-03 -9.266852629421605e-04 -1.007685697727833e+00
30 13 -1.000282835858328e+00 -1.896784149648452e-03 -9.269524437976065e-04 -1.007686470754869e+00
30 14 -1.000282725325004e+00 -1.896405763924524e-03 -9.272559755881581e-04 -1.007687529250126e+00
30 15 -1.000282580106870e+00 -1.895967052773756e-03 -9.275861844207503e-04 -1.007688833994725e+00
30 16 -1.000282405619038e+00 -1.895484248490551e-03 -9.279327322249680e-04 -1.007690336301762e+00
30 17 -1.000282208505829e+00 -1.894975311395132e-03 -9.282846595214831e-04 -1.007691979672926e+00
30 18 -1.000281996393690e+00 -1.894459329738155e-03 -9.286304442280664e-04 -1.007693701784784e+00
30 19 -1.000281777590267e+00 -1.893955859371411e-03 -9.289581298499406e-04 -1.007695436754344e+00
30 20 -1.000281560742492e+00 -1.893484217309147e-03 -9.292555688868230e-04 -1.007697117616095e+00
30 21 -1.000281354469892e+00 -1.893062748393585e-03 -9.295108098191355e-04 -1.007698678926479e+00
30 22 -1.000281166991702e+00 -1.892708090159091e-03 -9.297126294857069e-04 -1.007700059396440e+00
30 23 -1.000281005767681e+00 -1.892434467280069e-03 -9.298511812466571e-04 -1.007701204438314e+00
30 24 -1.000280877172537e+00 -1.892253052349613e-03 -9.299187000470799e-04 -1.007702068502209e+00
30 25 -1.000280786222439e+00 -1.892171432339018e-03 -9.299101847802619e-04 -1.007702617073925e+00
30 26 -1.000280736368996e+00 -1.892193218556777e-03 -9.298239696550015e-04 -1.007702828215242e+00
30 27 -1.000280729371429e+00 -1.892317831797814e-03 -9.296621008265227e-04 -1.007702693549347e+00
30 28 -1.000280765251734e+00 -1.892540483960927e-03 -9.294304526678262e-04 -1.007702218627519e+00
30 29 -1.000280842331407e+00 -1.892852363656834e-03 -9.291385482769324e-04 -1.007701422654323e+00
30 30 -1.000280957342540e+00 -1.893241017882573e-03 -9.287990862580974e-04 -1.007700337592624e+00
30 31 -1.000281105601624e+00 -1.893690906935172e-03 -9.284272130413025e-04 -1.007699006711171e+00
31 0 -1.000281320294465e+00 -1.893846627939615e-03 -9.297554252713050e-04 -1.007697883988491e+00
31 1 -1.000281515963987e+00 -1.894362958636958e-03 -9.293680743533611e-04 -1.007696229957024e+00
31 2 -1.000281724431656e+00 -1.894882000933488e-03 -9.289997289172298e-04 -1.007694509221588e+00
31 3 -1.000281937855468e+00 -1.895383577948758e-03 -9.286657357159813e-04 -1.007692788083549e+00
31 4 -1.000282148289897e+00 -1.895848425261410e-03 -9.283792516247346e-04 -1.007691132264674e+00
31 5 -1.000282347951009e+00 -1.896258926082798e-03 -9.281507013511431e-04 -1.007689604454651e+00
31 6 -1.000282529468538e+00 -1.896599749322155e-03 -9.279874716571872e-04 -1.007688262049163e+00
31 7 -1.000282686122523e+00 -1.896858372177558e-03 -9.278938374927344e-04 -1.007687155142714e+00
31 8 -1.000282812062647e+00 -1.897025476648525e-03 -9.278710922806167e-04 -1.007686324824708e+00
31 9 -1.000282902507837e+00 -1.897095216523775e-03 -9.279178360537975e-04 -1.007685801812926e+00
31 10 -1.000282953922193e+00 -1.897065357431422e-03 -9.280303631700671e-04 -1.007685605446670e+00
31 11 -1.000282964161305e+00 -1.896937296765324e-03 -9.282030877147812e-04 -1.007685743053317e+00
31 12 -1.000282932581352e+00 -1.896715972354807e-03 -9.284289496891332e-04 -1.007686209697184e+00
31 13 -1.000282860102411e+00 -1.896409668970759e-03 -9.286997574415415e-04 -1.007686988316805e+00
31 14 -1.000282749217526e+00 -1.896029730943860e-03 -9.290064399577481e-04 -1.007688050253468e+00
31 15 -1.000282603940418e+00 -1.895590187970515e-03 -9.293392047743780e-04 -1.007689356168723e+00
31 16 -1.000282429687403e+00 -1.895107300050025e-03 -9.296876204002078e-04 -1.007690857341107e+00
31 17 -1.000282233093030e+00 -1.894599027041041e-03 -9.300406619251484e-04 -1.007692497322417e+00
31 18 -1.000282021763523e+00 -1.894084429338652e-03 -9.303867709776177e-04 -1.007694213920603e+00
31 19 -1.000281803976710e+00 -1.893583009077523e-03 -9.307139840400812e-04 -1.007695941459852e+00
31 20 -1.000281588341240e+00 -1.893114005744050e-03 -9.310101754815259e-04 -1.007697613250535e+00
31 21 -1.000281383431232e+00 -1.892695665480243e-03 -9.312634435506826e-04 -1.007699164184811e+00
31 22 -1.000281197414911e+00 -1.892344509278190e-03 -9.314626407281835e-04 -1.007700533358353e+00
31 23 -1.000281037697134e+00 -1.892074631360614e-03 -9.315980187928224e-04 -1.007701666604704e+00
31 24 -1.000280910595710e+00 -1.891897064333146e-03 -9.316619301785387e-04 -1.007702518817669e+00
31 25 -1.000280821069962e+00 -1.891819250416170e-03 -9.316495064761835e-04 -1.007703055933725e+00
31 26 -1.000280772516871e+00 -1.891844656570174e-03 -9.315592257925950e-04 -1.007703256455372e+00
31 27 -1.000280766645354e+00 -1.891972565035009e-03 -9.313932849203030e-04 -1.007703112419057e+00
31 28 -1.000280803433420e+00 -1.892198060249295e-03 -9.311577105440507e-04 -1.007702629744992e+00
31 29 -1.000280881166665e+00 -1.892512219429132e-03 -9.308621743182551e-04 -1.007701827947003e+00
31 30 -1.000280996550918e+00 -1.892902498762934e-03 -9.305195142694844e-04 -1.007700739224144e+00
31 31 -1.000281144887223e+00 -1.893353292245574e-03 -9.301450020190315e-04 -1.007699406997445e+00
