1.424989417350644e-06
1.000000000000000e-12
1.000000000000000e-17
3.539528766865400e-01
1.942942292809576e-01
-8.373902894087082e-02
-1.500017464083440e+00
1.901109735892602e-07
32
32
-3.418341982538403e-05
1
0 0 -1.000282166246784e+00 -1.894522203232968e-03 -9.287132222489162e-04 -1.007694998127825e+00
0 1 -1.000282275719431e+00 -1.894809468475729e-03 -9.285017851204592e-04 -1.007694077145408e+00
0 2 -1.000282392164285e+00 -1.895098043716033e-03 -9.283000339112689e-04 -1.007693120481432e+00
0 3 -1.000282511156725e+00 -1.895376767408518e-03 -9.281160932317671e-04 -1.007692164955587e+00
0 4 -1.000282628199753e+00 -1.895634929290532e-03 -9.279571382246061e-04 -1.007691247166269e+00
0 5 -1.000282738885114e+00 -1.895862681520443e-03 -9.278291038305622e-04 -1.007690402103644e+00
0 6 -1.000282839048934e+00 -1.896051405745019e-03 -9.277364843733844e-04 -1.007689661848148e+00
0 7 -1.000282924917962e+00 -1.896194023776957e-03 -9.276822261742821e-04 -1.007689054398035e+00
0 8 -1.000282993242942e+00 -1.896285243340240e-03 -9.276677063039132e-04 -1.007688602661336e+00
0 9 -1.000283041415883e+00 -1.896321733470912e-03 -9.276927846701799e-04 -1.007688323640268e+00
0 10 -1.000283067567844e+00 -1.896302226700124e-03 -9.277559131756127e-04 -1.007688227830288e+00
0 11 -1.000283070643710e+00 -1.896227547595565e-03 -9.278542831697398e-04 -1.007688318850080e+00
0 12 -1.000283050450513e+00 -1.896100569587880e-03 -9.279839919373901e-04 -1.007688593312053e+00
0 13 -1.000283007676264e+00 -1.895926103723106e-03 -9.281402122931674e-04 -1.007689040936345e+00
0 14 -1.000282943876857e+00 -1.895710723869067e-03 -9.283173557361963e-04 -1.007689644905946e+00
0 15 -1.000282861429505e+00 -1.895462533503249e-03 -9.285092262737321e-04 -1.007690382455576e+00
0 16 -1.000282763452457e+00 -1.895190880132243e-03 -9.287091674097498e-04 -1.007691225680515e+00
0 17 -1.000282653692526e+00 -1.894906024653783e-03 -9.289102093741593e-04 -1.007692142543682e+00
0 18 -1.000282536383752e+00 -1.894618774264619e-03 -9.291052273032021e-04 -1.007693098051144e+00
0 19 -1.000282416082324e+00 -1.894340088852472e-03 -9.292871218119144e-04 -1.007694055559105e+00
0 20 -1.000282297484371e+00 -1.894080672476110e-03 -9.294490298499567e-04 -1.007694978168603e+00
0 21 -1.000282185234640e+00 -1.893850563509873e-03 -9.295845672364623e-04 -1.007695830157271e+00
0 22 -1.000282083734998e+00 -1.893658738827520e-03 -9.296880971727322e-04 -1.007696578391421e+00
0 23 -1.000281996962056e+00 -1.893512748578604e-03 -9.297550119520435e-04 -1.007697193658426e+00
0 24 -1.000281928302814e+00 -1.893418398535542e-03 -9.297820076578749e-04 -1.007697651859619e+00
0 25 -1.000281880416338e+00 -1.893379496511585e-03 -9.297673253845717e-04 -1.007697935007326e+00
0 26 -1.000281855128103e+00 -1.893397677558946e-03 -9.297109306566057e-04 -1.007698031976322e+00
0 27 -1.000281853361773e+00 -1.893472319278555e-03 -9.296146066076677e-04 -1.007697938970565e+00
0 28 -1.000281875110861e+00 -1.893600553919142e-03 -9.294819439927691e-04 -1.007697659680466e+00
0 29 -1.000281919450301e+00 -1.893777378649226e-03 -9.293182197156136e-04 -1.007697205122742e+00
0 30 -1.000281984585721e+00 -1.893995859833327e-03 -9.291301652961740e-04 -1.007696593171984e+00
0 31 -1.000282067936441e+00 -1.894247421520737e-03 -9.289256384040292e-04 -1.007695847809311e+00
1 0 -1.000282237366454e+00 -1.894392520082629e-03 -9.294518134741205e-04 -1.007695079906426e+00
1 1 -1.000282346845955e+00 -1.894679964568092e-03 -9.292398370263360e-04 -1.007694158771161e+00
1 2 -1.000282463197220e+00 -1.894968466165379e-03 -9.290378229371239e-04 -1.007693202741409e+00
1 3 -1.000282581999193e+00 -1.895246866089506e-03 -9.288539068682669e-04 -1.007692248611561e+00
1 4 -1.000282698762195e+00 -1.895504466650746e-03 -9.286952635279843e-04 -1.007691332925027e+00
1 5 -1.000282809088789e+00 -1.895731441941564e-03 -9.285678158853339e-04 -1.007690490589495e+00
1 6 -1.000282908828980e+00 -1.895919203975153e-03 -9.284760354009644e-04 -1.007689753578929e+00
1 7 -1.000282994225870e+00 -1.896060712041627e-03 -9.284228357232203e-04 -1.007689149765629e+00
1 8 -1.000283062048379e+00 -1.896150716929538e-03 -9.284095526598305e-04 -1.007688701917209e+00
1 9 -1.000283109707837e+00 -1.896185934683195e-03 -9.284359976755325e-04 -1.007688426886355e+00
1 10 -1.000283135355050e+00 -1.896165146957871e-03 -9.285005689893286e-04 -1.007688335015620e+00
1 11 -1.000283137954300e+00 -1.896089227553527e-03 -9.286004015596592e-04 -1.007688429773431e+00
1 12 -1.000283117330895e+00 -1.895961097266949e-03 -9.287315361752763e-04 -1.007688707630340e+00
1 13 -1.000283074189292e+00 -1.895785610937217e-03 -9.288890911211365e-04 -1.007689158178010e+00
1 14 -1.000283010099420e+00 -1.895569381203445e-03 -9.290674269253987e-04 -1.007689764488625e+00
1 15 -1.000282927449619e+00 -1.895320543914838e-03 -9.292603018999618e-04 -1.007690503707687e+00
1 16 -1.000282829365955e+00 -1.895048471204561e-03 -9.294610212263735e-04 -1.007691347866487e+00
1 17 -1.000282719599370e+00 -1.894763439775426e-03 -9.296625860903097e-04 -1.007692264891989e+00
1 18 -1.000282602384139e+00 -1.894476263252697e-03 -9.298578528345060e-04 -1.007693219783792e+00
1 19 -1.000282482272778e+00 -1.894197898526800e-03 -9.300397135949663e-04 -1.007694175921155e+00
1 20 -1.000282363954062e+00 -1.893939037479369e-03 -9.302013070232023e-04 -1.007695096456618e+00
1 21 -1.000282252062050e+00 -1.893709697551163e-03 -9.303362609167530e-04 -1.007695945745819e+00
1 22 -1.000282150984998e+00 -1.893518826596164e-03 -9.304389606768172e-04 -1.007696690756880e+00
1 23 -1.000282064683415e+00 -1.893373938659022e-03 -9.305048302257597e-04 -1.007697302399356e+00
1 24 -1.000281996526238e+00 -1.893280797618620e-03 -9.305306052073728e-04 -1.007697756712957e+00
1 25 -1.000281949153202e+00 -1.893243165122409e-03 -9.305145725764248e-04 -1.007698035859559e+00
1 26 -1.000281924369995e+00 -1.893262627507484e-03 -9.304567485900791e-04 -1.007698128868763e+00
1 27 -1.000281923080850e+00 -1.893338513024084e-03 -9.303589705023981e-04 -1.007698032098188e+00
1 28 -1.000281945260943e+00 -1.893467905915849e-03 -9.302248846486108e-04 -1.007697749384408e+00
1 29 -1.000281989968626e+00 -1.893645758569195e-03 -9.300598226509452e-04 -1.007697291877084e+00
1 30 -1.000282055395320e+00 -1.893865097490066e-03 -9.298705675885533e-04 -1.007696677565453e+00
1 31 -1.000282138949097e+00 -1.894117313338858e-03 -9.296650235685390e-04 -1.007695930522464e+00
2 0 -1.000282330500992e+00 -1.894301385338575e-03 -9.300389282968361e-04 -1.007695079465737e+00
2 1 -1.000282440069038e+00 -1.894589184898935e-03 -9.298263624061630e-04 -1.007694157595135e+00
2 2 -1.000282556404747e+00 -1.894877788755928e-03 -9.296240369190428e-04 -1.007693201634055e+00
2 3 -1.000282675087597e+00 -1.895156034263051e-03 -9.294400997442142e-04 -1.007692248373235e+00
2 4 -1.000282791632562e+00 -1.895413230038226e-03 -9.292817264146256e-04 -1.007691334320753e+00
2 5 -1.000282901650688e+00 -1.895639566177967e-03 -9.291548296339054e-04 -1.007690494319465e+00
2 6 -1.000283001003835e+00 -1.895826479571390e-03 -9.290638598163377e-04 -1.007689760252428e+00
2 7 -1.000283085949871e+00 -1.895966962321033e-03 -9.290116991954796e-04 -1.007689159878573e+00
2 8 -1.000283153274947e+00 -1.896055804832512e-03 -9.289996428385992e-04 -1.007688715833526e+00
2 9 -1.000283200409495e+00 -1.896089768036578e-03 -9.290274540194224e-04 -1.007688444824194e+00
2 10 -1.000283225524501e+00 -1.896067681862586e-03 -9.290934776306251e-04 -1.007688357039460e+00
2 11 -1.000283227604684e+00 -1.895990469849462e-03 -9.291947923918422e-04 -1.007688455792199e+00
2 12 -1.000283206495275e+00 -1.895861102210582e-03 -9.293273819344247e-04 -1.007688737401025e+00
2 13 -1.000283162919438e+00 -1.895684481118036e-03 -9.294863084814576e-04 -1.007689191314566e+00
2 14 -1.000283098463863e+00 -1.895467262616706e-03 -9.296658798218244e-04 -1.007689800476368e+00
2 15 -1.000283015531016e+00 -1.895217620268547e-03 -9.298598071202884e-04 -1.007690541922914e+00
2 16 -1.000282917257870e+00 -1.894944956806397e-03 -9.300613559146529e-04 -1.007691387600207e+00
2 17 -1.000282807402664e+00 -1.894659571397451e-03 -9.302634965441561e-04 -1.007692305376547e+00
2 18 -1.000282690203079e+00 -1.894372291222977e-03 -9.304590640801611e-04 -1.007693260221713e+00
2 19 -1.000282570210995e+00 -1.894094077248697e-03 -9.306409395417356e-04 -1.007694215515553e+00
2 20 -1.000282452110550e+00 -1.893835615730781e-03 -9.308022611579968e-04 -1.007695134441878e+00
2 21 -1.000282340527404e+00 -1.893606909026838e-03 -9.309366672747731e-04 -1.007695981416896e+00
2 22 -1.000282239837982e+00 -1.893416881053216e-03 -9.310385644341040e-04 -1.007696723496168e+00
2 23 -1.000282153987918e+00 -1.893273013878983e-03 -9.311034071845030e-04 -1.007697331700719e+00
2 24 -1.000282086328742e+00 -1.893181032433377e-03 -9.311279698541861e-04 -1.007697782202190e+00
2 25 -1.000282039480963e+00 -1.893144653878271e-03 -9.311105848505331e-04 -1.007698057309860e+00
2 26 -1.000282015230042e+00 -1.893165416310073e-03 -9.310513194436480e-04 -1.007698146209931e+00
2 27 -1.000282014459780e+00 -1.893242597905594e-03 -9.309520658377671e-04 -1.007698045419279e+00
2 28 -1.000282037125433e+00 -1.893373232924074e-03 -9.308165269662942e-04 -1.007697758930266e+00
2 29 -1.000282082266682e+00 -1.893552225780447e-03 -9.306500901672046e-04 -1.007697298038918e+00
2 30 -1.000282148058323e+00 -1.893772558921647e-03 -9.304595912318721e-04 -1.007696680865459e+00
2 31 -1.000282231894511e+00 -1.894025584579156e-03 -9.302529823617858e-04 -1.007695931593110e+00
3 0 -1.000282442021155e+00 -1.894252366589867e-03 -9.304517657400807e-04 -1.007694996759705e+00
3 1 -1.000282551755984e+00 -1.894540683340522e-03 -9.302385829117924e-04 -1.007694073599882e+00
3 2 -1.000282668154856e+00 -1.894829561725358e-03 -9.300359084747892e-04 -1.007693117138567e+00
3 3 -1.000282786794803e+00 -1.895107828739410e-03 -9.298519037645262e-04 -1.007692164184453e+00
3 4 -1.000282903192469e+00 -1.895364792514538e-03 -9.296937469863933e-04 -1.007691251232131e+00
3 5 -1.000283012964555e+00 -1.895590652388076e-03 -9.295673427729682e-04 -1.007690413080617e+00
3 6 -1.000283111982271e+00 -1.895776863764807e-03 -9.294771226335263e-04 -1.007689681541061e+00
3 7 -1.000283196516211e+00 -1.895916445844254e-03 -9.294259394601041e-04 -1.007689084275348e+00
3 8 -1.000283263368229e+00 -1.896004223683953e-03 -9.294150499275028e-04 -1.007688643800450e+00
3 9 -1.000283309986841e+00 -1.896036999044125e-03 -9.294441718809057e-04 -1.007688376687371e+00
3 10 -1.000283334562792e+00 -1.896013647298866e-03 -9.295115996097653e-04 -1.007688292976834e+00
3 11 -1.000283336101484e+00 -1.895935140436728e-03 -9.296143575975690e-04 -1.007688395826595e+00
3 12 -1.000283314469024e+00 -1.895804498383198e-03 -9.297483734304762e-04 -1.007688681398743e+00
3 13 -1.000283270408843e+00 -1.895626672291613e-03 -9.299086539910145e-04 -1.007689138990024e+00
3 14 -1.000283205526433e+00 -1.895408364371433e-03 -9.300894551469581e-04 -1.007689751402992e+00
3 15 -1.000283122240773e+00 -1.895157789720330e-03 -9.302844416360195e-04 -1.007690495549624e+00
3 16 -1.000283023702436e+00 -1.894884386603761e-03 -9.304868393114782e-04 -1.007691343272242e+00
3 17 -1.000282913679880e+00 -1.894598482583328e-03 -9.306895865609145e-04 -1.007692262359773e+00
3 18 -1.000282796417266e+00 -1.894310924980406e-03 -9.308854954391704e-04 -1.007693217730083e+00
3 19 -1.000282676468918e+00 -1.894032685667426e-03 -9.310674340792297e-04 -1.007694172741219e+00
3 20 -1.000282558517255e+00 -1.893774452049936e-03 -9.312285385991027e-04 -1.007695090586581e+00
3 21 -1.000282447182124e+00 -1.893546217911276e-03 -9.313624559094132e-04 -1.007695935722942e+00
3 22 -1.000282346830311e+00 -1.893356889263160e-03 -9.314636112124014e-04 -1.007696675275732e+00
3 23 -1.000282261394358e+00 -1.893213921528022e-03 -9.315274870507612e-04 -1.007697280362764e+00
3 24 -1.000282194209768e+00 -1.893123005124932e-03 -9.315508941871247e-04 -1.007697727276039e+00
3 25 -1.000282147878715e+00 -1.893087816166385e-03 -9.315322087527028e-04 -1.007697998464046e+00
3 26 -1.000282124166757e+00 -1.893109846862670e-03 -9.314715475000302e-04 -1.007698083265161e+00
3 27 -1.000282123936989e+00 -1.893188326514206e-03 -9.313708559397571e-04 -1.007697978355144e+00
3 28 -1.000282147123934e+00 -1.893320239370790e-03 -9.312338919530065e-04 -1.007697687885804e+00
3 29 -1.000282192747328e+00 -1.893500440595648e-03 -9.310660973554535e-04 -1.007697223307043e+00
3 30 -1.000282258963587e+00 -1.893721866054276e-03 -9.308743601185239e-04 -1.007696602881265e+00
3 31 -1.000282343150735e+00 -1.893975825870600e-03 -9.306666806071982e-04 -1.007695850916550e+00
4 0 -1.000282567579128e+00 -1.894247385472478e-03 -9.306741246296523e-04 -1.007694835084031e+00
4 1 -1.000282677552413e+00 -1.894536361289657e-03 -9.304603216861739e-04 -1.007693910131933e+00
4 2 -1.000282794090719e+00 -1.894825675829443e-03 -9.302572740784360e-04 -1.007692952621194e+00
4 3 -1.000282912765723e+00 -1.895104139551088e-03 -9.300731577717603e-04 -1.007691999399363e+00
4 4 -1.000283029092612e+00 -1.895361053180540e-03 -9.299151555366609e-04 -1.007691086970321e+00
4 5 -1.000283138690627e+00 -1.895586618142171e-03 -9.297891660742048e-04 -1.007690250112238e+00
4 6 -1.000283237437488e+00 -1.895772301350965e-03 -9.296996045320402e-04 -1.007689520586119e+00
4 7 -1.000283321614041e+00 -1.895911142353862e-03 -9.296492978704902e-04 -1.007688925976793e+00
4 8 -1.000283388035683e+00 -1.895997994473004e-03 -9.296394686936554e-04 -1.007688488700577e+00
4 9 -1.000283434167269e+00 -1.896029694646536e-03 -9.296697940472865e-04 -1.007688225207677e+00
4 10 -1.000283458218125e+00 -1.896005159252059e-03 -9.297385218626112e-04 -1.007688145401591e+00
4 11 -1.000283459213852e+00 -1.895925405697060e-03 -9.298426261230315e-04 -1.007688252291100e+00
4 12 -1.000283437041599e+00 -1.895793501887913e-03 -9.299779819623253e-04 -1.007688541883470e+00
4 13 -1.000283392465790e+00 -1.895614447448272e-03 -9.301395445379643e-04 -1.007689003321215e+00
4 14 -1.000283327111943e+00 -1.895394991617083e-03 -9.303215209919379e-04 -1.007689619259308e+00
4 15 -1.000283243417303e+00 -1.895143393428839e-03 -9.305175317548950e-04 -1.007690366474162e+00
4 16 -1.000283144548265e+00 -1.894869130482734e-03 -9.307207638697407e-04 -1.007691216689485e+00
4 17 -1.000283034286108e+00 -1.894582563575661e-03 -9.309241238376622e-04 -1.007692137597113e+00
4 18 -1.000282916884292e+00 -1.894294565777278e-03 -9.311204004068993e-04 -1.007693094043317e+00
4 19 -1.000282796902530e+00 -1.894016126140109e-03 -9.313024480899860e-04 -1.007694049343080e+00
4 20 -1.000282679024451e+00 -1.893757940001365e-03 -9.314633992379170e-04 -1.007694966677270e+00
4 21 -1.000282567866899e+00 -1.893529999509321e-03 -9.315969065407886e-04 -1.007695810521488e+00
4 22 -1.000282467789608e+00 -1.893341199484486e-03 -9.316974103587860e-04 -1.007696548050836e+00
4 23 -1.000282382714354e+00 -1.893198974983006e-03 -9.317604176702098e-04 -1.007697150461634e+00
4 24 -1.000282315962599e+00 -1.893108987676402e-03 -9.317827723239593e-04 -1.007697594149981e+00
4 25 -1.000282270119748e+00 -1.893074877722403e-03 -9.317628907542415e-04 -1.007697861689835e+00
4 26 -1.000282246932522e+00 -1.893098095633540e-03 -9.317009353642553e-04 -1.007697942561375e+00
4 27 -1.000282247243859e+00 -1.893177824925167e-03 -9.315989008803526e-04 -1.007697833592749e+00
4 28 -1.000282270967617e+00 -1.893311001732547e-03 -9.314605963718766e-04 -1.007697539092640e+00
4 29 -1.000282317103101e+00 -1.893492432572962e-03 -9.312915151474653e-04 -1.007697070666278e+00
4 30 -1.000282383787257e+00 -1.893715005962127e-03 -9.310985950308213e-04 -1.007696446724037e+00
4 31 -1.000282468380293e+00 -1.893969987827850e-03 -9.308898824650618e-04 -1.007695691708893e+00
5 0 -1.000282702285060e+00 -1.894286638083877e-03 -9.306970769705467e-04 -1.007694600931769e+00
5 1 -1.000282812559151e+00 -1.894576388943772e-03 -9.304826761439707e-04 -1.007693673754952e+00
5 2 -1.000282929307639e+00 -1.894866283924518e-03 -9.302792469986653e-04 -1.007692714687656e+00
5 3 -1.000283048094110e+00 -1.895145111445270e-03 -9.300949805668305e-04 -1.007691760635639e+00
5 4 -1.000283164429279e+00 -1.895402158343724e-03 -9.299370654718021e-04 -1.007690848134002e+00
5 5 -1.000283273931807e+00 -1.895627620956127e-03 -9.298113967483915e-04 -1.007690011963637e+00
5 6 -1.000283372482832e+00 -1.895812970112249e-03 -9.297223767735928e-04 -1.007689283859502e+00
5 7 -1.000283456370463e+00 -1.895951257999762e-03 -9.296728114468823e-04 -1.007688691352876e+00
5 8 -1.000283522420925e+00 -1.896037358782150e-03 -9.296638948458371e-04 -1.007688256781181e+00
5 9 -1.000283568113098e+00 -1.896068137821466e-03 -9.296952688285821e-04 -1.007687996492901e+00
5 10 -1.000283591673091e+00 -1.896042546633518e-03 -9.297651406157002e-04 -1.007687920270091e+00
5 11 -1.000283592145454e+00 -1.895961643134094e-03 -9.298704397115443e-04 -1.007688030984768e+00
5 12 -1.000283569437664e+00 -1.895828539373280e-03 -9.300069951503251e-04 -1.007688324497681e+00
5 13 -1.000283524334976e+00 -1.895648280972131e-03 -9.301697163269760e-04 -1.007688789800949e+00
5 14 -1.000283458483390e+00 -1.895427663380202e-03 -9.303527664093711e-04 -1.007689409400812e+00
5 15 -1.000283374339501e+00 -1.895174990424913e-03 -9.305497248882883e-04 -1.007690159932039e+00
5 16 -1.000283275087193e+00 -1.894899781316137e-03 -9.307537424284444e-04 -1.007691012989378e+00
5 17 -1.000283164522664e+00 -1.894612433525136e-03 -9.309576954863007e-04 -1.007691936153753e+00
5 18 -1.000283046911107e+00 -1.894323850396572e-03 -9.311543505001645e-04 -1.007692894183034e+00
5 19 -1.000282926820290e+00 -1.894045043759447e-03 -9.313365479793554e-04 -1.007693850329724e+00
5 20 -1.000282808937902e+00 -1.893786723350545e-03 -9.314974145970427e-04 -1.007694767740789e+00
5 21 -1.000282697880730e+00 -1.893558886637992e-03 -9.316306057994666e-04 -1.007695610888375e+00
5 22 -1.000282598004367e+00 -1.893370424343655e-03 -9.317305734846800e-04 -1.007696346975032e+00
5 23 -1.000282513222564e+00 -1.893228758212747e-03 -9.317928449767512e-04 -1.007696947254098e+00
5 24 -1.000282446845223e+00 -1.893139528079400e-03 -9.318142924367843e-04 -1.007697388205459e+00
5 25 -1.000282401443158e+00 -1.893106344696200e-03 -9.317933670491789e-04 -1.007697652510013e+00
5 26 -1.000282378746077e+00 -1.893130622737650e-03 -9.317302708715023e-04 -1.007697729773799e+00
5 27 -1.000282379578170e+00 -1.893211504797999e-03 -9.316270419920901e-04 -1.007697616964806e+00
5 28 -1.000282403833489e+00 -1.893345882578054e-03 -9.314875353399159e-04 -1.007697318540009e+00
5 29 -1.000282450491150e+00 -1.893528516354344e-03 -9.313172908578319e-04 -1.007696846255690e+00
5 30 -1.000282517668230e+00 -1.893752248378803e-03 -9.311232915870216e-04 -1.007696218670344e+00
5 31 -1.000282602706184e+00 -1.894008300132935e-03 -9.309136256789560e-04 -1.007695460366319e+00
6 0 -1.000282840904771e+00 -1.894368586561400e-03 -9.305193696550047e-04 -1.007694303701639e+00
6 1 -1.000282951530213e+00 -1.894659197814438e-03 -9.303044188019361e-04 -1.007693373955552e+00
6 2 -1.000283068551217e+00 -1.894949794244992e-03 -9.301006171023341e-04 -1.007692412887132e+00
6 3 -1.000283187520880e+00 -1.895229137720944e-03 -9.299161698539240e-04 -1.007691457477234e+00
6 4 -1.000283303942730e+00 -1.895486495433344e-03 -9.297582723231964e-04 -1.007690544312325e+00
6 5 -1.000283413431822e+00 -1.895712051637887e-03 -9.296328186715567e-04 -1.007689708199292e+00
6 6 -1.000283511869412e+00 -1.895897273165767e-03 -9.295442030865808e-04 -1.007688980872507e+00
6 7 -1.000283595547548e+00 -1.896035216625242e-03 -9.294952160118127e-04 -1.007688389835426e+00
6 8 -1.000283661300173e+00 -1.896120769010958e-03 -9.294870290505549e-04 -1.007687957370941e+00
6 9 -1.000283706617428e+00 -1.896150816450475e-03 -9.295192554856637e-04 -1.007687699748279e+00
6 10 -1.000283729739796e+00 -1.896124338282298e-03 -9.295900693953455e-04 -1.007687626648660e+00
6 11 -1.000283729728716e+00 -1.896042426206101e-03 -9.296963641748662e-04 -1.007687740825426e+00
6 12 -1.000283706510422e+00 -1.895908230810225e-03 -9.298339310332089e-04 -1.007688038007009e+00
6 13 -1.000283660890041e+00 -1.895726839652750e-03 -9.299976408641349e-04 -1.007688507044398e+00
6 14 -1.000283594533789e+00 -1.895505091943018e-03 -9.301816189159894e-04 -1.007689130299362e+00
6 15 -1.000283509917985e+00 -1.895251335328771e-03 -9.303794089656300e-04 -1.007689884264639e+00
6 16 -1.000283410244957e+00 -1.894975131100557e-03 -9.305841298420837e-04 -1.007690740401058e+00
6 17 -1.000283299327307e+00 -1.894686915387852e-03 -9.307886313255982e-04 -1.007691666169116e+00
6 18 -1.000283181443908e+00 -1.894397625276506e-03 -9.309856591020186e-04 -1.007692626224679e+00
6 19 -1.000283061172924e+00 -1.894118300107035e-03 -9.311680393545362e-04 -1.007693583740902e+00
6 20 -1.000282943208790e+00 -1.893859669764593e-03 -9.313288914022440e-04 -1.007694501811352e+00
6 21 -1.000282832171168e+00 -1.893631743618908e-03 -9.314618708859854e-04 -1.007695344882952e+00
6 22 -1.000282732414574e+00 -1.893443415543334e-03 -9.315614377067639e-04 -1.007696080162270e+00
6 23 -1.000282647847775e+00 -1.893302101651865e-03 -9.316231346299545e-04 -1.007696678935599e+00
6 24 -1.000282581772048e+00 -1.893213427758539e-03 -9.316438557965199e-04 -1.007697117742958e+00
6 25 -1.000282536746371e+00 -1.893180982874590e-03 -9.316220799210651e-04 -1.007697379349637e+00
6 26 -1.000282514485965e+00 -1.893206153038353e-03 -9.315580413465966e-04 -1.007697453466792e+00
6 27 -1.000282515798382e+00 -1.893288046328927e-03 -9.314538143697826e-04 -1.007697337184330e+00
6 28 -1.000282540559416e+00 -1.893423515362440e-03 -9.313132927234356e-04 -1.007697035093416e+00
6 29 -1.000282587728956e+00 -1.893607278365158e-03 -9.311420558703079e-04 -1.007696559091471e+00
6 30 -1.000282655404648e+00 -1.893832134307789e-03 -9.309471251706189e-04 -1.007695927879295e+00
6 31 -1.000282740909098e+00 -1.894089261833172e-03 -9.307366244657416e-04 -1.007695166177141e+00
7 0 -1.000282978069572e+00 -1.894490022398741e-03 -9.301475299522015e-04 -1.007693955276362e+00
7 1 -1.000283089082975e+00 -1.894781545272961e-03 -9.299321010634758e-04 -1.007693022718352e+00
7 2 -1.000283206427911e+00 -1.895072936113871e-03 -9.297279528619396e-04 -1.007692059284367e+00
7 3 -1.000283325645036e+00 -1.895352926784240e-03 -9.295433034042204e-04 -1.007691102044325e+00
7 4 -1.000283442228252e+00 -1.895610759802411e-03 -9.293853553599660e-04 -1.007690187654308e+00
7 5 -1.000283551786080e+00 -1.895836600823845e-03 -9.292600050064510e-04 -1.007689350969399e+00
7 6 -1.000283650196628e+00 -1.896021905060753e-03 -9.291716429425828e-04 -1.007688623748391e+00
7 7 -1.000283733752481e+00 -1.896159725356988e-03 -9.291230498169247e-04 -1.007688033493135e+00
7 8 -1.000283799291958e+00 -1.896244953108558e-03 -9.291153815139062e-04 -1.007687602458267e+00
7 9 -1.000283844313251e+00 -1.896274486607656e-03 -9.291482309077484e-04 -1.007687346859661e+00
7 10 -1.000283867068164e+00 -1.896247324431645e-03 -9.292197483388154e-04 -1.007687276302665e+00
7 11 -1.000283866632269e+00 -1.896164584019125e-03 -9.293268008459051e-04 -1.007687393444676e+00
7 12 -1.000283842948261e+00 -1.896029447575933e-03 -9.294651509769297e-04 -1.007687693900790e+00
7 13 -1.000283796839483e+00 -1.895847039056024e-03 -9.296296394523997e-04 -1.007688166395335e+00
7 14 -1.000283729991343e+00 -1.895624237222649e-03 -9.298143613900195e-04 -1.007688793155571e+00
7 15 -1.000283644899486e+00 -1.895369430702681e-03 -9.300128321237816e-04 -1.007689550537593e+00
7 16 -1.000283544784883e+00 -1.895092221639756e-03 -9.302181447401485e-04 -1.007690409868656e+00
7 17 -1.000283433477354e+00 -1.894803085393366e-03 -9.304231264623985e-04 -1.007691338483890e+00
7 18 -1.000283315270875e+00 -1.894512995021786e-03 -9.306205042165719e-04 -1.007692300927461e+00
7 19 -1.000283194755969e+00 -1.894233020957606e-03 -9.308030902303924e-04 -1.007693260279596e+00
7 20 -1.000283076636214e+00 -1.893973918016882e-03 -9.309639956470803e-04 -1.007694179563403e+00
7 21 -1.000282965536915e+00 -1.893745713493409e-03 -9.310968741175828e-04 -1.007695023180069e+00
7 22 -1.000282865814557e+00 -1.893557311604257e-03 -9.311961895364666e-04 -1.007695758316586e+00
7 23 -1.000282781376187e+00 -1.893416130846517e-03 -9.312574942157054e-04 -1.007696356266644e+00
7 24 -1.000282715517788e+00 -1.893327791390514e-03 -9.312776970511285e-04 -1.007696793604222e+00
7 25 -1.000282670789772e+00 -1.893295868895470e-03 -9.312552964319809e-04 -1.007697053153280e+00
7 26 -1.000282648895877e+00 -1.893321728926173e-03 -9.311905507999434e-04 -1.007697124705652e+00
7 27 -1.000282650629663e+00 -1.893404452730429e-03 -9.310855620400797e-04 -1.007697005450894e+00
7 28 -1.000282675850889e+00 -1.893540860769219e-03 -9.309442536139232e-04 -1.007696700095098e+00
7 29 -1.000282723501988e+00 -1.893725635159283e-03 -9.307722354132467e-04 -1.007696220661122e+00
7 30 -1.000282791662461e+00 -1.893951536320881e-03 -9.305765587689439e-04 -1.007695585980413e+00
7 31 -1.000282877636724e+00 -1.894209703304427e-03 -9.303653761782743e-04 -1.007694820904244e+00
8 0 -1.000283108488773e+00 -1.894646198590230e-03 -9.295956610215546e-04 -1.007693569496267e+00
8 1 -1.000283219911337e+00 -1.894938648224286e-03 -9.293798469096024e-04 -1.007692633995094e+00
8 2 -1.000283337618735e+00 -1.895230894868959e-03 -9.291753938759300e-04 -1.007691667925256e+00
8 3 -1.000283457137690e+00 -1.895511637939839e-03 -9.289905312066191e-04 -1.007690708456582e+00
8 4 -1.000283573950297e+00 -1.895770091098498e-03 -9.288324696099655e-04 -1.007689792330755e+00
8 5 -1.000283683655866e+00 -1.895996395790842e-03 -9.287071098388983e-04 -1.007688954470979e+00
8 6 -1.000283782126337e+00 -1.896181988810414e-03 -9.286188428691686e-04 -1.007688226683467e+00
8 7 -1.000283865651554e+00 -1.896319911345098e-03 -9.285704454139094e-04 -1.007687636494167e+00
8 8 -1.000283931070688e+00 -1.896405050370671e-03 -9.285630655549735e-04 -1.007687206157317e+00
8 9 -1.000283975886339e+00 -1.896434307002359e-03 -9.285962852684866e-04 -1.007686951864164e+00
8 10 -1.000283998358078e+00 -1.896406689763201e-03 -9.286682413377927e-04 -1.007686883172102e+00
8 11 -1.000283997572343e+00 -1.896323333051310e-03 -9.287757845710572e-04 -1.007687002668413e+00
8 12 -1.000283973485452e+00 -1.896187442671878e-03 -9.289146587858764e-04 -1.007687305877920e+00
8 13 -1.000283926936599e+00 -1.896004171885498e-03 -9.290796843818305e-04 -1.007687781417981e+00
8 14 -1.000283859628579e+00 -1.895780433106238e-03 -9.292649358723659e-04 -1.007688411396844e+00
8 15 -1.000283774075178e+00 -1.895524651543101e-03 -9.294639085969859e-04 -1.007689172044488e+00
8 16 -1.000283673515487e+00 -1.895246467514224e-03 -9.296696765367152e-04 -1.007690034559871e+00
8 17 -1.000283561796711e+00 -1.894956394664054e-03 -9.298750490262803e-04 -1.007690966152845e+00
8 18 -1.000283443228766e+00 -1.894665442714795e-03 -9.300727372650650e-04 -1.007691931250932e+00
8 19 -1.000283322416007e+00 -1.894384715450416e-03 -9.302555411289822e-04 -1.007692892831568e+00
8 20 -1.000283204073179e+00 -1.894124996445612e-03 -9.304165634504605e-04 -1.007693813832905e+00
8 21 -1.000283092833727e+00 -1.893896336301373e-03 -9.305494535224196e-04 -1.007694658591600e+00
8 22 -1.000282993059067e+00 -1.893707656372232e-03 -9.306486745994597e-04 -1.007695394252473e+00
8 23 -1.000282908657877e+00 -1.893566385418577e-03 -9.307097822376942e-04 -1.007695992090933e+00
8 24 -1.000282842924431e+00 -1.893478146504083e-03 -9.307296928080618e-04 -1.007696428687393e+00
8 25 -1.000282798404130e+00 -1.893446510746206e-03 -9.307069163120439e-04 -1.007696686896592e+00
8 26 -1.000282776792591e+00 -1.893472832076150e-03 -9.306417262091320e-04 -1.007696756563917e+00
8 27 -1.000282778872500e+00 -1.893556173607270e-03 -9.305362418429129e-04 -1.007696634952762e+00
8 28 -1.000282804490483e+00 -1.893693331931564e-03 -9.303944058189509e-04 -1.007696326860160e+00
8 29 -1.000282852574080e+00 -1.893878960512141e-03 -9.302218483269962e-04 -1.007695844413333e+00
8 30 -1.000282921186634e+00 -1.894105787414772e-03 -9.300256415576437e-04 -1.007695206557598e+00
8 31 -1.000283007615639e+00 -1.894364916771150e-03 -9.298139585883972e-04 -1.007694438263675e+00
9 0 -1.000283227155921e+00 -1.894831024222288e-03 -9.288849278833575e-04 -1.007693161559059e+00
9 1 -1.000283338992723e+00 -1.895124379252141e-03 -9.286688379123468e-04 -1.007692223099407e+00
9 2 -1.000283457086792e+00 -1.895417509206219e-03 -9.284641355843728e-04 -1.007691254227844e+00
9 3 -1.000283576949903e+00 -1.895699079782484e-03 -9.282790596536257e-04 -1.007690292221282e+00
9 4 -1.000283694050615e+00 -1.895958272784931e-03 -9.281208288200918e-04 -1.007689373919526e+00
9 5 -1.000283803976775e+00 -1.896185201015651e-03 -9.279953498738968e-04 -1.007688534330591e+00
9 6 -1.000283902591483e+00 -1.896371276932040e-03 -9.279070179182129e-04 -1.007687805328771e+00
9 7 -1.000283986178667e+00 -1.896509522527863e-03 -9.278586121418691e-04 -1.007687214489024e+00
9 8 -1.000284051574720e+00 -1.896594811487419e-03 -9.278512814444887e-04 -1.007686784093598e+00
9 9 -1.000284096282776e+00 -1.896624038272648e-03 -9.278846066162359e-04 -1.007686530338932e+00
9 10 -1.000284118566364e+00 -1.896596211899705e-03 -9.279567209236699e-04 -1.007686462763772e+00
9 11 -1.000284117519195e+00 -1.896512474480087e-03 -9.280644693698163e-04 -1.007686583913363e+00
9 12 -1.000284093107857e+00 -1.896376046417229e-03 -9.282035880817604e-04 -1.007686889248875e+00
9 13 -1.000284046184376e+00 -1.896192101874031e-03 -9.283688883440597e-04 -1.007687367304854e+00
9 14 -1.000283978466406e+00 -1.895967579701837e-03 -9.285544343906866e-04 -1.007688000090629e+00
9 15 -1.000283892483986e+00 -1.895710936041036e-03 -9.287537102270229e-04 -1.007688763725185e+00
9 16 -1.000283791493136e+00 -1.895431845286010e-03 -9.289597777189801e-04 -1.007689629289404e+00
9 17 -1.000283679357930e+00 -1.895140856763985e-03 -9.291654339768870e-04 -1.007690563873276e+00
9 18 -1.000283560404410e+00 -1.894849015937008e-03 -9.293633787654239e-04 -1.007691531787683e+00
9 19 -1.000283439251672e+00 -1.894567460939341e-03 -9.295464019652543e-04 -1.007692495901274e+00
9 20 -1.000283320627235e+00 -1.894307007014567e-03 -9.297075979922482e-04 -1.007693419055511e+00
9 21 -1.000283209174908e+00 -1.894077732640878e-03 -9.298406092381980e-04 -1.007694265506019e+00
9 22 -1.000283109263823e+00 -1.893888582308372e-03 -9.299398938430606e-04 -1.007695002334781e+00
9 23 -1.000283024807543e+00 -1.893747002322275e-03 -9.300010046989403e-04 -1.007695600774457e+00
9 24 -1.000282959102203e+00 -1.893658626971461e-03 -9.300208584465467e-04 -1.007696037384455e+00
9 25 -1.000282914691877e+00 -1.893627031833302e-03 -9.299979680764925e-04 -1.007696295021347e+00
9 26 -1.000282893267722e+00 -1.893653568524052e-03 -9.299326120655528e-04 -1.007696363554900e+00
9 27 -1.000282895605163e+00 -1.893737291425153e-03 -9.298269163323746e-04 -1.007696240293585e+00
9 28 -1.000282921541160e+00 -1.893874982464613e-03 -9.296848316445307e-04 -1.007695930097712e+00
9 29 -1.000282969991480e+00 -1.894061274995881e-03 -9.295119979938879e-04 -1.007695445173713e+00
9 30 -1.000283039005847e+00 -1.894288872139286e-03 -9.293154985410245e-04 -1.007694804559760e+00
9 31 -1.000283125856716e+00 -1.894548849130279e-03 -9.291035176431006e-04 -1.007694033329969e+00
10 0 -1.000283329540395e+00 -1.895037312119690e-03 -9.280427500321975e-04 -1.007692747379227e+00
10 1 -1.000283441780342e+00 -1.895331515691109e-03 -9.278265055292401e-04 -1.007691806061505e+00
10 2 -1.000283560270064e+00 -1.895625521599256e-03 -9.276216210573631e-04 -1.007690834332766e+00
10 3 -1.000283680505993e+00 -1.895907962041776e-03 -9.274363421737827e-04 -1.007689869579549e+00
10 4 -1.000283797942069e+00 -1.896167985398664e-03 -9.272778947603604e-04 -1.007688948747831e+00
10 5 -1.000283908152947e+00 -1.896395672477258e-03 -9.271521931186392e-04 -1.007688106943797e+00
10 6 -1.000284006990475e+00 -1.896582406198468e-03 -9.270636406136752e-04 -1.007687376128463e+00
10 7 -1.000284090729616e+00 -1.896721182428394e-03 -9.270150254570938e-04 -1.007686783949269e+00
10 8 -1.000284156200437e+00 -1.896806853325220e-03 -9.270075055139590e-04 -1.007686352743507e+00
10 9 -1.000284200902809e+00 -1.896836297704363e-03 -9.270406694670954e-04 -1.007686098741837e+00
10 10 -1.000284223100334e+00 -1.896808515672898e-03 -9.271126570315893e-04 -1.007686031494194e+00
10 11 -1.000284221890120e+00 -1.896724647407696e-03 -9.272203184373001e-04 -1.007686153533707e+00
10 12 -1.000284197245247e+00 -1.896587918283426e-03 -9.273593938434986e-04 -1.007686460287007e+00
10 13 -1.000284150027042e+00 -1.896403514259785e-03 -9.275246968118516e-04 -1.007686940232830e+00
10 14 -1.000284081964936e+00 -1.896178392534003e-03 -9.277102914716978e-04 -1.007687575305213e+00
10 15 -1.000283995602722e+00 -1.895921033317970e-03 -9.279096593379907e-04 -1.007688341531733e+00
10 16 -1.000283894211478e+00 -1.895641139496815e-03 -9.281158579838218e-04 -1.007689209890426e+00
10 17 -1.000283781670943e+00 -1.895349291955027e-03 -9.283216789777375e-04 -1.007690147361735e+00
10 18 -1.000283662322812e+00 -1.895056569608731e-03 -9.285198154504146e-04 -1.007691118144345e+00
10 19 -1.000283540801260e+00 -1.894774144756740e-03 -9.287030495528242e-04 -1.007692084996098e+00
10 20 -1.000283421847743e+00 -1.894512866119246e-03 -9.288644671058980e-04 -1.007693010653570e+00
10 21 -1.000283310118341e+00 -1.894282843535042e-03 -9.289977015651254e-04 -1.007693859277815e+00
10 22 -1.000283209992384e+00 -1.894093049589755e-03 -9.290972023749498e-04 -1.007694597869865e+00
10 23 -1.000283125391287e+00 -1.893950954553588e-03 -9.291585143959795e-04 -1.007695197597330e+00
10 24 -1.000283059616406e+00 -1.893862211749736e-03 -9.291785471052708e-04 -1.007695634972567e+00
10 25 -1.000283015214201e+00 -1.893830410107736e-03 -9.291558072492427e-04 -1.007695892825075e+00
10 26 -1.000282993875320e+00 -1.893856908454609e-03 -9.290905680414458e-04 -1.007695961018468e+00
10 27 -1.000282996371908e+00 -1.893940762188930e-03 -9.289849513344164e-04 -1.007695836875458e+00
10 28 -1.000283022535051e+00 -1.894078748215112e-03 -9.288429053144114e-04 -1.007695525289769e+00
10 29 -1.000283071272199e+00 -1.894265488977590e-03 -9.286700689404857e-04 -1.007695038519310e+00
10 30 -1.000283140622498e+00 -1.894493671050188e-03 -9.284735256182819e-04 -1.007694395670590e+00
10 31 -1.000283227845919e+00 -1.894754348012815e-03 -9.282614609700307e-04 -1.007693621900760e+00
11 0 -1.000283411757067e+00 -1.895257067950190e-03 -9.271017314373292e-04 -1.007692342940177e+00
11 1 -1.000283524373413e+00 -1.895552030172167e-03 -9.268854604333754e-04 -1.007691398975765e+00
11 2 -1.000283643252296e+00 -1.895846870481569e-03 -9.266804690508298e-04 -1.007690424445787e+00
11 3 -1.000283763875127e+00 -1.896130189347765e-03 -9.264950061657864e-04 -1.007689456843986e+00
11 4 -1.000283881680812e+00 -1.896391101502367e-03 -9.263363038783187e-04 -1.007688533226148e+00
11 5 -1.000283992229533e+00 -1.896619653364359e-03 -9.262102858325663e-04 -1.007687688806852e+00
11 6 -1.000284091359765e+00 -1.896807193970532e-03 -9.261213678135676e-04 -1.007686955650019e+00
11 7 -1.000284175334742e+00 -1.896946687199999e-03 -9.260723528266167e-04 -1.007686361496231e+00
11 8 -1.000284240975011e+00 -1.897032956603489e-03 -9.260644148036093e-04 -1.007685928761911e+00
11 9 -1.000284285773615e+00 -1.897062857114557e-03 -9.260971589400838e-04 -1.007685673739118e+00
11 10 -1.000284307990333e+00 -1.897035370702501e-03 -9.261687415831686e-04 -1.007685606018703e+00
11 11 -1.000284306721592e+00 -1.896951625857497e-03 -9.262760293581419e-04 -1.007685728152477e+00
11 12 -1.000284281942919e+00 -1.896814843227733e-03 -9.264147776618154e-04 -1.007686035562685e+00
11 13 -1.000284234521128e+00 -1.896630211283542e-03 -9.265798129339010e-04 -1.007686516700732e+00
11 14 -1.000284166193937e+00 -1.896404696826781e-03 -9.267652091464671e-04 -1.007687153451784e+00
11 15 -1.000284079515833e+00 -1.896146796139699e-03 -9.269644547280595e-04 -1.007687921775656e+00
11 16 -1.000283977770442e+00 -1.895866233746268e-03 -9.271706114846616e-04 -1.007688792567113e+00
11 17 -1.000283864851339e+00 -1.895573616839917e-03 -9.273764722849793e-04 -1.007689732711279e+00
11 18 -1.000283745114821e+00 -1.895280054412398e-03 -9.275747281185497e-04 -1.007690706302965e+00
11 19 -1.000283623209935e+00 -1.894996751467538e-03 -9.277581555623342e-04 -1.007691675991451e+00
11 20 -1.000283503892725e+00 -1.894734590609094e-03 -9.279198321742829e-04 -1.007692604404566e+00
11 21 -1.000283391832964e+00 -1.894503715227803e-03 -9.280533813032592e-04 -1.007693455599016e+00
11 22 -1.000283291422248e+00 -1.894313129881735e-03 -9.281532407587932e-04 -1.007694196479808e+00
11 23 -1.000283206592425e+00 -1.894170334283625e-03 -9.282149421824887e-04 -1.007694798129859e+00
11 24 -1.000283140653206e+00 -1.894081007795323e-03 -9.282353804653038e-04 -1.007695236990607e+00
11 25 -1.000283096157099e+00 -1.894048761049729e-03 -9.282130471440758e-04 -1.007695495836702e+00
11 26 -1.000283074798271e+00 -1.894074969386233e-03 -9.281482004739490e-04 -1.007695564495005e+00
11 27 -1.000283077349689e+00 -1.894158698954909e-03 -9.280429481282267e-04 -1.007695440270913e+00
11 28 -1.000283103640512e+00 -1.894296731394368e-03 -9.279012250591080e-04 -1.007695128060695e+00
11 29 -1.000283152573602e+00 -1.894483687776756e-03 -9.277286580921879e-04 -1.007694640144435e+00
11 30 -1.000283222181021e+00 -1.894712247167083e-03 -9.275323200191032e-04 -1.007693995669831e+00
11 31 -1.000283309713350e+00 -1.894973449577798e-03 -9.273203880127743e-04 -1.007693219853331e+00
12 0 -1.000283470708135e+00 -1.895481807779615e-03 -9.260983712185257e-04 -1.007691963669336e+00
12 1 -1.000283583659636e+00 -1.895777409699014e-03 -9.258822021383562e-04 -1.007691017371057e+00
12 2 -1.000283702906218e+00 -1.896073010957250e-03 -9.256771825622563e-04 -1.007690040202998e+00
12 3 -1.000283823915225e+00 -1.896357183283071e-03 -9.254915612978831e-04 -1.007689069759485e+00
12 4 -1.000283942110625e+00 -1.896619008657425e-03 -9.253325759459947e-04 -1.007688143205994e+00
12 5 -1.000284053037302e+00 -1.896848497885455e-03 -9.252061611020927e-04 -1.007687295872058e+00
12 6 -1.000284152518726e+00 -1.897036963101437e-03 -9.251167482280620e-04 -1.007686559936741e+00
12 7 -1.000284236804173e+00 -1.897177331721802e-03 -9.250671598173135e-04 -1.007685963250490e+00
12 8 -1.000284302701909e+00 -1.897264392795760e-03 -9.250585923548363e-04 -1.007685528329631e+00
12 9 -1.000284347694836e+00 -1.897294969997928e-03 -9.250906760022406e-04 -1.007685271552478e+00
12 10 -1.000284370035111e+00 -1.897268018549039e-03 -9.251615935607871e-04 -1.007685202579031e+00
12 11 -1.000284368814404e+00 -1.897184645997443e-03 -9.252682382318495e-04 -1.007685324009742e+00
12 12 -1.000284344006598e+00 -1.897048058877873e-03 -9.254063906233059e-04 -1.007685631292548e+00
12 13 -1.000284296480008e+00 -1.896863438826648e-03 -9.255708999373713e-04 -1.007686112881029e+00
12 14 -1.000284227976840e+00 -1.896637753040005e-03 -9.257558599311205e-04 -1.007686750639978e+00
12 15 -1.000284141058764e+00 -1.896379505175502e-03 -9.259547754639534e-04 -1.007687520487797e+00
12 16 -1.000284039018944e+00 -1.896098433815601e-03 -9.261607207391485e-04 -1.007688393258466e+00
12 17 -1.000283925762468e+00 -1.895805166414597e-03 -9.263664961168454e-04 -1.007689335759211e+00
12 18 -1.000283805658694e+00 -1.895510837601118e-03 -9.265647947188311e-04 -1.007690311993009e+00
12 19 -1.000283683370780e+00 -1.895226682247649e-03 -9.267483902375079e-04 -1.007691284507206e+00
12 20 -1.000283563669382e+00 -1.894963615754483e-03 -9.269103531018617e-04 -1.007692215821659e+00
12 21 -1.000283451238784e+00 -1.894731815907987e-03 -9.270442957869161e-04 -1.007693069883265e+00
12 22 -1.000283350484402e+00 -1.894540321990332e-03 -9.271446415145489e-04 -1.007693813489586e+00
12 23 -1.000283265350773e+00 -1.894396667612089e-03 -9.272069037104860e-04 -1.007694417622191e+00
12 24 -1.000283199158851e+00 -1.894306564155901e-03 -9.272279561067191e-04 -1.007694858630289e+00
12 25 -1.000283154470626e+00 -1.894273651356016e-03 -9.272062672892949e-04 -1.007695119208116e+00
12 26 -1.000283132987604e+00 -1.894299329654647e-03 -9.271420717688282e-04 -1.007695189116839e+00
12 27 -1.000283135487578e+00 -1.894382685315483e-03 -9.270374532206287e-04 -1.007695065613739e+00
12 28 -1.000283161801828e+00 -1.894520514374755e-03 -9.268963227861352e-04 -1.007694753566545e+00
12 29 -1.000283210832612e+00 -1.894707446123770e-03 -9.267242845034100e-04 -1.007694265247255e+00
12 30 -1.000283280608677e+00 -1.894936161317586e-03 -9.265283905920930e-04 -1.007693619816287e+00
12 31 -1.000283368374576e+00 -1.895197694858374e-03 -9.263168008969047e-04 -1.007692842523819e+00
13 0 -1.000283504192846e+00 -1.895702890291661e-03 -9.250716095208086e-04 -1.007691623862082e+00
13 1 -1.000283617425595e+00 -1.895998989164551e-03 -9.248556645969979e-04 -1.007690675630208e+00
13 2 -1.000283737004588e+00 -1.896295249514110e-03 -9.246506946283407e-04 -1.007689696086150e+00
13 3 -1.000283858384487e+00 -1.896580218150636e-03 -9.244649456173154e-04 -1.007688722915051e+00
13 4 -1.000283976974859e+00 -1.896842946314381e-03 -9.243056598220709e-04 -1.007687793388319e+00
13 5 -1.000284088305055e+00 -1.897073409505797e-03 -9.241787834116354e-04 -1.007686942952257e+00
13 6 -1.000284188182614e+00 -1.897262881593093e-03 -9.240887656627608e-04 -1.007686203908222e+00
13 7 -1.000284272841228e+00 -1.897404250429081e-03 -9.240384526491606e-04 -1.007685604228987e+00
13 8 -1.000284339074535e+00 -1.897492265762379e-03 -9.240290695888327e-04 -1.007685166548291e+00
13 9 -1.000284384352293e+00 -1.897523713758644e-03 -9.240602793037537e-04 -1.007684907352452e+00
13 10 -1.000284406915546e+00 -1.897497515517027e-03 -9.241302994058720e-04 -1.007684836395633e+00
13 11 -1.000284405847393e+00 -1.897414749392988e-03 -9.242360582883722e-04 -1.007684956354457e+00
13 12 -1.000284381116066e+00 -1.897278598866672e-03 -9.243733707937035e-04 -1.007685262731911e+00
13 13 -1.000284333587293e+00 -1.897094229400739e-03 -9.245371183818647e-04 -1.007685744013852e+00
13 14 -1.000284265003741e+00 -1.896868599301597e-03 -9.247214240102817e-04 -1.007686382074102e+00
13 15 -1.000284177930499e+00 -1.896610210859293e-03 -9.249198174102731e-04 -1.007687152816949e+00
13 16 -1.000284075666971e+00 -1.896328808866435e-03 -9.251253921422846e-04 -1.007688027039736e+00
13 17 -1.000283962127059e+00 -1.896035034279271e-03 -9.253309616796279e-04 -1.007688971492040e+00
13 18 -1.000283841691154e+00 -1.895740041839450e-03 -9.255292258396685e-04 -1.007689950100725e+00
13 19 -1.000283719035193e+00 -1.895455092201309e-03 -9.257129587367411e-04 -1.007690925321849e+00
13 20 -1.000283598943839e+00 -1.895191131169085e-03 -9.258752251014702e-04 -1.007691859572374e+00
13 21 -1.000283486116065e+00 -1.894958370435731e-03 -9.260096256939487e-04 -1.007692716688456e+00
13 22 -1.000283384972156e+00 -1.894765885465627e-03 -9.261105662962480e-04 -1.007693463353022e+00
13 23 -1.000283299471216e+00 -1.894621247025018e-03 -9.261735378824114e-04 -1.007694070433132e+00
13 24 -1.000283232947980e+00 -1.894530203344265e-03 -9.261953877508729e-04 -1.007694514167481e+00
13 25 -1.000283187976952e+00 -1.894496429481821e-03 -9.261745550439421e-04 -1.007694777147452e+00
13 26 -1.000283166270408e+00 -1.894521358489470e-03 -9.261112425458259e-04 -1.007694849042607e+00
13 27 -1.000283168614766e+00 -1.894604105322836e-03 -9.260075006948143e-04 -1.007694727033388e+00
13 28 -1.000283194847482e+00 -1.894741489628501e-03 -9.258672071222047e-04 -1.007694415928655e+00
13 29 -1.000283243874267e+00 -1.894928158216826e-03 -9.256959337304780e-04 -1.007693927962133e+00
13 30 -1.000283313724372e+00 -1.895156802523005e-03 -9.255007034532508e-04 -1.007693282278389e+00
13 31 -1.000283401639796e+00 -1.895418460862219e-03 -9.252896505631598e-04 -1.007692504135038e+00
14 0 -1.000283510982317e+00 -1.895911849796553e-03 -9.240612725390176e-04 -1.007691336174495e+00
14 1 -1.000283624432095e+00 -1.896208285079478e-03 -9.238456623336726e-04 -1.007690386479719e+00
14 2 -1.000283744295918e+00 -1.896505078481932e-03 -9.236408154722061e-04 -1.007689404909517e+00
14 3 -1.000283866017507e+00 -1.896790756493432e-03 -9.234549726629067e-04 -1.007688429227215e+00
14 4 -1.000283984993114e+00 -1.897054342866519e-03 -9.232953794015794e-04 -1.007687496802281e+00
14 5 -1.000284096737014e+00 -1.897285779669435e-03 -9.231679932609067e-04 -1.007686643194556e+00
14 6 -1.000284197040580e+00 -1.897476302682792e-03 -9.230772829866623e-04 -1.007685900829813e+00
14 7 -1.000284282120847e+00 -1.897618758455743e-03 -9.230261219296059e-04 -1.007685297811242e+00
14 8 -1.000284348754946e+00 -1.897707853984417e-03 -9.230157692525812e-04 -1.007684856903466e+00
14 9 -1.000284394396988e+00 -1.897740333185951e-03 -9.230459264084750e-04 -1.007684594718328e+00
14 10 -1.000284417273918e+00 -1.897715077181229e-03 -9.231148523301116e-04 -1.007684521125053e+00
14 11 -1.000284416456848e+00 -1.897633128047471e-03 -9.232195179661121e-04 -1.007684638900846e+00
14 12 -1.000284391904526e+00 -1.897497637966182e-03 -9.233557806839210e-04 -1.007684943631364e+00
14 13 -1.000284344476019e+00 -1.897313747350087e-03 -9.235185627508414e-04 -1.007685423864002e+00
14 14 -1.000284275910399e+00 -1.897088396777767e-03 -9.237020241810574e-04 -1.007686061510469e+00
14 15 -1.000284188772355e+00 -1.896830078735353e-03 -9.238997263350131e-04 -1.007686832488177e+00
14 16 -1.000284086364074e+00 -1.896548536258141e-03 -9.241047880769787e-04 -1.007687707583030e+00
14 17 -1.000283972605261e+00 -1.896254416444891e-03 -9.243100414340407e-04 -1.007688653509500e+00
14 18 -1.000283851884848e+00 -1.895958887766114e-03 -9.245081975597716e-04 -1.007689634137149e+00
14 19 -1.000283728889687e+00 -1.895673231630906e-03 -9.246920341218337e-04 -1.007690611844824e+00
14 20 -1.000283608417288e+00 -1.895408420782757e-03 -9.248546113302332e-04 -1.007691548955486e+00
14 21 -1.000283495180972e+00 -1.895174699030265e-03 -9.249895176144036e-04 -1.007692409197890e+00
14 22 -1.000283393616413e+00 -1.894981178032976e-03 -9.250911393530182e-04 -1.007693159137592e+00
14 23 -1.000283307698616e+00 -1.894835467576307e-03 -9.251549419761349e-04 -1.007693769518207e+00
14 24 -1.000283240778111e+00 -1.894743356285995e-03 -9.251777419986373e-04 -1.007694216453531e+00
14 25 -1.000283195444458e+00 -1.894708559509104e-03 -9.251579433603946e-04 -1.007694482413427e+00
14 26 -1.000283173423735e+00 -1.894732549121513e-03 -9.250957101378696e-04 -1.007694556953595e+00
14 27 -1.000283175514483e+00 -1.894814476124852e-03 -9.249930518563718e-04 -1.007694437152112e+00
14 28 -1.000283201564129e+00 -1.894951191990452e-03 -9.248538047940245e-04 -1.007694127731080e+00
14 29 -1.000283250485697e+00 -1.895137369661805e-03 -9.246835009142381e-04 -1.007693640857310e+00
14 30 -1.000283320312692e+00 -1.895365719886692e-03 -9.244891260562761e-04 -1.007692995631544e+00
14 31 -1.000283408288160e+00 -1.895627292866950e-03 -9.242787812289945e-04 -1.007692217292109e+00
15 0 -1.000283490858003e+00 -1.896100716927593e-03 -9.231064860685132e-04 -1.007691111198313e+00
15 1 -1.000283604452841e+00 -1.896397316491275e-03 -9.228913055456751e-04 -1.007690160563301e+00
15 2 -1.000283724543436e+00 -1.896694497570160e-03 -9.226866482096736e-04 -1.007689177391053e+00
15 3 -1.000283846564749e+00 -1.896980771798469e-03 -9.225007467665819e-04 -1.007688199507320e+00
15 4 -1.000283965901398e+00 -1.897245139859360e-03 -9.223408482561368e-04 -1.007687264367637e+00
15 5 -1.000284078053653e+00 -1.897477513458995e-03 -9.222129215106816e-04 -1.007686407637924e+00
15 6 -1.000284178797020e+00 -1.897669091763079e-03 -9.221214562485213e-04 -1.007685661866126e+00
15 7 -1.000284264331381e+00 -1.897812679860251e-03 -9.220693557871619e-04 -1.007685055288946e+00
15 8 -1.000284331416146e+00 -1.897902940338972e-03 -9.220579166223792e-04 -1.007684610809939e+00
15 9 -1.000284377487940e+00 -1.897936571810909e-03 -9.220868829326055e-04 -1.007684345179060e+00
15 10 -1.000284400757179e+00 -1.897912410946857e-03 -9.221545601257817e-04 -1.007684268397509e+00
15 11 -1.000284400279973e+00 -1.897831457688383e-03 -9.222579679702087e-04 -1.007684383364041e+00
15 12 -1.000284376002098e+00 -1.897696825921900e-03 -9.223930131500345e-04 -1.007684685771242e+00
15 13 -1.000284328772161e+00 -1.897513623297241e-03 -9.225546652643860e-04 -1.007685164254392e+00
15 14 -1.000284260321765e+00 -1.897288764625344e-03 -9.227371273050738e-04 -1.007685800790239e+00
15 15 -1.000284173211427e+00 -1.897030724465034e-03 -9.229339978048734e-04 -1.007686571336229e+00
15 16 -1.000284070742557e+00 -1.896749236084179e-03 -9.231384263167332e-04 -1.007687446692617e+00
15 17 -1.000283956837403e+00 -1.896454945121544e-03 -9.233432683466461e-04 -1.007688393562588e+00
15 18 -1.000283835890593e+00 -1.896159026957567e-03 -9.235412502073546e-04 -1.007689375779254e+00
15 19 -1.000283712597609e+00 -1.895872778039005e-03 -9.237251554818151e-04 -1.007690355661215e+00
15 20 -1.000283591767234e+00 -1.895607193627428e-03 -9.238880409569093e-04 -1.007691295449731e+00
15 21 -1.000283478126329e+00 -1.895372546665020e-03 -9.240234829087096e-04 -1.007692158773251e+00
15 22 -1.000283376125901e+00 -1.895177983628416e-03 -9.241258475202656e-04 -1.007692912081516e+00
15 23 -1.000283289757517e+00 -1.895031153677289e-03 -9.241905725051603e-04 -1.007693525990602e+00
15 24 -1.000283222388858e+00 -1.894937887892892e-03 -9.242144398448753e-04 -1.007693976479928e+00
15 25 -1.000283176626575e+00 -1.894901945468348e-03 -9.241958133573173e-04 -1.007694245883549e+00
15 26 -1.000283154213162e+00 -1.894924841890488e-03 -9.241348130311000e-04 -1.007694323625041e+00
15 27 -1.000283155962293e+00 -1.895005770031262e-03 -9.240334019936729e-04 -1.007694206658747e+00
15 28 -1.000283181734644e+00 -1.895141619947032e-03 -9.238953693603217e-04 -1.007693899596185e+00
15 29 -1.000283230454036e+00 -1.895327098286023e-03 -9.237262007098810e-04 -1.007693414511528e+00
15 30 -1.000283300161882e+00 -1.895554943217447e-03 -9.235328379281321e-04 -1.007692770434854e+00
15 31 -1.000283388105989e+00 -1.895816225039664e-03 -9.233233422664289e-04 -1.007691992558492e+00
16 0 -1.000283444613605e+00 -1.896262315446586e-03 -9.222441270965720e-04 -1.007690957124931e+00
16 1 -1.000283558276418e+00 -1.896558901910424e-03 -9.220294525314512e-04 -1.007690006105069e+00
16 2 -1.000283678527427e+00 -1.896856311479172e-03 -9.218250413333975e-04 -1.007689021813082e+00
16 3 -1.000283800795426e+00 -1.897143047086788e-03 -9.216391156623524e-04 -1.007688042118655e+00
16 4 -1.000283920455560e+00 -1.897408091579050e-03 -9.214789228031286e-04 -1.007687104548177e+00
16 5 -1.000284032995594e+00 -1.897641330276211e-03 -9.213504428931998e-04 -1.007686244862796e+00
16 6 -1.000284134175972e+00 -1.897833928486369e-03 -9.212581874271998e-04 -1.007685495726112e+00
16 7 -1.000284220179613e+00 -1.897978651455900e-03 -9.212050907847475e-04 -1.007684885505870e+00
16 8 -1.000284287747785e+00 -1.898070117618060e-03 -9.211924884559949e-04 -1.007684437246660e+00
16 9 -1.000284334298480e+00 -1.898104978835789e-03 -9.212201701608514e-04 -1.007684167844076e+00
16 10 -1.000284358023686e+00 -1.898082024223399e-03 -9.212864917655209e-04 -1.007684087444077e+00
16 11 -1.000284357961986e+00 -1.898002207232416e-03 -9.213885263092604e-04 -1.007684199083691e+00
16 12 -1.000284334043217e+00 -1.897868598191573e-03 -9.215222340778496e-04 -1.007684498581988e+00
16 13 -1.000284287102254e+00 -1.897686265828065e-03 -9.216826361709299e-04 -1.007684974684289e+00
16 14 -1.000284218859701e+00 -1.897462092108629e-03 -9.218639830187620e-04 -1.007685609456969e+00
16 15 -1.000284131868249e+00 -1.897204525984303e-03 -9.220599150840956e-04 -1.007686378923391e+00
16 16 -1.000284029424930e+00 -1.896923283207718e-03 -9.222636170822206e-04 -1.007687253923691e+00
16 17 -1.000283915451152e+00 -1.896629000530690e-03 -9.224679715816048e-04 -1.007688201173792e+00
16 18 -1.000283794344206e+00 -1.896332853301542e-03 -9.226657226495222e-04 -1.007689184492364e+00
16 19 -1.000283670805654e+00 -1.896046146740136e-03 -9.228496617022711e-04 -1.007690166156968e+00
16 20 -1.000283549653612e+00 -1.895779893373282e-03 -9.230128435627566e-04 -1.007691108342370e+00
16 21 -1.000283435627198e+00 -1.895544391317255e-03 -9.231488331817790e-04 -1.007691974587104e+00
16 22 -1.000283333192107e+00 -1.895348819286125e-03 -9.232519763366088e-04 -1.007692731230697e+00
16 23 -1.000283246356454e+00 -1.895200864643437e-03 -9.233176815225744e-04 -1.007693348762666e+00
16 24 -1.000283178505764e+00 -1.895106401267676e-03 -9.233426935611497e-04 -1.007693803024059e+00
16 25 -1.000283132265204e+00 -1.895069234078739e-03 -9.233253328971694e-04 -1.007694076203970e+00
16 26 -1.000283109395698e+00 -1.895090925374427e-03 -9.232656719800508e-04 -1.007694157580332e+00
16 27 -1.000283110728442e+00 -1.895170714121767e-03 -9.231656238677713e-04 -1.007694043967147e+00
16 28 -1.000283136140053e+00 -1.895305534149307e-03 -9.230289262762788e-04 -1.007693739846176e+00
16 29 -1.000283184568225e+00 -1.895490132056080e-03 -9.228610134989647e-04 -1.007693257176955e+00
16 30 -1.000283254065729e+00 -1.895717280573591e-03 -9.226687784048885e-04 -1.007692614894417e+00
16 31 -1.000283341888701e+00 -1.895978077568505e-03 -9.224602379828778e-04 -1.007691838119662e+00
17 0 -1.000283374021315e+00 -1.896390525370288e-03 -9.215073789977437e-04 -1.007690879500187e+00
17 1 -1.000283487672706e+00 -1.896686922615353e-03 -9.212932652626349e-04 -1.007689928663376e+00
17 2 -1.000283608012010e+00 -1.896984393710874e-03 -9.210891447782873e-04 -1.007688943774008e+00
17 3 -1.000283730464675e+00 -1.897271439278059e-03 -9.209032275005141e-04 -1.007687962725745e+00
17 4 -1.000283850398784e+00 -1.897537030061694e-03 -9.207427600935645e-04 -1.007687023098419e+00
17 5 -1.000283963291505e+00 -1.897771029926860e-03 -9.206137335312068e-04 -1.007686160734134e+00
17 6 -1.000284064889632e+00 -1.897964574463225e-03 -9.205206806433981e-04 -1.007685408401038e+00
17 7 -1.000284151360030e+00 -1.898110392270090e-03 -9.204665666828402e-04 -1.007684794590303e+00
17 8 -1.000284219426098e+00 -1.898203059463072e-03 -9.204527667978180e-04 -1.007684342484472e+00
17 9 -1.000284266486701e+00 -1.898239181333511e-03 -9.204791179268480e-04 -1.007684069127101e+00
17 10 -1.000284290714132e+00 -1.898217498098451e-03 -9.205440284928192e-04 -1.007683984816307e+00
17 11 -1.000284291127588e+00 -1.898138914236828e-03 -9.206446266865201e-04 -1.007684092738741e+00
17 12 -1.000284267638664e+00 -1.898006453028680e-03 -9.207769281871715e-04 -1.007684388854521e+00
17 13 -1.000284221065811e+00 -1.897825139611704e-03 -9.209360079783053e-04 -1.007684862036867e+00
17 14 -1.000284153115549e+00 -1.897601817228299e-03 -9.211161671363769e-04 -1.007685494462865e+00
17 15 -1.000284066329361e+00 -1.897344902499852e-03 -9.213110914411513e-04 -1.007686262245099e+00
17 16 -1.000283963996421e+00 -1.897064086624298e-03 -9.215140035333534e-04 -1.007687136287618e+00
17 17 -1.000283850033941e+00 -1.896769990410713e-03 -9.217178151031042e-04 -1.007688083342749e+00
17 18 -1.000283728838793e+00 -1.896473782225427e-03 -9.219152898530953e-04 -1.007689067237282e+00
17 19 -1.000283605115891e+00 -1.896186769471125e-03 -9.220992289982901e-04 -1.007690050228275e+00
17 20 -1.000283483690407e+00 -1.895919976127766e-03 -9.222626870452735e-04 -1.007690994441352e+00
17 21 -1.000283369311954e+00 -1.895683720735409e-03 -9.223992184147140e-04 -1.007691863338628e+00
17 22 -1.000283266459719e+00 -1.895487210563114e-03 -9.225031484025185e-04 -1.007692623159040e+00
17 23 -1.000283179157776e+00 -1.895338168535017e-03 -9.225698557524981e-04 -1.007693244271324e+00
17 24 -1.000283110809531e+00 -1.895242509893484e-03 -9.225960473902099e-04 -1.007693702379632e+00
17 25 -1.000283064059329e+00 -1.895204085287171e-03 -9.225799992790500e-04 -1.007693979524808e+00
17 26 -1.000283040687733e+00 -1.895224505256482e-03 -9.225217345656290e-04 -1.007694064831335e+00
17 27 -1.000283041545187e+00 -1.895303057506844e-03 -9.224231138191447e-04 -1.007693954961320e+00
17 28 -1.000283066526449e+00 -1.895436723329578e-03 -9.222878205910191e-04 -1.007693654252028e+00
17 29 -1.000283114585722e+00 -1.895620293978137e-03 -9.221212351402901e-04 -1.007693174530568e+00
17 30 -1.000283183790101e+00 -1.895846582352987e-03 -9.219301987640287e-04 -1.007692534616355e+00
17 31 -1.000283271407161e+00 -1.896106720101044e-03 -9.217226817551945e-04 -1.007691759537424e+00
18 0 -1.000283281764364e+00 -1.896480504313446e-03 -9.209244496205917e-04 -1.007690881068650e+00
18 1 -1.000283395325588e+00 -1.896776543992049e-03 -9.207109284651330e-04 -1.007689930974408e+00
18 2 -1.000283515678018e+00 -1.897073907994996e-03 -9.205071302949421e-04 -1.007688946030898e+00
18 3 -1.000283638246595e+00 -1.897361100926809e-03 -9.203212520778270e-04 -1.007687964135379e+00
18 4 -1.000283758394942e+00 -1.897627087598053e-03 -9.201605388323901e-04 -1.007687022901884e+00
18 5 -1.000283871592001e+00 -1.897861716354326e-03 -9.200309909708344e-04 -1.007686158235644e+00
18 6 -1.000283973572942e+00 -1.898056098415634e-03 -9.199371613083379e-04 -1.007685402993992e+00
18 7 -1.000284060490060e+00 -1.898202930077077e-03 -9.198820451747400e-04 -1.007684785779872e+00
18 8 -1.000284129049711e+00 -1.898296748287413e-03 -9.198670571339729e-04 -1.007684329906329e+00
18 9 -1.000284176631811e+00 -1.898334113760733e-03 -9.198920811701004e-04 -1.007684052561518e+00
18 10 -1.000284201388522e+00 -1.898313718648566e-03 -9.199555778191335e-04 -1.007683964196480e+00
18 11 -1.000284202318616e+00 -1.898236417970560e-03 -9.200547299729598e-04 -1.007684068152729e+00
18 12 -1.000284179313830e+00 -1.898105186037831e-03 -9.201856088268838e-04 -1.007684360541192e+00
18 13 -1.000284133174048e+00 -1.897925001153030e-03 -9.203433441506363e-04 -1.007684830376585e+00
18 14 -1.000284065589150e+00 -1.897702663505333e-03 -9.205222889399647e-04 -1.007685459963332e+00
18 15 -1.000283979086503e+00 -1.897446552152115e-03 -9.207161754115322e-04 -1.007686225522488e+00
18 16 -1.000283876944292e+00 -1.897166327709361e-03 -9.209182650678451e-04 -1.007687098043501e+00
18 17 -1.000283763072341e+00 -1.896872588443967e-03 -9.211214998884448e-04 -1.007688044337802e+00
18 18 -1.000283641864020e+00 -1.896576488958313e-03 -9.213186648368102e-04 -1.007689028262698e+00
18 19 -1.000283518024761e+00 -1.896289332277222e-03 -9.215025726482375e-04 -1.007690012075620e+00
18 20 -1.000283396384235e+00 -1.896022147749344e-03 -9.216662787473184e-04 -1.007690957871894e+00
18 21 -1.000283281700384e+00 -1.895785268848645e-03 -9.218033276515690e-04 -1.007691829053693e+00
18 22 -1.000283178464211e+00 -1.895587926597040e-03 -9.219080246782686e-04 -1.007692591772963e+00
18 23 -1.000283090714609e+00 -1.895437875491571e-03 -9.219757196759569e-04 -1.007693216287836e+00
18 24 -1.000283021872230e+00 -1.895341069128923e-03 -9.220030827304347e-04 -1.007693678172104e+00
18 25 -1.000282974600418e+00 -1.895301402057392e-03 -9.219883459211290e-04 -1.007693959321073e+00
18 26 -1.000282950699779e+00 -1.895320532599694e-03 -9.219314828104122e-04 -1.007694048704211e+00
18 27 -1.000282951041062e+00 -1.895397798137634e-03 -9.218343006178975e-04 -1.007693942825615e+00
18 28 -1.000282975538830e+00 -1.895530229550271e-03 -9.217004279653952e-04 -1.007693645867896e+00
18 29 -1.000283023165844e+00 -1.895712665764501e-03 -9.215351907069855e-04 -1.007693169512727e+00
18 30 -1.000283092005794e+00 -1.895937963655067e-03 -9.213453782369630e-04 -1.007692532448876e+00
18 31 -1.000283179340229e+00 -1.896197293341656e-03 -9.211389133456820e-04 -1.007691759593911e+00
19 0 -1.000283171338376e+00 -1.896528860573265e-03 -9.205175029978027e-04 -1.007690961704800e+00
19 1 -1.000283284734276e+00 -1.896824388227573e-03 -9.203045830150485e-04 -1.007690012883744e+00
19 2 -1.000283405024291e+00 -1.897121480816186e-03 -9.201011259967141e-04 -1.007689028430858e+00
19 3 -1.000283527635688e+00 -1.897408653113863e-03 -9.199153153727134e-04 -1.007688046226412e+00
19 4 -1.000283647930462e+00 -1.897674870533579e-03 -9.197543931130316e-04 -1.007687103897710e+00
19 5 -1.000283761372095e+00 -1.897909972508872e-03 -9.196243672874029e-04 -1.007686237392590e+00
19 6 -1.000283863686579e+00 -1.898105052021903e-03 -9.195298091004756e-04 -1.007685479639138e+00
19 7 -1.000283951013553e+00 -1.898252778369846e-03 -9.194737424995515e-04 -1.007684859336922e+00
19 8 -1.000284020043716e+00 -1.898347653886803e-03 -9.194576195870178e-04 -1.007684399917504e+00
19 9 -1.000284068138963e+00 -1.898386198595972e-03 -9.194813688732443e-04 -1.007684118704395e+00
19 10 -1.000284093431784e+00 -1.898367059472411e-03 -9.195435003903784e-04 -1.007684026295821e+00
19 11 -1.000284094900332e+00 -1.898291043443435e-03 -9.196412497459003e-04 -1.007684126187349e+00
19 12 -1.000284072415561e+00 -1.898161075566682e-03 -9.197707423718339e-04 -1.007684414645168e+00
19 13 -1.000284026757263e+00 -1.897982085725926e-03 -9.199271617026599e-04 -1.007684880834111e+00
19 14 -1.000283959596727e+00 -1.897760828478665e-03 -9.201049113561256e-04 -1.007685507197662e+00
19 15 -1.000283873444911e+00 -1.897505641660671e-03 -9.202977688916901e-04 -1.007686270080192e+00
19 16 -1.000283771566361e+00 -1.897226150429289e-03 -9.204990343938700e-04 -1.007687140574699e+00
19 17 -1.000283657860607e+00 -1.896932924680369e-03 -9.207016807353760e-04 -1.007688085572205e+00
19 18 -1.000283536714553e+00 -1.896637099029945e-03 -9.208985150958897e-04 -1.007689068981636e+00
19 19 -1.000283412831261e+00 -1.896349965869003e-03 -9.210823625615574e-04 -1.007690053081425e+00
19 20 -1.000283291042191e+00 -1.896082553658010e-03 -9.212462802525816e-04 -1.007690999956620e+00
19 21 -1.000283176111138e+00 -1.895845204605225e-03 -9.213838039184515e-04 -1.007691872968550e+00
19 22 -1.000283072538790e+00 -1.895647167652237e-03 -9.214892206011583e-04 -1.007692638199291e+00
19 23 -1.000282984377142e+00 -1.895496223738752e-03 -9.215578533161155e-04 -1.007693265810592e+00
19 24 -1.000282915062770e+00 -1.895398360510149e-03 -9.215863373335506e-04 -1.007693731257077e+00
19 25 -1.000282867277146e+00 -1.895357512984466e-03 -9.215728625939935e-04 -1.007694016296680e+00
19 26 -1.000282842840593e+00 -1.895375384927224e-03 -9.215173545923464e-04 -1.007694109748305e+00
19 27 -1.000282842644497e+00 -1.895451362387480e-03 -9.214215687026601e-04 -1.007694007957913e+00
19 28 -1.000282866624121e+00 -1.895582526101420e-03 -9.212890802225926e-04 -1.007693714949031e+00
19 29 -1.000282913772070e+00 -1.895763763930793e-03 -9.211251621461042e-04 -1.007693242250332e+00
19 30 -1.000282982190239e+00 -1.895987978860625e-03 -9.209365531391928e-04 -1.007692608409900e+00
19 31 -1.000283069176172e+00 -1.896246382676146e-03 -9.207311291820924e-04 -1.007691838221804e+00
20 0 -1.000283046924596e+00 -1.896533773250392e-03 -9.203018438402925e-04 -1.007691118428210e+00
20 1 -1.000283160086306e+00 -1.896828653795981e-03 -9.200895116962514e-04 -1.007690171362889e+00
20 2 -1.000283280240638e+00 -1.897125320779491e-03 -9.198864023398687e-04 -1.007689187927457e+00
20 3 -1.000283402820048e+00 -1.897412305168451e-03 -9.197006851720069e-04 -1.007688205964568e+00
20 4 -1.000283523187905e+00 -1.897678579575322e-03 -9.195395978840071e-04 -1.007687263092995e+00
20 5 -1.000283636805152e+00 -1.897913981279069e-03 -9.194091546834779e-04 -1.007686395281520e+00
20 6 -1.000283739391272e+00 -1.898109591649716e-03 -9.193139432504823e-04 -1.007685635508470e+00
20 7 -1.000283827075600e+00 -1.898258059379672e-03 -9.192570133372066e-04 -1.007685012551141e+00
20 8 -1.000283896535215e+00 -1.898353858267443e-03 -9.192398507173731e-04 -1.007684549942595e+00
20 9 -1.000283945115686e+00 -1.898393473131646e-03 -9.192624241012225e-04 -1.007684265127198e+00
20 10 -1.000283970931030e+00 -1.898375510226260e-03 -9.193232890473111e-04 -1.007684168839384e+00
20 11 -1.000283972939340e+00 -1.898300731484900e-03 -9.194197304597283e-04 -1.007684264722217e+00
20 12 -1.000283950990658e+00 -1.898172014405224e-03 -9.195479246549130e-04 -1.007684549195307e+00
20 13 -1.000283905843943e+00 -1.897994240831060e-03 -9.197031051155314e-04 -1.007685011576282e+00
20 14 -1.000283839150633e+00 -1.897774118763724e-03 -9.198797226459438e-04 -1.007685634454564e+00
20 15 -1.000283753403564e+00 -1.897519942537810e-03 -9.200715976898250e-04 -1.007686394308573e+00
20 16 -1.000283651851527e+00 -1.897241298301204e-03 -9.202720676652540e-04 -1.007687262348963e+00
20 17 -1.000283538381297e+00 -1.896948723028943e-03 -9.204741357850741e-04 -1.007688205563107e+00
20 18 -1.000283417370610e+00 -1.896653326072851e-03 -9.206706310878157e-04 -1.007689187930255e+00
20 19 -1.000283293517356e+00 -1.896366383301432e-03 -9.208543910343092e-04 -1.007690171769960e+00
20 20 -1.000283171651988e+00 -1.896098915868146e-03 -9.210184754229017e-04 -1.007691119177925e+00
20 21 -1.000283056541448e+00 -1.895861268023263e-03 -9.211564133300916e-04 -1.007691993495528e+00
20 22 -1.000282952693564e+00 -1.895662700080117e-03 -9.212624762122004e-04 -1.007692760754792e+00
20 23 -1.000282864171145e+00 -1.895511013357101e-03 -9.213319629442015e-04 -1.007693391038998e+00
20 24 -1.000282794424787e+00 -1.895412224087502e-03 -9.213614766418170e-04 -1.007693859699156e+00
20 25 -1.000282746152632e+00 -1.895370302930454e-03 -9.213491681506866e-04 -1.007694148368736e+00
20 26 -1.000282721193744e+00 -1.895386995036957e-03 -9.212949185535836e-04 -1.007694245725914e+00
20 27 -1.000282720459628e+00 -1.895461732089276e-03 -9.212004353259307e-04 -1.007694147964783e+00
20 28 -1.000282743906210e+00 -1.895591642865716e-03 -9.210692440972566e-04 -1.007693858952130e+00
20 29 -1.000282790546421e+00 -1.895771663600533e-03 -9.209065680614799e-04 -1.007693390062020e+00
20 30 -1.000282858501393e+00 -1.895994744011834e-03 -9.207190977866095e-04 -1.007692759696446e+00
20 31 -1.000282945086206e+00 -1.896252139302306e-03 -9.205146649606073e-04 -1.007691992517040e+00
21 0 -1.000282913238669e+00 -1.896495056491862e-03 -9.202853803463551e-04 -1.007691345500184e+00
21 1 -1.000283026106048e+00 -1.896789179040194e-03 -9.200736022531952e-04 -1.007690400607667e+00
21 2 -1.000283146056394e+00 -1.897085282047237e-03 -9.198708350320472e-04 -1.007689418679098e+00
21 3 -1.000283268530100e+00 -1.897371918131906e-03 -9.196852342108709e-04 -1.007688437500045e+00
21 4 -1.000283388894845e+00 -1.897638073325672e-03 -9.195240326117875e-04 -1.007687494659456e+00
21 5 -1.000283502611942e+00 -1.897873589423273e-03 -9.193932490729500e-04 -1.007686626125139e+00
21 6 -1.000283605397233e+00 -1.898069543292857e-03 -9.192974848716184e-04 -1.007685864903261e+00
21 7 -1.000283693372590e+00 -1.898218570479683e-03 -9.192398112392058e-04 -1.007685239826222e+00
21 8 -1.000283763204155e+00 -1.898315123590223e-03 -9.192217424389787e-04 -1.007684774507064e+00
21 9 -1.000283812223471e+00 -1.898355658902308e-03 -9.192432820791571e-04 -1.007684486492216e+00
21 10 -1.000283838527867e+00 -1.898338747685380e-03 -9.193030260037417e-04 -1.007684386636928e+00
21 11 -1.000283841056646e+00 -1.898265111704341e-03 -9.193983029079950e-04 -1.007684478719688e+00
21 12 -1.000283819639691e+00 -1.898137584669122e-03 -9.195253341354094e-04 -1.007684759305192e+00
21 13 -1.000283775015263e+00 -1.897961002705028e-03 -9.196793975896748e-04 -1.007685217860388e+00
21 14 -1.000283708814415e+00 -1.897742027879095e-03 -9.198549866282471e-04 -1.007685837122498e+00
21 15 -1.000283623510747e+00 -1.897488910149179e-03 -9.200459611150354e-04 -1.007686593710307e+00
21 16 -1.000283522335735e+00 -1.897211194659385e-03 -9.202456930742274e-04 -1.007687458961602e+00
21 17 -1.000283409161477e+00 -1.896919382444917e-03 -9.204472137748241e-04 -1.007688399972506e+00
21 18 -1.000283288354258e+00 -1.896624553366436e-03 -9.206433726375582e-04 -1.007689380808385e+00
21 19 -1.000283164604193e+00 -1.896337961304278e-03 -9.208270194608900e-04 -1.007690363848948e+00
21 20 -1.000283042737927e+00 -1.896070613744968e-03 -9.209912182520713e-04 -1.007691311221584e+00
21 21 -1.000282927522667e+00 -1.895832850201668e-03 -9.211294939624140e-04 -1.007692186269410e+00
21 22 -1.000282823470526e+00 -1.895633935468178e-03 -9.212361053974515e-04 -1.007692954996032e+00
21 23 -1.000282734652425e+00 -1.895481684404227e-03 -9.213063305142394e-04 -1.007693587427301e+00
21 24 -1.000282664530568e+00 -1.895382135242527e-03 -9.213367441495779e-04 -1.007694058830183e+00
21 25 -1.000282615817743e+00 -1.895339288155940e-03 -9.213254628407656e-04 -1.007694350730969e+00
21 26 -1.000282590370074e+00 -1.895354924144162e-03 -9.212723287159727e-04 -1.007694451681905e+00
21 27 -1.000282589117838e+00 -1.895428515704648e-03 -9.211790069091776e-04 -1.007694357737495e+00
21 28 -1.000282612036717e+00 -1.895557235842641e-03 -9.210489786033756e-04 -1.007694072616788e+00
21 29 -1.000282658159697e+00 -1.895736066693075e-03 -9.208874220388021e-04 -1.007693607543756e+00
21 30 -1.000282725627538e+00 -1.895958003683058e-03 -9.207009843251458e-04 -1.007692980773945e+00
21 31 -1.000282811773768e+00 -1.896214345688138e-03 -9.204974572543685e-04 -1.007692216832047e+00
22 0 -1.000282775359415e+00 -1.896414166412161e-03 -9.204683776645219e-04 -1.007691634600521e+00
22 1 -1.000282887883263e+00 -1.896707448337452e-03 -9.202571008615512e-04 -1.007690692217066e+00
22 2 -1.000283007568905e+00 -1.897002869983821e-03 -9.200546589184731e-04 -1.007689712228929e+00
22 3 -1.000283129867029e+00 -1.897289010021890e-03 -9.198691946678575e-04 -1.007688732347958e+00
22 4 -1.000283250152285e+00 -1.897554873486126e-03 -9.197079357670899e-04 -1.007687790113559e+00
22 5 -1.000283363889262e+00 -1.897790313319478e-03 -9.195769035145274e-04 -1.007686921470403e+00
22 6 -1.000283466793283e+00 -1.897986409422858e-03 -9.194807088483371e-04 -1.007686159428336e+00
22 7 -1.000283554981997e+00 -1.898135792277884e-03 -9.194224393773807e-04 -1.007685532849674e+00
22 8 -1.000283625113718e+00 -1.898232901382674e-03 -9.194036321434245e-04 -1.007685065402856e+00
22 9 -1.000283674508733e+00 -1.898274172121259e-03 -9.194243193870321e-04 -1.007684774713871e+00
22 10 -1.000283701250046e+00 -1.898258147852616e-03 -9.194831301708573e-04 -1.007684671738886e+00
22 11 -1.000283704260154e+00 -1.898185516602970e-03 -9.195774292242831e-04 -1.007684760374619e+00
22 12 -1.000283683350332e+00 -1.898059073749612e-03 -9.197034752170662e-04 -1.007685037317096e+00
22 13 -1.000283639239096e+00 -1.897883613694869e-03 -9.198565836745501e-04 -1.007685492173481e+00
22 14 -1.000283573537364e+00 -1.897665754900497e-03 -9.200312848201243e-04 -1.007686107824930e+00
22 15 -1.000283488699084e+00 -1.897413703812464e-03 -9.202214729594683e-04 -1.007686861031392e+00
22 16 -1.000283387937498e+00 -1.897136964201926e-03 -9.204205502233559e-04 -1.007687723262466e+00
22 17 -1.000283275108655e+00 -1.896845999467536e-03 -9.206215724040458e-04 -1.007688661731554e+00
22 18 -1.000283154565554e+00 -1.896551856721238e-03 -9.208174075112940e-04 -1.007689640602966e+00
22 19 -1.000283030988220e+00 -1.896265763102374e-03 -9.210009178206427e-04 -1.007690622333435e+00
22 20 -1.000282909196788e+00 -1.895998706604222e-03 -9.211651730515241e-04 -1.007691569101832e+00
22 21 -1.000282793955810e+00 -1.895761015507543e-03 -9.213036962860871e-04 -1.007692444274576e+00
22 22 -1.000282689778689e+00 -1.895561952071620e-03 -9.214107367057912e-04 -1.007693213849571e+00
22 23 -1.000282600741483e+00 -1.895409337256135e-03 -9.214815555823252e-04 -1.007693847818588e+00
22 24 -1.000282530315151e+00 -1.895309223720840e-03 -9.215127050189769e-04 -1.007694321387524e+00
22 25 -1.000282481224475e+00 -1.895265633846362e-03 -9.215022735992219e-04 -1.007694615996990e+00
22 26 -1.000282455340255e+00 -1.895280377670819e-03 -9.214500710385274e-04 -1.007694720092835e+00
22 27 -1.000282453609493e+00 -1.895352962262540e-03 -9.213577266867362e-04 -1.007694629607336e+00
22 28 -1.000282476026052e+00 -1.895480599356330e-03 -9.212286840518608e-04 -1.007694348126348e+00
22 29 -1.000282521641945e+00 -1.895658312619391e-03 -9.210680834108048e-04 -1.007693886734261e+00
22 30 -1.000282588617143e+00 -1.895879140290423e-03 -9.208825351244162e-04 -1.007693263545749e+00
22 31 -1.000282674303779e+00 -1.896134423577633e-03 -9.206797968191269e-04 -1.007692502949200e+00
23 0 -1.000282638542747e+00 -1.896294150365510e-03 -9.208435029616464e-04 -1.007691975084415e+00
23 1 -1.000282750686679e+00 -1.896586540335142e-03 -9.206326578259138e-04 -1.007691035452990e+00
23 2 -1.000282870056751e+00 -1.896881188432526e-03 -9.204305144167266e-04 -1.007690057767155e+00
23 3 -1.000282992115769e+00 -1.897166702594312e-03 -9.202452045593634e-04 -1.007689079651918e+00
23 4 -1.000283112247708e+00 -1.897432111753762e-03 -9.200839501654075e-04 -1.007688138579393e+00
23 5 -1.000283225923333e+00 -1.897667286468190e-03 -9.199527722211089e-04 -1.007687270449084e+00
23 6 -1.000283328860733e+00 -1.897863317241898e-03 -9.198562870555927e-04 -1.007686508249611e+00
23 7 -1.000283417176724e+00 -1.898012837663664e-03 -9.197975934003297e-04 -1.007685880847027e+00
23 8 -1.000283487525131e+00 -1.898110282597028e-03 -9.197782447207051e-04 -1.007685411938777e+00
23 9 -1.000283537218178e+00 -1.898152075109401e-03 -9.197982941446229e-04 -1.007685119204550e+00
23 10 -1.000283564327527e+00 -1.898136738998364e-03 -9.198563950834139e-04 -1.007685013677144e+00
23 11 -1.000283567761511e+00 -1.898064936224030e-03 -9.199499391769107e-04 -1.007685099349984e+00
23 12 -1.000283547314973e+00 -1.897939430485565e-03 -9.200752138375836e-04 -1.007685373032431e+00
23 13 -1.000283503688332e+00 -1.897764979958264e-03 -9.202275643393566e-04 -1.007685824457649e+00
23 14 -1.000283438473434e+00 -1.897548163741419e-03 -9.204015503991537e-04 -1.007686436640634e+00
23 15 -1.000283354105019e+00 -1.897297147558648e-03 -9.205910939706762e-04 -1.007687186477168e+00
23 16 -1.000283253777879e+00 -1.897021394916557e-03 -9.207896216746653e-04 -1.007688045568615e+00
23 17 -1.000283141331172e+00 -1.896731330938369e-03 -9.209902100325823e-04 -1.007688981250777e+00
23 18 -1.000283021103174e+00 -1.896437967740148e-03 -9.211857437836146e-04 -1.007689957796582e+00
23 19 -1.000282897761859e+00 -1.896152502074352e-03 -9.213690973392745e-04 -1.007690937753495e+00
23 20 -1.000282776118431e+00 -1.895885897552664e-03 -9.215333469267453e-04 -1.007691883369269e+00
23 21 -1.000282660932006e+00 -1.895648465203677e-03 -9.216720157906155e-04 -1.007692758054252e+00
23 22 -1.000282556714260e+00 -1.895449457745160e-03 -9.217793471553896e-04 -1.007693527823737e+00
23 23 -1.000282467543228e+00 -1.895296694474311e-03 -9.218505910211193e-04 -1.007694162660103e+00
23 24 -1.000282396895386e+00 -1.895196234288819e-03 -9.218822834359915e-04 -1.007694637733612e+00
23 25 -1.000282347504301e+00 -1.895152113543255e-03 -9.218724922516596e-04 -1.007694934424403e+00
23 26 -1.000282321252469e+00 -1.895166163364597e-03 -9.218210021996065e-04 -1.007695041095802e+00
23 27 -1.000282319101019e+00 -1.895237917918179e-03 -9.217294146835220e-04 -1.007694953579588e+00
23 28 -1.000282341059788e+00 -1.895364620798659e-03 -9.216011439906621e-04 -1.007694675347530e+00
23 29 -1.000282386198043e+00 -1.895541331202267e-03 -9.214413011075474e-04 -1.007694217360338e+00
23 30 -1.000282452693697e+00 -1.895761125494451e-03 -9.212564676199097e-04 -1.007693597603377e+00
23 31 -1.000282537916917e+00 -1.896015384251067e-03 -9.210543735622109e-04 -1.007692840334758e+00
24 0 -1.000282508026395e+00 -1.896139539424730e-03 -9.213961527261143e-04 -1.007692354319934e+00
24 1 -1.000282619768195e+00 -1.896431019212861e-03 -9.211856557178809e-04 -1.007691417581270e+00
24 2 -1.000282738783458e+00 -1.896724829965642e-03 -9.209837757247868e-04 -1.007690442475082e+00
24 3 -1.000282860548487e+00 -1.897009611135148e-03 -9.207986350894745e-04 -1.007689466529393e+00
24 4 -1.000282980458666e+00 -1.897274419665621e-03 -9.206374492425191e-04 -1.007688527133506e+00
24 5 -1.000283093993664e+00 -1.897509149546882e-03 -9.205062362740159e-04 -1.007687660121266e+00
24 6 -1.000283196877492e+00 -1.897704908980524e-03 -9.204096138340352e-04 -1.007686898436034e+00
24 7 -1.000283285229506e+00 -1.897854342665140e-03 -9.203506861198950e-04 -1.007686270921410e+00
24 8 -1.000283355702536e+00 -1.897951889564804e-03 -9.203310155229634e-04 -1.007685801276247e+00
24 9 -1.000283405604313e+00 -1.897993969641962e-03 -9.203506669961130e-04 -1.007685507205688e+00
24 10 -1.000283432998645e+00 -1.897979096288002e-03 -9.204083085743072e-04 -1.007685399791710e+00
24 11 -1.000283436782874e+00 -1.897907913944344e-03 -9.205013492244458e-04 -1.007685483099399e+00
24 12 -1.000283416738136e+00 -1.897783162364343e-03 -9.206260957545652e-04 -1.007685754029442e+00
24 13 -1.000283373549030e+00 -1.897609570441585e-03 -9.207779138189917e-04 -1.007686202421966e+00
24 14 -1.000283308790174e+00 -1.897393683876168e-03 -9.209513834998324e-04 -1.007686811410152e+00
24 15 -1.000283224878373e+00 -1.897143632110444e-03 -9.211404464640108e-04 -1.007687558014766e+00
24 16 -1.000283124990488e+00 -1.896868840859850e-03 -9.213385479162463e-04 -1.007688413964118e+00
24 17 -1.000283012948489e+00 -1.896579697528717e-03 -9.215387812048980e-04 -1.007689346717492e+00
24 18 -1.000282893074956e+00 -1.896287178236178e-03 -9.217340453093093e-04 -1.007690320662394e+00
24 19 -1.000282770024277e+00 -1.896002446969330e-03 -9.219172254572975e-04 -1.007691298447219e+00
24 20 -1.000282648596695e+00 -1.895736439089892e-03 -9.220814046760351e-04 -1.007692242403174e+00
24 21 -1.000282533543371e+00 -1.895499442951022e-03 -9.222201088058924e-04 -1.007693116003447e+00
24 22 -1.000282429371297e+00 -1.895300694980576e-03 -9.223275796175980e-04 -1.007693885303251e+00
24 23 -1.000282340157196e+00 -1.895148005110647e-03 -9.223990618073108e-04 -1.007694520300650e+00
24 24 -1.000282269379571e+00 -1.895047430099178e-03 -9.224310822768147e-04 -1.007694996157102e+00
24 25 -1.000282219777237e+00 -1.895003011451834e-03 -9.224216959030360e-04 -1.007695294220046e+00
24 26 -1.000282193240965e+00 -1.895016592457804e-03 -9.223706711278148e-04 -1.007695402797748e+00
24 27 -1.000282190742841e+00 -1.895087725756524e-03 -9.222795908782128e-04 -1.007695317647272e+00
24 28 -1.000282212305841e+00 -1.895213678786239e-03 -9.221518499392851e-04 -1.007695042149565e+00
24 29 -1.000282257014030e+00 -1.895389539079794e-03 -9.219925393337152e-04 -1.007694587161911e+00
24 30 -1.000282323061344e+00 -1.895608415069763e-03 -9.218082203668592e-04 -1.007693970556715e+00
24 31 -1.000282407834772e+00 -1.895861722163080e-03 -9.216066030138958e-04 -1.007693216472977e+00
25 0 -1.000282388831727e+00 -1.895956186551197e-03 -9.221050430042691e-04 -1.007692758104602e+00
25 1 -1.000282500164162e+00 -1.896246771768079e-03 -9.218947997096513e-04 -1.007691824291663e+00
25 2 -1.000282618798409e+00 -1.896539712214078e-03 -9.216931404829079e-04 -1.007690851947501e+00
25 3 -1.000282740225331e+00 -1.896823680236448e-03 -9.215081796637839e-04 -1.007689878495630e+00
25 4 -1.000282859853450e+00 -1.897087763892912e-03 -9.213471259417702e-04 -1.007688941229818e+00
25 5 -1.000282973173653e+00 -1.897321885349304e-03 -9.212159924821898e-04 -1.007688075900726e+00
25 6 -1.000283075918702e+00 -1.897517176836164e-03 -9.211193940952934e-04 -1.007687315384473e+00
25 7 -1.000283164213777e+00 -1.897666301882520e-03 -9.210604339853532e-04 -1.007686688476587e+00
25 8 -1.000283234714314e+00 -1.897763712275893e-03 -9.210406751394291e-04 -1.007686218849347e+00
25 9 -1.000283284727326e+00 -1.897805834141294e-03 -9.210601849574455e-04 -1.007685924204299e+00
25 10 -1.000283312312526e+00 -1.897791179878322e-03 -9.211176363053183e-04 -1.007685815643585e+00
25 11 -1.000283316359851e+00 -1.897720385672326e-03 -9.212104453766519e-04 -1.007685897275906e+00
25 12 -1.000283296640009e+00 -1.897596176191829e-03 -9.213349278616950e-04 -1.007686166067159e+00
25 13 -1.000283253824697e+00 -1.897423259220581e-03 -9.214864591717978e-04 -1.007686611941103e+00
25 14 -1.000283189473787e+00 -1.897208154168051e-03 -9.216596299033416e-04 -1.007687218129405e+00
25 15 -1.000283105988068e+00 -1.896958959840840e-03 -9.218483932573170e-04 -1.007687961762631e+00
25 16 -1.000283006527658e+00 -1.896685068075260e-03 -9.220462067521089e-04 -1.007688814686231e+00
25 17 -1.000282894897730e+00 -1.896396830689930e-03 -9.222461758181548e-04 -1.007689744478948e+00
25 18 -1.000282775404780e+00 -1.896105188248790e-03 -9.224412101990769e-04 -1.007690715644435e+00
25 19 -1.000282652688593e+00 -1.895821270759768e-03 -9.226242041235470e-04 -1.007691690938752e+00
25 20 -1.000282531536831e+00 -1.895555982409652e-03 -9.227882479128721e-04 -1.007692632788216e+00
25 21 -1.000282416690473e+00 -1.895319584251314e-03 -9.229268729017019e-04 -1.007693504745383e+00
25 22 -1.000282312649005e+00 -1.895121290303876e-03 -9.230343240838746e-04 -1.007694272926338e+00
25 23 -1.000282223484563e+00 -1.894968893826247e-03 -9.231058466728858e-04 -1.007694907369385e+00
25 24 -1.000282152674129e+00 -1.894868441163366e-03 -9.231379654004603e-04 -1.007695383254390e+00
25 25 -1.000282102958079e+00 -1.894823969896701e-03 -9.231287306785012e-04 -1.007695681925158e+00
25 26 -1.000282076231704e+00 -1.894837325913042e-03 -9.230779046076255e-04 -1.007695791664793e+00
25 27 -1.000282073474345e+00 -1.894908070813482e-03 -9.229870621732352e-04 -1.007695708184873e+00
25 28 -1.000282094718703e+00 -1.895033486965762e-03 -9.228595888252476e-04 -1.007695434802435e+00
25 29 -1.000282139060701e+00 -1.895208682208667e-03 -9.227005651184103e-04 -1.007694982294918e+00
25 30 -1.000282204707907e+00 -1.895426789963550e-03 -9.225165411604141e-04 -1.007694368441670e+00
25 31 -1.000282289062293e+00 -1.895679254494243e-03 -9.223152155850782e-04 -1.007693617278437e+00
26 0 -1.000282285569777e+00 -1.895751054907993e-03 -9.229430348313992e-04 -1.007693171155428e+00
26 1 -1.000282396500980e+00 -1.896040794821937e-03 -9.227329424859438e-04 -1.007692240190915e+00
26 2 -1.000282514742223e+00 -1.896332864576191e-03 -9.225314543008108e-04 -1.007691270687818e+00
26 3 -1.000282635799541e+00 -1.896615969659895e-03 -9.223466786336121e-04 -1.007690299961053e+00
26 4 -1.000282755095835e+00 -1.896879231172255e-03 -9.221858177459883e-04 -1.007689365199554e+00
26 5 -1.000282868135038e+00 -1.897112603102382e-03 -9.220548779075033e-04 -1.007688502056535e+00
26 6 -1.000282970661140e+00 -1.897307247188864e-03 -9.219584664865552e-04 -1.007687743321449e+00
26 7 -1.000283058808245e+00 -1.897455852877272e-03 -9.218996789119248e-04 -1.007687117717815e+00
26 8 -1.000283129237933e+00 -1.897552892950749e-03 -9.218800706564328e-04 -1.007686648864470e+00
26 9 -1.000283179260244e+00 -1.897594808558966e-03 -9.218997025729110e-04 -1.007686354430837e+00
26 10 -1.000283206934652e+00 -1.897580120542319e-03 -9.219572423639692e-04 -1.007686245509506e+00
26 11 -1.000283211147599e+00 -1.897509466655941e-03 -9.220501024409280e-04 -1.007686326222480e+00
26 12 -1.000283191663178e+00 -1.897385566182743e-03 -9.221745959821802e-04 -1.007686593571496e+00
26 13 -1.000283149143651e+00 -1.897213114726386e-03 -9.223260973621004e-04 -1.007687037537414e+00
26 14 -1.000283085137111e+00 -1.896998613211886e-03 -9.224991981208641e-04 -1.007687641427663e+00
26 15 -1.000283002030729e+00 -1.896750136446075e-03 -9.226878546638151e-04 -1.007688382463812e+00
26 16 -1.000282902969686e+00 -1.896477047757633e-03 -9.228855295988127e-04 -1.007689232593881e+00
26 17 -1.000282791743468e+00 -1.896189667164631e-03 -9.230853345545707e-04 -1.007690159506762e+00
26 18 -1.000282672642830e+00 -1.895898901554348e-03 -9.232801860780773e-04 -1.007691127819074e+00
26 19 -1.000282550292491e+00 -1.895615846871217e-03 -9.234629858141822e-04 -1.007692100397464e+00
26 20 -1.000282429466329e+00 -1.895351374225704e-03 -9.236268321268821e-04 -1.007693039771812e+00
26 21 -1.000282314893224e+00 -1.895115713778812e-03 -9.237652644982668e-04 -1.007693909587659e+00
26 22 -1.000282211062604e+00 -1.894918051927450e-03 -9.238725353307652e-04 -1.007694676040610e+00
26 23 -1.000282122038937e+00 -1.894766158551699e-03 -9.239438960729011e-04 -1.007695309232352e+00
26 24 -1.000282051294229e+00 -1.894666061608368e-03 -9.239758767614449e-04 -1.007695784387836e+00
26 25 -1.000282001566644e+00 -1.894621785764590e-03 -9.239665325352074e-04 -1.007696082876506e+00
26 26 -1.000281974751999e+00 -1.894635169827521e-03 -9.239156294505393e-04 -1.007696192987258e+00
26 27 -1.000281971832877e+00 -1.894705774497009e-03 -9.238247450674373e-04 -1.007696110417324e+00
26 28 -1.000281992847943e+00 -1.894830887587085e-03 -9.236972657208412e-04 -1.007695838449278e+00
26 29 -1.000282036901659e+00 -1.895005628474828e-03 -9.235382715074786e-04 -1.007695387807127e+00
26 30 -1.000282102212352e+00 -1.895223147563952e-03 -9.233543112924002e-04 -1.007694776200378e+00
26 31 -1.000282186194489e+00 -1.895474910833424e-03 -9.231530818191810e-04 -1.007694027581456e+00
27 0 -1.000282202259230e+00 -1.895531962675561e-03 -9.238781615214018e-04 -1.007693577661299e+00
27 1 -1.000282312812681e+00 -1.895820938980971e-03 -9.236681114458420e-04 -1.007692649358656e+00
27 2 -1.000282430663961e+00 -1.896112170941431e-03 -9.234667384005654e-04 -1.007691682667029e+00
27 3 -1.000282551334220e+00 -1.896394396002729e-03 -9.232821473359554e-04 -1.007690714793292e+00
27 4 -1.000282670261416e+00 -1.896656769055427e-03 -9.231215343814090e-04 -1.007689782816041e+00
27 5 -1.000282782963941e+00 -1.896889278579873e-03 -9.229908966015380e-04 -1.007688922279822e+00
27 6 -1.000282885199145e+00 -1.897083120255909e-03 -9.228948293594806e-04 -1.007688165871077e+00
27 7 -1.000282973112794e+00 -1.897231015370546e-03 -9.228364142037814e-04 -1.007687542220603e+00
27 8 -1.000283043375833e+00 -1.897327464884661e-03 -9.228171917645098e-04 -1.007687074869432e+00
27 9 -1.000283093304916e+00 -1.897368933303089e-03 -9.228372075304784e-04 -1.007686781427412e+00
27 10 -1.000283120963189e+00 -1.897353959240262e-03 -9.228951135938637e-04 -1.007686672947680e+00
27 11 -1.000283125237712e+00 -1.897283191943272e-03 -9.229883071773680e-04 -1.007686753534374e+00
27 12 -1.000283105890066e+00 -1.897159355179109e-03 -9.231130877701526e-04 -1.007687020194385e+00
27 13 -1.000283063576923e+00 -1.896987141644569e-03 -9.232648184978460e-04 -1.007687462937067e+00
27 14 -1.000282999837971e+00 -1.896773042236168e-03 -9.234380824740988e-04 -1.007688065120016e+00
27 15 -1.000282917049631e+00 -1.896525115350344e-03 -9.236268304585238e-04 -1.007688804033583e+00
27 16 -1.000282818344500e+00 -1.896252702335150e-03 -9.238245221478218e-04 -1.007689651709978e+00
27 17 -1.000282707498126e+00 -1.895966096462855e-03 -9.240242691346132e-04 -1.007690575934614e+00
27 18 -1.000282588786535e+00 -1.895676174151342e-03 -9.242189909604050e-04 -1.007691541429202e+00
27 19 -1.000282466819527e+00 -1.895393998525519e-03 -9.244015951811646e-04 -1.007692511169372e+00
27 20 -1.000282346356463e+00 -1.895130406984069e-03 -9.245651884961655e-04 -1.007693447793141e+00
27 21 -1.000282232112631e+00 -1.894895596360747e-03 -9.247033204526659e-04 -1.007694315049429e+00
27 22 -1.000282128565241e+00 -1.894698721210985e-03 -9.248102546997308e-04 -1.007695079229210e+00
27 23 -1.000282039768345e+00 -1.894547522108419e-03 -9.248812549201773e-04 -1.007695710518429e+00
27 24 -1.000281969185641e+00 -1.894448001222083e-03 -9.249128643342116e-04 -1.007696184212328e+00
27 25 -1.000281919549317e+00 -1.894404161787242e-03 -9.249031518748222e-04 -1.007696481734472e+00
27 26 -1.000281892751701e+00 -1.894417826269080e-03 -9.248518972072816e-04 -1.007696591410035e+00
27 27 -1.000281889774580e+00 -1.894488544809995e-03 -9.247606904992283e-04 -1.007696508953079e+00
27 28 -1.000281910658672e+00 -1.894613600955772e-03 -9.246329294143184e-04 -1.007696237642345e+00
27 29 -1.000281954513285e+00 -1.894788116172485e-03 -9.244737042921845e-04 -1.007695788177478e+00
27 30 -1.000282019564077e+00 -1.895005248986654e-03 -9.242895731345638e-04 -1.007695178224703e+00
27 31 -1.000282103235011e+00 -1.895256479181006e-03 -9.240882400537916e-04 -1.007694431676219e+00
28 0 -1.000282142164280e+00 -1.895307292401709e-03 -9.248748210530238e-04 -1.007693961881310e+00
28 1 -1.000282252378168e+00 -1.895595616599028e-03 -9.246647017818184e-04 -1.007693035950272e+00
28 2 -1.000282369857707e+00 -1.895886076236737e-03 -9.244633832346775e-04 -1.007692071931153e+00
28 3 -1.000282490138372e+00 -1.896167438137691e-03 -9.242789694675849e-04 -1.007691106928210e+00
28 4 -1.000282608673296e+00 -1.896428890525356e-03 -9.241186504792512e-04 -1.007690177908324e+00
28 5 -1.000282720996311e+00 -1.896660457858815e-03 -9.239884119977486e-04 -1.007689320299852e+00
28 6 -1.000282822879777e+00 -1.896853372818231e-03 -9.238928336941267e-04 -1.007688566673863e+00
28 7 -1.000282910483343e+00 -1.897000393047785e-03 -9.238349781137957e-04 -1.007687945551750e+00
28 8 -1.000282980490123e+00 -1.897096053806154e-03 -9.238163641300671e-04 -1.007687480375363e+00
28 9 -1.000283030226792e+00 -1.897136850647546e-03 -9.238370130136839e-04 -1.007687188669122e+00
28 10 -1.000283057764023e+00 -1.897121348777226e-03 -9.238955510416040e-04 -1.007687081417822e+00
28 11 -1.000283061993583e+00 -1.897050218273941e-03 -9.239893497133560e-04 -1.007687162677610e+00
28 12 -1.000283042678670e+00 -1.896926196869724e-03 -9.241146846280576e-04 -1.007687429430202e+00
28 13 -1.000283000474381e+00 -1.896753983785319e-03 -9.242668977954748e-04 -1.007687871683607e+00
28 14 -1.000282936915764e+00 -1.896540068989748e-03 -9.244405542298388e-04 -1.007688472817380e+00
28 15 -1.000282854371838e+00 -1.896292502811379e-03 -9.246295899387338e-04 -1.007689210165501e+00
28 16 -1.000282755965428e+00 -1.896020611835922e-03 -9.248274539937043e-04 -1.007690055823207e+00
28 17 -1.000282645460391e+00 -1.895734668496619e-03 -9.250272522334577e-04 -1.007690977655523e+00
28 18 -1.000282527119573e+00 -1.895445523181484e-03 -9.252219034312627e-04 -1.007691940477090e+00
28 19 -1.000282405538597e+00 -1.895164208914643e-03 -9.254043189033360e-04 -1.007692907366144e+00
28 20 -1.000282285462176e+00 -1.894901530142391e-03 -9.255676131380620e-04 -1.007693841069080e+00
28 21 -1.000282171591056e+00 -1.894667649120492e-03 -9.257053472477478e-04 -1.007694705444921e+00
28 22 -1.000282068388543e+00 -1.894471685417681e-03 -9.258118000167794e-04 -1.007695466892532e+00
28 23 -1.000281979895859e+00 -1.894321345417898e-03 -9.258822533636656e-04 -1.007696095699925e+00
28 24 -1.000281909565329e+00 -1.894222599080320e-03 -9.259132710554787e-04 -1.007696567255276e+00
28 25 -1.000281860119604e+00 -1.894179420564869e-03 -9.259029439562944e-04 -1.007696863062703e+00
28 26 -1.000281833443726e+00 -1.894193607487455e-03 -9.258510742087603e-04 -1.007696971512376e+00
28 27 -1.000281830514788e+00 -1.894264690288564e-03 -9.257592743957521e-04 -1.007696888365180e+00
28 28 -1.000281851371560e+00 -1.894389938606270e-03 -9.256309641008343e-04 -1.007696616926878e+00
28 29 -1.000281895124157e+00 -1.894564466195160e-03 -9.254712545522536e-04 -1.007696167903640e+00
28 30 -1.000281960001748e+00 -1.894781430359286e-03 -9.252867227214294e-04 -1.007695558947422e+00
28 31 -1.000282043434483e+00 -1.895032316375946e-03 -9.250850886822552e-04 -1.007694813915320e+00
29 0 -1.000282107659706e+00 -1.895085674504906e-03 -9.258950936374503e-04 -1.007694308767535e+00
29 1 -1.000282217585564e+00 -1.895373483854798e-03 -9.256847946768609e-04 -1.007693384824557e+00
29 2 -1.000282334726136e+00 -1.895663267050312e-03 -9.254834666188777e-04 -1.007692423233988e+00
29 3 -1.000282454629897e+00 -1.895943816596287e-03 -9.252992148182404e-04 -1.007691461006891e+00
29 4 -1.000282572764689e+00 -1.896204352198285e-03 -9.251392234370621e-04 -1.007690535001775e+00
29 5 -1.000282684680103e+00 -1.896434934181310e-03 -9.250094656885966e-04 -1.007689680528374e+00
29 6 -1.000282786164520e+00 -1.896626833737893e-03 -9.249145028426577e-04 -1.007688930034757e+00
29 7 -1.000282873393169e+00 -1.896772848115592e-03 -9.248573737631083e-04 -1.007688311920028e+00
29 8 -1.000282943063757e+00 -1.896867551945461e-03 -9.248395688185618e-04 -1.007687849508563e+00
29 9 -1.000282992516096e+00 -1.896907478461613e-03 -9.248610768725100e-04 -1.007687560216415e+00
29 10 -1.000283019831965e+00 -1.896891227109037e-03 -9.249204896290971e-04 -1.007687454934070e+00
29 11 -1.000283023911665e+00 -1.896819497102786e-03 -9.250151439019092e-04 -1.007687537641899e+00
29 12 -1.000283004523996e+00 -1.896695049042649e-03 -9.251412820389413e-04 -1.007687805267251e+00
29 13 -1.000282962326561e+00 -1.896522598048123e-03 -9.252942151374462e-04 -1.007688247786690e+00
29 14 -1.000282898853784e+00 -1.896308642508138e-03 -9.254684805222940e-04 -1.007688848572207e+00
29 15 -1.000282816470991e+00 -1.896061233364675e-03 -9.256579910271823e-04 -1.007689584974359e+00
29 16 -1.000282718294456e+00 -1.895789690117410e-03 -9.258561783370069e-04 -1.007690429127859e+00
29 17 -1.000282608078972e+00 -1.895504271003685e-03 -9.260561372307735e-04 -1.007691348957504e+00
29 18 -1.000282490076210e+00 -1.895215805883484e-03 -9.262507815424139e-04 -1.007692309355167e+00
29 19 -1.000282368868913e+00 -1.894935301654120e-03 -9.264330235065601e-04 -1.007693273491276e+00
29 20 -1.000282249187651e+00 -1.894673531855329e-03 -9.265959845157713e-04 -1.007694204216540e+00
29 21 -1.000282135718276e+00 -1.894440624186431e-03 -9.267332387249014e-04 -1.007695065502532e+00
29 22 -1.000282032908991e+00 -1.894245661390083e-03 -9.268390836440629e-04 -1.007695823864463e+00
29 23 -1.000281944786215e+00 -1.894096312136808e-03 -9.269088244846995e-04 -1.007696449706371e+00
29 24 -1.000281874788272e+00 -1.893998509093480e-03 -9.269390516500506e-04 -1.007696918528317e+00
29 25 -1.000281825625178e+00 -1.893956190888559e-03 -9.269278851029838e-04 -1.007697211938018e+00
29 26 -1.000281799171240e+00 -1.893971122707582e-03 -9.268751579068433e-04 -1.007697318416722e+00
29 27 -1.000281796395089e+00 -1.894042806787560e-03 -9.267825145959931e-04 -1.007697233800542e+00
29 28 -1.000281817329508e+00 -1.894168489640540e-03 -9.266534066084816e-04 -1.007696961452524e+00
29 29 -1.000281861081285e+00 -1.894343267773541e-03 -9.264929756092532e-04 -1.007696512116274e+00
29 30 -1.000281925879189e+00 -1.894560288011532e-03 -9.263078263370796e-04 -1.007695903458991e+00
29 31 -1.000282009156096e+00 -1.894811032640231e-03 -9.261057029456324e-04 -1.007695159328999e+00
30 0 -1.000282100129663e+00 -1.894875656148890e-03 -9.269001411950829e-04 -1.007694604586147e+00
30 1 -1.000282209830384e+00 -1.895163108571583e-03 -9.266895566983539e-04 -1.007693682168690e+00
30 2 -1.000282326678096e+00 -1.895452338195611e-03 -9.264881529954507e-04 -1.007692722666537e+00
30 3 -1.000282446232553e+00 -1.895732158582799e-03 -9.263040390853235e-04 -1.007691763010221e+00
30 4 -1.000282563975177e+00 -1.895991817579157e-03 -9.261443944809037e-04 -1.007690839958154e+00
30 5 -1.000282675470857e+00 -1.896221409561155e-03 -9.260151796163272e-04 -1.007689988704660e+00
30 6 -1.000282776524329e+00 -1.896412244296901e-03 -9.259209350620127e-04 -1.007689241571965e+00
30 7 -1.000282863327611e+00 -1.896557160683572e-03 -9.258646715736026e-04 -1.007688626827785e+00
30 8 -1.000282932595016e+00 -1.896650776462192e-03 -9.258478451442527e-04 -1.007688167664633e+00
30 9 -1.000282981682091e+00 -1.896689667556352e-03 -9.258704057493647e-04 -1.007687881371806e+00
30 10 -1.000283008684772e+00 -1.896672473736798e-03 -9.259309036239159e-04 -1.007687778723766e+00
30 11 -1.000283012515354e+00 -1.896599930536777e-03 -9.260266331941770e-04 -1.007687863600246e+00
30 12 -1.000282992952033e+00 -1.896474829615810e-03 -9.261537949030993e-04 -1.007688132846739e+00
30 13 -1.000282950658932e+00 -1.896301910814611e-03 -9.263076599556886e-04 -1.007688576379439e+00
30 14 -1.000282887173880e+00 -1.896087689881454e-03 -9.264827296544747e-04 -1.007689177533806e+00
30 15 -1.000282804862378e+00 -1.895840227033332e-03 -9.266728864724945e-04 -1.007689913649103e+00
30 16 -1.000282706837671e+00 -1.895568842818666e-03 -9.268715385052278e-04 -1.007690756873748e+00
30 17 -1.000282596848503e+00 -1.895283788631710e-03 -9.270717640313882e-04 -1.007691675169750e+00
30 18 -1.000282479137799e+00 -1.894995880041638e-03 -9.272664675533596e-04 -1.007692633487880e+00
30 19 -1.000282358277187e+00 -1.894716102621996e-03 -9.274485595116127e-04 -1.007693595077356e+00
30 20 -1.000282238984132e+00 -1.894455202174632e-03 -9.276111675178546e-04 -1.007694522885161e+00
30 21 -1.000282125929820e+00 -1.894223273294534e-03 -9.277478798758869e-04 -1.007695380993143e+00
30 22 -1.000282023546729e+00 -1.894029361623677e-03 -9.278530152450525e-04 -1.007696136036548e+00
30 23 -1.000281935845089e+00 -1.893881096161213e-03 -9.279219056904314e-04 -1.007696758544794e+00
30 24 -1.000281866247229e+00 -1.893784368720826e-03 -9.279511731664036e-04 -1.007697224144166e+00
30 25 -1.000281817447989e+00 -1.893743077324059e-03 -9.279389732105447e-04 -1.007697514564756e+00
30 26 -1.000281791307859e+00 -1.893758948257342e-03 -9.278851775999914e-04 -1.007697618401734e+00
30 27 -1.000281788783423e+00 -1.893831447937121e-03 -9.277914712488198e-04 -1.007697531592741e+00
30 28 -1.000281809897599e+00 -1.893957791379775e-03 -9.276613458471232e-04 -1.007697257586507e+00
30 29 -1.000281853749945e+00 -1.894133049145947e-03 -9.274999816223938e-04 -1.007696807193010e+00
30 30 -1.000281918565055e+00 -1.894350348866529e-03 -9.273140190256906e-04 -1.007696198123015e+00
30 31 -1.000282001774925e+00 -1.894601161343141e-03 -9.271112339834866e-04 -1.007695454243009e+00
31 0 -1.000282119905544e+00 -1.894685368117983e-03 -9.278516431556755e-04 -1.007694837506771e+00
31 1 -1.000282229453055e+00 -1.894972636386368e-03 -9.276406753408707e-04 -1.007693916090303e+00
31 2 -1.000282346065685e+00 -1.895261457751626e-03 -9.274391296493835e-04 -1.007692958252837e+00
31 3 -1.000282465312306e+00 -1.895540661329808e-03 -9.272551215303013e-04 -1.007692000860140e+00
31 4 -1.000282582686200e+00 -1.895799518550901e-03 -9.270958275854699e-04 -1.007691080582974e+00
31 5 -1.000282693766439e+00 -1.896028154707678e-03 -9.269671954614837e-04 -1.007690232508063e+00
31 6 -1.000282794373859e+00 -1.896217916863791e-03 -9.268737430547522e-04 -1.007689488833530e+00
31 7 -1.000282880717907e+00 -1.896361686080669e-03 -9.268184496371698e-04 -1.007688877691443e+00
31 8 -1.000282949530857e+00 -1.896454125132671e-03 -9.268027327941464e-04 -1.007688422133447e+00
31 9 -1.000282998185893e+00 -1.896491855788968e-03 -9.268264990503752e-04 -1.007688139309103e+00
31 10 -1.000283024795571e+00 -1.896473562688404e-03 -9.268882516403604e-04 -1.007688039859650e+00
31 11 -1.000283028287218e+00 -1.896400023664506e-03 -9.269852359304646e-04 -1.007688127542755e+00
31 12 -1.000283008451941e+00 -1.896274068516289e-03 -9.271136032254571e-04 -1.007688399097485e+00
31 13 -1.000282965964134e+00 -1.896100469512373e-03 -9.272685778696968e-04 -1.007688844353407e+00
31 14 -1.000282902368881e+00 -1.895885767868203e-03 -9.274446187081008e-04 -1.007689446582244e+00
31 15 -1.000282820035691e+00 -1.895638041497219e-03 -9.276355716526077e-04 -1.007690183084213e+00
31 16 -1.000282722078469e+00 -1.895366620394538e-03 -9.278348151434010e-04 -1.007691025994397e+00
31 17 -1.000282612243262e+00 -1.895081756873316e-03 -9.280354056024720e-04 -1.007691943287639e+00
31 18 -1.000282494767033e+00 -1.894794258856274e-03 -9.282302343503507e-04 -1.007692899953321e+00
31 19 -1.000282374212445e+00 -1.894515096015739e-03 -9.284122079298366e-04 -1.007693859303481e+00
31 20 -1.000282255285341e+00 -1.894254990653199e-03 -9.285744593870843e-04 -1.007694784369672e+00
31 21 -1.000282142643018e+00 -1.894024007173429e-03 -9.287105912513995e-04 -1.007695639337115e+00
31 22 -1.000282040702279e+00 -1.893831155453120e-03 -9.288149443445077e-04 -1.007696390959709e+00
31 23 -1.000281953456513e+00 -1.893684024464425e-03 -9.288828799966583e-04 -1.007697009896432e+00
31 24 -1.000281884310728e+00 -1.893588463181891e-03 -9.289110557796891e-04 -1.007697471909062e+00
31 25 -1.000281835942596e+00 -1.893548325467207e-03 -9.288976682407866e-04 -1.007697758864191e+00
31 26 -1.000281810196123e+00 -1.893565293653463e-03 -9.288426340647727e-04 -1.007697859489824e+00
31 27 -1.000281808012679e+00 -1.893638792036146e-03 -9.287476850320814e-04 -1.007697769847918e+00
31 28 -1.000281829401892e+00 -1.893765997028279e-03 -9.286163597694540e-04 -1.007697493497872e+00
31 29 -1.000281873452574e+00 -1.893941945666411e-03 -9.284538840232934e-04 -1.007697041341860e+00
31 30 -1.000281938381538e+00 -1.894159738440870e-03 -9.282669410281492e-04 -1.007696431160565e+00
31 31 -1.000282021616212e+00 -1.894410826487239e-03 -9.280633451312582e-04 -1.007695686865299e+00
