6.447492828974401e-07
1.000000000000000e-12
1.000000000000000e-17
3.539346989505838e-01
1.942579213315197e-01
-5.833333333333333e-03
-1.500017464083440e+00
1.901109735892602e-07
32
32
-4.444444444444444e-03
1
0 0 -1.000281075825148e+00 -1.893138768842444e-03 -9.324428646554218e-04 -1.007699533516037e+00
0 1 -1.000281308030812e+00 -1.893754163596894e-03 -9.319747006030076e-04 -1.007697565301637e+00
0 2 -1.000281555091118e+00 -1.894371571901825e-03 -9.315315566234628e-04 -1.007695520508357e+00
0 3 -1.000281807756841e+00 -1.894966939285698e-03 -9.311321628122099e-04 -1.007693477950772e+00
0 4 -1.000282056690110e+00 -1.895517407413175e-03 -9.307923209871321e-04 -1.007691515493665e+00
0 5 -1.000282292764631e+00 -1.896002183678533e-03 -9.305242488173937e-04 -1.007689707169974e+00
0 6 -1.000282507347786e+00 -1.896403283195819e-03 -9.303362484728480e-04 -1.007688120551822e+00
0 7 -1.000282692564582e+00 -1.896706123580724e-03 -9.302326881236623e-04 -1.007686814442676e+00
0 8 -1.000282841543870e+00 -1.896899963455497e-03 -9.302142526683708e-04 -1.007685836937358e+00
0 9 -1.000282948645976e+00 -1.896978184681881e-03 -9.302783961555347e-04 -1.007685223879254e+00
0 10 -1.000283009668209e+00 -1.896938425376494e-03 -9.304199136675456e-04 -1.007684997731752e+00
0 11 -1.000283022021570e+00 -1.896782575541221e-03 -9.306315457131927e-04 -1.007685166872974e+00
0 12 -1.000282984869011e+00 -1.896516649387467e-03 -9.309045342112404e-04 -1.007685725318552e+00
0 13 -1.000282899213573e+00 -1.896150547996084e-03 -9.312290661095373e-04 -1.007686652876142e+00
0 14 -1.000282767924204e+00 -1.895697723248782e-03 -9.315945671294709e-04 -1.007687915736293e+00
0 15 -1.000282595688347e+00 -1.895174750162717e-03 -9.319898406331453e-04 -1.007689467504022e+00
0 16 -1.000282388883841e+00 -1.894600811439315e-03 -9.324030802714891e-04 -1.007691250670407e+00
0 17 -1.000282155367838e+00 -1.893997096576926e-03 -9.328218143765459e-04 -1.007693198511538e+00
0 18 -1.000281904186717e+00 -1.893386118984121e-03 -9.332328597837185e-04 -1.007695237384209e+00
0 19 -1.000281645217297e+00 -1.892790958085926e-03 -9.336223687587489e-04 -1.007697289366672e+00
0 20 -1.000281388755098e+00 -1.892234438957197e-03 -9.339760426161907e-04 -1.007699275171370e+00
0 21 -1.000281145069692e+00 -1.891738269189643e-03 -9.342795595839204e-04 -1.007701117235377e+00
0 22 -1.000280923950288e+00 -1.891322161353543e-03 -9.345192256372497e-04 -1.007702742872173e+00
0 23 -1.000280734266778e+00 -1.891002978969690e-03 -9.346828116481219e-04 -1.007704087346001e+00
0 24 -1.000280583572012e+00 -1.890793952621244e-03 -9.347604967606363e-04 -1.007705096711329e+00
0 25 -1.000280477769455e+00 -1.890704018032579e-03 -9.347458051880978e-04 -1.007705730252056e+00
0 26 -1.000280420866151e+00 -1.890737327263550e-03 -9.346364084273908e-04 -1.007705962363849e+00
0 27 -1.000280414824611e+00 -1.890892976700953e-03 -9.344346706164440e-04 -1.007705783750171e+00
0 28 -1.000280459519475e+00 -1.891164981827709e-03 -9.341478411985551e-04 -1.007705201846036e+00
0 29 -1.000280552796589e+00 -1.891542510191508e-03 -9.337878425349990e-04 -1.007704240438775e+00
0 30 -1.000280690624092e+00 -1.892010362619912e-03 -9.333706536273499e-04 -1.007702938516297e+00
0 31 -1.000280867318540e+00 -1.892549671617119e-03 -9.329153450635114e-04 -1.007701348431464e+00
1 0 -1.000281237783343e+00 -1.892871577603532e-03 -9.340328263752586e-04 -1.007699664064468e+00
1 1 -1.000281470007417e+00 -1.893487796934640e-03 -9.335621363732212e-04 -1.007697695251049e+00
1 2 -1.000281716608812e+00 -1.894104821634027e-03 -9.331177950822243e-04 -1.007695653618130e+00
1 3 -1.000281968356243e+00 -1.894698612207443e-03 -9.327185857213199e-04 -1.007693617846674e+00
1 4 -1.000282215947545e+00 -1.895246372602448e-03 -9.323803080445057e-04 -1.007691665525962e+00
1 5 -1.000282450308409e+00 -1.895727417115566e-03 -9.321151220347972e-04 -1.007689870284500e+00
1 6 -1.000282662872458e+00 -1.896123908085222e-03 -9.319312181527552e-04 -1.007688299178158e+00
1 7 -1.000282845842664e+00 -1.896421444696700e-03 -9.318328027889549e-04 -1.007687010403448e+00
1 8 -1.000282992434584e+00 -1.896609493852955e-03 -9.318203557536745e-04 -1.007686051382297e+00
1 9 -1.000283097100602e+00 -1.896681663538565e-03 -9.318910920887962e-04 -1.007685457246487e+00
1 10 -1.000283155731805e+00 -1.896635826412156e-03 -9.320395449446393e-04 -1.007685249737050e+00
1 11 -1.000283165830982e+00 -1.896474106053001e-03 -9.322581813484172e-04 -1.007685436526300e+00
1 12 -1.000283126647336e+00 -1.896202740318079e-03 -9.325379693248861e-04 -1.007686010966339e+00
1 13 -1.000283039261378e+00 -1.895831835731562e-03 -9.328688324173423e-04 -1.007686952266974e+00
1 14 -1.000282906607896e+00 -1.895375024113931e-03 -9.332399540087500e-04 -1.007688226106916e+00
1 15 -1.000282733426158e+00 -1.894849028790229e-03 -9.336399257382030e-04 -1.007689785682200e+00
1 16 -1.000282526129911e+00 -1.894273144277718e-03 -9.340567677359713e-04 -1.007691573191152e+00
1 17 -1.000282292594980e+00 -1.893668631815467e-03 -9.344778782933430e-04 -1.007693521743305e+00
1 18 -1.000282041868518e+00 -1.893058034173030e-03 -9.348899911034499e-04 -1.007695557661483e+00
1 19 -1.000281783810184e+00 -1.892464416740900e-03 -9.352792243016141e-04 -1.007697603125070e+00
1 20 -1.000281528680991e+00 -1.891910547484728e-03 -9.356312948233523e-04 -1.007699579081012e+00
1 21 -1.000281286699853e+00 -1.891418035579308e-03 -9.359319451108514e-04 -1.007701408327884e+00
1 22 -1.000281067591011e+00 -1.891006457173458e-03 -9.361675907442925e-04 -1.007703018656313e+00
1 23 -1.000280880147544e+00 -1.890692506113201e-03 -9.363261529712867e-04 -1.007704345907079e+00
1 24 -1.000280731836590e+00 -1.890489215977001e-03 -9.363979968665835e-04 -1.007705336790113e+00
1 25 -1.000280628470214e+00 -1.890405305014489e-03 -9.363768624835348e-04 -1.007705951299756e+00
1 26 -1.000280573961801e+00 -1.890444695116373e-03 -9.362606604518233e-04 -1.007706164570108e+00
1 27 -1.000280570181521e+00 -1.890606248503874e-03 -9.360520093014928e-04 -1.007705968041459e+00
1 28 -1.000280616916640e+00 -1.890883751792714e-03 -9.357584189930602e-04 -1.007705369853167e+00
1 29 -1.000280711934087e+00 -1.891266158179577e-03 -9.353920691154058e-04 -1.007704394434555e+00
1 30 -1.000280851134640e+00 -1.891738077200977e-03 -9.349691834293577e-04 -1.007703081326354e+00
1 31 -1.000281028781645e+00 -1.892280480803827e-03 -9.345090557460032e-04 -1.007701483322282e+00
2 0 -1.000281448037468e+00 -1.892688052664224e-03 -9.352966766311605e-04 -1.007699612619815e+00
2 1 -1.000281680672334e+00 -1.893305941222037e-03 -9.348231794530440e-04 -1.007697640412262e+00
2 2 -1.000281927191987e+00 -1.893923431010974e-03 -9.343773684716371e-04 -1.007695599211973e+00
2 3 -1.000282178368445e+00 -1.894516465571687e-03 -9.339780889693058e-04 -1.007693567669828e+00
2 4 -1.000282424921408e+00 -1.895062279628724e-03 -9.336411472932478e-04 -1.007691623198778e+00
2 5 -1.000282657816149e+00 -1.895540264629541e-03 -9.333786534640030e-04 -1.007689839113517e+00
2 6 -1.000282868542205e+00 -1.895932703368687e-03 -9.331986927150905e-04 -1.007688282031832e+00
2 7 -1.000283049372791e+00 -1.896225353859340e-03 -9.331053151943790e-04 -1.007687009605627e+00
2 8 -1.000283193605393e+00 -1.896407873509810e-03 -9.330988005411781e-04 -1.007686068627615e+00
2 9 -1.000283295782846e+00 -1.896474084568776e-03 -9.331761287180669e-04 -1.007685493540473e+00
2 10 -1.000283351891729e+00 -1.896422089188284e-03 -9.333315728899721e-04 -1.007685305362189e+00
2 11 -1.000283359531740e+00 -1.896254246856162e-03 -9.335573258111449e-04 -1.007685511034411e+00
2 12 -1.000283318046700e+00 -1.895977028796544e-03 -9.338440781709505e-04 -1.007686103197250e+00
2 13 -1.000283228605789e+00 -1.895600763560873e-03 -9.341814845977152e-04 -1.007687060392827e+00
2 14 -1.000283094223040e+00 -1.895139285510230e-03 -9.345584788200544e-04 -1.007688347700276e+00
2 15 -1.000282919704442e+00 -1.894609493899269e-03 -9.349634313793889e-04 -1.007689917805217e+00
2 16 -1.000282711515371e+00 -1.894030826513627e-03 -9.353841773357708e-04 -1.007691712502731e+00
2 17 -1.000282477566217e+00 -1.893424650146175e-03 -9.358079718728655e-04 -1.007693664621314e+00
2 18 -1.000282226920287e+00 -1.892813571436144e-03 -9.362214521787372e-04 -1.007695700336689e+00
2 19 -1.000281969434282e+00 -1.892220675351298e-03 -9.366106895875207e-04 -1.007697741822657e+00
2 20 -1.000281715347161e+00 -1.891668704160142e-03 -9.369614050117303e-04 -1.007699710164594e+00
2 21 -1.000281474837516e+00 -1.891179196811717e-03 -9.372593945668024e-04 -1.007701528440258e+00
2 22 -1.000281257572669e+00 -1.890771617115496e-03 -9.374911744502603e-04 -1.007703124851140e+00
2 23 -1.000281072274526e+00 -1.890462508389768e-03 -9.376448097402971e-04 -1.007704435766108e+00
2 24 -1.000280926327585e+00 -1.890264720748442e-03 -9.377108480921170e-04 -1.007705408521310e+00
2 25 -1.000280825452908e+00 -1.890186762516919e-03 -9.376832453196235e-04 -1.007706003812235e+00
2 26 -1.000280773467911e+00 -1.890232326912455e-03 -9.375601538469135e-04 -1.007706197521918e+00
2 27 -1.000280772145579e+00 -1.890400037599499e-03 -9.373444514020743e-04 -1.007705981856801e+00
2 28 -1.000280821178668e+00 -1.890683442359482e-03 -9.370439151255056e-04 -1.007705365707190e+00
2 29 -1.000280918245996e+00 -1.891071264924956e-03 -9.366709902095398e-04 -1.007704374206397e+00
2 30 -1.000281059169927e+00 -1.891547903838724e-03 -9.362421548289951e-04 -1.007703047523267e+00
2 31 -1.000281238147950e+00 -1.892094146853971e-03 -9.357769361175496e-04 -1.007701438978636e+00
3 0 -1.000281698264772e+00 -1.892595538254105e-03 -9.361847787677253e-04 -1.007699380913976e+00
3 1 -1.000281931688212e+00 -1.893215878428368e-03 -9.357082977534286e-04 -1.007697402642025e+00
3 2 -1.000282178508032e+00 -1.893834667026809e-03 -9.352607938195766e-04 -1.007695359121135e+00
3 3 -1.000282429484606e+00 -1.894427799018383e-03 -9.348611817170935e-04 -1.007693329077614e+00
3 4 -1.000282675344688e+00 -1.894972507124267e-03 -9.345252830117877e-04 -1.007691389854422e+00
3 5 -1.000282907079193e+00 -1.895448227280190e-03 -9.342651674029284e-04 -1.007689614555132e+00
3 6 -1.000283116221089e+00 -1.895837331235451e-03 -9.340888259710998e-04 -1.007688069454759e+00
3 7 -1.000283295103328e+00 -1.896125706643943e-03 -9.340001653371737e-04 -1.007686811744755e+00
3 8 -1.000283437097257e+00 -1.896303175995416e-03 -9.339992786216202e-04 -1.007685887657437e+00
3 9 -1.000283536830961e+00 -1.896363755604529e-03 -9.340829239741172e-04 -1.007685330995957e+00
3 10 -1.000283590384521e+00 -1.896305763236483e-03 -9.342451264243211e-04 -1.007685162082808e+00
3 11 -1.000283595455921e+00 -1.896131787383389e-03 -9.344778145679940e-04 -1.007685387132900e+00
3 12 -1.000283551488309e+00 -1.895848533075252e-03 -9.347714100587452e-04 -1.007685998054106e+00
3 13 -1.000283459747295e+00 -1.895466558734247e-03 -9.351153046194363e-04 -1.007686972677152e+00
3 14 -1.000283323336504e+00 -1.894999916091870e-03 -9.354981852227097e-04 -1.007688275416859e+00
3 15 -1.000283147141010e+00 -1.894465701232561e-03 -9.359082005919893e-04 -1.007689858366529e+00
3 16 -1.000282937691603e+00 -1.893883521003369e-03 -9.363329966252620e-04 -1.007691662823341e+00
3 17 -1.000282702947835e+00 -1.893274877218432e-03 -9.367596786473117e-04 -1.007693621231640e+00
3 18 -1.000282452003924e+00 -1.892662472281098e-03 -9.371747784690192e-04 -1.007695659512806e+00
3 19 -1.000282194727912e+00 -1.892069443732588e-03 -9.375643097687263e-04 -1.007697699728143e+00
3 20 -1.000281941350039e+00 -1.891518540912658e-03 -9.379139847565330e-04 -1.007699662999087e+00
3 21 -1.000281702020608e+00 -1.891031263859628e-03 -9.382096394251544e-04 -1.007701472588299e+00
3 22 -1.000281486360428e+00 -1.890626992777869e-03 -9.384378769040364e-04 -1.007703057024919e+00
3 23 -1.000281303028687e+00 -1.890322145561119e-03 -9.385868936340722e-04 -1.007704353136500e+00
3 24 -1.000281159333443e+00 -1.890129409489769e-03 -9.386474090011021e-04 -1.007705308832013e+00
3 25 -1.000281060908558e+00 -1.890057098649347e-03 -9.386135851498541e-04 -1.007705885471871e+00
3 26 -1.000281011476921e+00 -1.890108688116312e-03 -9.384838081645513e-04 -1.007706059669251e+00
3 27 -1.000281012713404e+00 -1.890282568158895e-03 -9.382612085120102e-04 -1.007705824395556e+00
3 28 -1.000281064212916e+00 -1.890572047215110e-03 -9.379538262589787e-04 -1.007705189308854e+00
3 29 -1.000281163560366e+00 -1.890965613295205e-03 -9.375743701295234e-04 -1.007704180281159e+00
3 30 -1.000281306491607e+00 -1.891447442304053e-03 -9.371395721264402e-04 -1.007702838160700e+00
3 31 -1.000281487128160e+00 -1.891998121339068e-03 -9.366691929726952e-04 -1.007701216861241e+00
4 0 -1.000281978553475e+00 -1.892597760447520e-03 -9.366614632796399e-04 -1.007698978433194e+00
4 1 -1.000282213112335e+00 -1.893221237703186e-03 -9.361819443066177e-04 -1.007696991668100e+00
4 2 -1.000282460602310e+00 -1.893842106888125e-03 -9.357325932622602e-04 -1.007694943168749e+00
4 3 -1.000282711757681e+00 -1.894436184974282e-03 -9.353323986625342e-04 -1.007692911838540e+00
4 4 -1.000282957297271e+00 -1.894980670173691e-03 -9.349972050374970e-04 -1.007690975058843e+00
4 5 -1.000283188222729e+00 -1.895455008451162e-03 -9.347390533809599e-04 -1.007689205833061e+00
4 6 -1.000283396096229e+00 -1.895841625331527e-03 -9.345658562691778e-04 -1.007687670202567e+00
4 7 -1.000283573297498e+00 -1.896126503741522e-03 -9.344813957556713e-04 -1.007686425000862e+00
4 8 -1.000283713260704e+00 -1.896299599446659e-03 -9.344855993359193e-04 -1.007685515990650e+00
4 9 -1.000283810690668e+00 -1.896355095197811e-03 -9.345750249788744e-04 -1.007684976410017e+00
4 10 -1.000283861755403e+00 -1.896291502143953e-03 -9.347434713433721e-04 -1.007684825940597e+00
4 11 -1.000283864248779e+00 -1.896111621870455e-03 -9.349826242499498e-04 -1.007685070102964e+00
4 12 -1.000283817714084e+00 -1.895822384395949e-03 -9.352826562212271e-04 -1.007685700081362e+00
4 13 -1.000283723517312e+00 -1.895434576809414e-03 -9.356327129494211e-04 -1.007686692979497e+00
4 14 -1.000283584858547e+00 -1.894962474575197e-03 -9.360212473540107e-04 -1.007688012509212e+00
4 15 -1.000283406711332e+00 -1.894423383841362e-03 -9.364361946810138e-04 -1.007689610112698e+00
4 16 -1.000283195683200e+00 -1.893837099597007e-03 -9.368650159700377e-04 -1.007691426514117e+00
4 17 -1.000282959795528e+00 -1.893225282633552e-03 -9.372946669729932e-04 -1.007693393686019e+00
4 18 -1.000282708186895e+00 -1.892610759082365e-03 -9.377115699597520e-04 -1.007695437198672e+00
4 19 -1.000282450750480e+00 -1.892016750027430e-03 -9.381016721541129e-04 -1.007697478898438e+00
4 20 -1.000282197721553e+00 -1.891466044563248e-03 -9.384506643311704e-04 -1.007699439838500e+00
4 21 -1.000281959235353e+00 -1.890980136774453e-03 -9.387444070533770e-04 -1.007701243364343e+00
4 22 -1.000281744878391e+00 -1.890578355174107e-03 -9.389695736796322e-04 -1.007702818236758e+00
4 23 -1.000281563257897e+00 -1.890277022060099e-03 -9.391144744148475e-04 -1.007704101655148e+00
4 24 -1.000281421614532e+00 -1.890088688820322e-03 -9.391699820081222e-04 -1.007705042025939e+00
4 25 -1.000281325502151e+00 -1.890021498670934e-03 -9.391304462015485e-04 -1.007705601312263e+00
4 26 -1.000281278554292e+00 -1.890078727689036e-03 -9.389944685098296e-04 -1.007705756809980e+00
4 27 -1.000281282350672e+00 -1.890258547012968e-03 -9.387654152965696e-04 -1.007705502224388e+00
4 28 -1.000281336388805e+00 -1.890554034583445e-03 -9.384515744648130e-04 -1.007704847968131e+00
4 29 -1.000281438157552e+00 -1.890953445787327e-03 -9.380659048046352e-04 -1.007703820657437e+00
4 30 -1.000281583301559e+00 -1.891440731143531e-03 -9.376253802703923e-04 -1.007702461844201e+00
4 31 -1.000281765859287e+00 -1.891996268499721e-03 -9.371499854337279e-04 -1.007700826077697e+00
5 0 -1.000282277828061e+00 -1.892694656541382e-03 -9.367066363668415e-04 -1.007698421968839e+00
5 1 -1.000282513823115e+00 -1.893321828843350e-03 -9.362241603048728e-04 -1.007696424629589e+00
5 2 -1.000282762325174e+00 -1.893945473983964e-03 -9.357728934529972e-04 -1.007694368705067e+00
5 3 -1.000283014029276e+00 -1.894541305156103e-03 -9.353718985420366e-04 -1.007692333368612e+00
5 4 -1.000283259631811e+00 -1.895086455152342e-03 -9.350370498490516e-04 -1.007690396145843e+00
5 5 -1.000283490129837e+00 -1.895560344994447e-03 -9.347803730123053e-04 -1.007688630054875e+00
5 6 -1.000283697099257e+00 -1.895945416598366e-03 -9.346097211779979e-04 -1.007687101021947e+00
5 7 -1.000283872951720e+00 -1.896227710216915e-03 -9.345287753103842e-04 -1.007685865638941e+00
5 8 -1.000284011170727e+00 -1.896397278093300e-03 -9.345373241570034e-04 -1.007684969307775e+00
5 9 -1.000284106526357e+00 -1.896448435331710e-03 -9.346317551413865e-04 -1.007684444797946e+00
5 10 -1.000284155265583e+00 -1.896379856624650e-03 -9.348056720285551e-04 -1.007684311229931e+00
5 11 -1.000284155272027e+00 -1.896194532457731e-03 -9.350505495576098e-04 -1.007684573489273e+00
5 12 -1.000284106186033e+00 -1.895899600359186e-03 -9.353563410565798e-04 -1.007685222073233e+00
5 13 -1.000284009474022e+00 -1.895506065940820e-03 -9.357119728016026e-04 -1.007686233371526e+00
5 14 -1.000283868435666e+00 -1.895028425796410e-03 -9.361056861323420e-04 -1.007687570382561e+00
5 15 -1.000283688138926e+00 -1.894484200900157e-03 -9.365252207105083e-04 -1.007689183864733e+00
5 16 -1.000283475276405e+00 -1.893893385992225e-03 -9.369578654342610e-04 -1.007691013916753e+00
5 17 -1.000283237941494e+00 -1.893277818565278e-03 -9.373904332329734e-04 -1.007692991970311e+00
5 18 -1.000282985328800e+00 -1.892660471530915e-03 -9.378092371513186e-04 -1.007695043161878e+00
5 19 -1.000282727369443e+00 -1.892064677036186e-03 -9.382001521637117e-04 -1.007697089029306e+00
5 20 -1.000282474317267e+00 -1.891513294822761e-03 -9.385488366685224e-04 -1.007699050456318e+00
5 21 -1.000282236306187e+00 -1.891027845950903e-03 -9.388411606577622e-04 -1.007700850766419e+00
5 22 -1.000282022901795e+00 -1.890627640908638e-03 -9.390638488644662e-04 -1.007702418847722e+00
5 23 -1.000281842671987e+00 -1.890328939775997e-03 -9.392053029556217e-04 -1.007703692170811e+00
5 24 -1.000281702801668e+00 -1.890144190276537e-03 -9.392565239622114e-04 -1.007704619544969e+00
5 25 -1.000281608775029e+00 -1.890081394858597e-03 -9.392120225975573e-04 -1.007705163450177e+00
5 26 -1.000281564144923e+00 -1.890143657473043e-03 -9.390705888853606e-04 -1.007705301790987e+00
5 27 -1.000281570402457e+00 -1.890328952830503e-03 -9.388357985241220e-04 -1.007705028947326e+00
5 28 -1.000281626951944e+00 -1.890630146259558e-03 -9.385161612521543e-04 -1.007704356043839e+00
5 29 -1.000281731187877e+00 -1.891035273012185e-03 -9.381248609981652e-04 -1.007703310416725e+00
5 30 -1.000281878662720e+00 -1.891528064581303e-03 -9.376790910535875e-04 -1.007701934317475e+00
5 31 -1.000282063328080e+00 -1.892088689123698e-03 -9.371990409826311e-04 -1.007700282948566e+00
6 0 -1.000282584319989e+00 -1.892882371565093e-03 -9.363168266810526e-04 -1.007697734776991e+00
6 1 -1.000282821992950e+00 -1.893513644955068e-03 -9.358316133228990e-04 -1.007695725219500e+00
6 2 -1.000283071806441e+00 -1.894140645207625e-03 -9.353784576924744e-04 -1.007693659737847e+00
6 3 -1.000283324404859e+00 -1.894738960356926e-03 -9.349764937536141e-04 -1.007691617856347e+00
6 4 -1.000283570448667e+00 -1.895285629670152e-03 -9.346416310605921e-04 -1.007689677344008e+00
6 5 -1.000283800915216e+00 -1.895760015444158e-03 -9.343858935789889e-04 -1.007687911347130e+00
6 6 -1.000284007378134e+00 -1.896144538192204e-03 -9.342170957571051e-04 -1.007686385799225e+00
6 7 -1.000284182264925e+00 -1.896425255506719e-03 -9.341388443057944e-04 -1.007685157175922e+00
6 8 -1.000284319093062e+00 -1.896592275634382e-03 -9.341508215757518e-04 -1.007684270641010e+00
6 9 -1.000284412683865e+00 -1.896640006789878e-03 -9.342492813634326e-04 -1.007683758609998e+00
6 10 -1.000284459351183e+00 -1.896567251040513e-03 -9.344276721357857e-04 -1.007683639743565e+00
6 11 -1.000284457058754e+00 -1.896377156383140e-03 -9.346772974354176e-04 -1.007683918375961e+00
6 12 -1.000284405537167e+00 -1.896077042451637e-03 -9.349879296653519e-04 -1.007684584380663e+00
6 13 -1.000284306349469e+00 -1.895678114661001e-03 -9.353483112330326e-04 -1.007685613474511e+00
6 14 -1.000284162894145e+00 -1.895195079187122e-03 -9.357465037672741e-04 -1.007686967960723e+00
6 15 -1.000283980335722e+00 -1.894645667851089e-03 -9.361700781094452e-04 -1.007688597908982e+00
6 16 -1.000283765456757e+00 -1.894050078812497e-03 -9.366061710919280e-04 -1.007690442765186e+00
6 17 -1.000283526430028e+00 -1.893430337144817e-03 -9.370414653471453e-04 -1.007692433372313e+00
6 18 -1.000283272515699e+00 -1.892809579825512e-03 -9.374621698636770e-04 -1.007694494367338e+00
6 19 -1.000283013694151e+00 -1.892211272890807e-03 -9.378540858286309e-04 -1.007696546898818e+00
6 20 -1.000282760250450e+00 -1.891658374269348e-03 -9.382028313535453e-04 -1.007698511587889e+00
6 21 -1.000282522330722e+00 -1.891172463338986e-03 -9.384942715383340e-04 -1.007700311633686e+00
6 22 -1.000282309493643e+00 -1.890772866641107e-03 -9.387151619450834e-04 -1.007701875943357e+00
6 23 -1.000282130281889e+00 -1.890475817715476e-03 -9.388539698180351e-04 -1.007703142147838e+00
6 24 -1.000281991838404e+00 -1.890293696754803e-03 -9.389017946194183e-04 -1.007704059349249e+00
6 25 -1.000281899590725e+00 -1.890234400847921e-03 -9.388532754693986e-04 -1.007704590438830e+00
6 26 -1.000281857022679e+00 -1.890300895293881e-03 -9.387073564143726e-04 -1.007704713832507e+00
6 27 -1.000281865546671e+00 -1.890490988786429e-03 -9.384677866915784e-04 -1.007704424499364e+00
6 28 -1.000281924481643e+00 -1.890797360366199e-03 -9.381432617784862e-04 -1.007703734205521e+00
6 29 -1.000282031133165e+00 -1.891207846342279e-03 -9.377471559728949e-04 -1.007702670954547e+00
6 30 -1.000282180964215e+00 -1.891705974136145e-03 -9.372968502503534e-04 -1.007701277665953e+00
6 31 -1.000282367839168e+00 -1.892271710033524e-03 -9.368127118836101e-04 -1.007699610187282e+00
7 0 -1.000282886059493e+00 -1.893153424236089e-03 -9.355055858982504e-04 -1.007696945405302e+00
7 1 -1.000283125582949e+00 -1.893789035820736e-03 -9.350179882190908e-04 -1.007694922490071e+00
7 2 -1.000283376952375e+00 -1.894419830226779e-03 -9.345630699363294e-04 -1.007692845721040e+00
7 3 -1.000283630752149e+00 -1.895021253864982e-03 -9.341600302025798e-04 -1.007690795040562e+00
7 4 -1.000283877594778e+00 -1.895570228339250e-03 -9.338248171738299e-04 -1.007688848549680e+00
7 5 -1.000284108423728e+00 -1.896046026312255e-03 -9.335694655635547e-04 -1.007687079629698e+00
7 6 -1.000284314794604e+00 -1.896431010383900e-03 -9.334017723897544e-04 -1.007685554342179e+00
7 7 -1.000284489134188e+00 -1.896711214937254e-03 -9.333252997872092e-04 -1.007684329175861e+00
7 8 -1.000284624977250e+00 -1.896876761568875e-03 -9.333396606567117e-04 -1.007683449188079e+00
7 9 -1.000284717180338e+00 -1.896922108902889e-03 -9.334410173943323e-04 -1.007682946568147e+00
7 10 -1.000284762109502e+00 -1.896846145536672e-03 -9.336227083276298e-04 -1.007682839635527e+00
7 11 -1.000284757795874e+00 -1.896652139611827e-03 -9.338759118697999e-04 -1.007683132278149e+00
7 12 -1.000284704049988e+00 -1.896347560320028e-03 -9.341902649652667e-04 -1.007683813833431e+00
7 13 -1.000284602523952e+00 -1.895943786246639e-03 -9.345543695828424e-04 -1.007684859413030e+00
7 14 -1.000284456710364e+00 -1.895455713323967e-03 -9.349561472036484e-04 -1.007686230670708e+00
7 15 -1.000284271868574e+00 -1.894901271893156e-03 -9.353830335037578e-04 -1.007687877010050e+00
7 16 -1.000284054872379e+00 -1.894300859094977e-03 -9.358220394977730e-04 -1.007689737223064e+00
7 17 -1.000283813978221e+00 -1.893676690963966e-03 -9.362597358963118e-04 -1.007691741539682e+00
7 18 -1.000283558518835e+00 -1.893052079211625e-03 -9.366822383263065e-04 -1.007693814051551e+00
7 19 -1.000283298533161e+00 -1.892450640990325e-03 -9.370752772288018e-04 -1.007695875453174e+00
7 20 -1.000283044348687e+00 -1.891895455562034e-03 -9.374244254023020e-04 -1.007697846021877e+00
7 21 -1.000282806136554e+00 -1.891408189118610e-03 -9.377155297058540e-04 -1.007699648736738e+00
7 22 -1.000282593462674e+00 -1.891008217310679e-03 -9.379353554573318e-04 -1.007701212416143e+00
7 23 -1.000282414859540e+00 -1.890711783581030e-03 -9.380724080008708e-04 -1.007702474734953e+00
7 24 -1.000282277443473e+00 -1.890531239064128e-03 -9.381178525815636e-04 -1.007703384967377e+00
7 25 -1.000282186600365e+00 -1.890474414723409e-03 -9.380664196014083e-04 -1.007703906295116e+00
7 26 -1.000282145759244e+00 -1.890544176005176e-03 -9.379171661643273e-04 -1.007704017528604e+00
7 27 -1.000282156266786e+00 -1.890738202586966e-03 -9.376739715850271e-04 -1.007703714117452e+00
7 28 -1.000282217367764e+00 -1.891049020853247e-03 -9.373456732012011e-04 -1.007703008373630e+00
7 29 -1.000282326287705e+00 -1.891464296950126e-03 -9.369457934135042e-04 -1.007701928889958e+00
7 30 -1.000282478406212e+00 -1.891967377039830e-03 -9.364918615715707e-04 -1.007700519196690e+00
7 31 -1.000282667503539e+00 -1.892538041573090e-03 -9.360043871988519e-04 -1.007698835752241e+00
8 0 -1.000283171364116e+00 -1.893497034147790e-03 -9.343031859293903e-04 -1.007696086272371e+00
8 1 -1.000283412834795e+00 -1.894137043039073e-03 -9.338136753761942e-04 -1.007694049408092e+00
8 2 -1.000283665940151e+00 -1.894771913304075e-03 -9.333572157956385e-04 -1.007691960090587e+00
8 3 -1.000283921197522e+00 -1.895376938916428e-03 -9.329530620738149e-04 -1.007689898730629e+00
8 4 -1.000284169161409e+00 -1.895928904591759e-03 -9.326172014188652e-04 -1.007687943836198e+00
8 5 -1.000284400728733e+00 -1.896406966414909e-03 -9.323616900688948e-04 -1.007686169119900e+00
8 6 -1.000284607422263e+00 -1.896793395206788e-03 -9.321943290564970e-04 -1.007684640885743e+00
8 7 -1.000284781651616e+00 -1.897074162724812e-03 -9.321186673507335e-04 -1.007683415763366e+00
8 8 -1.000284916951562e+00 -1.897239360965598e-03 -9.321342878005807e-04 -1.007682538838594e+00
8 9 -1.000285008196539e+00 -1.897283454622513e-03 -9.322373063828695e-04 -1.007682042210247e+00
8 10 -1.000285051788181e+00 -1.897205374885805e-03 -9.324209999281578e-04 -1.007681943987756e+00
8 11 -1.000285045809696e+00 -1.897008468028422e-03 -9.326764725347315e-04 -1.007682247734992e+00
8 12 -1.000284990138100e+00 -1.896700314278217e-03 -9.329932768793106e-04 -1.007682942362301e+00
8 13 -1.000284886503414e+00 -1.896292431956309e-03 -9.333599236476015e-04 -1.007684002467696e+00
8 14 -1.000284738483915e+00 -1.895799879678897e-03 -9.337642388630069e-04 -1.007685389126442e+00
8 15 -1.000284551428340e+00 -1.895240766371747e-03 -9.341935616064016e-04 -1.007687051124537e+00
8 16 -1.000284332299463e+00 -1.894635675799517e-03 -9.346348087294162e-04 -1.007688926625018e+00
8 17 -1.000284089438355e+00 -1.894007010456955e-03 -9.350744632117508e-04 -1.007690945245425e+00
8 18 -1.000283832254357e+00 -1.893378260189919e-03 -9.354985632474498e-04 -1.007693030508710e+00
8 19 -1.000283570851833e+00 -1.892773204279851e-03 -9.358927753335745e-04 -1.007695102609307e+00
8 20 -1.000283315610109e+00 -1.892215061441671e-03 -9.362426242768828e-04 -1.007697081413947e+00
8 21 -1.000283076737079e+00 -1.891725609354548e-03 -9.365339269619047e-04 -1.007698889595850e+00
8 22 -1.000282863819619e+00 -1.891324303352435e-03 -9.367534385422430e-04 -1.007700455781836e+00
8 23 -1.000282685395283e+00 -1.891027432320467e-03 -9.368896751106264e-04 -1.007701717573958e+00
8 24 -1.000282548569917e+00 -1.890847357613737e-03 -9.369338334053606e-04 -1.007702624292059e+00
8 25 -1.000282458704268e+00 -1.890791885732855e-03 -9.368806945559024e-04 -1.007703139276710e+00
8 26 -1.000282419188887e+00 -1.890863824869228e-03 -9.367293833023571e-04 -1.007703241600901e+00
8 27 -1.000282431320255e+00 -1.891060767563423e-03 -9.364838608384679e-04 -1.007702927067740e+00
8 28 -1.000282494283002e+00 -1.891375126912310e-03 -9.361530574893384e-04 -1.007702208418699e+00
8 29 -1.000282605234493e+00 -1.891794434173435e-03 -9.357505957240266e-04 -1.007701114735267e+00
8 30 -1.000282759480305e+00 -1.892301884263450e-03 -9.352941071937946e-04 -1.007699690077212e+00
8 31 -1.000282950723132e+00 -1.892877095545447e-03 -9.348042010807944e-04 -1.007697991454657e+00
9 0 -1.000283429300889e+00 -1.893899591592777e-03 -9.327555916119331e-04 -1.007695192103793e+00
9 1 -1.000283672736446e+00 -1.894543878160260e-03 -9.322647353431620e-04 -1.007693141265132e+00
9 2 -1.000283927686536e+00 -1.895182938941956e-03 -9.318070393877866e-04 -1.007691038652211e+00
9 3 -1.000284184597228e+00 -1.895791911029848e-03 -9.314018013582222e-04 -1.007688965175158e+00
9 4 -1.000284433957376e+00 -1.896347428551591e-03 -9.310650455346630e-04 -1.007686999807377e+00
9 5 -1.000284666606638e+00 -1.896828508673877e-03 -9.308088593127393e-04 -1.007685216675828e+00
9 6 -1.000284874021532e+00 -1.897217300398866e-03 -9.306410687135827e-04 -1.007683682430912e+00
9 7 -1.000285048578898e+00 -1.897499676398336e-03 -9.305652405819869e-04 -1.007682453963746e+00
9 8 -1.000285183796364e+00 -1.897665657786766e-03 -9.305809670266672e-04 -1.007681576520900e+00
9 9 -1.000285274548349e+00 -1.897709671001874e-03 -9.306843634570817e-04 -1.007681082249157e+00
9 10 -1.000285317254096e+00 -1.897630644251191e-03 -9.308686960010807e-04 -1.007680989187096e+00
9 11 -1.000285310031535e+00 -1.897431956875606e-03 -9.311250482515681e-04 -1.007681300709286e+00
9 12 -1.000285252808016e+00 -1.897121257375512e-03 -9.314429428981490e-04 -1.007682005424434e+00
9 13 -1.000285147377209e+00 -1.896710165088693e-03 -9.318108513784410e-04 -1.007683077528283e+00
9 14 -1.000284997391304e+00 -1.896213868088622e-03 -9.322165519833109e-04 -1.007684477610834e+00
9 15 -1.000284808279590e+00 -1.895650627115134e-03 -9.326473294818923e-04 -1.007686153912704e+00
9 16 -1.000284587088128e+00 -1.895041192846174e-03 -9.330900425986958e-04 -1.007688044017442e+00
9 17 -1.000284342240142e+00 -1.894408142117385e-03 -9.335311151597709e-04 -1.007690076955715e+00
9 18 -1.000284083222412e+00 -1.893775138900949e-03 -9.339565275354801e-04 -1.007692175682171e+00
9 19 -1.000283820208899e+00 -1.893166128963766e-03 -9.343518919676987e-04 -1.007694259865919e+00
9 20 -1.000283563638159e+00 -1.892604482963408e-03 -9.347026851695447e-04 -1.007696248912903e+00
9 21 -1.000283323765128e+00 -1.892112110105862e-03 -9.349946848755445e-04 -1.007698065117249e+00
9 22 -1.000283110210388e+00 -1.891708572362976e-03 -9.352146182381068e-04 -1.007699636820232e+00
9 23 -1.000282931531326e+00 -1.891410237291883e-03 -9.353509855632948e-04 -1.007700901438872e+00
9 24 -1.000282794839686e+00 -1.891229515044876e-03 -9.353949801481351e-04 -1.007701808211438e+00
9 25 -1.000282705488515e+00 -1.891174230138914e-03 -9.353413918473654e-04 -1.007702320499996e+00
9 26 -1.000282666847678e+00 -1.891247178078398e-03 -9.351893660422063e-04 -1.007702417498491e+00
9 27 -1.000282680180815e+00 -1.891445909109145e-03 -9.349428957191328e-04 -1.007702095223845e+00
9 28 -1.000282744628620e+00 -1.891762766544530e-03 -9.346109523155870e-04 -1.007701366714810e+00
9 29 -1.000282857294810e+00 -1.892185187418768e-03 -9.342072059292699e-04 -1.007700261421736e+00
9 30 -1.000283013423291e+00 -1.892696251682674e-03 -9.337493394018209e-04 -1.007698823831148e+00
9 31 -1.000283206648948e+00 -1.893275445921916e-03 -9.332580143795789e-04 -1.007697111423567e+00
10 0 -1.000283650102129e+00 -1.894345243154778e-03 -9.309227283762694e-04 -1.007694298334855e+00
10 1 -1.000283895441598e+00 -1.894993516774471e-03 -9.304311591848887e-04 -1.007692234053497e+00
10 2 -1.000284152270789e+00 -1.895636714087322e-03 -9.299725962629600e-04 -1.007690117932504e+00
10 3 -1.000284410963297e+00 -1.896249817370461e-03 -9.295663644050363e-04 -1.007688031391624e+00
10 4 -1.000284661937396e+00 -1.896809302429311e-03 -9.292285213913130e-04 -1.007686053909511e+00
10 5 -1.000284895967027e+00 -1.897294030549773e-03 -9.289711941146279e-04 -1.007684260094300e+00
10 6 -1.000285104470909e+00 -1.897686003846426e-03 -9.288022527566254e-04 -1.007682717032534e+00
10 7 -1.000285279778963e+00 -1.897970963835419e-03 -9.287253108976855e-04 -1.007681481985673e+00
10 8 -1.000285415375419e+00 -1.898138822682464e-03 -9.287400076288086e-04 -1.007680600485581e+00
10 9 -1.000285506116858e+00 -1.898183925832177e-03 -9.288425032802185e-04 -1.007680104863033e+00
10 10 -1.000285548421453e+00 -1.898105152976767e-03 -9.290261044867394e-04 -1.007680013227664e+00
10 11 -1.000285540423060e+00 -1.897905870292191e-03 -9.292819284642107e-04 -1.007680328906515e+00
10 12 -1.000285482081263e+00 -1.897593749480650e-03 -9.295995222693492e-04 -1.007681040342982e+00
10 13 -1.000285375236699e+00 -1.897180468550699e-03 -9.299673706864166e-04 -1.007682121456806e+00
10 14 -1.000285223600887e+00 -1.896681306852972e-03 -9.303732536557321e-04 -1.007683532464480e+00
10 15 -1.000285032671718e+00 -1.896114644245640e-03 -9.308044463531994e-04 -1.007685221154520e+00
10 16 -1.000284809569570e+00 -1.895501372138392e-03 -9.312477877764376e-04 -1.007687124602936e+00
10 17 -1.000284562794059e+00 -1.894864222790328e-03 -9.316896731156012e-04 -1.007689171302173e+00
10 18 -1.000284301907114e+00 -1.894227023307901e-03 -9.321160465127984e-04 -1.007691283662047e+00
10 19 -1.000284037153676e+00 -1.893613883456441e-03 -9.325124782462930e-04 -1.007693380822725e+00
10 20 -1.000283779036576e+00 -1.893048332085202e-03 -9.328643999150418e-04 -1.007695381697965e+00
10 21 -1.000283537866172e+00 -1.892552424645436e-03 -9.331575437213132e-04 -1.007697208144772e+00
10 22 -1.000283323308075e+00 -1.892145852375905e-03 -9.333785929007962e-04 -1.007698788136536e+00
10 23 -1.000283143953391e+00 -1.891845091410230e-03 -9.335160066464533e-04 -1.007700058801048e+00
10 24 -1.000283006935841e+00 -1.891662637014317e-03 -9.335609409706501e-04 -1.007700969172020e+00
10 25 -1.000282917618438e+00 -1.891606373078739e-03 -9.335081536673406e-04 -1.007701482495861e+00
10 26 -1.000282879368809e+00 -1.891679127048815e-03 -9.333567646213136e-04 -1.007701577942327e+00
10 27 -1.000282893436191e+00 -1.891878453039811e-03 -9.331107482841908e-04 -1.007701251595186e+00
10 28 -1.000282958935178e+00 -1.892196670747763e-03 -9.327790638173790e-04 -1.007700516647036e+00
10 29 -1.000283072932519e+00 -1.892621167511254e-03 -9.323753743748423e-04 -1.007699402782444e+00
10 30 -1.000283230625336e+00 -1.893134949236767e-03 -9.319173609482838e-04 -1.007697954794794e+00
10 31 -1.000283425593074e+00 -1.893717406082682e-03 -9.314256888481800e-04 -1.007696230535594e+00
11 0 -1.000283825519406e+00 -1.894816560801701e-03 -9.288761068773435e-04 -1.007693439582031e+00
11 1 -1.000284072627267e+00 -1.895468375510354e-03 -9.283844877529373e-04 -1.007691362912362e+00
11 2 -1.000284331295840e+00 -1.896115493001333e-03 -9.279254675058966e-04 -1.007689233600102e+00
11 3 -1.000284591827932e+00 -1.896732748851857e-03 -9.275183815710695e-04 -1.007687133564902e+00
11 4 -1.000284844569154e+00 -1.897296459166993e-03 -9.271793161422375e-04 -1.007685142810112e+00
11 5 -1.000285080221938e+00 -1.897785318741925e-03 -9.269204435853558e-04 -1.007683336472250e+00
11 6 -1.000285290138008e+00 -1.898181163667948e-03 -9.267496945692599e-04 -1.007681782146235e+00
11 7 -1.000285466588163e+00 -1.898469577439287e-03 -9.266707556288006e-04 -1.007680537558006e+00
11 8 -1.000285603008376e+00 -1.898640329508875e-03 -9.266833484122686e-04 -1.007679648637750e+00
11 9 -1.000285694220314e+00 -1.898687644849131e-03 -9.267837216805024e-04 -1.007679148028496e+00
11 10 -1.000285736622409e+00 -1.898610311169859e-03 -9.269652715328010e-04 -1.007679054049466e+00
11 11 -1.000285728345050e+00 -1.898411636020358e-03 -9.272192004807000e-04 -1.007679370123117e+00
11 12 -1.000285669360787e+00 -1.898099268646293e-03 -9.275351322811425e-04 -1.007680084669367e+00
11 13 -1.000285561538851e+00 -1.897684901364060e-03 -9.279016166533822e-04 -1.007681171467926e+00
11 14 -1.000285408633255e+00 -1.897183863185236e-03 -9.283064844667313e-04 -1.007682590487433e+00
11 15 -1.000285216195810e+00 -1.896614615780074e-03 -9.287370461404018e-04 -1.007684289175063e+00
11 16 -1.000284991409271e+00 -1.895998159740626e-03 -9.291801592466661e-04 -1.007686204190906e+00
11 17 -1.000284742840955e+00 -1.895357358004952e-03 -9.296222209309545e-04 -1.007688263558406e+00
11 18 -1.000284480122803e+00 -1.894716183588333e-03 -9.300491617333227e-04 -1.007690389186938e+00
11 19 -1.000284213569335e+00 -1.894098901208490e-03 -9.304465244322271e-04 -1.007692499705183e+00
11 20 -1.000283953750037e+00 -1.893529197679592e-03 -9.307997010682346e-04 -1.007694513523458e+00
11 21 -1.000283711036812e+00 -1.893029283591272e-03 -9.310943740881874e-04 -1.007696352021181e+00
11 22 -1.000283495149906e+00 -1.892618997147839e-03 -9.313171687065862e-04 -1.007697942735573e+00
11 23 -1.000283314726835e+00 -1.892314948730997e-03 -9.314564799250727e-04 -1.007699222412108e+00
11 24 -1.000283176938493e+00 -1.892129751322730e-03 -9.315033956629519e-04 -1.007700139765830e+00
11 25 -1.000283087174939e+00 -1.892071386618519e-03 -9.314526039679870e-04 -1.007700657796583e+00
11 26 -1.000283048819878e+00 -1.892142757004125e-03 -9.313031552185086e-04 -1.007700755507028e+00
11 27 -1.000283063127086e+00 -1.892341466479504e-03 -9.310589560026277e-04 -1.007700428898440e+00
11 28 -1.000283129203952e+00 -1.892659858312636e-03 -9.307289005237279e-04 -1.007699691167633e+00
11 29 -1.000283244098400e+00 -1.893085316499234e-03 -9.303265915552661e-04 -1.007698572089882e+00
11 30 -1.000283402977376e+00 -1.893600816414773e-03 -9.298696564814666e-04 -1.007697116634312e+00
11 31 -1.000283599379265e+00 -1.894185690668880e-03 -9.293787160336737e-04 -1.007695382910266e+00
12 0 -1.000283949105298e+00 -1.895295259372108e-03 -9.266959080655447e-04 -1.007692648267697e+00
12 1 -1.000284197778743e+00 -1.895950035854341e-03 -9.262048951883401e-04 -1.007690560731313e+00
12 2 -1.000284458176478e+00 -1.896600707861236e-03 -9.257458411810573e-04 -1.007688419046969e+00
12 3 -1.000284720534842e+00 -1.897221977848046e-03 -9.253380754219721e-04 -1.007686305605919e+00
12 4 -1.000284975127559e+00 -1.897790007298169e-03 -9.249977055515977e-04 -1.007684300934698e+00
12 5 -1.000285212582713e+00 -1.898283320787784e-03 -9.247369524880716e-04 -1.007682480723769e+00
12 6 -1.000285424178569e+00 -1.898683575754985e-03 -9.245638208915163e-04 -1.007680913128656e+00
12 7 -1.000285602116868e+00 -1.898976176625116e-03 -9.244820939158477e-04 -1.007679656416622e+00
12 8 -1.000285739772271e+00 -1.899150721701313e-03 -9.244916082769694e-04 -1.007678757014212e+00
12 9 -1.000285831915810e+00 -1.899201280885453e-03 -9.245887405301052e-04 -1.007678247992237e+00
12 10 -1.000285874908397e+00 -1.899126510423413e-03 -9.247670204680285e-04 -1.007678148008681e+00
12 11 -1.000285866857824e+00 -1.898929616325744e-03 -9.250177833114299e-04 -1.007678460719713e+00
12 12 -1.000285807729953e+00 -1.898618180703573e-03 -9.253307785364646e-04 -1.007679174663840e+00
12 13 -1.000285699403190e+00 -1.898203865419047e-03 -9.256946696144715e-04 -1.007680263621331e+00
12 14 -1.000285545655572e+00 -1.897702005865333e-03 -9.260973848733030e-04 -1.007681687447369e+00
12 15 -1.000285352076032e+00 -1.897131105279086e-03 -9.265263121931187e-04 -1.007683393371283e+00
12 16 -1.000285125895360e+00 -1.896512237807169e-03 -9.269683641497538e-04 -1.007685317744734e+00
12 17 -1.000284875737346e+00 -1.895868367451447e-03 -9.274099697310279e-04 -1.007687388208968e+00
12 18 -1.000284611296197e+00 -1.895223590528272e-03 -9.278370688002924e-04 -1.007689526235776e+00
12 19 -1.000284342951921e+00 -1.894602311855321e-03 -9.282351919210493e-04 -1.007691649979060e+00
12 20 -1.000284081340393e+00 -1.894028369882434e-03 -9.285896982271528e-04 -1.007693677354151e+00
12 21 -1.000283836898767e+00 -1.893524133169738e-03 -9.288862177893061e-04 -1.007695529241290e+00
12 22 -1.000283619409524e+00 -1.893109598895177e-03 -9.291113062222299e-04 -1.007697132690079e+00
12 23 -1.000283437567583e+00 -1.892801532115844e-03 -9.292532747544190e-04 -1.007698423985254e+00
12 24 -1.000283298594732e+00 -1.892612691330112e-03 -9.293031163115062e-04 -1.007699351421973e+00
12 25 -1.000283207923950e+00 -1.892551190350900e-03 -9.292554150992527e-04 -1.007699877633242e+00
12 26 -1.000283168972635e+00 -1.892620046452499e-03 -9.291091110798508e-04 -1.007699981318854e+00
12 27 -1.000283183017906e+00 -1.892816957643470e-03 -9.288679968007375e-04 -1.007699658251406e+00
12 28 -1.000283249179154e+00 -1.893134336954650e-03 -9.285408525400433e-04 -1.007698921482262e+00
12 29 -1.000283364504202e+00 -1.893559611130818e-03 -9.281411712184571e-04 -1.007697800731417e+00
12 30 -1.000283524147348e+00 -1.894075769268610e-03 -9.276864781427542e-04 -1.007696341007182e+00
12 31 -1.000283721621745e+00 -1.894662127356897e-03 -9.271973033404585e-04 -1.007694600554310e+00
13 0 -1.000284016417288e+00 -1.895762927005999e-03 -9.244676677462348e-04 -1.007691953458941e+00
13 1 -1.000284266395940e+00 -1.896419979036209e-03 -9.239778758486185e-04 -1.007689856973172e+00
13 2 -1.000284528348349e+00 -1.897073709123577e-03 -9.235191995036965e-04 -1.007687704192799e+00
13 3 -1.000284792451116e+00 -1.897698705147805e-03 -9.231109454587572e-04 -1.007685577935003e+00
13 4 -1.000285048909603e+00 -1.898270985003441e-03 -9.227692344971562e-04 -1.007683559228155e+00
13 5 -1.000285288277637e+00 -1.898768905873076e-03 -9.225063371700883e-04 -1.007681724320920e+00
13 6 -1.000285501756418e+00 -1.899173940652575e-03 -9.223303432162964e-04 -1.007680141960255e+00
13 7 -1.000285681471289e+00 -1.899471300322955e-03 -9.222451527440631e-04 -1.007678871011236e+00
13 8 -1.000285820724821e+00 -1.899650390089751e-03 -9.222507453264393e-04 -1.007677958476084e+00
13 9 -1.000285914223686e+00 -1.899705096308183e-03 -9.223436588821413e-04 -1.007677437952136e+00
13 10 -1.000285958275118e+00 -1.899633909635153e-03 -9.225175952163560e-04 -1.007677328551281e+00
13 11 -1.000285950946247e+00 -1.899439895766058e-03 -9.227640643142783e-04 -1.007677634291584e+00
13 12 -1.000285892176923e+00 -1.899130527694293e-03 -9.230729853956731e-04 -1.007678343966911e+00
13 13 -1.000285783834947e+00 -1.898717393386401e-03 -9.234331793485594e-04 -1.007679431498117e+00
13 14 -1.000285629702992e+00 -1.898215791391120e-03 -9.238327132803820e-04 -1.007680856764953e+00
13 15 -1.000285435388986e+00 -1.897644225013766e-03 -9.242590903532724e-04 -1.007682566909842e+00
13 16 -1.000285208155671e+00 -1.897023803735768e-03 -9.246993117203919e-04 -1.007684498094569e+00
13 17 -1.000284956669943e+00 -1.896377559290013e-03 -9.251398665653737e-04 -1.007686577679048e+00
13 18 -1.000284690678155e+00 -1.895729684249901e-03 -9.255667259716229e-04 -1.007688726776285e+00
13 19 -1.000284420619286e+00 -1.895104703783148e-03 -9.259654227406684e-04 -1.007690863119088e+00
13 20 -1.000284157192940e+00 -1.894526596241171e-03 -9.263212897621028e-04 -1.007692904154159e+00
13 21 -1.000283910902844e+00 -1.894017884998958e-03 -9.266199037612360e-04 -1.007694770259923e+00
13 22 -1.000283691598914e+00 -1.893598731894036e-03 -9.268477423748620e-04 -1.007696387966253e+00
13 23 -1.000283508042195e+00 -1.893286070956846e-03 -9.269930172852136e-04 -1.007697693037034e+00
13 24 -1.000283367517119e+00 -1.893092828473284e-03 -9.270466032213599e-04 -1.007698633262423e+00
13 25 -1.000283275513894e+00 -1.893027279795785e-03 -9.270029502973542e-04 -1.007699170801960e+00
13 26 -1.000283235500024e+00 -1.893092592638954e-03 -9.268608519037977e-04 -1.007699283928335e+00
13 27 -1.000283248793863e+00 -1.893286599262574e-03 -9.266239462039993e-04 -1.007698968048660e+00
13 28 -1.000283314545400e+00 -1.893601825558226e-03 -9.263008567189277e-04 -1.007698235925846e+00
13 29 -1.000283429820874e+00 -1.894025785113307e-03 -9.259049225149142e-04 -1.007697117081811e+00
13 30 -1.000283589779796e+00 -1.894541524216615e-03 -9.254535229212726e-04 -1.007695656426928e+00
13 31 -1.000283787926783e+00 -1.895128383548779e-03 -9.249670552880331e-04 -1.007693912214640e+00
14 0 -1.000284025142251e+00 -1.896201735609134e-03 -9.222787243196365e-04 -1.007691379953705e+00
14 1 -1.000284276119643e+00 -1.896860299472480e-03 -9.217906966649303e-04 -1.007689276748521e+00
14 2 -1.000284539396304e+00 -1.897516483254776e-03 -9.213327730192615e-04 -1.007687114544686e+00
14 3 -1.000284805098044e+00 -1.898144783047793e-03 -9.209242219416235e-04 -1.007684976523952e+00
14 4 -1.000285063367864e+00 -1.898721089191023e-03 -9.205811693413411e-04 -1.007682944177532e+00
14 5 -1.000285304688062e+00 -1.899223600128582e-03 -9.203159356982951e-04 -1.007681094296865e+00
14 6 -1.000285520182000e+00 -1.899633605151316e-03 -9.201367042274412e-04 -1.007679496229198e+00
14 7 -1.000285701894214e+00 -1.899936114929068e-03 -9.200475075668051e-04 -1.007678209470801e+00
14 8 -1.000285843047226e+00 -1.900120327109574e-03 -9.200484899205128e-04 -1.007677281656678e+00
14 9 -1.000285938272167e+00 -1.900179922980535e-03 -9.201363778187499e-04 -1.007676746989439e+00
14 10 -1.000285983808585e+00 -1.900113199790317e-03 -9.203050770140022e-04 -1.007676625132433e+00
14 11 -1.000285977666553e+00 -1.899923049701657e-03 -9.205463075458786e-04 -1.007676920579059e+00
14 12 -1.000285919741656e+00 -1.899616799075657e-03 -9.208501951586322e-04 -1.007677622504532e+00
14 13 -1.000285811871743e+00 -1.899205921579303e-03 -9.212057546254576e-04 -1.007678705104390e+00
14 14 -1.000285657824636e+00 -1.898705637268117e-03 -9.216012267926277e-04 -1.007680128419535e+00
14 15 -1.000285463208541e+00 -1.898134408292428e-03 -9.220242628342859e-04 -1.007681839638706e+00
14 16 -1.000285235300949e+00 -1.897513340269648e-03 -9.224619820977782e-04 -1.007683774858294e+00
14 17 -1.000284982796877e+00 -1.896865497093654e-03 -9.229009590984549e-04 -1.007685861267501e+00
14 18 -1.000284715482744e+00 -1.896215137236924e-03 -9.233272154326245e-04 -1.007688019712195e+00
14 19 -1.000284443847913e+00 -1.895586882371738e-03 -9.237262989886906e-04 -1.007690167572475e+00
14 20 -1.000284178650902e+00 -1.895004834215697e-03 -9.240835230356906e-04 -1.007692221868933e+00
14 21 -1.000283930460954e+00 -1.894491662166289e-03 -9.243844116169266e-04 -1.007694102493768e+00
14 22 -1.000283709197977e+00 -1.894067692050739e-03 -9.246153587515837e-04 -1.007695735445264e+00
14 23 -1.000283523695231e+00 -1.893750034649707e-03 -9.247644640122278e-04 -1.007697055926870e+00
14 24 -1.000283381309226e+00 -1.893551800143616e-03 -9.248224644866268e-04 -1.007698011157478e+00
14 25 -1.000283287599762e+00 -1.893481449036256e-03 -9.247836509536099e-04 -1.007698562733470e+00
14 26 -1.000283246099055e+00 -1.893542329298719e-03 -9.246466406547389e-04 -1.007698688392160e+00
14 27 -1.000283258182888e+00 -1.893732442135444e-03 -9.244148844588765e-04 -1.007698383053375e+00
14 28 -1.000283323049055e+00 -1.894044464631799e-03 -9.240968134515998e-04 -1.007697659060915e+00
14 29 -1.000283437799921e+00 -1.894466037789050e-03 -9.237055753353934e-04 -1.007696545604112e+00
14 30 -1.000283597617828e+00 -1.894980306195239e-03 -9.232583659195382e-04 -1.007695087362597e+00
14 31 -1.000283796015747e+00 -1.895566675118315e-03 -9.227754144634297e-04 -1.007693342472830e+00
15 0 -1.000283975143586e+00 -1.896595103535691e-03 -9.202146053662082e-04 -1.007690947618808e+00
15 1 -1.000284226779815e+00 -1.897254369205030e-03 -9.197287894164097e-04 -1.007688840145857e+00
15 2 -1.000284491104355e+00 -1.897912320102995e-03 -9.192719368854452e-04 -1.007686670516097e+00
15 3 -1.000284758202991e+00 -1.898543386386634e-03 -9.188632652651763e-04 -1.007684522201796e+00
15 4 -1.000285018164462e+00 -1.899123351002897e-03 -9.185188990796307e-04 -1.007682477102433e+00
15 5 -1.000285261404681e+00 -1.899630267701335e-03 -9.182512083210007e-04 -1.007680612518177e+00
15 6 -1.000285478971188e+00 -1.900045249867891e-03 -9.180684746700028e-04 -1.007678998383532e+00
15 7 -1.000285662826425e+00 -1.900353108730137e-03 -9.179748734903745e-04 -1.007677694835178e+00
15 8 -1.000285806108105e+00 -1.900542827884503e-03 -9.179707292037942e-04 -1.007676750173605e+00
15 9 -1.000285903363581e+00 -1.900607869697302e-03 -9.180529776194050e-04 -1.007676199262504e+00
15 10 -1.000285950753276e+00 -1.900546317428769e-03 -9.182157529650822e-04 -1.007676062393416e+00
15 11 -1.000285946215995e+00 -1.900360863221274e-03 -9.184510121562406e-04 -1.007676344630081e+00
15 12 -1.000285889586587e+00 -1.900058655149268e-03 -9.187491154337305e-04 -1.007677035639807e+00
15 13 -1.000285782654887e+00 -1.899651016720190e-03 -9.190992999252750e-04 -1.007678110015770e+00
15 14 -1.000285629155055e+00 -1.899153050927795e-03 -9.194900084663027e-04 -1.007679528089874e+00
15 15 -1.000285434676906e+00 -1.898583139320635e-03 -9.199090671183303e-04 -1.007681237227728e+00
15 16 -1.000285206495003e+00 -1.897962345047742e-03 -9.203437375468033e-04 -1.007683173585944e+00
15 17 -1.000284953316549e+00 -1.897313727910397e-03 -9.207806998740223e-04 -1.007685264298654e+00
15 18 -1.000284684954593e+00 -1.896661579860516e-03 -9.212060420844728e-04 -1.007687430045183e+00
15 19 -1.000284411938565e+00 -1.896030591915004e-03 -9.216053384768695e-04 -1.007689587933596e+00
15 20 -1.000284145079008e+00 -1.895444968321386e-03 -9.219638893403539e-04 -1.007691654615843e+00
15 21 -1.000283895007219e+00 -1.894927510603257e-03 -9.222671676178613e-04 -1.007693549530750e+00
15 22 -1.000283671713071e+00 -1.894498702077694e-03 -9.225014797484200e-04 -1.007695198152502e+00
15 23 -1.000283484105458e+00 -1.894175831620648e-03 -9.226548035761638e-04 -1.007696535105348e+00
15 24 -1.000283339619795e+00 -1.893972202604501e-03 -9.227177238527232e-04 -1.007697506991948e+00
15 25 -1.000283243895278e+00 -1.893896477341156e-03 -9.226843532168664e-04 -1.007698074776857e+00
15 26 -1.000283200541001e+00 -1.893952206981839e-03 -9.225531105420092e-04 -1.007698215574031e+00
15 27 -1.000283211004115e+00 -1.894137589796947e-03 -9.223272340296541e-04 -1.007697923713120e+00
15 28 -1.000283274545546e+00 -1.894445486448832e-03 -9.220149342611272e-04 -1.007697211004756e+00
15 29 -1.000283388320081e+00 -1.894863700816155e-03 -9.216291380935305e-04 -1.007696106184575e+00
15 30 -1.000283547549551e+00 -1.895375512747321e-03 -9.211868287226360e-04 -1.007694653578509e+00
15 31 -1.000283745771635e+00 -1.895960429003542e-03 -9.207080399715618e-04 -1.007692911086296e+00
16 0 -1.000283868435660e+00 -1.896928288859853e-03 -9.183555292857614e-04 -1.007690670959898e+00
16 1 -1.000284120370643e+00 -1.897587431408861e-03 -9.178722596030151e-04 -1.007688561798030e+00
16 2 -1.000284385431776e+00 -1.898246407684745e-03 -9.174167264811777e-04 -1.007686386986491e+00
16 3 -1.000284653676810e+00 -1.898879609561837e-03 -9.170080872311778e-04 -1.007684230204901e+00
16 4 -1.000284915150121e+00 -1.899462736329414e-03 -9.166624597812001e-04 -1.007682173692408e+00
16 5 -1.000285160208706e+00 -1.899973716276345e-03 -9.163922617902919e-04 -1.007680295205686e+00
16 6 -1.000285379829056e+00 -1.900393500986901e-03 -9.162058749021042e-04 -1.007678665232307e+00
16 7 -1.000285565893307e+00 -1.900706710415484e-03 -9.161076225928039e-04 -1.007677344535127e+00
16 8 -1.000285711452844e+00 -1.900902115602281e-03 -9.160980190744119e-04 -1.007676382087743e+00
16 9 -1.000285810966228e+00 -1.900972954470861e-03 -9.161742226141836e-04 -1.007675813445361e+00
16 10 -1.000285860506333e+00 -1.900917083870656e-03 -9.163306116051490e-04 -1.007675659580548e+00
16 11 -1.000285857929183e+00 -1.900736976977372e-03 -9.165593972807468e-04 -1.007675926201088e+00
16 12 -1.000285802994800e+00 -1.900439578645263e-03 -9.168511933956531e-04 -1.007676603558552e+00
16 13 -1.000285697428895e+00 -1.900036032145628e-03 -9.171954797869565e-04 -1.007677666751053e+00
16 14 -1.000285544914539e+00 -1.899541289498695e-03 -9.175809220275527e-04 -1.007679076519353e+00
16 15 -1.000285351005249e+00 -1.898973615552473e-03 -9.179955407663477e-04 -1.007680780528862e+00
16 16 -1.000285122955192e+00 -1.898353994371483e-03 -9.184267575199913e-04 -1.007682715118688e+00
16 17 -1.000284869467578e+00 -1.897705446034046e-03 -9.188613730300869e-04 -1.007684807484190e+00
16 18 -1.000284600367874e+00 -1.897052262723858e-03 -9.192855541585252e-04 -1.007686978243559e+00
16 19 -1.000284326213839e+00 -1.896419175321301e-03 -9.196849112414465e-04 -1.007689144322864e+00
16 20 -1.000284057859163e+00 -1.895830466172021e-03 -9.200447375765327e-04 -1.007691222076255e+00
16 21 -1.000283805991477e+00 -1.895309050527416e-03 -9.203504567286397e-04 -1.007693130538102e+00
16 22 -1.000283580668169e+00 -1.894875557423323e-03 -9.205882850853763e-04 -1.007694794683954e+00
16 23 -1.000283390874592e+00 -1.894547448962435e-03 -9.207460727334824e-04 -1.007696148560405e+00
16 24 -1.000283244128968e+00 -1.894338223797797e-03 -9.208142430450208e-04 -1.007697138131891e+00
16 25 -1.000283146156617e+00 -1.894256754932093e-03 -9.207867185041125e-04 -1.007697723686869e+00
16 26 -1.000283100652716e+00 -1.894306811928192e-03 -9.206617044915153e-04 -1.007697881651699e+00
16 27 -1.000283109147116e+00 -1.894486810945374e-03 -9.204422086624385e-04 -1.007697605684880e+00
16 28 -1.000283170976898e+00 -1.894789821629191e-03 -9.201362015378256e-04 -1.007696906969988e+00
16 29 -1.000283283363502e+00 -1.895203839612054e-03 -9.197563691591105e-04 -1.007695813686133e+00
16 30 -1.000283441583184e+00 -1.895712311290934e-03 -9.193194624649964e-04 -1.007694369697514e+00
16 31 -1.000283639213551e+00 -1.896294877671027e-03 -9.188453007079535e-04 -1.007692632557299e+00
17 0 -1.000283709091495e+00 -1.897188897464041e-03 -9.167731880527711e-04 -1.007690558888117e+00
17 1 -1.000283960958180e+00 -1.897847107021897e-03 -9.162926782683030e-04 -1.007688450650124e+00
17 2 -1.000284226421134e+00 -1.898506338654524e-03 -9.158386373292822e-04 -1.007686273066431e+00
17 3 -1.000284495522805e+00 -1.899140974491992e-03 -9.154301566858014e-04 -1.007684109934703e+00
17 4 -1.000284758274637e+00 -1.899726656895150e-03 -9.150833430376026e-04 -1.007682043752981e+00
17 5 -1.000285004984372e+00 -1.900241212581656e-03 -9.148106583551627e-04 -1.007680152665351e+00
17 6 -1.000285226564835e+00 -1.900665451205882e-03 -9.146205828971924e-04 -1.007678507658380e+00
17 7 -1.000285414822516e+00 -1.900983816376559e-03 -9.145175892852782e-04 -1.007677170084559e+00
17 8 -1.000285562724093e+00 -1.901184875908155e-03 -9.145023846132700e-04 -1.007676189573387e+00
17 9 -1.000285664637692e+00 -1.901261646370393e-03 -9.145723542952709e-04 -1.007675602375617e+00
17 10 -1.000285716543586e+00 -1.901211754419018e-03 -9.147221272056326e-04 -1.007675430171796e+00
17 11 -1.000285716206696e+00 -1.901037443385224e-03 -9.149441772183537e-04 -1.007675679363654e+00
17 12 -1.000285663300952e+00 -1.900745437382259e-03 -9.152293819563108e-04 -1.007676340857706e+00
17 13 -1.000285559474299e+00 -1.900346676214559e-03 -9.155674756596385e-04 -1.007677390344936e+00
17 14 -1.000285408343326e+00 -1.899855933064758e-03 -9.159473586448836e-04 -1.007678789076359e+00
17 15 -1.000285215408869e+00 -1.899291324751301e-03 -9.163572577453266e-04 -1.007680485127767e+00
17 16 -1.000284987888176e+00 -1.898673722852551e-03 -9.167847652927658e-04 -1.007682415135379e+00
17 17 -1.000284734464602e+00 -1.898026073810350e-03 -9.172168128814448e-04 -1.007684506468836e+00
17 18 -1.000284464961463e+00 -1.897372637108170e-03 -9.176396553341134e-04 -1.007686679791772e+00
17 19 -1.000284189952066e+00 -1.896738152875725e-03 -9.180389462037494e-04 -1.007688851944255e+00
17 20 -1.000283920322760e+00 -1.896146954533041e-03 -9.183999764367529e-04 -1.007690939064102e+00
17 21 -1.000283666809768e+00 -1.895622048786421e-03 -9.187081222623577e-04 -1.007692859844457e+00
17 22 -1.000283439533237e+00 -1.895184193646439e-03 -9.189495099267004e-04 -1.007694538804904e+00
17 23 -1.000283247553115e+00 -1.894851013513918e-03 -9.191118599534570e-04 -1.007695909436114e+00
17 24 -1.000283098471257e+00 -1.894636197282917e-03 -9.191854307026583e-04 -1.007696917065676e+00
17 25 -1.000282998102528e+00 -1.894548829637060e-03 -9.191639486234891e-04 -1.007697521287301e+00
17 26 -1.000282950234179e+00 -1.894592905611048e-03 -9.190453974730820e-04 -1.007697697801517e+00
17 27 -1.000282956487082e+00 -1.894767071942914e-03 -9.188325447410076e-04 -1.007697439539787e+00
17 28 -1.000283016284659e+00 -1.895064624694796e-03 -9.185331107608643e-04 -1.007696756988508e+00
17 29 -1.000283126926589e+00 -1.895473772590573e-03 -9.181595305073292e-04 -1.007695677689236e+00
17 30 -1.000283283756269e+00 -1.895978153303072e-03 -9.177283120421091e-04 -1.007694244954697e+00
17 31 -1.000283480404881e+00 -1.896557569675276e-03 -9.172590490200217e-04 -1.007692515895017e+00
18 0 -1.000283503089656e+00 -1.897367295390939e-03 -9.155279556150744e-04 -1.007690614643034e+00
18 1 -1.000283754526649e+00 -1.898023804537414e-03 -9.150502995876442e-04 -1.007688509886798e+00
18 2 -1.000284020044592e+00 -1.898682519261172e-03 -9.145978496698147e-04 -1.007686332024385e+00
18 3 -1.000284289683808e+00 -1.899317840700247e-03 -9.141896284023277e-04 -1.007684164878352e+00
18 4 -1.000284553435421e+00 -1.899905383051055e-03 -9.138417273137244e-04 -1.007682091115530e+00
18 5 -1.000284801569395e+00 -1.900422898966061e-03 -9.135666485507087e-04 -1.007680189184227e+00
18 6 -1.000285024944568e+00 -1.900851081114208e-03 -9.133729670834832e-04 -1.007678530497754e+00
18 7 -1.000285215299149e+00 -1.901174218113355e-03 -9.132653008045327e-04 -1.007677176940150e+00
18 8 -1.000285365519799e+00 -1.901380691421837e-03 -9.132445456298378e-04 -1.007676178755553e+00
18 9 -1.000285469885921e+00 -1.901463307591085e-03 -9.133083103813611e-04 -1.007675572868641e+00
18 10 -1.000285524283689e+00 -1.901419467825120e-03 -9.134514720294309e-04 -1.007675381668597e+00
18 11 -1.000285526382054e+00 -1.901251183213049e-03 -9.136667666719357e-04 -1.007675612275118e+00
18 12 -1.000285475760847e+00 -1.900964947825382e-03 -9.139453370284736e-04 -1.007676256295827e+00
18 13 -1.000285373979550e+00 -1.900571482506533e-03 -9.142771738879233e-04 -1.007677290080103e+00
18 14 -1.000285224575497e+00 -1.900085360679409e-03 -9.146514151099552e-04 -1.007678675470923e+00
18 15 -1.000285032982641e+00 -1.899524525582664e-03 -9.150564974785214e-04 -1.007680361048873e+00
18 16 -1.000284806366333e+00 -1.898909707252515e-03 -9.154801890544608e-04 -1.007682283850083e+00
18 17 -1.000284553374996e+00 -1.898263747427670e-03 -9.159095578309535e-04 -1.007684371524589e+00
18 18 -1.000284283815286e+00 -1.897610841372580e-03 -9.163309518501780e-04 -1.007686544885915e+00
18 19 -1.000284008262736e+00 -1.896975707841312e-03 -9.167300722866824e-04 -1.007688720786589e+00
18 20 -1.000283737624759e+00 -1.896382702755517e-03 -9.170922113972604e-04 -1.007690815236716e+00
18 21 -1.000283482676730e+00 -1.895854898835640e-03 -9.174027013619100e-04 -1.007692746663448e+00
18 22 -1.000283253594487e+00 -1.895413161677054e-03 -9.176475812190990e-04 -1.007694439189588e+00
18 23 -1.000283059507927e+00 -1.895075261238739e-03 -9.178144440935254e-04 -1.007695825791741e+00
18 24 -1.000282908100308e+00 -1.894855064874938e-03 -9.178933843386943e-04 -1.007696851184926e+00
18 25 -1.000282805276229e+00 -1.894761862317988e-03 -9.178779323235415e-04 -1.007697474274743e+00
18 26 -1.000282754917600e+00 -1.894799872706181e-03 -9.177658496241892e-04 -1.007697670024918e+00
18 27 -1.000282758741153e+00 -1.894967977189419e-03 -9.175596629250156e-04 -1.007697430611937e+00
18 28 -1.000282816263489e+00 -1.895259707022311e-03 -9.172668415547706e-04 -1.007696765781599e+00
18 29 -1.000282924871143e+00 -1.895663497412103e-03 -9.168995680082542e-04 -1.007695702380718e+00
18 30 -1.000283079984893e+00 -1.896163194958772e-03 -9.164741053461462e-04 -1.007694283101188e+00
18 31 -1.000283275301144e+00 -1.896738785715710e-03 -9.160098192697554e-04 -1.007692564530506e+00
19 0 -1.000283258105818e+00 -1.897456919634144e-03 -9.146666345987430e-04 -1.007690835834052e+00
19 1 -1.000283508769228e+00 -1.898111028043453e-03 -9.141918144185652e-04 -1.007688736979035e+00
19 2 -1.000283773994654e+00 -1.898768476435346e-03 -9.137409867226109e-04 -1.007686561333524e+00
19 3 -1.000284043833592e+00 -1.899403713047482e-03 -9.133331047027422e-04 -1.007684392650666e+00
19 4 -1.000284308270171e+00 -1.899992353532770e-03 -9.129842421393529e-04 -1.007682313670079e+00
19 5 -1.000284557549331e+00 -1.900512106511038e-03 -9.127069367180986e-04 -1.007680403050248e+00
19 6 -1.000284782487550e+00 -1.900943576984700e-03 -9.125098510954645e-04 -1.007678732542939e+00
19 7 -1.000284974764664e+00 -1.901270925875955e-03 -9.123977390148990e-04 -1.007677364485455e+00
19 8 -1.000285127194983e+00 -1.901482372064715e-03 -9.123716742458375e-04 -1.007676349672695e+00
19 9 -1.000285233974159e+00 -1.901570530941598e-03 -9.124294778248077e-04 -1.007675725657510e+00
19 10 -1.000285290896204e+00 -1.901532591165499e-03 -9.125662643450516e-04 -1.007675515512611e+00
19 11 -1.000285295532861e+00 -1.901370337940437e-03 -9.127750225819384e-04 -1.007675727072600e+00
19 12 -1.000285247365462e+00 -1.901090034852397e-03 -9.130471516688624e-04 -1.007676352665495e+00
19 13 -1.000285147857751e+00 -1.900702176606623e-03 -9.133728914334005e-04 -1.007677369339755e+00
19 14 -1.000285000458109e+00 -1.900221123348615e-03 -9.137416116457605e-04 -1.007678739590032e+00
19 15 -1.000284810521998e+00 -1.899664625616959e-03 -9.141419557841234e-04 -1.007680412577192e+00
19 16 -1.000284585149875e+00 -1.899053248204335e-03 -9.145618665581053e-04 -1.007682325824807e+00
19 17 -1.000284332941449e+00 -1.898409701103169e-03 -9.149885487620495e-04 -1.007684407358752e+00
19 18 -1.000284063672817e+00 -1.897758086328749e-03 -9.154084450350385e-04 -1.007686578241240e+00
19 19 -1.000283787908411e+00 -1.897123071553524e-03 -9.158073065920805e-04 -1.007688755434886e+00
19 20 -1.000283516564449e+00 -1.896529005965013e-03 -9.161704307628511e-04 -1.007690854914684e+00
19 21 -1.000283260444582e+00 -1.895999000539123e-03 -9.164831106813400e-04 -1.007692794926377e+00
19 22 -1.000283029771110e+00 -1.895554003131514e-03 -9.167313037768796e-04 -1.007694499269934e+00
19 23 -1.000282833736571e+00 -1.895211907225047e-03 -9.169024813723553e-04 -1.007695900468909e+00
19 24 -1.000282680100438e+00 -1.894986740461471e-03 -9.169865794908401e-04 -1.007696942672302e+00
19 25 -1.000282574854006e+00 -1.894887983559946e-03 -9.169769387835558e-04 -1.007697584129256e+00
19 26 -1.000282521972870e+00 -1.894920069990321e-03 -9.168711060065376e-04 -1.007697799083351e+00
19 27 -1.000282523270705e+00 -1.895082110195013e-03 -9.166713749026398e-04 -1.007697578957180e+00
19 28 -1.000282578360544e+00 -1.895367870583000e-03 -9.163849713211084e-04 -1.007696932740558e+00
19 29 -1.000282684721233e+00 -1.895766017992896e-03 -9.160238321638833e-04 -1.007695886553739e+00
19 30 -1.000282837858425e+00 -1.896260617913102e-03 -9.156039821583575e-04 -1.007694482421039e+00
19 31 -1.000283031542938e+00 -1.896831853843427e-03 -9.151445658349220e-04 -1.007692776347784e+00
20 0 -1.000282983254071e+00 -1.897454485201972e-03 -9.142208166881310e-04 -1.007691214571759e+00
20 1 -1.000283232828624e+00 -1.898105581659249e-03 -9.137487145126710e-04 -1.007689123820944e+00
20 2 -1.000283497424679e+00 -1.898761061080872e-03 -9.132994819943651e-04 -1.007686952809150e+00
20 3 -1.000283767117848e+00 -1.899395445121322e-03 -9.128920055559725e-04 -1.007684785128136e+00
20 4 -1.000284031898796e+00 -1.899984380381786e-03 -9.125423399343525e-04 -1.007682703491525e+00
20 5 -1.000284282001052e+00 -1.900505563168620e-03 -9.122630525005132e-04 -1.007680786665916e+00
20 6 -1.000284508211923e+00 -1.900939543589021e-03 -9.120628829895896e-04 -1.007679106640157e+00
20 7 -1.000284702165031e+00 -1.901270387045364e-03 -9.119467065253397e-04 -1.007677726109269e+00
20 8 -1.000284856612728e+00 -1.901486179564639e-03 -9.119157578919701e-04 -1.007676696334685e+00
20 9 -1.000284965674941e+00 -1.901579371132241e-03 -9.119680522539858e-04 -1.007676055428877e+00
20 10 -1.000285025058812e+00 -1.901546958641133e-03 -9.120989229631591e-04 -1.007675827097854e+00
20 11 -1.000285032241277e+00 -1.901390516419206e-03 -9.123015923066549e-04 -1.007676019861063e+00
20 12 -1.000284986604596e+00 -1.901116086005307e-03 -9.125676974523823e-04 -1.007676626758684e+00
20 13 -1.000284889513228e+00 -1.900733937271238e-03 -9.128877110781772e-04 -1.007677625552581e+00
20 14 -1.000284744320259e+00 -1.900258211325535e-03 -9.132512217546751e-04 -1.007678979424861e+00
20 15 -1.000284556293914e+00 -1.899706453868436e-03 -9.136470696378126e-04 -1.007680638171091e+00
20 16 -1.000284332459128e+00 -1.899099046874064e-03 -9.140633647941660e-04 -1.007682539871919e+00
20 17 -1.000284081354958e+00 -1.898458546521705e-03 -9.144874441787836e-04 -1.007684613010462e+00
20 18 -1.000283812714275e+00 -1.897808936022322e-03 -9.149058433537029e-04 -1.007686778987091e+00
20 19 -1.000283537077535e+00 -1.897174804074540e-03 -9.153043650676073e-04 -1.007688954968018e+00
20 20 -1.000283265357152e+00 -1.896580464092168e-03 -9.156683160290815e-04 -1.007691056986977e+00
20 21 -1.000283008373062e+00 -1.896049036182266e-03 -9.159829566827549e-04 -1.007693003199461e+00
20 22 -1.000282776383019e+00 -1.895601522169423e-03 -9.162341706758382e-04 -1.007694717168515e+00
20 23 -1.000282578632532e+00 -1.895255912430755e-03 -9.164093168403724e-04 -1.007696131042756e+00
20 24 -1.000282422949213e+00 -1.895026370644491e-03 -9.164981840527929e-04 -1.007697188473277e+00
20 25 -1.000282315404684e+00 -1.894922547227803e-03 -9.164939364167864e-04 -1.007697847109283e+00
20 26 -1.000282260063649e+00 -1.894949072227600e-03 -9.163939204786499e-04 -1.007698080517853e+00
20 27 -1.000282258834152e+00 -1.895105271840397e-03 -9.162002122277491e-04 -1.007697879396745e+00
20 28 -1.000282311425350e+00 -1.895385138957020e-03 -9.159198093203802e-04 -1.007697251992387e+00
20 29 -1.000282415410485e+00 -1.895777568558324e-03 -9.155644185395841e-04 -1.007696223693689e+00
20 30 -1.000282566384417e+00 -1.896266846665539e-03 -9.151498419532764e-04 -1.007694835835731e+00
20 31 -1.000282758198746e+00 -1.896833360921427e-03 -9.146950180017476e-04 -1.007693143804135e+00
21 0 -1.000282688782705e+00 -1.897360087948379e-03 -9.142058951856821e-04 -1.007691737676429e+00
21 1 -1.000282936992066e+00 -1.898007669552497e-03 -9.137363070846840e-04 -1.007689656944631e+00
21 2 -1.000283200643622e+00 -1.898660546523302e-03 -9.132885958231878e-04 -1.007687492825571e+00
21 3 -1.000283469849154e+00 -1.899293337535633e-03 -9.128815862477368e-04 -1.007685328663301e+00
21 4 -1.000283734619198e+00 -1.899881748727355e-03 -9.125313130369443e-04 -1.007683247046746e+00
21 5 -1.000283985190006e+00 -1.900403496599116e-03 -9.122503655911658e-04 -1.007681326743542e+00
21 6 -1.000284212334061e+00 -1.900839111303672e-03 -9.120475470873880e-04 -1.007679639869027e+00
21 7 -1.000284407652653e+00 -1.901172598370785e-03 -9.119278356541443e-04 -1.007678249367137e+00
21 8 -1.000284563848875e+00 -1.901391945621160e-03 -9.118926049680588e-04 -1.007677206864111e+00
21 9 -1.000284674977785e+00 -1.901489469750003e-03 -9.119400390573567e-04 -1.007676550942082e+00
21 10 -1.000284736668229e+00 -1.901462004101122e-03 -9.120656624969981e-04 -1.007676305866007e+00
21 11 -1.000284746308332e+00 -1.901310935172181e-03 -9.122629029265471e-04 -1.007676480784414e+00
21 12 -1.000284703184486e+00 -1.901042099196182e-03 -9.125236087974543e-04 -1.007677069414818e+00
21 13 -1.000284608562068e+00 -1.900665550861855e-03 -9.128384617947292e-04 -1.007678050220153e+00
21 14 -1.000284465696060e+00 -1.900195214575546e-03 -9.131972488969476e-04 -1.007679387080293e+00
21 15 -1.000284279761872e+00 -1.899648426558527e-03 -9.135889900606837e-04 -1.007681030456892e+00
21 16 -1.000284057701072e+00 -1.899045375022530e-03 -9.140019496545181e-04 -1.007682919037297e+00
21 17 -1.000283807982435e+00 -1.898408445841869e-03 -9.144235881968553e-04 -1.007684981826585e+00
21 18 -1.000283540284613e+00 -1.897761482172471e-03 -9.148405304117998e-04 -1.007687140640174e+00
21 19 -1.000283265112083e+00 -1.897128968653987e-03 -9.152386313044182e-04 -1.007689312933995e+00
21 20 -1.000282993360864e+00 -1.896535155079603e-03 -9.156032113412047e-04 -1.007691414892644e+00
21 21 -1.000282735854505e+00 -1.896003141130327e-03 -9.159195057302772e-04 -1.007693364676286e+00
21 22 -1.000282502873869e+00 -1.895553952203444e-03 -9.161733348892185e-04 -1.007695085706032e+00
21 23 -1.000282303705702e+00 -1.895205645093637e-03 -9.163519590547673e-04 -1.007696509848305e+00
21 24 -1.000282146234904e+00 -1.894972489821622e-03 -9.164450369914947e-04 -1.007697580344200e+00
21 25 -1.000282036603804e+00 -1.894864278635154e-03 -9.164455756313056e-04 -1.007698254322966e+00
21 26 -1.000281978958246e+00 -1.894885813157966e-03 -9.163507421755412e-04 -1.007698504744105e+00
21 27 -1.000281975294655e+00 -1.895036614019351e-03 -9.161624168682264e-04 -1.007698321635911e+00
21 28 -1.000282025414511e+00 -1.895310883533459e-03 -9.158873923406888e-04 -1.007697712541461e+00
21 29 -1.000282126983945e+00 -1.895697732579467e-03 -9.155371692296721e-04 -1.007696702141461e+00
21 30 -1.000282275687914e+00 -1.896181660912766e-03 -9.151273505349649e-04 -1.007695331086498e+00
21 31 -1.000282465462163e+00 -1.896743259546190e-03 -9.146766901995224e-04 -1.007693654127752e+00
22 0 -1.000282385729140e+00 -1.897177202500882e-03 -9.146207346499377e-04 -1.007692386970450e+00
22 1 -1.000282632345183e+00 -1.897820890715849e-03 -9.141533853958182e-04 -1.007690317820404e+00
22 2 -1.000282894769369e+00 -1.898470621463897e-03 -9.137070860152758e-04 -1.007688162619642e+00
22 3 -1.000283163160433e+00 -1.899101130745969e-03 -9.133006063474821e-04 -1.007686004386408e+00
22 4 -1.000283427561554e+00 -1.899688211003729e-03 -9.129499596636683e-04 -1.007683925489631e+00
22 5 -1.000283678225923e+00 -1.900209630941564e-03 -9.126677484423691e-04 -1.007682004589921e+00
22 6 -1.000283905926172e+00 -1.900645936465444e-03 -9.124628235830308e-04 -1.007680313813482e+00
22 7 -1.000284102246320e+00 -1.900981111123634e-03 -9.123402443293153e-04 -1.007678916234928e+00
22 8 -1.000284259854725e+00 -1.901203083106658e-03 -9.123014956123893e-04 -1.007677863729254e+00
22 9 -1.000284372754975e+00 -1.901304073382750e-03 -9.123448979319078e-04 -1.007677195239523e+00
22 10 -1.000284436509272e+00 -1.901280786433081e-03 -9.124661319160705e-04 -1.007676935493417e+00
22 11 -1.000284448426326e+00 -1.901134451045307e-03 -9.126587950380030e-04 -1.007677094189095e+00
22 12 -1.000284407703391e+00 -1.900870722453772e-03 -9.129149131195198e-04 -1.007677665661597e+00
22 13 -1.000284315510599e+00 -1.900499457827887e-03 -9.132253456808383e-04 -1.007678629036625e+00
22 14 -1.000284175005658e+00 -1.900034375365105e-03 -9.135800504518744e-04 -1.007679948876121e+00
22 15 -1.000283991269093e+00 -1.899492604948102e-03 -9.139682040042636e-04 -1.007681576314607e+00
22 16 -1.000283771154388e+00 -1.898894137064902e-03 -9.143782073454778e-04 -1.007683450673757e+00
22 17 -1.000283523053011e+00 -1.898261176815713e-03 -9.147976329822695e-04 -1.007685501526589e+00
22 18 -1.000283256580351e+00 -1.897617411038006e-03 -9.152131890716274e-04 -1.007687651165482e+00
22 19 -1.000282982194170e+00 -1.896987198972789e-03 -9.156107823222795e-04 -1.007689817411812e+00
22 20 -1.000282710762053e+00 -1.896394701140154e-03 -9.159757511790926e-04 -1.007691916688161e+00
22 21 -1.000282453098275e+00 -1.895862967665936e-03 -9.162933147079199e-04 -1.007693867255082e+00
22 22 -1.000282219493450e+00 -1.895413015781790e-03 -9.165492441955146e-04 -1.007695592493244e+00
22 23 -1.000282019262055e+00 -1.895062935280492e-03 -9.167307199313436e-04 -1.007697024091419e+00
22 24 -1.000281860333027e+00 -1.894827068531175e-03 -9.168272927221543e-04 -1.007698104985077e+00
22 25 -1.000281748906979e+00 -1.894715316313289e-03 -9.168318370165666e-04 -1.007698791883653e+00
22 26 -1.000281689199864e+00 -1.894732620411723e-03 -9.167413675416002e-04 -1.007699057230902e+00
22 27 -1.000281683287238e+00 -1.894878667271257e-03 -9.165575978470063e-04 -1.007698890466042e+00
22 28 -1.000281731055623e+00 -1.895147843606118e-03 -9.162871462883938e-04 -1.007698298495374e+00
22 29 -1.000281830258957e+00 -1.895529455744404e-03 -9.159413384229445e-04 -1.007697305341505e+00
22 30 -1.000281976669764e+00 -1.896008202448346e-03 -9.155356078056401e-04 -1.007695951001010e+00
22 31 -1.000282164308267e+00 -1.896564870019841e-03 -9.150885507609405e-04 -1.007694289598990e+00
23 0 -1.000282085539343e+00 -1.896912574149602e-03 -9.154479724680109e-04 -1.007693139678465e+00
23 1 -1.000282330390162e+00 -1.897552127667189e-03 -9.149825296032683e-04 -1.007691083265492e+00
23 2 -1.000282591346226e+00 -1.898198276886787e-03 -9.145375062177528e-04 -1.007688938703578e+00
23 3 -1.000282858622499e+00 -1.898825891579544e-03 -9.141316243493069e-04 -1.007686788617638e+00
23 4 -1.000283122306555e+00 -1.899410874273217e-03 -9.137808746339455e-04 -1.007684715068650e+00
23 5 -1.000283372682218e+00 -1.899931075986858e-03 -9.134978632114167e-04 -1.007682796505667e+00
23 6 -1.000283600537307e+00 -1.900367093663117e-03 -9.132914710744425e-04 -1.007681104949005e+00
23 7 -1.000283797454345e+00 -1.900702927988670e-03 -9.131668127958704e-04 -1.007679703479709e+00
23 8 -1.000283956082885e+00 -1.900926488824719e-03 -9.131254515691487e-04 -1.007678644094945e+00
23 9 -1.000284070390496e+00 -1.901029942926845e-03 -9.131658062241189e-04 -1.007677965975415e+00
23 10 -1.000284135887013e+00 -1.901009905614699e-03 -9.132836726187440e-04 -1.007677694197162e+00
23 11 -1.000284149814120e+00 -1.900867484083167e-03 -9.134727766099552e-04 -1.007677838907448e+00
23 12 -1.000284111289949e+00 -1.900608183719540e-03 -9.137252808446131e-04 -1.007678394975867e+00
23 13 -1.000284021396719e+00 -1.900241689294021e-03 -9.140321845258656e-04 -1.007679342128013e+00
23 14 -1.000283883199368e+00 -1.899781531049708e-03 -9.143835821185871e-04 -1.007680645566792e+00
23 15 -1.000283701685115e+00 -1.899244643374380e-03 -9.147687785867228e-04 -1.007682257081129e+00
23 16 -1.000283483617970e+00 -1.898650822333372e-03 -9.151762901124369e-04 -1.007684116631087e+00
23 17 -1.000283237307864e+00 -1.898022088292979e-03 -9.155937865669211e-04 -1.007686154383053e+00
23 18 -1.000282972300105e+00 -1.897381961061379e-03 -9.160080514037735e-04 -1.007688293151453e+00
23 19 -1.000282698996666e+00 -1.896754657539722e-03 -9.164050412286146e-04 -1.007690451186064e+00
23 20 -1.000282428225683e+00 -1.896164226290072e-03 -9.167701171880139e-04 -1.007692545226633e+00
23 21 -1.000282170779455e+00 -1.895633640060965e-03 -9.170884935651936e-04 -1.007694493727497e+00
23 22 -1.000281936944338e+00 -1.895183875856743e-03 -9.173459099831350e-04 -1.007696220133713e+00
23 23 -1.000281736047726e+00 -1.894833021347905e-03 -9.175294892351627e-04 -1.007697656069057e+00
23 24 -1.000281576047575e+00 -1.894595454349339e-03 -9.176287005380397e-04 -1.007698744279832e+00
23 25 -1.000281463188149e+00 -1.894481146684809e-03 -9.176363156576009e-04 -1.007699441171866e+00
23 26 -1.000281401741776e+00 -1.894495143355500e-03 -9.175492299139238e-04 -1.007699718785110e+00
23 27 -1.000281393850740e+00 -1.894637261421167e-03 -9.173690258593953e-04 -1.007699566073313e+00
23 28 -1.000281439475986e+00 -1.894902039891081e-03 -9.171021844409131e-04 -1.007698989397107e+00
23 29 -1.000281536450883e+00 -1.895278952917275e-03 -9.167598924407368e-04 -1.007698012195580e+00
23 30 -1.000281680629814e+00 -1.895752876343006e-03 -9.163574484647632e-04 -1.007696673865770e+00
23 31 -1.000281866114737e+00 -1.896304776496383e-03 -9.159133231300938e-04 -1.007695027938226e+00
24 0 -1.000281799659257e+00 -1.896576004152281e-03 -9.166549021046749e-04 -1.007693968967551e+00
24 1 -1.000282042635811e+00 -1.897211328645336e-03 -9.161909874012944e-04 -1.007691925993442e+00
24 2 -1.000282301934252e+00 -1.897853586259702e-03 -9.157470827312746e-04 -1.007689793419648e+00
24 3 -1.000282567833202e+00 -1.898477792312640e-03 -9.153418705088200e-04 -1.007687653423777e+00
24 4 -1.000282830474833e+00 -1.899059979182669e-03 -9.149913181517988e-04 -1.007685587681871e+00
24 5 -1.000283080186215e+00 -1.899578107401340e-03 -9.147080254926199e-04 -1.007683674334153e+00
24 6 -1.000283307784950e+00 -1.900012858780893e-03 -9.145008836921192e-04 -1.007681985180895e+00
24 7 -1.000283504868100e+00 -1.900348290223153e-03 -9.143750333122178e-04 -1.007680583183371e+00
24 8 -1.000283664083238e+00 -1.900572335668642e-03 -9.143320789847275e-04 -1.007679520328485e+00
24 9 -1.000283779378801e+00 -1.900677151379112e-03 -9.143704959933018e-04 -1.007678835901678e+00
24 10 -1.000283846228493e+00 -1.900659306687037e-03 -9.144861504486427e-04 -1.007678555199303e+00
24 11 -1.000283861821895e+00 -1.900519828110055e-03 -9.146728500135792e-04 -1.007678688699604e+00
24 12 -1.000283825211024e+00 -1.900264108212203e-03 -9.149228477851718e-04 -1.007679231703149e+00
24 13 -1.000283737400870e+00 -1.899901691065605e-03 -9.152272388873600e-04 -1.007680164449931e+00
24 14 -1.000283601371636e+00 -1.899445944266335e-03 -9.155762157379637e-04 -1.007681452718693e+00
24 15 -1.000283422022338e+00 -1.898913624910193e-03 -9.159591793799323e-04 -1.007683048909571e+00
24 16 -1.000283206029480e+00 -1.898324345298261e-03 -9.163647358561703e-04 -1.007684893600913e+00
24 17 -1.000282961620223e+00 -1.897699943986362e-03 -9.167806343031305e-04 -1.007686917555966e+00
24 18 -1.000282698265532e+00 -1.897063769016311e-03 -9.171937230113430e-04 -1.007689044137699e+00
24 19 -1.000282426304511e+00 -1.896439882826894e-03 -9.175900061472990e-04 -1.007691192072631e+00
24 20 -1.000282156516123e+00 -1.895852202913297e-03 -9.179548733621519e-04 -1.007693278486556e+00
24 21 -1.000281899658575e+00 -1.895323599138861e-03 -9.182735474111855e-04 -1.007695222115359e+00
24 22 -1.000281665999879e+00 -1.894874977275351e-03 -9.185317559082530e-04 -1.007696946572352e+00
24 23 -1.000281464864925e+00 -1.894524387527320e-03 -9.187165893457565e-04 -1.007698383532392e+00
24 24 -1.000281304224564e+00 -1.894286204655486e-03 -9.188174656228182e-04 -1.007699475676787e+00
24 25 -1.000281190350364e+00 -1.894170430990518e-03 -9.188270887385668e-04 -1.007700179236196e+00
24 26 -1.000281127554959e+00 -1.894182173443165e-03 -9.187422732159366e-04 -1.007700465975248e+00
24 27 -1.000281118032193e+00 -1.894321339218294e-03 -9.185645113553590e-04 -1.007700324485437e+00
24 28 -1.000281161803894e+00 -1.894582581741533e-03 -9.183001879425263e-04 -1.007699760693910e+00
24 29 -1.000281256771555e+00 -1.894955509217238e-03 -9.179603915825805e-04 -1.007698797552499e+00
24 30 -1.000281398862712e+00 -1.895425146095578e-03 -9.175603250645069e-04 -1.007697473935385e+00
24 31 -1.000281582255249e+00 -1.895972616695823e-03 -9.171183697470757e-04 -1.007695842832440e+00
25 0 -1.000281539108988e+00 -1.896180029647023e-03 -9.181948705823391e-04 -1.007694844658414e+00
25 1 -1.000281780170214e+00 -1.896811183971051e-03 -9.177320685296266e-04 -1.007692815336530e+00
25 2 -1.000282037680866e+00 -1.897449379063721e-03 -9.172891057718327e-04 -1.007690695670798e+00
25 3 -1.000282301988340e+00 -1.898069782141747e-03 -9.168846345720934e-04 -1.007688567354035e+00
25 4 -1.000282563297655e+00 -1.898648570581090e-03 -9.165345987641802e-04 -1.007686511613963e+00
25 5 -1.000282811990254e+00 -1.899163838023425e-03 -9.162515807387678e-04 -1.007684606194863e+00
25 6 -1.000283038927207e+00 -1.899596382337702e-03 -9.160444600227967e-04 -1.007682922569523e+00
25 7 -1.000283235735820e+00 -1.899930353967125e-03 -9.159183720405513e-04 -1.007681523456463e+00
25 8 -1.000283395078722e+00 -1.900153752635867e-03 -9.158749243249301e-04 -1.007680460699305e+00
25 9 -1.000283510902865e+00 -1.900258768421937e-03 -9.159126043998656e-04 -1.007679773550573e+00
25 10 -1.000283578663423e+00 -1.900241969844319e-03 -9.160273002753423e-04 -1.007679487389861e+00
25 11 -1.000283595514786e+00 -1.900104346976501e-03 -9.162128508272174e-04 -1.007679612895130e+00
25 12 -1.000283560458474e+00 -1.899851221042122e-03 -9.164615493055312e-04 -1.007680145677456e+00
25 13 -1.000283474435941e+00 -1.899492032552993e-03 -9.167645394219551e-04 -1.007681066385777e+00
25 14 -1.000283340353897e+00 -1.899040018013898e-03 -9.171120692051944e-04 -1.007682341287456e+00
25 15 -1.000283163031534e+00 -1.898511782258899e-03 -9.174935996051761e-04 -1.007683923327367e+00
25 16 -1.000282949063092e+00 -1.897926771548111e-03 -9.178977973678014e-04 -1.007685753658599e+00
25 17 -1.000282706594895e+00 -1.897306652411941e-03 -9.183124697781093e-04 -1.007687763622288e+00
25 18 -1.000282445022090e+00 -1.896674602601149e-03 -9.187245179253448e-04 -1.007689877136452e+00
25 19 -1.000282174616031e+00 -1.896054523249246e-03 -9.191199909498326e-04 -1.007692013436219e+00
25 20 -1.000281906098370e+00 -1.895470185989839e-03 -9.194843132515318e-04 -1.007694090089629e+00
25 21 -1.000281650182182e+00 -1.894944335713951e-03 -9.198027300170457e-04 -1.007696026192693e+00
25 22 -1.000281417103695e+00 -1.894497778395499e-03 -9.200609777252820e-04 -1.007697745625213e+00
25 23 -1.000281216169979e+00 -1.894148492593672e-03 -9.202461420843714e-04 -1.007699180227841e+00
25 24 -1.000281055348065e+00 -1.893910811178624e-03 -9.203476234767478e-04 -1.007700272744610e+00
25 25 -1.000280940919234e+00 -1.893794724727342e-03 -9.203580971005821e-04 -1.007700979367607e+00
25 26 -1.000280877218601e+00 -1.893805357991336e-03 -9.202743390356448e-04 -1.007701271726335e+00
25 27 -1.000280866474328e+00 -1.893942664281218e-03 -9.200977954123839e-04 -1.007701138187680e+00
25 28 -1.000280908753243e+00 -1.894201369176469e-03 -9.198347996194280e-04 -1.007700584374318e+00
25 29 -1.000281002011022e+00 -1.894571175976504e-03 -9.194963867065377e-04 -1.007699632865963e+00
25 30 -1.000281142236830e+00 -1.895037223551521e-03 -9.190977067310521e-04 -1.007698322110656e+00
25 31 -1.000281323675790e+00 -1.895580766330736e-03 -9.186570912008634e-04 -1.007696704631558e+00
26 0 -1.000281314054013e+00 -1.895739501823417e-03 -9.200091146490328e-04 -1.007695734128917e+00
26 1 -1.000281553229987e+00 -1.896366699627941e-03 -9.195469794293000e-04 -1.007693718164134e+00
26 2 -1.000281808888434e+00 -1.897000810408441e-03 -9.191047620380146e-04 -1.007691611851220e+00
26 3 -1.000282071448021e+00 -1.897617153935430e-03 -9.187010946982688e-04 -1.007689496379020e+00
26 4 -1.000282331182618e+00 -1.898192062712458e-03 -9.183518968114752e-04 -1.007687452479264e+00
26 5 -1.000282578537356e+00 -1.898703782618217e-03 -9.180697213822815e-04 -1.007685557426555e+00
26 6 -1.000282804429001e+00 -1.899133254678756e-03 -9.178634142607982e-04 -1.007683882270076e+00
26 7 -1.000283000529768e+00 -1.899464756746035e-03 -9.177380748161493e-04 -1.007682489371169e+00
26 8 -1.000283159533861e+00 -1.899686393690844e-03 -9.176952746359914e-04 -1.007681430301773e+00
26 9 -1.000283275404532e+00 -1.899790432762367e-03 -9.177334678464735e-04 -1.007680744144051e+00
26 10 -1.000283343596803e+00 -1.899773487200277e-03 -9.178485139236551e-04 -1.007680456219784e+00
26 11 -1.000283361248223e+00 -1.899636556437146e-03 -9.180342304594331e-04 -1.007680577267287e+00
26 12 -1.000283327327420e+00 -1.899384934680253e-03 -9.182828989421154e-04 -1.007681103075271e+00
26 13 -1.000283242728468e+00 -1.899028000179763e-03 -9.185856623320501e-04 -1.007682014579742e+00
26 14 -1.000283110298617e+00 -1.898578895181004e-03 -9.189327790520524e-04 -1.007683278430107e+00
26 15 -1.000282934788625e+00 -1.898054103279311e-03 -9.193137304801957e-04 -1.007684848028536e+00
26 16 -1.000282722718836e+00 -1.897472928763594e-03 -9.197172121041464e-04 -1.007686665037561e+00
26 17 -1.000282482159757e+00 -1.896856882365186e-03 -9.201310664084314e-04 -1.007688661335485e+00
26 18 -1.000282222432070e+00 -1.896228979304098e-03 -9.205422340506633e-04 -1.007690761381193e+00
26 19 -1.000281953736917e+00 -1.895612958428543e-03 -9.209368054812654e-04 -1.007692884931856e+00
26 20 -1.000281686732527e+00 -1.895032435955894e-03 -9.213002451435745e-04 -1.007694950038296e+00
26 21 -1.000281432077474e+00 -1.894510014190274e-03 -9.216178343526038e-04 -1.007696876222413e+00
26 22 -1.000281199963992e+00 -1.894066374254934e-03 -9.218753402079004e-04 -1.007698587719178e+00
26 23 -1.000280999666642e+00 -1.893719391221517e-03 -9.220598729809938e-04 -1.007700016644308e+00
26 24 -1.000280839131861e+00 -1.893483318340992e-03 -9.221608514408044e-04 -1.007701105931291e+00
26 25 -1.000280724632454e+00 -1.893368092206744e-03 -9.221709628562092e-04 -1.007701811873080e+00
26 26 -1.000280660507241e+00 -1.893378810425860e-03 -9.220869891280927e-04 -1.007702106110185e+00
26 27 -1.000280649000141e+00 -1.893515426442258e-03 -9.219103767522626e-04 -1.007701976931548e+00
26 28 -1.000280690205299e+00 -1.893772692697269e-03 -9.216474555624522e-04 -1.007701429796757e+00
26 29 -1.000280782116408e+00 -1.894140364714230e-03 -9.213092546822430e-04 -1.007700487043669e+00
26 30 -1.000280920770277e+00 -1.894603657211352e-03 -9.209109166284154e-04 -1.007699186807385e+00
26 31 -1.000281100468099e+00 -1.895143922174482e-03 -9.204707636210237e-04 -1.007697581235405e+00
27 0 -1.000281133390685e+00 -1.895271069408246e-03 -9.220289584704025e-04 -1.007696603414360e+00
27 1 -1.000281370783276e+00 -1.895894675229824e-03 -9.215670209837180e-04 -1.007694600001231e+00
27 2 -1.000281624595040e+00 -1.896524834173569e-03 -9.211253308585486e-04 -1.007692506980531e+00
27 3 -1.000281885315720e+00 -1.897137013622593e-03 -9.207225101386481e-04 -1.007690405036821e+00
27 4 -1.000282143291566e+00 -1.897707705740538e-03 -9.203744528382143e-04 -1.007688374376290e+00
27 5 -1.000282389038433e+00 -1.898215322128978e-03 -9.200936713895440e-04 -1.007686491747393e+00
27 6 -1.000282613538981e+00 -1.898640968649209e-03 -9.198889573167333e-04 -1.007684827695301e+00
27 7 -1.000282808523317e+00 -1.898969079677871e-03 -9.197653441944707e-04 -1.007683444122812e+00
27 8 -1.000282966732610e+00 -1.899187900829857e-03 -9.197243293231624e-04 -1.007682392211344e+00
27 9 -1.000283082163679e+00 -1.899289817191244e-03 -9.197642879736506e-04 -1.007681710740972e+00
27 10 -1.000283150289925e+00 -1.899271530713359e-03 -9.198810010423233e-04 -1.007681424836202e+00
27 11 -1.000283168251116e+00 -1.899134095782469e-03 -9.200682128497457e-04 -1.007681545153391e+00
27 12 -1.000283135001884e+00 -1.898882825211169e-03 -9.203181411845072e-04 -1.007682067518327e+00
27 13 -1.000283051406908e+00 -1.898527079036894e-03 -9.206218779245834e-04 -1.007682973020171e+00
27 14 -1.000282920270331e+00 -1.898079945999013e-03 -9.209696450299657e-04 -1.007684228568364e+00
27 15 -1.000282746288536e+00 -1.897557824244860e-03 -9.213509032612307e-04 -1.007685787917083e+00
27 16 -1.000282535919165e+00 -1.896979905549505e-03 -9.217543437128508e-04 -1.007687593153611e+00
27 17 -1.000282297164743e+00 -1.896367566942448e-03 -9.221678199597817e-04 -1.007689576632429e+00
27 18 -1.000282039275594e+00 -1.895743675083339e-03 -9.225782973253851e-04 -1.007691663318626e+00
27 19 -1.000281772382865e+00 -1.895131811860636e-03 -9.229719018061483e-04 -1.007693773484829e+00
27 20 -1.000281507077762e+00 -1.894555434549345e-03 -9.233341414148157e-04 -1.007695825686572e+00
27 21 -1.000281253957142e+00 -1.894036990595588e-03 -9.236503465419115e-04 -1.007697739921326e+00
27 22 -1.000281023158666e+00 -1.893597015630122e-03 -9.239063368187712e-04 -1.007699440855214e+00
27 23 -1.000280823910744e+00 -1.893253252895995e-03 -9.240892767386755e-04 -1.007700860979065e+00
27 24 -1.000280664123081e+00 -1.893019841024199e-03 -9.241886393441976e-04 -1.007701943536389e+00
27 25 -1.000280550042084e+00 -1.892906622314996e-03 -9.241971648697733e-04 -1.007702645057156e+00
27 26 -1.000280485991357e+00 -1.892918623108355e-03 -9.241116860880231e-04 -1.007702937339057e+00
27 27 -1.000280474211333e+00 -1.893055750642006e-03 -9.239336980277074e-04 -1.007702808743575e+00
27 28 -1.000280514804584e+00 -1.893312737492746e-03 -9.236695764752277e-04 -1.007702264715885e+00
27 29 -1.000280605785072e+00 -1.893679346365634e-03 -9.233303931204158e-04 -1.007701327492096e+00
27 30 -1.000280743221443e+00 -1.894140826448639e-03 -9.229313282836277e-04 -1.007700035019480e+00
27 31 -1.000280921457706e+00 -1.894678591079178e-03 -9.224907357467519e-04 -1.007698439175201e+00
28 0 -1.000281004365633e+00 -1.894792579371237e-03 -9.241782969003440e-04 -1.007697418485107e+00
28 1 -1.000281240146315e+00 -1.895413098921042e-03 -9.237160723619850e-04 -1.007695426325841e+00
28 2 -1.000281492188482e+00 -1.896039592491239e-03 -9.232746670825632e-04 -1.007693346019420e+00
28 3 -1.000281751050091e+00 -1.896647664594184e-03 -9.228727026915519e-04 -1.007691257764966e+00
28 4 -1.000282007150536e+00 -1.897213965327803e-03 -9.225260480486883e-04 -1.007689241234096e+00
28 5 -1.000282251080688e+00 -1.897717078913587e-03 -9.222471658967740e-04 -1.007687372613308e+00
28 6 -1.000282473896764e+00 -1.898138291387175e-03 -9.220447747941564e-04 -1.007685721882585e+00
28 7 -1.000282667397607e+00 -1.898462216984230e-03 -9.219238144451490e-04 -1.007684350401764e+00
28 8 -1.000282824385051e+00 -1.898677272455205e-03 -9.218856714454600e-04 -1.007683308857352e+00
28 9 -1.000282938905567e+00 -1.898775996883483e-03 -9.219285994401869e-04 -1.007682635606968e+00
28 10 -1.000283006468813e+00 -1.898755221532725e-03 -9.220482536876224e-04 -1.007682355445559e+00
28 11 -1.000283024235807e+00 -1.898616099467041e-03 -9.222382555411231e-04 -1.007682478807434e+00
28 12 -1.000282991166655e+00 -1.898364007432866e-03 -9.224907083351806e-04 -1.007683001412307e+00
28 13 -1.000282908115819e+00 -1.898008332367016e-03 -9.227966031269682e-04 -1.007683904361761e+00
28 14 -1.000282777862427e+00 -1.897562152483531e-03 -9.231460792019711e-04 -1.007685154692640e+00
28 15 -1.000282605064699e+00 -1.897041819606963e-03 -9.235285362673368e-04 -1.007686706391878e+00
28 16 -1.000282396131147e+00 -1.896466446835194e-03 -9.239326277724225e-04 -1.007688501870246e+00
28 17 -1.000282159006675e+00 -1.895857304851247e-03 -9.243461929900660e-04 -1.007690473879062e+00
28 18 -1.000281902878040e+00 -1.895237131642699e-03 -9.247562048847250e-04 -1.007692547835289e+00
28 19 -1.000281637809443e+00 -1.894629363785274e-03 -9.251488170312577e-04 -1.007694644499904e+00
28 20 -1.000281374324233e+00 -1.894057302451799e-03 -9.255095827281106e-04 -1.007696682934778e+00
28 21 -1.000281122952771e+00 -1.893543233963501e-03 -9.258238928554533e-04 -1.007698583644095e+00
28 22 -1.000280893769538e+00 -1.893107533219548e-03 -9.260776398478489e-04 -1.007700271785234e+00
28 23 -1.000280695944800e+00 -1.892767788103543e-03 -9.262580702386875e-04 -1.007701680310757e+00
28 24 -1.000280537336780e+00 -1.892537991874000e-03 -9.263547455789945e-04 -1.007702752883374e+00
28 25 -1.000280424148642e+00 -1.892427855736507e-03 -9.263604989682415e-04 -1.007703446397334e+00
28 26 -1.000280360670393e+00 -1.892442293145951e-03 -9.262722587267201e-04 -1.007703732948171e+00
28 27 -1.000280349119723e+00 -1.892581120248070e-03 -9.260916162171516e-04 -1.007703601118491e+00
28 28 -1.000280389588311e+00 -1.892839003588433e-03 -9.258250417880968e-04 -1.007703056488861e+00
28 29 -1.000280480091870e+00 -1.893205667700153e-03 -9.254836969576225e-04 -1.007702121337749e+00
28 30 -1.000280616713887e+00 -1.893666353433669e-03 -9.250828443716902e-04 -1.007700833557220e+00
28 31 -1.000280793826176e+00 -1.894202496547233e-03 -9.246409101650399e-04 -1.007699244870925e+00
29 0 -1.000280932249889e+00 -1.894322412592072e-03 -9.263762909878479e-04 -1.007698146654615e+00
29 1 -1.000281166654700e+00 -1.894940477308076e-03 -9.259132876006369e-04 -1.007696163997171e+00
29 2 -1.000281417074752e+00 -1.895563739546748e-03 -9.254718988007924e-04 -1.007694095318366e+00
29 3 -1.000281674130673e+00 -1.896167924903866e-03 -9.250707563720859e-04 -1.007692020370156e+00
29 4 -1.000281928312809e+00 -1.896729833185050e-03 -9.247257061470282e-04 -1.007690018302275e+00
29 5 -1.000282170288311e+00 -1.897228221231115e-03 -9.244491542204929e-04 -1.007688164725887e+00
29 6 -1.000282391191772e+00 -1.897644563650826e-03 -9.242497297999991e-04 -1.007686529016533e+00
29 7 -1.000282582899048e+00 -1.897963670991029e-03 -9.241322536160622e-04 -1.007685171927527e+00
29 8 -1.000282738284081e+00 -1.898174154871880e-03 -9.240979693083662e-04 -1.007684143565220e+00
29 9 -1.000282851457196e+00 -1.898268738530692e-03 -9.241449710271437e-04 -1.007683481760641e+00
29 10 -1.000282917980803e+00 -1.898244418273607e-03 -9.242687459430733e-04 -1.007683210859029e+00
29 11 -1.000282935055427e+00 -1.898102486053215e-03 -9.244627465074163e-04 -1.007683340940191e+00
29 12 -1.000282901666002e+00 -1.897848425693213e-03 -9.247189140820461e-04 -1.007683867477851e+00
29 13 -1.000282818676436e+00 -1.897491695253457e-03 -9.250280923782252e-04 -1.007684771444225e+00
29 14 -1.000282688859960e+00 -1.897045405898020e-03 -9.253802947901436e-04 -1.007686019865493e+00
29 15 -1.000282516854315e+00 -1.896525904204967e-03 -9.257648214700465e-04 -1.007687566832437e+00
29 16 -1.000282309034358e+00 -1.895952261746933e-03 -9.261702552590414e-04 -1.007689354964852e+00
29 17 -1.000282073300008e+00 -1.895345674659939e-03 -9.265843946865146e-04 -1.007691317315543e+00
29 18 -1.000281818783836e+00 -1.894728777453283e-03 -9.269942017663795e-04 -1.007693379680790e+00
29 19 -1.000281555488869e+00 -1.894124878953581e-03 -9.273858480234021e-04 -1.007695463263043e+00
29 20 -1.000281293872474e+00 -1.893557133359282e-03 -9.277449316942621e-04 -1.007697487611766e+00
29 21 -1.000281044396309e+00 -1.893047666034696e-03 -9.280569126514670e-04 -1.007699373748965e+00
29 22 -1.000280817065519e+00 -1.892616682278417e-03 -9.283077728357431e-04 -1.007701047364229e+00
29 23 -1.000280620982541e+00 -1.892281597150998e-03 -9.284848652183010e-04 -1.007702441940615e+00
29 24 -1.000280463941431e+00 -1.892056233302329e-03 -9.285778714160610e-04 -1.007703501653199e+00
29 25 -1.000280352086912e+00 -1.891950138866848e-03 -9.285797550913203e-04 -1.007704183874189e+00
29 26 -1.000280289658230e+00 -1.891968076952100e-03 -9.284875822647947e-04 -1.007704461126677e+00
29 27 -1.000280278831907e+00 -1.892109731223373e-03 -9.283030852445529e-04 -1.007704322354590e+00
29 28 -1.000280319669873e+00 -1.892369658634541e-03 -9.280328742808686e-04 -1.007703773418326e+00
29 29 -1.000280410171045e+00 -1.892737501500475e-03 -9.276882455197214e-04 -1.007702836781482e+00
29 30 -1.000280546416044e+00 -1.893198449332297e-03 -9.272845869745961e-04 -1.007701550416987e+00
29 31 -1.000280722788138e+00 -1.893733919904270e-03 -9.268404367236549e-04 -1.007699966019546e+00
30 0 -1.000280920088013e+00 -1.893878777686738e-03 -9.285402059867439e-04 -1.007698758045847e+00
30 1 -1.000281153409734e+00 -1.894495123522720e-03 -9.280759363146008e-04 -1.007696782742281e+00
30 2 -1.000281402421328e+00 -1.895115722777613e-03 -9.276342719823613e-04 -1.007694724127115e+00
30 3 -1.000281657797928e+00 -1.895716400885923e-03 -9.272338664403950e-04 -1.007692661562111e+00
30 4 -1.000281910095708e+00 -1.896274093012014e-03 -9.268905460357698e-04 -1.007690673709048e+00
30 5 -1.000282150056339e+00 -1.896767721814385e-03 -9.266166552042450e-04 -1.007688835613251e+00
30 6 -1.000282368894552e+00 -1.897178951416071e-03 -9.264207206844343e-04 -1.007687216030634e+00
30 7 -1.000282558568479e+00 -1.897492797226835e-03 -9.263074241067638e-04 -1.007685875068786e+00
30 8 -1.000282712032781e+00 -1.897698081704265e-03 -9.262778399339401e-04 -1.007684862191614e+00
30 9 -1.000282823473367e+00 -1.897787735345787e-03 -9.263298710088319e-04 -1.007684214619480e+00
30 10 -1.000282888519928e+00 -1.897758949106857e-03 -9.264587997160213e-04 -1.007683956144401e+00
30 11 -1.000282904429320e+00 -1.897613188810865e-03 -9.266578695253841e-04 -1.007684096372387e+00
30 12 -1.000282870229778e+00 -1.897356084296950e-03 -9.269188184622381e-04 -1.007684630400628e+00
30 13 -1.000282786813985e+00 -1.896997206164280e-03 -9.272323021570593e-04 -1.007685538934987e+00
30 14 -1.000282656968621e+00 -1.896549740898345e-03 -9.275881692923835e-04 -1.007686788852700e+00
30 15 -1.000282485329467e+00 -1.896030071494477e-03 -9.279755845258088e-04 -1.007688334214503e+00
30 16 -1.000282278254611e+00 -1.895457267206833e-03 -9.283830282574471e-04 -1.007690117725494e+00
30 17 -1.000282043613556e+00 -1.894852484728699e-03 -9.287982321386635e-04 -1.007692072631667e+00
30 18 -1.000281790496336e+00 -1.894238284668703e-03 -9.292081282392028e-04 -1.007694125020145e+00
30 19 -1.000281528853017e+00 -1.893637870943608e-03 -9.295988949137329e-04 -1.007696196469962e+00
30 20 -1.000281269079397e+00 -1.893074265891879e-03 -9.299561721113381e-04 -1.007698206979981e+00
30 21 -1.000281021568934e+00 -1.892569440646149e-03 -9.302654932007319e-04 -1.007700078080450e+00
30 22 -1.000280796254133e+00 -1.892143428965882e-03 -9.305129419284341e-04 -1.007701736012593e+00
30 23 -1.000280602162730e+00 -1.891813462584225e-03 -9.306859978634375e-04 -1.007703114837338e+00
30 24 -1.000280447014465e+00 -1.891593174948905e-03 -9.307744901147869e-04 -1.007704159315279e+00
30 25 -1.000280336882635e+00 -1.891491925356334e-03 -9.307715460662190e-04 -1.007704827392082e+00
30 26 -1.000280275940524e+00 -1.891514294921586e-03 -9.306744064010292e-04 -1.007705092131638e+00
30 27 -1.000280266306767e+00 -1.891659798708833e-03 -9.304849836539132e-04 -1.007704942965003e+00
30 28 -1.000280307995935e+00 -1.891922844763351e-03 -9.302100687029914e-04 -1.007704386165882e+00
30 29 -1.000280398972138e+00 -1.892292951932580e-03 -9.298611335149036e-04 -1.007703444519575e+00
30 30 -1.000280535295264e+00 -1.892755216755877e-03 -9.294537313613884e-04 -1.007702156214548e+00
30 31 -1.000280711342979e+00 -1.893290998856167e-03 -9.290065485758200e-04 -1.007700573043684e+00
31 0 -1.000280968539555e+00 -1.893478990375626e-03 -9.305883244622243e-04 -1.007699227026621e+00
31 1 -1.000281201117168e+00 -1.894094430923027e-03 -9.301223212057073e-04 -1.007697256611325e+00
31 2 -1.000281448992723e+00 -1.894713049618202e-03 -9.296800732056393e-04 -1.007695206073366e+00
31 3 -1.000281702885347e+00 -1.895310746242962e-03 -9.292802670114369e-04 -1.007693154457642e+00
31 4 -1.000281953409261e+00 -1.895864571518534e-03 -9.289387138921334e-04 -1.007691179991636e+00
31 5 -1.000282191375945e+00 -1.896353600429699e-03 -9.286676942436206e-04 -1.007689357187200e+00
31 6 -1.000282408078813e+00 -1.896759679780894e-03 -9.284756239812515e-04 -1.007687754190783e+00
31 7 -1.000282595560178e+00 -1.897068030047289e-03 -9.283670317726273e-04 -1.007686430451280e+00
31 8 -1.000282746860801e+00 -1.897267692182876e-03 -9.283428034458662e-04 -1.007685434753225e+00
31 9 -1.000282856251003e+00 -1.897351819139818e-03 -9.284006256581083e-04 -1.007684803645637e+00
31 10 -1.000282919439792e+00 -1.897317818695876e-03 -9.285355468557245e-04 -1.007684560284858e+00
31 11 -1.000282933755093e+00 -1.897167358696596e-03 -9.287405698350340e-04 -1.007684713702147e+00
31 12 -1.000282898285255e+00 -1.896906248086897e-03 -9.290071963797632e-04 -1.007685258502349e+00
31 13 -1.000282813969938e+00 -1.896544207027668e-03 -9.293258605357076e-04 -1.007686174998174e+00
31 14 -1.000282683628114e+00 -1.896094537016100e-03 -9.296862127882483e-04 -1.007687429784805e+00
31 15 -1.000282511912300e+00 -1.895573698130354e-03 -9.300772501785528e-04 -1.007688976759169e+00
31 16 -1.000282305181547e+00 -1.895000797048081e-03 -9.304873217635495e-04 -1.007690758583282e+00
31 17 -1.000282071290885e+00 -1.894396988075899e-03 -9.309040681570323e-04 -1.007692708579013e+00
31 18 -1.000281819301216e+00 -1.893784790774828e-03 -9.313143728221904e-04 -1.007694753023208e+00
31 19 -1.000281559119945e+00 -1.893187331456248e-03 -9.317044081216272e-04 -1.007696813791020e+00
31 20 -1.000281301088160e+00 -1.892627521193731e-03 -9.320598492141692e-04 -1.007698811274380e+00
31 21 -1.000281055534403e+00 -1.892127189931985e-03 -9.323663034410392e-04 -1.007700667481709e+00
31 22 -1.000280832318233e+00 -1.891706204930446e-03 -9.326099642035116e-04 -1.007702309202901e+00
31 23 -1.000280640388829e+00 -1.891381611527414e-03 -9.327784526039409e-04 -1.007703671100732e+00
31 24 -1.000280487384422e+00 -1.891166843041051e-03 -9.328617663138337e-04 -1.007704698570939e+00
31 25 -1.000280379296751e+00 -1.891071051782008e-03 -9.328532224254628e-04 -1.007705350205248e+00
31 26 -1.000280320220635e+00 -1.891098612457591e-03 -9.327502661343696e-04 -1.007705599700122e+00
31 27 -1.000280312202458e+00 -1.891248841892451e-03 -9.325550230958557e-04 -1.007705437080621e+00
31 28 -1.000280355193599e+00 -1.891515965397640e-03 -9.322744997992944e-04 -1.007704869151852e+00
31 29 -1.000280447106506e+00 -1.891889341534333e-03 -9.319203796041555e-04 -1.007703919145978e+00
31 30 -1.000280583963075e+00 -1.892353935570501e-03 -9.315084152798990e-04 -1.007702625594243e+00
31 31 -1.000280760118448e+00 -1.892891010851123e-03 -9.310574726517589e-04 -1.007701040511673e+00
