1.359373795912826e-06
1.000000000000000e-12
1.000000000000000e-17
3.539523891524796e-01
1.942932554874083e-01
-8.164956740404422e-02
-1.500017464083440e+00
1.901109735892602e-07
32
32
-6.922142514640268e-04
1
0 0 -1.000282132675527e+00 -1.894479370750814e-03 -9.288284623174938e-04 -1.007695137773845e+00
0 1 -1.000282246018028e+00 -1.894776879827152e-03 -9.286092604150177e-04 -1.007694184019145e+00
0 2 -1.000282366580388e+00 -1.895075734041092e-03 -9.284001528306524e-04 -1.007693193308037e+00
0 3 -1.000282489783455e+00 -1.895364371619777e-03 -9.282095733028347e-04 -1.007692203772814e+00
0 4 -1.000282610974270e+00 -1.895631701934683e-03 -9.280449590870910e-04 -1.007691253308055e+00
0 5 -1.000282725592099e+00 -1.895867530722968e-03 -9.279124498894186e-04 -1.007690378136988e+00
0 6 -1.000282829328684e+00 -1.896062939249338e-03 -9.278166812656461e-04 -1.007689611467362e+00
0 7 -1.000282918279059e+00 -1.896210605160847e-03 -9.277606757292144e-04 -1.007688982279778e+00
0 8 -1.000282989079297e+00 -1.896305056008548e-03 -9.277458252878322e-04 -1.007688514285635e+00
0 9 -1.000283039027638e+00 -1.896342849516234e-03 -9.277719513876955e-04 -1.007688225085313e+00
0 10 -1.000283066185544e+00 -1.896322677932329e-03 -9.278374233117324e-04 -1.007688125549042e+00
0 11 -1.000283069455349e+00 -1.896245396698721e-03 -9.279393144322419e-04 -1.007688219434988e+00
0 12 -1.000283048630996e+00 -1.896113979589119e-03 -9.280735769709793e-04 -1.007688503253760e+00
0 13 -1.000283004418369e+00 -1.895933403632245e-03 -9.282352192753349e-04 -1.007688966384354e+00
0 14 -1.000282938422365e+00 -1.895710468272035e-03 -9.284184746813493e-04 -1.007689591440670e+00
0 15 -1.000282853099148e+00 -1.895453554485210e-03 -9.286169577149857e-04 -1.007690354879817e+00
0 16 -1.000282751673610e+00 -1.895172330511395e-03 -9.288238108328816e-04 -1.007691227836097e+00
0 17 -1.000282638023517e+00 -1.894877411408673e-03 -9.290318510841209e-04 -1.007692177158713e+00
0 18 -1.000282516533499e+00 -1.894579980571235e-03 -9.292337290015063e-04 -1.007693166624951e+00
0 19 -1.000282391923969e+00 -1.894291383168695e-03 -9.294221113057128e-04 -1.007694158291885e+00
0 20 -1.000282269062008e+00 -1.894022703714528e-03 -9.295898955969260e-04 -1.007695113940404e+00
0 21 -1.000282152762713e+00 -1.893784341853533e-03 -9.297304598394953e-04 -1.007695996558271e+00
0 22 -1.000282047590246e+00 -1.893585601930818e-03 -9.298379419895239e-04 -1.007696771804383e+00
0 23 -1.000281957668161e+00 -1.893434313362114e-03 -9.299075359330079e-04 -1.007697409392817e+00
0 24 -1.000281886508399e+00 -1.893336499925511e-03 -9.299357810783332e-04 -1.007697884333331e+00
0 25 -1.000281836867567e+00 -1.893296115709843e-03 -9.299208173504623e-04 -1.007698177967709e+00
0 26 -1.000281810637417e+00 -1.893314862997838e-03 -9.298625764735610e-04 -1.007698278750113e+00
0 27 -1.000281808774301e+00 -1.893392103489425e-03 -9.297628838077424e-04 -1.007698182732265e+00
0 28 -1.000281831270017e+00 -1.893524869857427e-03 -9.296254515543893e-04 -1.007697893728206e+00
0 29 -1.000281877164195e+00 -1.893707979621376e-03 -9.294557534843810e-04 -1.007697423148838e+00
0 30 -1.000281944595981e+00 -1.893934247297340e-03 -9.292607831719544e-04 -1.007696789514776e+00
0 31 -1.000282030890684e+00 -1.894194784307235e-03 -9.290487105001865e-04 -1.007696017674967e+00
1 0 -1.000282206468000e+00 -1.894345223592372e-03 -9.295934726270978e-04 -1.007695221815818e+00
1 1 -1.000282319817558e+00 -1.894642924488537e-03 -9.293736920365643e-04 -1.007694267899377e+00
1 2 -1.000282440279099e+00 -1.894941698801920e-03 -9.291643029756139e-04 -1.007693277872197e+00
1 3 -1.000282563277436e+00 -1.895229988042163e-03 -9.289737509345576e-04 -1.007692289838236e+00
1 4 -1.000282684167540e+00 -1.895496715353619e-03 -9.288094723846738e-04 -1.007691341632181e+00
1 5 -1.000282798400256e+00 -1.895731710029252e-03 -9.286775939262551e-04 -1.007690469388769e+00
1 6 -1.000282901682165e+00 -1.895926085727821e-03 -9.285827265814655e-04 -1.007689706202066e+00
1 7 -1.000282990125802e+00 -1.896072560118104e-03 -9.285278579739065e-04 -1.007689080918056e+00
1 8 -1.000283060386683e+00 -1.896165706861835e-03 -9.285143359640315e-04 -1.007688617097874e+00
1 9 -1.000283109783711e+00 -1.896202134106035e-03 -9.285419300116588e-04 -1.007688332181760e+00
1 10 -1.000283136399549e+00 -1.896180586923279e-03 -9.286089516683822e-04 -1.007688236875678e+00
1 11 -1.000283139157495e+00 -1.896101973885331e-03 -9.287124135708228e-04 -1.007688334775529e+00
1 12 -1.000283117871282e+00 -1.895969319919806e-03 -9.288482070769722e-04 -1.007688622238483e+00
1 13 -1.000283073264479e+00 -1.895787649070362e-03 -9.290112819527238e-04 -1.007689088505537e+00
1 14 -1.000283006956900e+00 -1.895563802011935e-03 -9.291958170414286e-04 -1.007689716072906e+00
1 15 -1.000282921416493e+00 -1.895306194036723e-03 -9.293953781082804e-04 -1.007690481303338e+00
1 16 -1.000282819876489e+00 -1.895024519746404e-03 -9.296030665113040e-04 -1.007691355262699e+00
1 17 -1.000282706219161e+00 -1.894729411438654e-03 -9.298116678799985e-04 -1.007692304760819e+00
1 18 -1.000282584829466e+00 -1.894432059677299e-03 -9.300138123708023e-04 -1.007693293567279e+00
1 19 -1.000282460423928e+00 -1.894143806487280e-03 -9.302021576703142e-04 -1.007694283763581e+00
1 20 -1.000282337861790e+00 -1.893875723330676e-03 -9.303696033758244e-04 -1.007695237185550e+00
1 21 -1.000282221946724e+00 -1.893638187470338e-03 -9.305095403113902e-04 -1.007696116904184e+00
1 22 -1.000282117228249e+00 -1.893440472090852e-03 -9.306161301776847e-04 -1.007696888687758e+00
1 23 -1.000282027812490e+00 -1.893290367564050e-03 -9.306846009648703e-04 -1.007697522382624e+00
1 24 -1.000281957191862e+00 -1.893193852322709e-03 -9.307115349570088e-04 -1.007697993148382e+00
1 25 -1.000281908102205e+00 -1.893154830835904e-03 -9.306951215435948e-04 -1.007698282487530e+00
1 26 -1.000281882414127e+00 -1.893174953425228e-03 -9.306353466320693e-04 -1.007698379019411e+00
1 27 -1.000281881063224e+00 -1.893253529180159e-03 -9.305340931347855e-04 -1.007698278959690e+00
1 28 -1.000281904021645e+00 -1.893387539288805e-03 -9.303951326506621e-04 -1.007697986279240e+00
1 29 -1.000281950311197e+00 -1.893571752977144e-03 -9.302239978853893e-04 -1.007697512532250e+00
1 30 -1.000282018055736e+00 -1.893798941757893e-03 -9.300277381001284e-04 -1.007696876362931e+00
1 31 -1.000282104568422e+00 -1.894060181102416e-03 -9.298145731900372e-04 -1.007696102719170e+00
2 0 -1.000282303075936e+00 -1.894251013285336e-03 -9.302015894084098e-04 -1.007695220625138e+00
2 1 -1.000282416520246e+00 -1.894549094771624e-03 -9.299811760402323e-04 -1.007694265921740e+00
2 2 -1.000282536964907e+00 -1.894847978442508e-03 -9.297714528239117e-04 -1.007693275970087e+00
2 3 -1.000282659835412e+00 -1.895136101877009e-03 -9.295808784709058e-04 -1.007692288869302e+00
2 4 -1.000282780491618e+00 -1.895402394853489e-03 -9.294168903218946e-04 -1.007691342416651e+00
2 5 -1.000282894393326e+00 -1.895636703545211e-03 -9.292856038320178e-04 -1.007690472678389e+00
2 6 -1.000282997259807e+00 -1.895830168197279e-03 -9.291916073234772e-04 -1.007689712651392e+00
2 7 -1.000283085219490e+00 -1.895975541776685e-03 -9.291378547405069e-04 -1.007689091059676e+00
2 8 -1.000283154946348e+00 -1.896067440486491e-03 -9.291256503477512e-04 -1.007688631322761e+00
2 9 -1.000283203779697e+00 -1.896102520582036e-03 -9.291547118923805e-04 -1.007688350724853e+00
2 10 -1.000283229823922e+00 -1.896079579055986e-03 -9.292232934885015e-04 -1.007688259806655e+00
2 11 -1.000283232024475e+00 -1.895999578205456e-03 -9.293283471895105e-04 -1.007688361995785e+00
2 12 -1.000283210216613e+00 -1.895865596187900e-03 -9.294657030244803e-04 -1.007688653485512e+00
2 13 -1.000283165143859e+00 -1.895682707573212e-03 -9.296302508148330e-04 -1.007689123364255e+00
2 14 -1.000283098443773e+00 -1.895457799145632e-03 -9.298161129100145e-04 -1.007689753991928e+00
2 15 -1.000283012599385e+00 -1.895199326545650e-03 -9.300168042559073e-04 -1.007690521614833e+00
2 16 -1.000282910855775e+00 -1.894917017549568e-03 -9.302253833054051e-04 -1.007691397206231e+00
2 17 -1.000282797103191e+00 -1.894621528931465e-03 -9.304346024487651e-04 -1.007692347511785e+00
2 18 -1.000282675730261e+00 -1.894324065873052e-03 -9.306370691965707e-04 -1.007693336268811e+00
2 19 -1.000282551452817e+00 -1.894035974698958e-03 -9.308254295519171e-04 -1.007694325559518e+00
2 20 -1.000282429125186e+00 -1.893768320862714e-03 -9.309925827379893e-04 -1.007695277252927e+00
2 21 -1.000282313542046e+00 -1.893531465445003e-03 -9.311319308802071e-04 -1.007696154484899e+00
2 22 -1.000282209240067e+00 -1.893334655665682e-03 -9.312376584515716e-04 -1.007696923118603e+00
2 23 -1.000282120309192e+00 -1.893185647176836e-03 -9.313050264908620e-04 -1.007697553121613e+00
2 24 -1.000282050223106e+00 -1.893090376543637e-03 -9.313306588499010e-04 -1.007698019795471e+00
2 25 -1.000282001697175e+00 -1.893052700887197e-03 -9.313127934963256e-04 -1.007698304799558e+00
2 26 -1.000281976580468e+00 -1.893074219168940e-03 -9.312514708032000e-04 -1.007698396919913e+00
2 27 -1.000281975786651e+00 -1.893154186729794e-03 -9.311486325764900e-04 -1.007698292543175e+00
2 28 -1.000281999266400e+00 -1.893289530783345e-03 -9.310081113582618e-04 -1.007697995808432e+00
2 29 -1.000282046021445e+00 -1.893474968816731e-03 -9.308354999493323e-04 -1.007697518427642e+00
2 30 -1.000282114157778e+00 -1.893703225003401e-03 -9.306379043568460e-04 -1.007696879185732e+00
2 31 -1.000282200973562e+00 -1.893965333542090e-03 -9.304235960779938e-04 -1.007696103149220e+00
3 0 -1.000282418732934e+00 -1.894200430376479e-03 -9.306291875083144e-04 -1.007695134180027e+00
3 1 -1.000282532356167e+00 -1.894499066813007e-03 -9.304081116067919e-04 -1.007694178093904e+00
3 2 -1.000282652868725e+00 -1.894798245409555e-03 -9.301980132758714e-04 -1.007693187604975e+00
3 3 -1.000282775693439e+00 -1.895086392536123e-03 -9.300073658566652e-04 -1.007692200831770e+00
3 4 -1.000282896191798e+00 -1.895352437026776e-03 -9.298436099077163e-04 -1.007691255558370e+00
3 5 -1.000283009829536e+00 -1.895586234638191e-03 -9.297128523626616e-04 -1.007690387805071e+00
3 6 -1.000283112335956e+00 -1.895778945497931e-03 -9.296196611667791e-04 -1.007689630491624e+00
3 7 -1.000283199853183e+00 -1.895923351852912e-03 -9.295669586654203e-04 -1.007689012237371e+00
3 8 -1.000283269072048e+00 -1.896014107240194e-03 -9.295560078272519e-04 -1.007688556334146e+00
3 9 -1.000283317351313e+00 -1.896047911833297e-03 -9.295864774399774e-04 -1.007688279920021e+00
3 10 -1.000283342816687e+00 -1.896023611548874e-03 -9.296565670674258e-04 -1.007688193376100e+00
3 11 -1.000283344435936e+00 -1.895942220771409e-03 -9.297631705793976e-04 -1.007688299963030e+00
3 12 -1.000283322066678e+00 -1.895806870842407e-03 -9.299020581967122e-04 -1.007688595706522e+00
3 13 -1.000283276474010e+00 -1.895622688571384e-03 -9.300680605848469e-04 -1.007689069533175e+00
3 14 -1.000283209315564e+00 -1.895396610163633e-03 -9.302552441184202e-04 -1.007689703652271e+00
3 15 -1.000283123092175e+00 -1.895137136079588e-03 -9.304570733831030e-04 -1.007690474175902e+00
3 16 -1.000283021063676e+00 -1.894854032582606e-03 -9.306665639756699e-04 -1.007691351964893e+00
3 17 -1.000282907131357e+00 -1.894557987070755e-03 -9.308764341618433e-04 -1.007692303679054e+00
3 18 -1.000282785690794e+00 -1.894260226306550e-03 -9.310792669853575e-04 -1.007693292999919e+00
3 19 -1.000282661460444e+00 -1.893972108290094e-03 -9.312676946468902e-04 -1.007694281986289e+00
3 20 -1.000282539292799e+00 -1.893704699661107e-03 -9.314346141323385e-04 -1.007695232517558e+00
3 21 -1.000282423976222e+00 -1.893468352059770e-03 -9.315734370515457e-04 -1.007696107773841e+00
3 22 -1.000282320036857e+00 -1.893272293139968e-03 -9.316783682323513e-04 -1.007696873694490e+00
3 23 -1.000282231550497e+00 -1.893124249863826e-03 -9.317446986518042e-04 -1.007697500351457e+00
3 24 -1.000282161973707e+00 -1.893030122098894e-03 -9.317690907203564e-04 -1.007697963174585e+00
3 25 -1.000282114002355e+00 -1.892993723357530e-03 -9.317498288987663e-04 -1.007698243971283e+00
3 26 -1.000282089464230e+00 -1.893016603461378e-03 -9.316870067563540e-04 -1.007698331690439e+00
3 27 -1.000282089250722e+00 -1.893097965031411e-03 -9.315826237230613e-04 -1.007698222889873e+00
3 28 -1.000282113290169e+00 -1.893234681309350e-03 -9.314405716112726e-04 -1.007697921880676e+00
3 29 -1.000282160562849e+00 -1.893421416793878e-03 -9.312665017731991e-04 -1.007697440540427e+00
3 30 -1.000282229154995e+00 -1.893650845609925e-03 -9.310675762770727e-04 -1.007696797806958e+00
3 31 -1.000282316347413e+00 -1.893913956712450e-03 -9.308521183732901e-04 -1.007696018881084e+00
4 0 -1.000282548927782e+00 -1.894195459726372e-03 -9.308594738429737e-04 -1.007694965927503e+00
4 1 -1.000282662807125e+00 -1.894494803924463e-03 -9.306377316776232e-04 -1.007694007916840e+00
4 2 -1.000282783469660e+00 -1.894794451431077e-03 -9.304272317298843e-04 -1.007693016299446e+00
4 3 -1.000282906332346e+00 -1.895082810550155e-03 -9.302364633345954e-04 -1.007692029236531e+00
4 4 -1.000283026754979e+00 -1.895348801778853e-03 -9.300728724688632e-04 -1.007691084523234e+00
4 5 -1.000283140205967e+00 -1.895582282941594e-03 -9.299425599845952e-04 -1.007690218157954e+00
4 6 -1.000283242421596e+00 -1.895774426577280e-03 -9.298500762031436e-04 -1.007689463006543e+00
4 7 -1.000283329555013e+00 -1.895918036944673e-03 -9.297983154153835e-04 -1.007688847605251e+00
4 8 -1.000283398311670e+00 -1.896007798159463e-03 -9.297885037676958e-04 -1.007688395137136e+00
4 9 -1.000283446067995e+00 -1.896040448399591e-03 -9.298202660039203e-04 -1.007688122609711e+00
4 10 -1.000283470969713e+00 -1.896014877649286e-03 -9.298917518247140e-04 -1.007688040256489e+00
4 11 -1.000283472006185e+00 -1.895932148781886e-03 -9.299998010924790e-04 -1.007688151179041e+00
4 12 -1.000283449057447e+00 -1.895795444263859e-03 -9.301401280496810e-04 -1.007688451238184e+00
4 13 -1.000283402911051e+00 -1.895609942824078e-03 -9.303075078669500e-04 -1.007688929195449e+00
4 14 -1.000283335246215e+00 -1.895382631414544e-03 -9.304959542363537e-04 -1.007689567101007e+00
4 15 -1.000283248583523e+00 -1.895122058002401e-03 -9.306988838076011e-04 -1.007690340920421e+00
4 16 -1.000283146199872e+00 -1.894838031203678e-03 -9.309092705310592e-04 -1.007691221386679e+00
4 17 -1.000283032010316e+00 -1.894541274054014e-03 -9.311197986805532e-04 -1.007692175055253e+00
4 18 -1.000282910420415e+00 -1.894243040930964e-03 -9.313230263266294e-04 -1.007693165530708e+00
4 19 -1.000282786154394e+00 -1.893954708231174e-03 -9.315115709222659e-04 -1.007694154825767e+00
4 20 -1.000282664065954e+00 -1.893687350877025e-03 -9.316783255259718e-04 -1.007695104807227e+00
4 21 -1.000282548940091e+00 -1.893451318427967e-03 -9.318167083858143e-04 -1.007695978676506e+00
4 22 -1.000282445295331e+00 -1.893255826462676e-03 -9.319209408208074e-04 -1.007696742426427e+00
4 23 -1.000282357196002e+00 -1.893108580430897e-03 -9.319863396207961e-04 -1.007697366212127e+00
4 24 -1.000282288083741e+00 -1.893015449777879e-03 -9.320096020208297e-04 -1.007697825573941e+00
4 25 -1.000282240636465e+00 -1.892980209526733e-03 -9.319890555165597e-04 -1.007698102453721e+00
4 26 -1.000282216661691e+00 -1.893004364509094e-03 -9.319248430746833e-04 -1.007698185953194e+00
4 27 -1.000282217029121e+00 -1.893087067961985e-03 -9.318190174139405e-04 -1.007698072794332e+00
4 28 -1.000282241644892e+00 -1.893225141410815e-03 -9.316755253690897e-04 -1.007697767456822e+00
4 29 -1.000282289467328e+00 -1.893413197099504e-03 -9.315000734601478e-04 -1.007697281985293e+00
4 30 -1.000282358561717e+00 -1.893643858223023e-03 -9.312998773599485e-04 -1.007696635476912e+00
4 31 -1.000282446189752e+00 -1.893908066294774e-03 -9.310833099691026e-04 -1.007695853277256e+00
5 0 -1.000282688587851e+00 -1.894236297873517e-03 -9.308831873485901e-04 -1.007694722632513e+00
5 1 -1.000282802790396e+00 -1.894536474770318e-03 -9.306608022959698e-04 -1.007693762231675e+00
5 2 -1.000282923678908e+00 -1.894836746166113e-03 -9.304498915208742e-04 -1.007692768941012e+00
5 3 -1.000283046661546e+00 -1.895125496421469e-03 -9.302589608046988e-04 -1.007691780985159e+00
5 4 -1.000283167093235e+00 -1.895391630996949e-03 -9.300954627345796e-04 -1.007690836193163e+00
5 5 -1.000283280441748e+00 -1.895625002283738e-03 -9.299654943370423e-04 -1.007689970566245e+00
5 6 -1.000283382447065e+00 -1.895816787117342e-03 -9.298735920772711e-04 -1.007689216942043e+00
5 7 -1.000283469270211e+00 -1.895959803480969e-03 -9.298226274146470e-04 -1.007688603798836e+00
5 8 -1.000283537628375e+00 -1.896048758077151e-03 -9.298137957492224e-04 -1.007688154234228e+00
5 9 -1.000283584913096e+00 -1.896080419712220e-03 -9.298466840597739e-04 -1.007687885146031e+00
5 10 -1.000283609288039e+00 -1.896053715926047e-03 -9.299193984199826e-04 -1.007687806637912e+00
5 11 -1.000283609762739e+00 -1.895969752719655e-03 -9.300287310057585e-04 -1.007687921665928e+00
5 12 -1.000283586238951e+00 -1.895831759734985e-03 -9.301703465535572e-04 -1.007688225934508e+00
5 13 -1.000283539526639e+00 -1.895644965212722e-03 -9.303389709953613e-04 -1.007688708043421e+00
5 14 -1.000283471327140e+00 -1.895416406025790e-03 -9.305285706827181e-04 -1.007689349882155e+00
5 15 -1.000283384181919e+00 -1.895154678432648e-03 -9.307325182639773e-04 -1.007690127263459e+00
5 16 -1.000283281386697e+00 -1.894869635751328e-03 -9.309437486809812e-04 -1.007691010781621e+00
5 17 -1.000283166872566e+00 -1.894572040359992e-03 -9.311549140079302e-04 -1.007691966872965e+00
5 18 -1.000283045057660e+00 -1.894273179059395e-03 -9.313585483821244e-04 -1.007692959047302e+00
5 19 -1.000282920674735e+00 -1.893984452473272e-03 -9.315472542693172e-04 -1.007693949251059e+00
5 20 -1.000282798581692e+00 -1.893716950690342e-03 -9.317139187480285e-04 -1.007694899315757e+00
5 21 -1.000282683563403e+00 -1.893481028924567e-03 -9.318519630833243e-04 -1.007695772439416e+00
5 22 -1.000282580134060e+00 -1.893285898689568e-03 -9.319556208112202e-04 -1.007696534643230e+00
5 23 -1.000282492349565e+00 -1.893139251602523e-03 -9.320202302234824e-04 -1.007697156141961e+00
5 24 -1.000282423639232e+00 -1.893046933825217e-03 -9.320425187323989e-04 -1.007697612565302e+00
5 25 -1.000282376665242e+00 -1.893012688596136e-03 -9.320208512417795e-04 -1.007697885970612e+00
5 26 -1.000282353216738e+00 -1.893037981980620e-03 -9.319554135621678e-04 -1.007697965595714e+00
5 27 -1.000282354143244e+00 -1.893121923172887e-03 -9.318483051066636e-04 -1.007697848313102e+00
5 28 -1.000282379329640e+00 -1.893261286012170e-03 -9.317035218824504e-04 -1.007697538761703e+00
5 29 -1.000282427712583e+00 -1.893450633101967e-03 -9.315268204086270e-04 -1.007697049148429e+00
5 30 -1.000282497336063e+00 -1.893682537996783e-03 -9.313254649734496e-04 -1.007696398729428e+00
5 31 -1.000282585441713e+00 -1.893947894658237e-03 -9.311078733412636e-04 -1.007695612999291e+00
6 0 -1.000282832284448e+00 -1.894321344213812e-03 -9.306990180794841e-04 -1.007694414073624e+00
6 1 -1.000282946864478e+00 -1.894622445558815e-03 -9.304760411540028e-04 -1.007693450912363e+00
6 2 -1.000283068045810e+00 -1.894923470499535e-03 -9.302647293122299e-04 -1.007692455471862e+00
6 3 -1.000283191225276e+00 -1.895212774783238e-03 -9.300736037968421e-04 -1.007691466057808e+00
6 4 -1.000283311750068e+00 -1.895479242903487e-03 -9.299101242658350e-04 -1.007690520554160e+00
6 5 -1.000283425084116e+00 -1.895712714504940e-03 -9.297803865838932e-04 -1.007689654989435e+00
6 6 -1.000283526967630e+00 -1.895904362331043e-03 -9.296889181808696e-04 -1.007688902199922e+00
6 7 -1.000283613565975e+00 -1.896047009223678e-03 -9.296385738554874e-04 -1.007688290633515e+00
6 8 -1.000283681604646e+00 -1.896135375622487e-03 -9.296305250725966e-04 -1.007687843329264e+00
6 9 -1.000283728487165e+00 -1.896166252419196e-03 -9.296643284208199e-04 -1.007687577100555e+00
6 10 -1.000283752392461e+00 -1.896138596761667e-03 -9.297380544882009e-04 -1.007687501943753e+00
6 11 -1.000283752348133e+00 -1.896053550793565e-03 -9.298484565015560e-04 -1.007687620688115e+00
6 12 -1.000283728276105e+00 -1.895914385606255e-03 -9.299911583519548e-04 -1.007687928895968e+00
6 13 -1.000283681007758e+00 -1.895726374628034e-03 -9.301608445937361e-04 -1.007688415015104e+00
6 14 -1.000283612266190e+00 -1.895496601836293e-03 -9.303514409781890e-04 -1.007689060779404e+00
6 15 -1.000283524614105e+00 -1.895233710612134e-03 -9.305562818502994e-04 -1.007689841848676e+00
6 16 -1.000283421367105e+00 -1.894947599508839e-03 -9.307682678954993e-04 -1.007690728673073e+00
6 17 -1.000283306473927e+00 -1.894649072372617e-03 -9.309800225564656e-04 -1.007691687559661e+00
6 18 -1.000283184367298e+00 -1.894349452019253e-03 -9.311840578923629e-04 -1.007692681909427e+00
6 19 -1.000283059790969e+00 -1.894060168342449e-03 -9.313729611605905e-04 -1.007693673584551e+00
6 20 -1.000282937609988e+00 -1.893792333014568e-03 -9.315396113942858e-04 -1.007694624359518e+00
6 21 -1.000282822612392e+00 -1.893556314315210e-03 -9.316774296499698e-04 -1.007695497404482e+00
6 22 -1.000282719311379e+00 -1.893361327543317e-03 -9.317806577457304e-04 -1.007696258743663e+00
6 23 -1.000282631757612e+00 -1.893215058454124e-03 -9.318446505920584e-04 -1.007696878626448e+00
6 24 -1.000282563371130e+00 -1.893123338033475e-03 -9.318661594385227e-04 -1.007697332747280e+00
6 25 -1.000282516801335e+00 -1.893089885930722e-03 -9.318435788867866e-04 -1.007697603254864e+00
6 26 -1.000282493821722e+00 -1.893116137284262e-03 -9.317771293816743e-04 -1.007697679500635e+00
6 27 -1.000282495263882e+00 -1.893201164143470e-03 -9.316689491632598e-04 -1.007697558488502e+00
6 28 -1.000282520993084e+00 -1.893341698373541e-03 -9.315230759142446e-04 -1.007697245001619e+00
6 29 -1.000282569925403e+00 -1.893532257546929e-03 -9.313453085667490e-04 -1.007696751398042e+00
6 30 -1.000282640084085e+00 -1.893765369001093e-03 -9.311429524331659e-04 -1.007696097085839e+00
6 31 -1.000282728690623e+00 -1.894031880923807e-03 -9.309244634923289e-04 -1.007695307706890e+00
7 0 -1.000282974450696e+00 -1.894447266803859e-03 -9.303137194659461e-04 -1.007694052602867e+00
7 1 -1.000283089447425e+00 -1.894749347296337e-03 -9.300902281729578e-04 -1.007693086421493e+00
7 2 -1.000283210976632e+00 -1.895051225185135e-03 -9.298785436302151e-04 -1.007692088441086e+00
7 3 -1.000283334421780e+00 -1.895341224028535e-03 -9.296872007447342e-04 -1.007691097062970e+00
7 4 -1.000283455119771e+00 -1.895608202067173e-03 -9.295236668524629e-04 -1.007690150245216e+00
7 5 -1.000283568527630e+00 -1.895841979334651e-03 -9.293940397381935e-04 -1.007689284066967e+00
7 6 -1.000283670382294e+00 -1.896033716359863e-03 -9.293028427822473e-04 -1.007688531389803e+00
7 7 -1.000283756849724e+00 -1.896176231877250e-03 -9.292529204052786e-04 -1.007687920659950e+00
7 8 -1.000283824659982e+00 -1.896264250676891e-03 -9.292454275821762e-04 -1.007687474887262e+00
7 9 -1.000283871225048e+00 -1.896294576327692e-03 -9.292798992880392e-04 -1.007687210829165e+00
7 10 -1.000283894735919e+00 -1.896266186527796e-03 -9.293543805916982e-04 -1.007687138401094e+00
7 11 -1.000283894235406e+00 -1.896180251208322e-03 -9.294655961841475e-04 -1.007687260328965e+00
7 12 -1.000283869663211e+00 -1.896040075583073e-03 -9.296091390511194e-04 -1.007687572052903e+00
7 13 -1.000283821870324e+00 -1.895850972226217e-03 -9.297796614081236e-04 -1.007688061884432e+00
7 14 -1.000283752600478e+00 -1.895620067612157e-03 -9.299710567111842e-04 -1.007688711412795e+00
7 15 -1.000283664437167e+00 -1.895356049159152e-03 -9.301766287105200e-04 -1.007689496150806e+00
7 16 -1.000283560716041e+00 -1.895068859232503e-03 -9.303892504547282e-04 -1.007690386405247e+00
7 17 -1.000283445404281e+00 -1.894769343593659e-03 -9.306015213818110e-04 -1.007691348349217e+00
7 18 -1.000283322950720e+00 -1.894468863488434e-03 -9.308059336378931e-04 -1.007692345264482e+00
7 19 -1.000283198112318e+00 -1.894178882258327e-03 -9.309950593884590e-04 -1.007693338913371e+00
7 20 -1.000283075764011e+00 -1.893910538666045e-03 -9.311617684351191e-04 -1.007694290993765e+00
7 21 -1.000282960700013e+00 -1.893674220543012e-03 -9.312994793088768e-04 -1.007695164625702e+00
7 22 -1.000282857435705e+00 -1.893479154360725e-03 -9.314024381190708e-04 -1.007695925812074e+00
7 23 -1.000282770019869e+00 -1.893333028307156e-03 -9.314660102816695e-04 -1.007696544810513e+00
7 24 -1.000282701866801e+00 -1.893241667161045e-03 -9.314869630314635e-04 -1.007696997352364e+00
7 25 -1.000282655616657e+00 -1.893208776115737e-03 -9.314637120285972e-04 -1.007697265649766e+00
7 26 -1.000282633030559e+00 -1.893235768188221e-03 -9.313965035311733e-04 -1.007697339141353e+00
7 27 -1.000282634925025e+00 -1.893321686514700e-03 -9.312875054713371e-04 -1.007697214938512e+00
7 28 -1.000282661148106e+00 -1.893463228514662e-03 -9.311407874928322e-04 -1.007696897947622e+00
7 29 -1.000282710597240e+00 -1.893654873267945e-03 -9.309621810392489e-04 -1.007696400660505e+00
7 30 -1.000282781276311e+00 -1.893889106982919e-03 -9.307590233623662e-04 -1.007695742624559e+00
7 31 -1.000282870387331e+00 -1.894156735351809e-03 -9.305398011797022e-04 -1.007694949622159e+00
8 0 -1.000283109602174e+00 -1.894609139955866e-03 -9.297418985972592e-04 -1.007693652595953e+00
8 1 -1.000283225038183e+00 -1.894912215250913e-03 -9.295179933686773e-04 -1.007692683255225e+00
8 2 -1.000283346956468e+00 -1.895215011619304e-03 -9.293059813112853e-04 -1.007691682445954e+00
8 3 -1.000283470725584e+00 -1.895505817908587e-03 -9.291144092307451e-04 -1.007690688676354e+00
8 4 -1.000283591669878e+00 -1.895773461587632e-03 -9.289507529664725e-04 -1.007689739995584e+00
8 5 -1.000283705236590e+00 -1.896007736962495e-03 -9.288211149908053e-04 -1.007688872554966e+00
8 6 -1.000283807156028e+00 -1.896199784869720e-03 -9.287300190756664e-04 -1.007688119266724e+00
8 7 -1.000283893591063e+00 -1.896342411250657e-03 -9.286803056192775e-04 -1.007687508603877e+00
8 8 -1.000283961272500e+00 -1.896430335692403e-03 -9.286731215200194e-04 -1.007687063577346e+00
8 9 -1.000284007616955e+00 -1.896460364543008e-03 -9.287079901827834e-04 -1.007686800919025e+00
8 10 -1.000284030823777e+00 -1.896431486269472e-03 -9.287829420142056e-04 -1.007686730492756e+00
8 11 -1.000284029947522e+00 -1.896344889229855e-03 -9.288946841477231e-04 -1.007686854948585e+00
8 12 -1.000284004942591e+00 -1.896203904104130e-03 -9.290387894614947e-04 -1.007687169629204e+00
8 13 -1.000283956677072e+00 -1.896013874992248e-03 -9.292098883838338e-04 -1.007687662730883e+00
8 14 -1.000283886913427e+00 -1.895781964554918e-03 -9.294018521906973e-04 -1.007688315714766e+00
8 15 -1.000283798254611e+00 -1.895516899425465e-03 -9.296079631623463e-04 -1.007689103958451e+00
8 16 -1.000283694055625e+00 -1.895228662672938e-03 -9.298210740700555e-04 -1.007689997631886e+00
8 17 -1.000283578302195e+00 -1.894928140874855e-03 -9.300337654402443e-04 -1.007690962774614e+00
8 18 -1.000283455460260e+00 -1.894626734718524e-03 -9.302385124747119e-04 -1.007691962543011e+00
8 19 -1.000283330301765e+00 -1.894335943827495e-03 -9.304278735977305e-04 -1.007692958587672e+00
8 20 -1.000283207713795e+00 -1.894066938290430e-03 -9.305947092481694e-04 -1.007693912513830e+00
8 21 -1.000283092499360e+00 -1.893830131004703e-03 -9.307324332987809e-04 -1.007694787371908e+00
8 22 -1.000282989179068e+00 -1.893634766567155e-03 -9.308352914911399e-04 -1.007695549120190e+00
8 23 -1.000282901803337e+00 -1.893488543948499e-03 -9.308986528570607e-04 -1.007696167997477e+00
8 24 -1.000282833784544e+00 -1.893397290961747e-03 -9.309192924744525e-04 -1.007696619742512e+00
8 25 -1.000282787757425e+00 -1.893364707860605e-03 -9.308956383151034e-04 -1.007696886600878e+00
8 26 -1.000282765474376e+00 -1.893392195055655e-03 -9.308279528739221e-04 -1.007696958069056e+00
8 27 -1.000282767740273e+00 -1.893478776225277e-03 -9.307184229865820e-04 -1.007696831337585e+00
8 28 -1.000282794389127e+00 -1.893621123408308e-03 -9.305711387417618e-04 -1.007696511409722e+00
8 29 -1.000282844302455e+00 -1.893813685184627e-03 -9.303919530994564e-04 -1.007696010888538e+00
8 30 -1.000282915466829e+00 -1.894048913018706e-03 -9.301882256480564e-04 -1.007695349443580e+00
8 31 -1.000283005066079e+00 -1.894317574857619e-03 -9.299684654782200e-04 -1.007694552986035e+00
9 0 -1.000283232550881e+00 -1.894800646908823e-03 -9.290054844289956e-04 -1.007693229825619e+00
9 1 -1.000283348431409e+00 -1.895104693501848e-03 -9.287812834578770e-04 -1.007692257310827e+00
9 2 -1.000283470764644e+00 -1.895408437648042e-03 -9.285690037926398e-04 -1.007691253495430e+00
9 3 -1.000283594903235e+00 -1.895700132260926e-03 -9.283772022251693e-04 -1.007690257001647e+00
9 4 -1.000283716157098e+00 -1.895968570691135e-03 -9.282133633218191e-04 -1.007689305983422e+00
9 5 -1.000283829961125e+00 -1.896203516368689e-03 -9.280835962908828e-04 -1.007688436683392e+00
9 6 -1.000283932035954e+00 -1.896396083730535e-03 -9.279924295003861e-04 -1.007687682087855e+00
9 7 -1.000284018537933e+00 -1.896539057830623e-03 -9.279427060771044e-04 -1.007687070723522e+00
9 8 -1.000284086194814e+00 -1.896627143832674e-03 -9.279355738498376e-04 -1.007686625631955e+00
9 9 -1.000284132423812e+00 -1.896657140937837e-03 -9.279705549935959e-04 -1.007686363550691e+00
9 10 -1.000284155428555e+00 -1.896628038214037e-03 -9.280456761283657e-04 -1.007686294323414e+00
9 11 -1.000284154271437e+00 -1.896541032398342e-03 -9.281576380798934e-04 -1.007686420554754e+00
9 12 -1.000284128917979e+00 -1.896399469977725e-03 -9.283020053814614e-04 -1.007686737518469e+00
9 13 -1.000284080250164e+00 -1.896208717618878e-03 -9.284733986542264e-04 -1.007687233321270e+00
9 14 -1.000284010046437e+00 -1.895975966336559e-03 -9.286656782530148e-04 -1.007687889318074e+00
9 15 -1.000283920927087e+00 -1.895709975714675e-03 -9.288721145322249e-04 -1.007688680768219e+00
9 16 -1.000283816265120e+00 -1.895420765106858e-03 -9.290855474754402e-04 -1.007689577715986e+00
9 17 -1.000283700064329e+00 -1.895119259378580e-03 -9.292985444628519e-04 -1.007690546072375e+00
9 18 -1.000283576808097e+00 -1.894816897943473e-03 -9.295035681026180e-04 -1.007691548867437e+00
9 19 -1.000283451284379e+00 -1.894525217767205e-03 -9.296931657097671e-04 -1.007692547633512e+00
9 20 -1.000283328394072e+00 -1.894255423148411e-03 -9.298601885584617e-04 -1.007693503871296e+00
9 21 -1.000283212951302e+00 -1.894017956779349e-03 -9.299980432747949e-04 -1.007694380544460e+00
9 22 -1.000283109484851e+00 -1.893822087811481e-03 -9.301009703011962e-04 -1.007695143544617e+00
9 23 -1.000283022050252e+00 -1.893675533819145e-03 -9.301643358093722e-04 -1.007695763065563e+00
9 24 -1.000282954061761e+00 -1.893584134526344e-03 -9.301849150530169e-04 -1.007696214824243e+00
9 25 -1.000282908152638e+00 -1.893551594914781e-03 -9.301611391885170e-04 -1.007696481068575e+00
9 26 -1.000282886070556e+00 -1.893579312980913e-03 -9.300932761584533e-04 -1.007696551320894e+00
9 27 -1.000282888612713e+00 -1.893666303248763e-03 -9.299835198121779e-04 -1.007696422819254e+00
9 28 -1.000282915602827e+00 -1.893809222233033e-03 -9.298359688123136e-04 -1.007696100634087e+00
9 29 -1.000282965909774e+00 -1.894002496925042e-03 -9.296564865586002e-04 -1.007695597453488e+00
9 30 -1.000283037505457e+00 -1.894238551759964e-03 -9.294524446446722e-04 -1.007694933047356e+00
9 31 -1.000283127557515e+00 -1.894508123385324e-03 -9.292323646356370e-04 -1.007694133438607e+00
10 0 -1.000283338603803e+00 -1.895014337462032e-03 -9.281328909490900e-04 -1.007692800794052e+00
10 1 -1.000283454916827e+00 -1.895319294117754e-03 -9.279085247370902e-04 -1.007691825213793e+00
10 2 -1.000283577674673e+00 -1.895623978192114e-03 -9.276960496412698e-04 -1.007690818332603e+00
10 3 -1.000283702213677e+00 -1.895916606967530e-03 -9.275040296073407e-04 -1.007689818889180e+00
10 4 -1.000283823828043e+00 -1.896185937805044e-03 -9.273399571499042e-04 -1.007688865151661e+00
10 5 -1.000283937938287e+00 -1.896421699262849e-03 -9.272099499842856e-04 -1.007687993469730e+00
10 6 -1.000284040252738e+00 -1.896614973596794e-03 -9.271185455773927e-04 -1.007687236924419e+00
10 7 -1.000284126918058e+00 -1.896758517770121e-03 -9.270685966166441e-04 -1.007686624120557e+00
10 8 -1.000284194655290e+00 -1.896847014076888e-03 -9.270612603798832e-04 -1.007686178158156e+00
10 9 -1.000284240878195e+00 -1.896877245038577e-03 -9.270960675784785e-04 -1.007685915811120e+00
10 10 -1.000284263790461e+00 -1.896848190074031e-03 -9.271710519104715e-04 -1.007685846935335e+00
10 11 -1.000284262458151e+00 -1.896761043827022e-03 -9.272829197480191e-04 -1.007685974122358e+00
10 12 -1.000284236853866e+00 -1.896619158282446e-03 -9.274272397402097e-04 -1.007686292608236e+00
10 13 -1.000284187869651e+00 -1.896427912840172e-03 -9.275986349947866e-04 -1.007686790439438e+00
10 14 -1.000284117296514e+00 -1.896194517971920e-03 -9.277909661601370e-04 -1.007687448890778e+00
10 15 -1.000284027769347e+00 -1.895927758799651e-03 -9.279975012568344e-04 -1.007688243124507e+00
10 16 -1.000283922677282e+00 -1.895637685305338e-03 -9.282110755240767e-04 -1.007689143074523e+00
10 17 -1.000283806041060e+00 -1.895335256632076e-03 -9.284242499611426e-04 -1.007690114533044e+00
10 18 -1.000283682361034e+00 -1.895031948462289e-03 -9.286294798364097e-04 -1.007691120408491e+00
10 19 -1.000283556441403e+00 -1.894739334473945e-03 -9.288193042990748e-04 -1.007692122113984e+00
10 20 -1.000283433197990e+00 -1.894468654761519e-03 -9.289865655240794e-04 -1.007693081037982e+00
10 21 -1.000283317458038e+00 -1.894230385591797e-03 -9.291246604122372e-04 -1.007693960042987e+00
10 22 -1.000283213761227e+00 -1.894033826195007e-03 -9.292278199009550e-04 -1.007694724934117e+00
10 23 -1.000283126171402e+00 -1.893886719658111e-03 -9.292914016473668e-04 -1.007695345836133e+00
10 24 -1.000283058108308e+00 -1.893794925905408e-03 -9.293121734947227e-04 -1.007695798416267e+00
10 25 -1.000283012207754e+00 -1.893762164276420e-03 -9.292885599625402e-04 -1.007696064893313e+00
10 26 -1.000282990216972e+00 -1.893789840810226e-03 -9.292208230890021e-04 -1.007696134782023e+00
10 27 -1.000282992929771e+00 -1.893876971382463e-03 -9.291111520961109e-04 -1.007696005334816e+00
10 28 -1.000283020163606e+00 -1.894020207072720e-03 -9.289636428992988e-04 -1.007695681657940e+00
10 29 -1.000283070778375e+00 -1.894213962911750e-03 -9.287841580307034e-04 -1.007695176495390e+00
10 30 -1.000283142734569e+00 -1.894450645369013e-03 -9.285800695456264e-04 -1.007694509691050e+00
10 31 -1.000283233186378e+00 -1.894720967792553e-03 -9.283599003898738e-04 -1.007693707357284e+00
11 0 -1.000283423738529e+00 -1.895241928201521e-03 -9.271579077463452e-04 -1.007692382059527e+00
11 1 -1.000283540455410e+00 -1.895547698673079e-03 -9.269335135558091e-04 -1.007691403640076e+00
11 2 -1.000283663631047e+00 -1.895853278385189e-03 -9.267209238438666e-04 -1.007690393751997e+00
11 3 -1.000283788585697e+00 -1.896146850710123e-03 -9.265287060006901e-04 -1.007689391248568e+00
11 4 -1.000283910597284e+00 -1.896417136610028e-03 -9.263643593350828e-04 -1.007688434516826e+00
11 5 -1.000284025070569e+00 -1.896653827185951e-03 -9.262340119525491e-04 -1.007687560024629e+00
11 6 -1.000284127699414e+00 -1.896847968024470e-03 -9.261422148262601e-04 -1.007686800964450e+00
11 7 -1.000284214617944e+00 -1.896992281933610e-03 -9.260918362795662e-04 -1.007686186040646e+00
11 8 -1.000284282537078e+00 -1.897081420835746e-03 -9.260840505238754e-04 -1.007685738437253e+00
11 9 -1.000284328863277e+00 -1.897112141709163e-03 -9.261184060313093e-04 -1.007685474993751e+00
11 10 -1.000284351796119e+00 -1.897083404381546e-03 -9.261929546170686e-04 -1.007685405610064e+00
11 11 -1.000284350400968e+00 -1.896996390892848e-03 -9.263044203478132e-04 -1.007685532897742e+00
11 12 -1.000284324653090e+00 -1.896854448174137e-03 -9.264483881601293e-04 -1.007685852088035e+00
11 13 -1.000284275450362e+00 -1.896662958188230e-03 -9.266194951187397e-04 -1.007686351198619e+00
11 14 -1.000284204592562e+00 -1.896429141446731e-03 -9.268116127989790e-04 -1.007687011452786e+00
11 15 -1.000284114726019e+00 -1.896161800288479e-03 -9.270180167474761e-04 -1.007687807940184e+00
11 16 -1.000284009253472e+00 -1.895871008332958e-03 -9.272315463342205e-04 -1.007688710504082e+00
11 17 -1.000283892210719e+00 -1.895567753474475e-03 -9.274447634854459e-04 -1.007689684832801e+00
11 18 -1.000283768113874e+00 -1.895263543792042e-03 -9.276501212284250e-04 -1.007690693722782e+00
11 19 -1.000283641783017e+00 -1.894969987759902e-03 -9.278401531651925e-04 -1.007691698471399e+00
11 20 -1.000283518149493e+00 -1.894698361525260e-03 -9.280076927563693e-04 -1.007692660351381e+00
11 21 -1.000283402055166e+00 -1.894459177297884e-03 -9.281461257373458e-04 -1.007693542113720e+00
11 22 -1.000283298052848e+00 -1.894261768640784e-03 -9.282496703009966e-04 -1.007694309460707e+00
11 23 -1.000283210217559e+00 -1.894113910156896e-03 -9.283136701333577e-04 -1.007694932426475e+00
11 24 -1.000283141977992e+00 -1.894021489657965e-03 -9.283348777744913e-04 -1.007695386602134e+00
11 25 -1.000283095976482e+00 -1.893988249931953e-03 -9.283117013635541e-04 -1.007695654147020e+00
11 26 -1.000283073964114e+00 -1.894015614979013e-03 -9.282443865188765e-04 -1.007695724535740e+00
11 27 -1.000283076735617e+00 -1.894102612231211e-03 -9.281351071435071e-04 -1.007695595002027e+00
11 28 -1.000283104106373e+00 -1.894245897615153e-03 -9.279879452684387e-04 -1.007695270655361e+00
11 29 -1.000283154931326e+00 -1.894439884492036e-03 -9.278087506541991e-04 -1.007694764263982e+00
11 30 -1.000283227163333e+00 -1.894676971302996e-03 -9.276048837644801e-04 -1.007694095716074e+00
11 31 -1.000283317946489e+00 -1.894947856979700e-03 -9.273848580813491e-04 -1.007693291187558e+00
12 0 -1.000283484749801e+00 -1.895474631746687e-03 -9.261183629422538e-04 -1.007691989588990e+00
12 1 -1.000283601826446e+00 -1.895781088784273e-03 -9.258940785339311e-04 -1.007691008664638e+00
12 2 -1.000283725396983e+00 -1.896087485601284e-03 -9.256814588943700e-04 -1.007689995943584e+00
12 3 -1.000283850766435e+00 -1.896381974529353e-03 -9.254890712677246e-04 -1.007688990387825e+00
12 4 -1.000283973196550e+00 -1.896653241082520e-03 -9.253244208541203e-04 -1.007688030503292e+00
12 5 -1.000284088075617e+00 -1.896890937971782e-03 -9.251936476610519e-04 -1.007687152881807e+00
12 6 -1.000284191081441e+00 -1.897086071250652e-03 -9.251013195305965e-04 -1.007686390839183e+00
12 7 -1.000284278333212e+00 -1.897231324781621e-03 -9.250503254409607e-04 -1.007685773197183e+00
12 8 -1.000284346528691e+00 -1.897321313586221e-03 -9.250418634685469e-04 -1.007685323246770e+00
12 9 -1.000284393063486e+00 -1.897352761122454e-03 -9.250755088419059e-04 -1.007685057919796e+00
12 10 -1.000284416129045e+00 -1.897324598477555e-03 -9.251493420834020e-04 -1.007684987190183e+00
12 11 -1.000284414785613e+00 -1.897237985098573e-03 -9.252601161662067e-04 -1.007685113721821e+00
12 12 -1.000284389006579e+00 -1.897096252535755e-03 -9.254034433104833e-04 -1.007685432774335e+00
12 13 -1.000284339691310e+00 -1.896904775189675e-03 -9.255739850876792e-04 -1.007685932368673e+00
12 14 -1.000284268644385e+00 -1.896670774005037e-03 -9.257656342769128e-04 -1.007686593706351e+00
12 15 -1.000284178519973e+00 -1.896403059556406e-03 -9.259716838731573e-04 -1.007687391831546e+00
12 16 -1.000284072731219e+00 -1.896111720964800e-03 -9.261849862539011e-04 -1.007688296520937e+00
12 17 -1.000283955326381e+00 -1.895807768076156e-03 -9.263981112130065e-04 -1.007689273378541e+00
12 18 -1.000283830835584e+00 -1.895502736387562e-03 -9.266035141893681e-04 -1.007690285102439e+00
12 19 -1.000283704093961e+00 -1.895208266157437e-03 -9.267937259592788e-04 -1.007691292881386e+00
12 20 -1.000283580048393e+00 -1.894935668447705e-03 -9.269615724694878e-04 -1.007692257873235e+00
12 21 -1.000283463556184e+00 -1.894695492186211e-03 -9.271004277498899e-04 -1.007693142712028e+00
12 22 -1.000283359184944e+00 -1.894497108173078e-03 -9.272044943125869e-04 -1.007693912985013e+00
12 23 -1.000283271023406e+00 -1.894348327574601e-03 -9.272690963303659e-04 -1.007694538616878e+00
12 24 -1.000283202512461e+00 -1.894255072859673e-03 -9.272909635704091e-04 -1.007694995098614e+00
12 25 -1.000283156304674e+00 -1.894221118201685e-03 -9.272684793456311e-04 -1.007695264502684e+00
12 26 -1.000283134158953e+00 -1.894247914406611e-03 -9.272018637409000e-04 -1.007695336233625e+00
12 27 -1.000283136875143e+00 -1.894334510205643e-03 -9.270932651922956e-04 -1.007695207474354e+00
12 28 -1.000283164270882e+00 -1.894477576817663e-03 -9.269467405217162e-04 -1.007694883304059e+00
12 29 -1.000283215200479e+00 -1.894671536508788e-03 -9.267681149578225e-04 -1.007694376482064e+00
12 30 -1.000283287613242e+00 -1.894908789739245e-03 -9.265647263627820e-04 -1.007693706909854e+00
12 31 -1.000283378646834e+00 -1.895180030137390e-03 -9.263450691609288e-04 -1.007692900799242e+00
13 0 -1.000283519362603e+00 -1.895703500823576e-03 -9.250546146662866e-04 -1.007691638163188e+00
13 1 -1.000283636741258e+00 -1.896010491450973e-03 -9.248305715115246e-04 -1.007690655162504e+00
13 2 -1.000283760668788e+00 -1.896317595998143e-03 -9.246180058495263e-04 -1.007689639889728e+00
13 3 -1.000283886436422e+00 -1.896612939716239e-03 -9.244254818891831e-04 -1.007688631405611e+00
13 4 -1.000284009290412e+00 -1.896885175024454e-03 -9.242605097403683e-04 -1.007687668330231e+00
13 5 -1.000284124602478e+00 -1.897123916960573e-03 -9.241292417657293e-04 -1.007686787380058e+00
13 6 -1.000284228033426e+00 -1.897320130783196e-03 -9.240362648384803e-04 -1.007686022001294e+00
13 7 -1.000284315685720e+00 -1.897466457970672e-03 -9.239844930548619e-04 -1.007685401146784e+00
13 8 -1.000284384241404e+00 -1.897557471299885e-03 -9.239751551186053e-04 -1.007684948233669e+00
13 9 -1.000284431082029e+00 -1.897589853933974e-03 -9.240078613104092e-04 -1.007684680309666e+00
13 10 -1.000284454387135e+00 -1.897562500289903e-03 -9.240807298455232e-04 -1.007684607449741e+00
13 11 -1.000284453207660e+00 -1.897476538272704e-03 -9.241905519450909e-04 -1.007684732400171e+00
13 12 -1.000284427510760e+00 -1.897335274405863e-03 -9.243329768421451e-04 -1.007685050480656e+00
13 13 -1.000284378192993e+00 -1.897144065692203e-03 -9.245027006289982e-04 -1.007685549747002e+00
13 14 -1.000284307059583e+00 -1.896910123854151e-03 -9.246936471332856e-04 -1.007686211409432e+00
13 15 -1.000284216768535e+00 -1.896642258382302e-03 -9.248991358495462e-04 -1.007687010495740e+00
13 16 -1.000284110739736e+00 -1.896350565172205e-03 -9.251120399125946e-04 -1.007687916742903e+00
13 17 -1.000283993030859e+00 -1.896046068416216e-03 -9.253249432128122e-04 -1.007688895693463e+00
13 18 -1.000283868183834e+00 -1.895740325047643e-03 -9.255303083513897e-04 -1.007689909964254e+00
13 19 -1.000283741047479e+00 -1.895445002906705e-03 -9.257206665941912e-04 -1.007690920646397e+00
13 20 -1.000283616583599e+00 -1.895171445521238e-03 -9.258888379914037e-04 -1.007691888787999e+00
13 21 -1.000283499665128e+00 -1.894930237988067e-03 -9.260281842954139e-04 -1.007692776905078e+00
13 22 -1.000283394875632e+00 -1.894730789937229e-03 -9.261328893953981e-04 -1.007693550461834e+00
13 23 -1.000283306319640e+00 -1.894580952754878e-03 -9.261982531345392e-04 -1.007694179258848e+00
13 24 -1.000283237453011e+00 -1.894486688832614e-03 -9.262209765619962e-04 -1.007694638667215e+00
13 25 -1.000283190941744e+00 -1.894451810246440e-03 -9.261994112802169e-04 -1.007694910648994e+00
13 26 -1.000283168556170e+00 -1.894477802413817e-03 -9.261337435717542e-04 -1.007694984511570e+00
13 27 -1.000283171105284e+00 -1.894563744512961e-03 -9.260260865630804e-04 -1.007694857356404e+00
13 28 -1.000283198413333e+00 -1.894706333101476e-03 -9.258804612281848e-04 -1.007694534199540e+00
13 29 -1.000283249338368e+00 -1.894900009492865e-03 -9.257026580564802e-04 -1.007694027758634e+00
13 30 -1.000283321830290e+00 -1.895137185857230e-03 -9.254999830762274e-04 -1.007693357917545e+00
13 31 -1.000283413024118e+00 -1.895408559664851e-03 -9.252809030310912e-04 -1.007692550895444e+00
14 0 -1.000283526309007e+00 -1.895919772886067e-03 -9.240079373786932e-04 -1.007691340854614e+00
14 1 -1.000283643920682e+00 -1.896227124649136e-03 -9.237842546008436e-04 -1.007690356282997e+00
14 2 -1.000283768153936e+00 -1.896534801186935e-03 -9.235718223341325e-04 -1.007689338835339e+00
14 3 -1.000283894288183e+00 -1.896830905819504e-03 -9.233791990452821e-04 -1.007688327656871e+00
14 4 -1.000284017555445e+00 -1.897104061648501e-03 -9.232138980848301e-04 -1.007687361472430e+00
14 5 -1.000284133311380e+00 -1.897343848132272e-03 -9.230820838114219e-04 -1.007686477119437e+00
14 6 -1.000284237199492e+00 -1.897541189824577e-03 -9.229883638898153e-04 -1.007685708177073e+00
14 7 -1.000284325304375e+00 -1.897688683868427e-03 -9.229356817088021e-04 -1.007685083738053e+00
14 8 -1.000284394290369e+00 -1.897780857068442e-03 -9.229253024755395e-04 -1.007684627360057e+00
14 9 -1.000284441522227e+00 -1.897814347109060e-03 -9.229568780836865e-04 -1.007684356225822e+00
14 10 -1.000284465164261e+00 -1.897788005281032e-03 -9.230285713502345e-04 -1.007684280534566e+00
14 11 -1.000284464254393e+00 -1.897702920324406e-03 -9.231372193896795e-04 -1.007684403141418e+00
14 12 -1.000284438749548e+00 -1.897562365138941e-03 -9.232785170774075e-04 -1.007684719454983e+00
14 13 -1.000284389539248e+00 -1.897371670097316e-03 -9.234472041096461e-04 -1.007685217596210e+00
14 14 -1.000284318425037e+00 -1.897138028238713e-03 -9.236372439316437e-04 -1.007685878814764e+00
14 15 -1.000284228064563e+00 -1.896870238666146e-03 -9.238419900110267e-04 -1.007686678152057e+00
14 16 -1.000284121880621e+00 -1.896578395244003e-03 -9.240543427249928e-04 -1.007687585333278e+00
14 17 -1.000284003937010e+00 -1.896273528521993e-03 -9.242669058520433e-04 -1.007688565864081e+00
14 18 -1.000283878784794e+00 -1.895967210028415e-03 -9.244721540879336e-04 -1.007689582300278e+00
14 19 -1.000283751284494e+00 -1.895671129840702e-03 -9.246626225875362e-04 -1.007690595650337e+00
14 20 -1.000283626411676e+00 -1.895396660398915e-03 -9.248311267757504e-04 -1.007691566861589e+00
14 21 -1.000283509054653e+00 -1.895154421321426e-03 -9.249710153174405e-04 -1.007692458334644e+00
14 22 -1.000283403813565e+00 -1.894953861229490e-03 -9.250764511951010e-04 -1.007693235407185e+00
14 23 -1.000283314810113e+00 -1.894802873542633e-03 -9.251427066685155e-04 -1.007693867746675e+00
14 24 -1.000283245517158e+00 -1.894707464021928e-03 -9.251664497190806e-04 -1.007694330590030e+00
14 25 -1.000283198616803e+00 -1.894671487818949e-03 -9.251459942832157e-04 -1.007694605769382e+00
14 26 -1.000283175894096e+00 -1.894696471803400e-03 -9.250814851824479e-04 -1.007694682470602e+00
14 27 -1.000283178170965e+00 -1.894781533720227e-03 -9.249749916016285e-04 -1.007694557685740e+00
14 28 -1.000283205282343e+00 -1.894923404304888e-03 -9.248304900836089e-04 -1.007694236337782e+00
14 29 -1.000283256094165e+00 -1.895116553061533e-03 -9.246537282616052e-04 -1.007693731072190e+00
14 30 -1.000283328560988e+00 -1.895353413119122e-03 -9.244519723485945e-04 -1.007693061724956e+00
14 31 -1.000283419819081e+00 -1.895624694929639e-03 -9.242336533074323e-04 -1.007692254493613e+00
15 0 -1.000283505367468e+00 -1.896115201792478e-03 -9.230188755789588e-04 -1.007691108591313e+00
15 1 -1.000283623134753e+00 -1.896422729556251e-03 -9.227956554322272e-04 -1.007690123010883e+00
15 2 -1.000283747611207e+00 -1.896730821516067e-03 -9.225834282958844e-04 -1.007689103845150e+00
15 3 -1.000283874066888e+00 -1.897027565237842e-03 -9.223907438369403e-04 -1.007688090305919e+00
15 4 -1.000283997721431e+00 -1.897301559424638e-03 -9.222251166035696e-04 -1.007687121209435e+00
15 5 -1.000284113915526e+00 -1.897542351146311e-03 -9.220927227020822e-04 -1.007686233506417e+00
15 6 -1.000284218275667e+00 -1.897740825624469e-03 -9.219981923623865e-04 -1.007685460907157e+00
15 7 -1.000284306868043e+00 -1.897889535400256e-03 -9.219445014715375e-04 -1.007684832647734e+00
15 8 -1.000284376337969e+00 -1.897982959514220e-03 -9.219329556372618e-04 -1.007684372435061e+00
15 9 -1.000284424031346e+00 -1.898017686837936e-03 -9.219632527917694e-04 -1.007684097600707e+00
15 10 -1.000284448094616e+00 -1.897992520703809e-03 -9.220336056619419e-04 -1.007684018486519e+00
15 11 -1.000284447549532e+00 -1.897908504537686e-03 -9.221409036439776e-04 -1.007684138078558e+00
15 12 -1.000284422339155e+00 -1.897768870348024e-03 -9.222808943332261e-04 -1.007684451899560e+00
15 13 -1.000284373341934e+00 -1.897578913677941e-03 -9.224483680817347e-04 -1.007684948163587e+00
15 14 -1.000284302351490e+00 -1.897345800066906e-03 -9.226373345173500e-04 -1.007685608189407e+00
15 15 -1.000284212020970e+00 -1.897078309272277e-03 -9.228411871749694e-04 -1.007686407061627e+00
15 16 -1.000284105772236e+00 -1.896786524464395e-03 -9.230528594568040e-04 -1.007687314521575e+00
15 17 -1.000283987671724e+00 -1.896481474446501e-03 -9.232649803217808e-04 -1.007688296063499e+00
15 18 -1.000283862276559e+00 -1.896174738041701e-03 -9.234700407716405e-04 -1.007689314204593e+00
15 19 -1.000283734456534e+00 -1.895878021459519e-03 -9.236605824298743e-04 -1.007690329888732e+00
15 20 -1.000283609199384e+00 -1.895602721513713e-03 -9.238294170356143e-04 -1.007691303974936e+00
15 21 -1.000283491408068e+00 -1.895359489432858e-03 -9.239698799562298e-04 -1.007692198755089e+00
15 22 -1.000283385699252e+00 -1.895157811375426e-03 -9.240761122853551e-04 -1.007692979441990e+00
15 23 -1.000283296212382e+00 -1.895005622808366e-03 -9.241433567208602e-04 -1.007693615566756e+00
15 24 -1.000283226438616e+00 -1.894908974661705e-03 -9.241682446545062e-04 -1.007694082223194e+00
15 25 -1.000283179078318e+00 -1.894871768950168e-03 -9.241490471982135e-04 -1.007694361098291e+00
15 26 -1.000283155934129e+00 -1.894895579458276e-03 -9.240858615880155e-04 -1.007694441235948e+00
15 27 -1.000283157844234e+00 -1.894979569026334e-03 -9.239807068012692e-04 -1.007694319495111e+00
15 28 -1.000283184657800e+00 -1.895120509811844e-03 -9.238375087241789e-04 -1.007694000680058e+00
15 29 -1.000283235252391e+00 -1.895312907483050e-03 -9.236619655400820e-04 -1.007693497336658e+00
15 30 -1.000283307591138e+00 -1.895549224744364e-03 -9.234612965415458e-04 -1.007692829224367e+00
15 31 -1.000283398815477e+00 -1.895820193788737e-03 -9.232438899446909e-04 -1.007692022490693e+00
16 0 -1.000283457364422e+00 -1.896282364652154e-03 -9.221256375621781e-04 -1.007690949812802e+00
16 1 -1.000283575204453e+00 -1.896589877673108e-03 -9.219029619834210e-04 -1.007689963820801e+00
16 2 -1.000283699852800e+00 -1.896898213985124e-03 -9.216910008070854e-04 -1.007688943455359e+00
16 3 -1.000283826572966e+00 -1.897195452081689e-03 -9.214982920484906e-04 -1.007687927974774e+00
16 4 -1.000283950574505e+00 -1.897470171847568e-03 -9.213323500007834e-04 -1.007686956270495e+00
16 5 -1.000284067184759e+00 -1.897711892172601e-03 -9.211993626406769e-04 -1.007686065394988e+00
16 6 -1.000284172014070e+00 -1.897911461792721e-03 -9.211039838375223e-04 -1.007685289182916e+00
16 7 -1.000284261110352e+00 -1.898061390189197e-03 -9.210492233685136e-04 -1.007684657011736e+00
16 8 -1.000284331099328e+00 -1.898156108771801e-03 -9.210364290489075e-04 -1.007684192740483e+00
16 9 -1.000284379306824e+00 -1.898192156150635e-03 -9.210653476624279e-04 -1.007683913857448e+00
16 10 -1.000284403859504e+00 -1.898168284653194e-03 -9.211342458801260e-04 -1.007683830859827e+00
16 11 -1.000284403760364e+00 -1.898085487919036e-03 -9.212400701050344e-04 -1.007683946881736e+00
16 12 -1.000284378935419e+00 -1.897946951360669e-03 -9.213786253565894e-04 -1.007684257581137e+00
16 13 -1.000284330248411e+00 -1.897757928884180e-03 -9.215447571657995e-04 -1.007684751289688e+00
16 14 -1.000284259481178e+00 -1.897525550806618e-03 -9.217325260519888e-04 -1.007685409422135e+00
16 15 -1.000284169278449e+00 -1.897258569271550e-03 -9.219353706958624e-04 -1.007686207134116e+00
16 16 -1.000284063057317e+00 -1.896967048425540e-03 -9.221462624936994e-04 -1.007687114210474e+00
16 17 -1.000283944883215e+00 -1.896662007356365e-03 -9.223578596393886e-04 -1.007688096159852e+00
16 18 -1.000283819316089e+00 -1.896355024854014e-03 -9.225626721922807e-04 -1.007689115484124e+00
16 19 -1.000283691232331e+00 -1.896057816759594e-03 -9.227532500043638e-04 -1.007690133082500e+00
16 20 -1.000283565629842e+00 -1.895781798745576e-03 -9.229224024254384e-04 -1.007691109741556e+00
16 21 -1.000283447424846e+00 -1.895537649287567e-03 -9.230634524184358e-04 -1.007692007655920e+00
16 22 -1.000283341249761e+00 -1.895334889079260e-03 -9.231705191539868e-04 -1.007692791920280e+00
16 23 -1.000283251261674e+00 -1.895181494239393e-03 -9.232388142828902e-04 -1.007693431930959e+00
16 24 -1.000283180970763e+00 -1.895083561237509e-03 -9.232649297742701e-04 -1.007693902634420e+00
16 25 -1.000283133097183e+00 -1.895045041015327e-03 -9.232470904103392e-04 -1.007694185562603e+00
16 26 -1.000283109463356e+00 -1.895067557754616e-03 -9.231853422142532e-04 -1.007694269602779e+00
16 27 -1.000283110926346e+00 -1.895150324036836e-03 -9.230816500966443e-04 -1.007694151462510e+00
16 28 -1.000283137352532e+00 -1.895290159155722e-03 -9.229398847151550e-04 -1.007693835806145e+00
16 29 -1.000283187634435e+00 -1.895481611656758e-03 -9.227656894565324e-04 -1.007693335056213e+00
16 30 -1.000283259747370e+00 -1.895717181270995e-03 -9.225662312397777e-04 -1.007692668870094e+00
16 31 -1.000283350841646e+00 -1.895987629699246e-03 -9.223498507752217e-04 -1.007691863319181e+00
17 0 -1.000283384139162e+00 -1.896414933769745e-03 -9.213625972963311e-04 -1.007690870219575e+00
17 1 -1.000283501966673e+00 -1.896722242893001e-03 -9.211405249633959e-04 -1.007689884425994e+00
17 2 -1.000283626709532e+00 -1.897030644550515e-03 -9.209288770953689e-04 -1.007688863421081e+00
17 3 -1.000283753627693e+00 -1.897328214884572e-03 -9.207361783730121e-04 -1.007687846488522e+00
17 4 -1.000283877923189e+00 -1.897603520925481e-03 -9.205699421953825e-04 -1.007686872576716e+00
17 5 -1.000283994912066e+00 -1.897846058617290e-03 -9.204363681361389e-04 -1.007685978824654e+00
17 6 -1.000284100189998e+00 -1.898046644616023e-03 -9.203401332759080e-04 -1.007685199179640e+00
17 7 -1.000284189787501e+00 -1.898197748635324e-03 -9.202842809636189e-04 -1.007684563152979e+00
17 8 -1.000284260310948e+00 -1.898293756354397e-03 -9.202702017088356e-04 -1.007684094752936e+00
17 9 -1.000284309065636e+00 -1.898331156512048e-03 -9.202976927143127e-04 -1.007683811626402e+00
17 10 -1.000284334157251e+00 -1.898308649321054e-03 -9.203650767949107e-04 -1.007683724432656e+00
17 11 -1.000284334568104e+00 -1.898227176069813e-03 -9.204693595788703e-04 -1.007683836465503e+00
17 12 -1.000284310204612e+00 -1.898089871615650e-03 -9.206064056664065e-04 -1.007684143534328e+00
17 13 -1.000284261912813e+00 -1.897901942982391e-03 -9.207711183130017e-04 -1.007684634108400e+00
17 14 -1.000284191459411e+00 -1.897670478917379e-03 -9.209576121743577e-04 -1.007685289721362e+00
17 15 -1.000284101477112e+00 -1.897404196793771e-03 -9.211593746664700e-04 -1.007686085624780e+00
17 16 -1.000283995374520e+00 -1.897113134180421e-03 -9.213694183430303e-04 -1.007686991672727e+00
17 17 -1.000283877212492e+00 -1.896808292927249e-03 -9.215804329345930e-04 -1.007687973413407e+00
17 18 -1.000283751550547e+00 -1.896501244568085e-03 -9.217849492880698e-04 -1.007688993356876e+00
17 19 -1.000283623268830e+00 -1.896203707728269e-03 -9.219755272194350e-04 -1.007690012379071e+00
17 20 -1.000283497372936e+00 -1.895927110573821e-03 -9.221449755185742e-04 -1.007690991213123e+00
17 21 -1.000283378790329e+00 -1.895682153297083e-03 -9.222866060695554e-04 -1.007691891972139e+00
17 22 -1.000283272167787e+00 -1.895478386911986e-03 -9.223945163063198e-04 -1.007692679643853e+00
17 23 -1.000283181679437e+00 -1.895323825542002e-03 -9.224638859449723e-04 -1.007693323495571e+00
17 24 -1.000283110854610e+00 -1.895224610007041e-03 -9.224912662547428e-04 -1.007693798327082e+00
17 25 -1.000283062434007e+00 -1.895184740246063e-03 -9.224748344947869e-04 -1.007694085511498e+00
17 26 -1.000283038261121e+00 -1.895205892184637e-03 -9.224145840753070e-04 -1.007694173771440e+00
17 27 -1.000283039213752e+00 -1.895287330911408e-03 -9.223124236138956e-04 -1.007694059650694e+00
17 28 -1.000283065177898e+00 -1.895425926976215e-03 -9.221721654242303e-04 -1.007693747657329e+00
17 29 -1.000283115063860e+00 -1.895616276927646e-03 -9.219993947817487e-04 -1.007693250071322e+00
17 30 -1.000283186862229e+00 -1.895850923333091e-03 -9.218012233972913e-04 -1.007692586426909e+00
17 31 -1.000283277735447e+00 -1.896120663837613e-03 -9.215859420472587e-04 -1.007691782696696e+00
18 0 -1.000283288473884e+00 -1.896507905218614e-03 -9.207589658866411e-04 -1.007690872615005e+00
18 1 -1.000283406204377e+00 -1.896814829938162e-03 -9.205375303277150e-04 -1.007689887619983e+00
18 2 -1.000283530961147e+00 -1.897123116381360e-03 -9.203262287912593e-04 -1.007688866557638e+00
18 3 -1.000283658003670e+00 -1.897420845011919e-03 -9.201335720714651e-04 -1.007687848715222e+00
18 4 -1.000283782529206e+00 -1.897696576397141e-03 -9.199670720024578e-04 -1.007686873077981e+00
18 5 -1.000283899844935e+00 -1.897939789674850e-03 -9.198329384623611e-04 -1.007685976853097e+00
18 6 -1.000284005533960e+00 -1.898141275116079e-03 -9.197358701144911e-04 -1.007685194084406e+00
18 7 -1.000284095611039e+00 -1.898293467502132e-03 -9.196789426465440e-04 -1.007684554404142e+00
18 8 -1.000284166664188e+00 -1.898390710391759e-03 -9.196635887429761e-04 -1.007684081961066e+00
18 9 -1.000284215978425e+00 -1.898429444896958e-03 -9.196896558370212e-04 -1.007683794556651e+00
18 10 -1.000284241637982e+00 -1.898408319976812e-03 -9.197555225591106e-04 -1.007683703013090e+00
18 11 -1.000284242603348e+00 -1.898328223983925e-03 -9.198582534165792e-04 -1.007683810789612e+00
18 12 -1.000284218759609e+00 -1.898192239111435e-03 -9.199937728013314e-04 -1.007684113857555e+00
18 13 -1.000284170932787e+00 -1.898005521936290e-03 -9.201570427283310e-04 -1.007684600838652e+00
18 14 -1.000284100871642e+00 -1.897775114879387e-03 -9.203422334194663e-04 -1.007685253403776e+00
18 15 -1.000284011193691e+00 -1.897509694909986e-03 -9.205428822076324e-04 -1.007686046921273e+00
18 16 -1.000283905295737e+00 -1.897219266727558e-03 -9.207520436246346e-04 -1.007686951336977e+00
18 17 -1.000283787230746e+00 -1.896914808129589e-03 -9.209624398995313e-04 -1.007687932262088e+00
18 18 -1.000283661554588e+00 -1.896607876234755e-03 -9.211666242219476e-04 -1.007688952238443e+00
18 19 -1.000283533148059e+00 -1.896310185252239e-03 -9.213571683233800e-04 -1.007689972141604e+00
18 20 -1.000283407021585e+00 -1.896033168992149e-03 -9.215268821090799e-04 -1.007690952672462e+00
18 21 -1.000283288111446e+00 -1.895787543238597e-03 -9.216690673567293e-04 -1.007691855881007e+00
18 22 -1.000283181076966e+00 -1.895582884176402e-03 -9.217778002719524e-04 -1.007692646662675e+00
18 23 -1.000283090108140e+00 -1.895427239857782e-03 -9.218482292293719e-04 -1.007693294166197e+00
18 24 -1.000283018752859e+00 -1.895326792471704e-03 -9.218768656404345e-04 -1.007693773050984e+00
18 25 -1.000282969772279e+00 -1.895285589134756e-03 -9.218618398951319e-04 -1.007694064533611e+00
18 26 -1.000282945031436e+00 -1.895305356994047e-03 -9.218030927349188e-04 -1.007694157170198e+00
18 27 -1.000282945429962e+00 -1.895385414495864e-03 -9.217024757514425e-04 -1.007694047334580e+00
18 28 -1.000282970875152e+00 -1.895522685563492e-03 -9.215637420778904e-04 -1.007693739368318e+00
18 29 -1.000283020297225e+00 -1.895711817924652e-03 -9.213924183786253e-04 -1.007693245395256e+00
18 30 -1.000283091704499e+00 -1.895945401115012e-03 -9.211955607722995e-04 -1.007692584810120e+00
18 31 -1.000283182274311e+00 -1.896214273860008e-03 -9.209814092390303e-04 -1.007691783467716e+00
19 0 -1.000283173991533e+00 -1.896557777232770e-03 -9.203376855841047e-04 -1.007690956836943e+00
19 1 -1.000283291544445e+00 -1.896864152225180e-03 -9.201168952179948e-04 -1.007689973208790e+00
19 2 -1.000283416234177e+00 -1.897172147553984e-03 -9.199059593882210e-04 -1.007688952672402e+00
19 3 -1.000283543322808e+00 -1.897469854656965e-03 -9.197133746488448e-04 -1.007687934496334e+00
19 4 -1.000283668005781e+00 -1.897745834490018e-03 -9.195466499365537e-04 -1.007686957680790e+00
19 5 -1.000283785584216e+00 -1.897989556193803e-03 -9.194120035281056e-04 -1.007686059480223e+00
19 6 -1.000283891631248e+00 -1.898191790246817e-03 -9.193141537323790e-04 -1.007685274015327e+00
19 7 -1.000283982148112e+00 -1.898344942617825e-03 -9.192562067150948e-04 -1.007684631021626e+00
19 8 -1.000284053706134e+00 -1.898443320018997e-03 -9.192396352353459e-04 -1.007684154774098e+00
19 9 -1.000284103571042e+00 -1.898483320032923e-03 -9.192643344139230e-04 -1.007683863218987e+00
19 10 -1.000284129805947e+00 -1.898463543112898e-03 -9.193287360294828e-04 -1.007683767336389e+00
19 11 -1.000284131349238e+00 -1.898384825986564e-03 -9.194299612935943e-04 -1.007683870750662e+00
19 12 -1.000284108063749e+00 -1.898250197985844e-03 -9.195639929889278e-04 -1.007684169599540e+00
19 13 -1.000284060753884e+00 -1.898064763577998e-03 -9.197258508994099e-04 -1.007684652666302e+00
19 14 -1.000283991148302e+00 -1.897835515955083e-03 -9.199097596668698e-04 -1.007685301772065e+00
19 15 -1.000283901846819e+00 -1.897571087774523e-03 -9.201093052145430e-04 -1.007686092417953e+00
19 16 -1.000283796231691e+00 -1.897281445969390e-03 -9.203175832112898e-04 -1.007686994660089e+00
19 17 -1.000283678345005e+00 -1.896977538308643e-03 -9.205273486719971e-04 -1.007687974193756e+00
19 18 -1.000283552735765e+00 -1.896670900622874e-03 -9.207311783901552e-04 -1.007688993615677e+00
19 19 -1.000283424282164e+00 -1.896373235508063e-03 -9.209216574298871e-04 -1.007690013824585e+00
19 20 -1.000283297996444e+00 -1.896095975488736e-03 -9.210915978403104e-04 -1.007690995511321e+00
19 21 -1.000283178821089e+00 -1.895849845491881e-03 -9.212342922581688e-04 -1.007691900682762e+00
19 22 -1.000283071425761e+00 -1.895644440843264e-03 -9.213437972559153e-04 -1.007692694159820e+00
19 23 -1.000282980014484e+00 -1.895487838000932e-03 -9.214152321846377e-04 -1.007693344987946e+00
19 24 -1.000282908152316e+00 -1.895386255871048e-03 -9.214450709478894e-04 -1.007693827698115e+00
19 25 -1.000282858620030e+00 -1.895343785280001e-03 -9.214313988068213e-04 -1.007694123358297e+00
19 26 -1.000282833303943e+00 -1.895362202307858e-03 -9.213741051318828e-04 -1.007694220362153e+00
19 27 -1.000282833125796e+00 -1.895440877510728e-03 -9.212749860219135e-04 -1.007694114914064e+00
19 28 -1.000282858014970e+00 -1.895576788038362e-03 -9.211377374421993e-04 -1.007693811185820e+00
19 29 -1.000282906922905e+00 -1.895764633984737e-03 -9.209678293902007e-04 -1.007693321137602e+00
19 30 -1.000282977877474e+00 -1.895997054452387e-03 -9.207722635917154e-04 -1.007692664012884e+00
19 31 -1.000283068073195e+00 -1.896264933039565e-03 -9.205592296781061e-04 -1.007691865533546e+00
20 0 -1.000283045024657e+00 -1.896562673642093e-03 -9.201145872320914e-04 -1.007691119775435e+00
20 1 -1.000283162326282e+00 -1.896868354504785e-03 -9.198944270103474e-04 -1.007690138030332e+00
20 2 -1.000283286870542e+00 -1.897175893660132e-03 -9.196838634348611e-04 -1.007689118583851e+00
20 3 -1.000283413925112e+00 -1.897473399882621e-03 -9.194913783058904e-04 -1.007688100664181e+00
20 4 -1.000283538686778e+00 -1.897749441551587e-03 -9.193244761744325e-04 -1.007687123263430e+00
20 5 -1.000283656453739e+00 -1.897993485098256e-03 -9.191893819063340e-04 -1.007686223660053e+00
20 6 -1.000283762792114e+00 -1.898196288511513e-03 -9.190908313098471e-04 -1.007685436028938e+00
20 7 -1.000283853692267e+00 -1.898350236085579e-03 -9.190319580286014e-04 -1.007684790187597e+00
20 8 -1.000283925711101e+00 -1.898449604346379e-03 -9.190142708489666e-04 -1.007684310518363e+00
20 9 -1.000283976096833e+00 -1.898490753112971e-03 -9.190377080283827e-04 -1.007684015096966e+00
20 10 -1.000284002892641e+00 -1.898472238872183e-03 -9.191007502256277e-04 -1.007683915050451e+00
20 11 -1.000284005015346e+00 -1.898394849897723e-03 -9.192005716370488e-04 -1.007684014161938e+00
20 12 -1.000283982305363e+00 -1.898261564458431e-03 -9.193332098961542e-04 -1.007684308733789e+00
20 13 -1.000283935544698e+00 -1.898077435370464e-03 -9.194937388224264e-04 -1.007684787713522e+00
20 14 -1.000283866440604e+00 -1.897849405724665e-03 -9.196764337822115e-04 -1.007685433079395e+00
20 15 -1.000283777573439e+00 -1.897586061621816e-03 -9.198749263557380e-04 -1.007686220476190e+00
20 16 -1.000283672308685e+00 -1.897297328562765e-03 -9.200823517061671e-04 -1.007687120085074e+00
20 17 -1.000283554674863e+00 -1.896994119282658e-03 -9.202914971295151e-04 -1.007688097703786e+00
20 18 -1.000283429211089e+00 -1.896687942299779e-03 -9.204949630762348e-04 -1.007689116005026e+00
20 19 -1.000283300789853e+00 -1.896390482013544e-03 -9.206853482424473e-04 -1.007690135933026e+00
20 20 -1.000283174422232e+00 -1.896113162867738e-03 -9.208554676608083e-04 -1.007691118190869e+00
20 21 -1.000283055054106e+00 -1.895866712056532e-03 -9.209986066833726e-04 -1.007692024763962e+00
20 22 -1.000282947362819e+00 -1.895660737188769e-03 -9.211088050975479e-04 -1.007692820419427e+00
20 23 -1.000282855563995e+00 -1.895503336558395e-03 -9.211811564540247e-04 -1.007693474118615e+00
20 24 -1.000282783237811e+00 -1.895400759863356e-03 -9.212121001979769e-04 -1.007693960280768e+00
20 25 -1.000282733183111e+00 -1.895357136546382e-03 -9.211996794665506e-04 -1.007694259838866e+00
20 26 -1.000282707306440e+00 -1.895374287351248e-03 -9.211437357795564e-04 -1.007694361034597e+00
20 27 -1.000282706551034e+00 -1.895451631570454e-03 -9.210460139279066e-04 -1.007694259910092e+00
20 28 -1.000282730868244e+00 -1.895586197420228e-03 -9.209101569305047e-04 -1.007693960470544e+00
20 29 -1.000282779231239e+00 -1.895772736740530e-03 -9.207415816001732e-04 -1.007693474510786e+00
20 30 -1.000282849688622e+00 -1.896003939104291e-03 -9.205472379412154e-04 -1.007692821116588e+00
20 31 -1.000282939453824e+00 -1.896270735082447e-03 -9.203352676954448e-04 -1.007692025866632e+00
21 0 -1.000282906459096e+00 -1.896522409633554e-03 -9.200978371005713e-04 -1.007691355473275e+00
21 1 -1.000283023445118e+00 -1.896827277798501e-03 -9.198782704299039e-04 -1.007690376057332e+00
21 2 -1.000283147770776e+00 -1.897134212534990e-03 -9.196680731148700e-04 -1.007689358224958e+00
21 3 -1.000283274712133e+00 -1.897431345551690e-03 -9.194757122537372e-04 -1.007688341144172e+00
21 4 -1.000283399470492e+00 -1.897707259419255e-03 -9.193086871784581e-04 -1.007687363775932e+00
21 5 -1.000283517344445e+00 -1.897951425451366e-03 -9.191732275488980e-04 -1.007686463397688e+00
21 6 -1.000283623896312e+00 -1.898154597077280e-03 -9.190740835780396e-04 -1.007685674213396e+00
21 7 -1.000283715108597e+00 -1.898309144798139e-03 -9.190144119266215e-04 -1.007685026098585e+00
21 8 -1.000283787526570e+00 -1.898409322564120e-03 -9.189957520290978e-04 -1.007684543520636e+00
21 9 -1.000283838383413e+00 -1.898451459534232e-03 -9.190180796098074e-04 -1.007684244664686e+00
21 10 -1.000283865704336e+00 -1.898434074478932e-03 -9.190799185229156e-04 -1.007684140787961e+00
21 11 -1.000283868385884e+00 -1.898357912321155e-03 -9.191784900698522e-04 -1.007684235819814e+00
21 12 -1.000283846246725e+00 -1.898225904126158e-03 -9.193098805089973e-04 -1.007684526219090e+00
21 13 -1.000283800046623e+00 -1.898043053626035e-03 -9.194692115204240e-04 -1.007685001093593e+00
21 14 -1.000283731471034e+00 -1.897816254870393e-03 -9.196508039004654e-04 -1.007685642579365e+00
21 15 -1.000283643079794e+00 -1.897554046696743e-03 -9.198483310274907e-04 -1.007686426470749e+00
21 16 -1.000283538219850e+00 -1.897266310743201e-03 -9.200549649368519e-04 -1.007687323085004e+00
21 17 -1.000283420903886e+00 -1.896963920953432e-03 -9.202635232440329e-04 -1.007688298337248e+00
21 18 -1.000283295658589e+00 -1.896658353820991e-03 -9.204666286241200e-04 -1.007689314993670e+00
21 19 -1.000283167348029e+00 -1.896361269938997e-03 -9.206568930556885e-04 -1.007690334063710e+00
21 20 -1.000283040979208e+00 -1.896084079121820e-03 -9.208271358406783e-04 -1.007691316284531e+00
21 21 -1.000282921498341e+00 -1.895837503596420e-03 -9.209706377635875e-04 -1.007692223643229e+00
21 22 -1.000282813587424e+00 -1.895631155853180e-03 -9.210814251816698e-04 -1.007693020876161e+00
21 23 -1.000282721470861e+00 -1.895473148816594e-03 -9.211545693599437e-04 -1.007693676882515e+00
21 24 -1.000282648741391e+00 -1.895369755986387e-03 -9.211864792808497e-04 -1.007694165990543e+00
21 25 -1.000282598213647e+00 -1.895325138643200e-03 -9.211751609863665e-04 -1.007694469017644e+00
21 26 -1.000282571812457e+00 -1.895341155954624e-03 -9.211204141074955e-04 -1.007694574070532e+00
21 27 -1.000282570501090e+00 -1.895417270777845e-03 -9.210239382078002e-04 -1.007694477042268e+00
21 28 -1.000282594251999e+00 -1.895550558608076e-03 -9.208893288532833e-04 -1.007694181780083e+00
21 29 -1.000282642059859e+00 -1.895735820599384e-03 -9.207219546257672e-04 -1.007693699917674e+00
21 30 -1.000282711994403e+00 -1.895965795612180e-03 -9.205287186992117e-04 -1.007693050383052e+00
21 31 -1.000282801288943e+00 -1.896231461301409e-03 -9.203177198276531e-04 -1.007692258607280e+00
22 0 -1.000282763556976e+00 -1.896438498559741e-03 -9.202876847822530e-04 -1.007691655308023e+00
22 1 -1.000282880174673e+00 -1.896742465409077e-03 -9.200686551382289e-04 -1.007690678581791e+00
22 2 -1.000283004216553e+00 -1.897048669634595e-03 -9.198588060602860e-04 -1.007689662829178e+00
22 3 -1.000283130969541e+00 -1.897345270486639e-03 -9.196665911372011e-04 -1.007688647140616e+00
22 4 -1.000283255642409e+00 -1.897620870912937e-03 -9.194995041920907e-04 -1.007687670424025e+00
22 5 -1.000283373537432e+00 -1.897864954639583e-03 -9.193637773174126e-04 -1.007686769930610e+00
22 6 -1.000283480216538e+00 -1.898068278766598e-03 -9.192641708507549e-04 -1.007685979866948e+00
22 7 -1.000283571657730e+00 -1.898223208365471e-03 -9.192038590556474e-04 -1.007685330140546e+00
22 8 -1.000283644397869e+00 -1.898323983112851e-03 -9.191844060568732e-04 -1.007684845278642e+00
22 9 -1.000283695658084e+00 -1.898366909684204e-03 -9.192058184633114e-04 -1.007684543551744e+00
22 10 -1.000283723448211e+00 -1.898350476918114e-03 -9.192666557717976e-04 -1.007684436325359e+00
22 11 -1.000283726646631e+00 -1.898275393359612e-03 -9.193641779896140e-04 -1.007684527656516e+00
22 12 -1.000283705051876e+00 -1.898144548690034e-03 -9.194945115447601e-04 -1.007684814145970e+00
22 13 -1.000283659402534e+00 -1.897962901971263e-03 -9.196528184070286e-04 -1.007685285051652e+00
22 14 -1.000283591362647e+00 -1.897737300945110e-03 -9.198334585581175e-04 -1.007685922662419e+00
22 15 -1.000283503471104e+00 -1.897476238058513e-03 -9.200301420640607e-04 -1.007686702923090e+00
22 16 -1.000283399055179e+00 -1.897189550242885e-03 -9.202360734993087e-04 -1.007687596293326e+00
22 17 -1.000283282110106e+00 -1.896888070454375e-03 -9.204440972981774e-04 -1.007688568815951e+00
22 18 -1.000283157148200e+00 -1.896583239789708e-03 -9.206468562337587e-04 -1.007689583364136e+00
22 19 -1.000283029022752e+00 -1.896286690349067e-03 -9.208369753072301e-04 -1.007690601029509e+00
22 20 -1.000282902733860e+00 -1.896009811256662e-03 -9.210072795793317e-04 -1.007691582603976e+00
22 21 -1.000282783224927e+00 -1.895763312698585e-03 -9.211510478852381e-04 -1.007692490099617e+00
22 22 -1.000282675179403e+00 -1.895556804493161e-03 -9.212622964893885e-04 -1.007693288246276e+00
22 23 -1.000282582827351e+00 -1.895398406389663e-03 -9.213360786778417e-04 -1.007693945905431e+00
22 24 -1.000282509771006e+00 -1.895294407592741e-03 -9.213687787076713e-04 -1.007694437339055e+00
22 25 -1.000282458837793e+00 -1.895248993036057e-03 -9.213583725398928e-04 -1.007694743273288e+00
22 26 -1.000282431968128e+00 -1.895264052658435e-03 -9.213046253394957e-04 -1.007694851701950e+00
22 27 -1.000282430143158e+00 -1.895339086319959e-03 -9.212091985293198e-04 -1.007694758387212e+00
22 28 -1.000282453354900e+00 -1.895471211380227e-03 -9.210756470564112e-04 -1.007694467032459e+00
22 29 -1.000282500618524e+00 -1.895655273854933e-03 -9.209092983694100e-04 -1.007693989120826e+00
22 30 -1.000282570024393e+00 -1.895884058542357e-03 -9.207170161151007e-04 -1.007693343429213e+00
22 31 -1.000282658825806e+00 -1.896148588419155e-03 -9.205068626577848e-04 -1.007692555242558e+00
23 0 -1.000282621764182e+00 -1.896314099399641e-03 -9.206765124824353e-04 -1.007692008256186e+00
23 1 -1.000282737974365e+00 -1.896617109486974e-03 -9.204579454192615e-04 -1.007691034481581e+00
23 2 -1.000282861677644e+00 -1.896922483752680e-03 -9.202484159760855e-04 -1.007690021198959e+00
23 3 -1.000282988173903e+00 -1.897218412719137e-03 -9.200563660007700e-04 -1.007689007406026e+00
23 4 -1.000283112682008e+00 -1.897493525158324e-03 -9.198892833126285e-04 -1.007688031937835e+00
23 5 -1.000283230511010e+00 -1.897737324120189e-03 -9.197533995671347e-04 -1.007687131995745e+00
23 6 -1.000283337225887e+00 -1.897940578336287e-03 -9.196534805911877e-04 -1.007686341762779e+00
23 7 -1.000283428803744e+00 -1.898095656063058e-03 -9.195927125270725e-04 -1.007685691150846e+00
23 8 -1.000283501776578e+00 -1.898196791683742e-03 -9.195726774690638e-04 -1.007685204719138e+00
23 9 -1.000283553356841e+00 -1.898240278506420e-03 -9.195934048398720e-04 -1.007684900796170e+00
23 10 -1.000283581542166e+00 -1.898224584417961e-03 -9.196534803295903e-04 -1.007684790829699e+00
23 11 -1.000283585195677e+00 -1.898150390039880e-03 -9.197501925792518e-04 -1.007684878980619e+00
23 12 -1.000283564098253e+00 -1.898020551106290e-03 -9.198796985970997e-04 -1.007685161971262e+00
23 13 -1.000283518969119e+00 -1.897839987978336e-03 -9.200371921460194e-04 -1.007685629194148e+00
23 14 -1.000283451451937e+00 -1.897615506370961e-03 -9.202170648410047e-04 -1.007686263080973e+00
23 15 -1.000283364064961e+00 -1.897355554968087e-03 -9.204130565334391e-04 -1.007687039722445e+00
23 16 -1.000283260115526e+00 -1.897069927066895e-03 -9.206183983536965e-04 -1.007687929720913e+00
23 17 -1.000283143580598e+00 -1.896769414122086e-03 -9.208259572430734e-04 -1.007688899251878e+00
23 18 -1.000283018956671e+00 -1.896465419631460e-03 -9.210283939017118e-04 -1.007689911305319e+00
23 19 -1.000282891084172e+00 -1.896169543361490e-03 -9.212183460415359e-04 -1.007690927069582e+00
23 20 -1.000282764953689e+00 -1.895893148516348e-03 -9.213886454349704e-04 -1.007691907409841e+00
23 21 -1.000282645502865e+00 -1.895646926859477e-03 -9.215325710730145e-04 -1.007692814384893e+00
23 22 -1.000282537413394e+00 -1.895440478078710e-03 -9.216441328777759e-04 -1.007693612742641e+00
23 23 -1.000282444917555e+00 -1.895281920307520e-03 -9.217183719198922e-04 -1.007694271333820e+00
23 24 -1.000282371623486e+00 -1.895177549428084e-03 -9.217516550817491e-04 -1.007694764382279e+00
23 25 -1.000282320367914e+00 -1.895131565050162e-03 -9.217419362206110e-04 -1.007695072550375e+00
23 26 -1.000282293103676e+00 -1.895145879439738e-03 -9.216889540367389e-04 -1.007695183744364e+00
23 27 -1.000282290827074e+00 -1.895220021641811e-03 -9.215943400239371e-04 -1.007695093618275e+00
23 28 -1.000282313547386e+00 -1.895351143641227e-03 -9.214616173471083e-04 -1.007694805751799e+00
23 29 -1.000282360298394e+00 -1.895534129876905e-03 -9.212960815697648e-04 -1.007694331494463e+00
23 30 -1.000282429189734e+00 -1.895761805972752e-03 -9.211045655246564e-04 -1.007693689484519e+00
23 31 -1.000282517494022e+00 -1.896025236899566e-03 -9.208951024528528e-04 -1.007692904867639e+00
24 0 -1.000282486508178e+00 -1.896153905606732e-03 -9.212491762024451e-04 -1.007692401240418e+00
24 1 -1.000282602286767e+00 -1.896455938847751e-03 -9.210309823275297e-04 -1.007691430570315e+00
24 2 -1.000282725609051e+00 -1.896760414099714e-03 -9.208217350684110e-04 -1.007690420057460e+00
24 3 -1.000282851789565e+00 -1.897055556024133e-03 -9.206298660118894e-04 -1.007689408594362e+00
24 4 -1.000282976059544e+00 -1.897330023722552e-03 -9.204628561441495e-04 -1.007688434926178e+00
24 5 -1.000283093737608e+00 -1.897573345450998e-03 -9.203269340713707e-04 -1.007687536183574e+00
24 6 -1.000283200395060e+00 -1.897776308852807e-03 -9.202268668911209e-04 -1.007686746501285e+00
24 7 -1.000283292011725e+00 -1.897931293983829e-03 -9.201658465400886e-04 -1.007686095767497e+00
24 8 -1.000283365118504e+00 -1.898032539454350e-03 -9.201454649854007e-04 -1.007685608543408e+00
24 9 -1.000283416922946e+00 -1.898076335054819e-03 -9.201657647637779e-04 -1.007685303185478e+00
24 10 -1.000283445414188e+00 -1.898061137494960e-03 -9.202253472767689e-04 -1.007685191194436e+00
24 11 -1.000283449443632e+00 -1.897987608875685e-03 -9.203215192835090e-04 -1.007685276807308e+00
24 12 -1.000283428777597e+00 -1.897858579589428e-03 -9.204504581836599e-04 -1.007685556843256e+00
24 13 -1.000283384118377e+00 -1.897678938637689e-03 -9.206073797298867e-04 -1.007686020809240e+00
24 14 -1.000283317091008e+00 -1.897455455583126e-03 -9.207866978606854e-04 -1.007686651264677e+00
24 15 -1.000283230194314e+00 -1.897196539795528e-03 -9.209821738441842e-04 -1.007687424435612e+00
24 16 -1.000283126716327e+00 -1.896911943869107e-03 -9.211870586384505e-04 -1.007688311061139e+00
24 17 -1.000283010615631e+00 -1.896612418830355e-03 -9.213942370838664e-04 -1.007689277449167e+00
24 18 -1.000282886371908e+00 -1.896309329596916e-03 -9.215963852072814e-04 -1.007690286712559e+00
24 19 -1.000282758811006e+00 -1.896014240814796e-03 -9.217861523810090e-04 -1.007691300147921e+00
24 20 -1.000282632911807e+00 -1.895738485554853e-03 -9.219563774718057e-04 -1.007692278709387e+00
24 21 -1.000282513603551e+00 -1.895492731541784e-03 -9.221003419257345e-04 -1.007693184522138e+00
24 22 -1.000282405562999e+00 -1.895286561112448e-03 -9.222120540046690e-04 -1.007693982376363e+00
24 23 -1.000282313020956e+00 -1.895128082145796e-03 -9.222865493038905e-04 -1.007694641140250e+00
24 24 -1.000282239587585e+00 -1.895023587886813e-03 -9.223201851501834e-04 -1.007695135029341e+00
24 25 -1.000282188105166e+00 -1.894977283335537e-03 -9.223109015318182e-04 -1.007695444671399e+00
24 26 -1.000282160535469e+00 -1.894991093964184e-03 -9.222584195370154e-04 -1.007695557913163e+00
24 27 -1.000282157886641e+00 -1.895064568898962e-03 -9.221643506376844e-04 -1.007695470327755e+00
24 28 -1.000282180182120e+00 -1.895194885892649e-03 -9.220321968638591e-04 -1.007695185396877e+00
24 29 -1.000282226471614e+00 -1.895376959877550e-03 -9.218672322059693e-04 -1.007694714358693e+00
24 30 -1.000282294881978e+00 -1.895603650872330e-03 -9.216762677940018e-04 -1.007694075730060e+00
24 31 -1.000282382703820e+00 -1.895866061037756e-03 -9.214673156376992e-04 -1.007693294529300e+00
25 0 -1.000282362992760e+00 -1.895963977926730e-03 -9.219836190423301e-04 -1.007692819558138e+00
25 1 -1.000282478331838e+00 -1.896265050710815e-03 -9.217656972998569e-04 -1.007691852029206e+00
25 2 -1.000282601244891e+00 -1.896568591335154e-03 -9.215566868357088e-04 -1.007690844482673e+00
25 3 -1.000282727062290e+00 -1.896862860236574e-03 -9.213650103278250e-04 -1.007689835697331e+00
25 4 -1.000282851029495e+00 -1.897136550130616e-03 -9.211981414500154e-04 -1.007688864314950e+00
25 5 -1.000282968477132e+00 -1.897379219315105e-03 -9.210623037303354e-04 -1.007687967377405e+00
25 6 -1.000283074985793e+00 -1.897581680909436e-03 -9.209622614219257e-04 -1.007687178948232e+00
25 7 -1.000283166541488e+00 -1.897736335042660e-03 -9.209012054654681e-04 -1.007686528864550e+00
25 8 -1.000283239677891e+00 -1.897837434074679e-03 -9.208807285424167e-04 -1.007686041659210e+00
25 9 -1.000283291601738e+00 -1.897881274400926e-03 -9.209008759097941e-04 -1.007685735684940e+00
25 10 -1.000283320297787e+00 -1.897866311777319e-03 -9.209602540371711e-04 -1.007685622463801e+00
25 11 -1.000283324609627e+00 -1.897793199773978e-03 -9.210561770849812e-04 -1.007685706278556e+00
25 12 -1.000283304292526e+00 -1.897664752869672e-03 -9.211848318051046e-04 -1.007685984017359e+00
25 13 -1.000283260034895e+00 -1.897485837242066e-03 -9.213414447458781e-04 -1.007686445277306e+00
25 14 -1.000283193445726e+00 -1.897263193707767e-03 -9.215204416498042e-04 -1.007687072725127e+00
25 15 -1.000283107006471e+00 -1.897005198405506e-03 -9.217155962746043e-04 -1.007687842705930e+00
25 16 -1.000283003987215e+00 -1.896721567700613e-03 -9.219201724309914e-04 -1.007688726084301e+00
25 17 -1.000282888328633e+00 -1.896423014736815e-03 -9.221270676442281e-04 -1.007689689295497e+00
25 18 -1.000282764493206e+00 -1.896120866345061e-03 -9.223289696348506e-04 -1.007690695576774e+00
25 19 -1.000282637291093e+00 -1.895826650615880e-03 -9.225185376395582e-04 -1.007691706340454e+00
25 20 -1.000282511687721e+00 -1.895551667264358e-03 -9.226886181641197e-04 -1.007692682642344e+00
25 21 -1.000282392601522e+00 -1.895306554978360e-03 -9.228324981767828e-04 -1.007693586691923e+00
25 22 -1.000282284701220e+00 -1.895100872042117e-03 -9.229441894315406e-04 -1.007694383344688e+00
25 23 -1.000282192212534e+00 -1.894942708029778e-03 -9.230187285765962e-04 -1.007695041513304e+00
25 24 -1.000282118743820e+00 -1.894838344643377e-03 -9.230524709443922e-04 -1.007695535434296e+00
25 25 -1.000282067139047e+00 -1.894791982805983e-03 -9.230433514573520e-04 -1.007695845731226e+00
25 26 -1.000282039365018e+00 -1.894805551255474e-03 -9.229910838513560e-04 -1.007695960222400e+00
25 27 -1.000282036437822e+00 -1.894878609031696e-03 -9.228972708517265e-04 -1.007695874431141e+00
25 28 -1.000282058391344e+00 -1.895008349843189e-03 -9.227654046219615e-04 -1.007695591770643e+00
25 29 -1.000282104287964e+00 -1.895189710263164e-03 -9.226007480371041e-04 -1.007695123393737e+00
25 30 -1.000282172269128e+00 -1.895415577080906e-03 -9.224101001389744e-04 -1.007694487717545e+00
25 31 -1.000282259641445e+00 -1.895677083317161e-03 -9.222014607805721e-04 -1.007693709649975e+00
26 0 -1.000282255997118e+00 -1.895751525874513e-03 -9.228517273352559e-04 -1.007693247385830e+00
26 1 -1.000282370905405e+00 -1.896051691034520e-03 -9.226339677135197e-04 -1.007692282915320e+00
26 2 -1.000282493396458e+00 -1.896354296845581e-03 -9.224251409516003e-04 -1.007691278419168e+00
26 3 -1.000282618817010e+00 -1.896647639507846e-03 -9.222336629291185e-04 -1.007690272559065e+00
26 4 -1.000282742428039e+00 -1.896920447265112e-03 -9.220670002570971e-04 -1.007689303863954e+00
26 5 -1.000282859574185e+00 -1.897162312401543e-03 -9.219313693479929e-04 -1.007688409271432e+00
26 6 -1.000282965847989e+00 -1.897364079401959e-03 -9.218315269066758e-04 -1.007687622752923e+00
26 7 -1.000283057244905e+00 -1.897518176007049e-03 -9.217706556930997e-04 -1.007686974069103e+00
26 8 -1.000283130305163e+00 -1.897618877168645e-03 -9.217503401474505e-04 -1.007686487695509e+00
26 9 -1.000283182238840e+00 -1.897662495689044e-03 -9.217706182387557e-04 -1.007686181949548e+00
26 10 -1.000283211030586e+00 -1.897647496705075e-03 -9.218300907585400e-04 -1.007686068341884e+00
26 11 -1.000283215520314e+00 -1.897574535634838e-03 -9.219260678176405e-04 -1.007686151168919e+00
26 12 -1.000283195456160e+00 -1.897446421075523e-03 -9.220547335975740e-04 -1.007686427357546e+00
26 13 -1.000283151516309e+00 -1.897268005823042e-03 -9.222113137432318e-04 -1.007686886567078e+00
26 14 -1.000283085297000e+00 -1.897046010545999e-03 -9.223902351781736e-04 -1.007687511546537e+00
26 15 -1.000282999265020e+00 -1.896788785528650e-03 -9.225852750661288e-04 -1.007688278739120e+00
26 16 -1.000282896674424e+00 -1.896506016686806e-03 -9.227897024772541e-04 -1.007689159119251e+00
26 17 -1.000282781449095e+00 -1.896208383251997e-03 -9.229964214511260e-04 -1.007690119239832e+00
26 18 -1.000282658034675e+00 -1.895907176022274e-03 -9.231981270669997e-04 -1.007691122458906e+00
26 19 -1.000282531225194e+00 -1.895613886518706e-03 -9.233874866228407e-04 -1.007692130307321e+00
26 20 -1.000282405971309e+00 -1.895339778910337e-03 -9.235573552369739e-04 -1.007693103952069e+00
26 21 -1.000282287178457e+00 -1.895095458657514e-03 -9.237010286001942e-04 -1.007694005702653e+00
26 22 -1.000282179504498e+00 -1.894890454237195e-03 -9.238125266103302e-04 -1.007694800500436e+00
26 23 -1.000282087166834e+00 -1.894732829926608e-03 -9.238868929014863e-04 -1.007695457326774e+00
26 24 -1.000282013768416e+00 -1.894628847647411e-03 -9.239204884958902e-04 -1.007695950466838e+00
26 25 -1.000281962150913e+00 -1.894582694714563e-03 -9.239112529527931e-04 -1.007696260571073e+00
26 26 -1.000281934281863e+00 -1.894596292666951e-03 -9.238589037792895e-04 -1.007696375462745e+00
26 27 -1.000281931180982e+00 -1.894669199800572e-03 -9.237650463980888e-04 -1.007696290648853e+00
26 28 -1.000281952888547e+00 -1.894798615561090e-03 -9.236331741887868e-04 -1.007696009505719e+00
26 29 -1.000281998475973e+00 -1.894979488617212e-03 -9.234685496886696e-04 -1.007695543129778e+00
26 30 -1.000282066096107e+00 -1.895204723764402e-03 -9.232779704846737e-04 -1.007694909864115e+00
26 31 -1.000282153068917e+00 -1.895465477265168e-03 -9.230694343078796e-04 -1.007694134527559e+00
27 0 -1.000282169687159e+00 -1.895524644292498e-03 -9.238203942863771e-04 -1.007693668348631e+00
27 1 -1.000282284189903e+00 -1.895823989705897e-03 -9.236026802751997e-04 -1.007692706735829e+00
27 2 -1.000282406262385e+00 -1.896125696423580e-03 -9.233939771518232e-04 -1.007691705257027e+00
27 3 -1.000282531267485e+00 -1.896418094757861e-03 -9.232026970289133e-04 -1.007690702458612e+00
27 4 -1.000282654482333e+00 -1.896689949082372e-03 -9.230362999352487e-04 -1.007689736751513e+00
27 5 -1.000282771267104e+00 -1.896930888628877e-03 -9.229009926457683e-04 -1.007688844956802e+00
27 6 -1.000282877228634e+00 -1.897131794202158e-03 -9.228015192739916e-04 -1.007688060935653e+00
27 7 -1.000282968374816e+00 -1.897285127630759e-03 -9.227410477059506e-04 -1.007687414349653e+00
27 8 -1.000283041255945e+00 -1.897385194246854e-03 -9.227211461763882e-04 -1.007686929590554e+00
27 9 -1.000283093089360e+00 -1.897428332292308e-03 -9.227418359117579e-04 -1.007686624910593e+00
27 10 -1.000283121863797e+00 -1.897413026283525e-03 -9.228017009808089e-04 -1.007686511776924e+00
27 11 -1.000283126419819e+00 -1.897339943922767e-03 -9.228980354029107e-04 -1.007686594466818e+00
27 12 -1.000283106502722e+00 -1.897211898303540e-03 -9.230270087768224e-04 -1.007686869913764e+00
27 13 -1.000283062784588e+00 -1.897033738848287e-03 -9.231838346090231e-04 -1.007687327808610e+00
27 14 -1.000282996852647e+00 -1.896812175439868e-03 -9.233629306978778e-04 -1.007687950954381e+00
27 15 -1.000282911162183e+00 -1.896555540846833e-03 -9.235580681527713e-04 -1.007688715867838e+00
27 16 -1.000282808953735e+00 -1.896273497471352e-03 -9.237625129257834e-04 -1.007689593613594e+00
27 17 -1.000282694136216e+00 -1.895976695907735e-03 -9.239691689536017e-04 -1.007690550847965e+00
27 18 -1.000282571139491e+00 -1.895676394331912e-03 -9.241707345064090e-04 -1.007691551041445e+00
27 19 -1.000282444741619e+00 -1.895384049017514e-03 -9.243598833943104e-04 -1.007692555841730e+00
27 20 -1.000282319877631e+00 -1.895110887721732e-03 -9.245294799919377e-04 -1.007693526532468e+00
27 21 -1.000282201438259e+00 -1.894867479822525e-03 -9.246728310275250e-04 -1.007694425535118e+00
27 22 -1.000282094068183e+00 -1.894663319488659e-03 -9.247839684794623e-04 -1.007695217893923e+00
27 23 -1.000282001973653e+00 -1.894506439692275e-03 -9.248579489283186e-04 -1.007695872680304e+00
27 24 -1.000281928748813e+00 -1.894403074963717e-03 -9.248911472764419e-04 -1.007696364254043e+00
27 25 -1.000281877229016e+00 -1.894357389859308e-03 -9.248815176273126e-04 -1.007696673322917e+00
27 26 -1.000281849378137e+00 -1.894371288526505e-03 -9.248287919413612e-04 -1.007696787748553e+00
27 27 -1.000281846215076e+00 -1.894444317965673e-03 -9.247345892146917e-04 -1.007696703055708e+00
27 28 -1.000281867782263e+00 -1.894573672894904e-03 -9.246024151754243e-04 -1.007696422616946e+00
27 29 -1.000281913156155e+00 -1.894754303912033e-03 -9.244375434942358e-04 -1.007695957503680e+00
27 30 -1.000281980497328e+00 -1.894979124280761e-03 -9.242467815126902e-04 -1.007695326013607e+00
27 31 -1.000282067135951e+00 -1.895239305143287e-03 -9.240381347165575e-04 -1.007694552900850e+00
28 0 -1.000282107447144e+00 -1.895292012888484e-03 -9.248527531091936e-04 -1.007694066139543e+00
28 1 -1.000282221585380e+00 -1.895590658478179e-03 -9.246349649712784e-04 -1.007693107072334e+00
28 2 -1.000282343258932e+00 -1.895891536599231e-03 -9.244263201450289e-04 -1.007692108461169e+00
28 3 -1.000282467845943e+00 -1.896183008764355e-03 -9.242352300539202e-04 -1.007691108743272e+00
28 4 -1.000282590639712e+00 -1.896453874832693e-03 -9.240691483655030e-04 -1.007690146210680e+00
28 5 -1.000282707016929e+00 -1.896693802573437e-03 -9.239342697852877e-04 -1.007689257560103e+00
28 6 -1.000282812600588e+00 -1.896893712650190e-03 -9.238353215086789e-04 -1.007688476528435e+00
28 7 -1.000282903413588e+00 -1.897046106178642e-03 -9.237754507966212e-04 -1.007687832658981e+00
28 8 -1.000282976019396e+00 -1.897145325557842e-03 -9.237562023294902e-04 -1.007687350236225e+00
28 9 -1.000283027646183e+00 -1.897187742503597e-03 -9.237775713595071e-04 -1.007687047420167e+00
28 10 -1.000283056290776e+00 -1.897171870065627e-03 -9.238381144423658e-04 -1.007686935604494e+00
28 11 -1.000283060798731e+00 -1.897098398161816e-03 -9.239350980957621e-04 -1.007687019015349e+00
28 12 -1.000283040916986e+00 -1.896970154690725e-03 -9.240646661604214e-04 -1.007687294559949e+00
28 13 -1.000282997315867e+00 -1.896791995975521e-03 -9.242220093075869e-04 -1.007687751928309e+00
28 14 -1.000282931577621e+00 -1.896570630945673e-03 -9.244015258920981e-04 -1.007688373947055e+00
28 15 -1.000282846149634e+00 -1.896314383851928e-03 -9.245969712625316e-04 -1.007689137179288e+00
28 16 -1.000282744262013e+00 -1.896032901384753e-03 -9.248015999286037e-04 -1.007690012756728e+00
28 17 -1.000282629811137e+00 -1.895736811796985e-03 -9.250083095496677e-04 -1.007690967420999e+00
28 18 -1.000282507212699e+00 -1.895437345200157e-03 -9.252097977075187e-04 -1.007691964742678e+00
28 19 -1.000282381229469e+00 -1.895145925307386e-03 -9.253987427265577e-04 -1.007692966480245e+00
28 20 -1.000282256780657e+00 -1.894873744225448e-03 -9.255680178189017e-04 -1.007693934034434e+00
28 21 -1.000282138741304e+00 -1.894631334053094e-03 -9.257109421772702e-04 -1.007694829945466e+00
28 22 -1.000282031741161e+00 -1.894428151470177e-03 -9.258215636534670e-04 -1.007695619373412e+00
28 23 -1.000281939972817e+00 -1.894272193033662e-03 -9.258949579950265e-04 -1.007696271498496e+00
28 24 -1.000281867018373e+00 -1.894169659055211e-03 -9.259275219950851e-04 -1.007696760779031e+00
28 25 -1.000281815703072e+00 -1.894124683117683e-03 -9.259172332962402e-04 -1.007697068008294e+00
28 26 -1.000281787982972e+00 -1.894139142697119e-03 -9.258638479821755e-04 -1.007697181117569e+00
28 27 -1.000281784871835e+00 -1.894212563431428e-03 -9.257690091427222e-04 -1.007697095682598e+00
28 28 -1.000281806409863e+00 -1.894342124810094e-03 -9.256362462086938e-04 -1.007696815105998e+00
28 29 -1.000281851674273e+00 -1.894522768946754e-03 -9.254708554690545e-04 -1.007696350466916e+00
28 30 -1.000281918829397e+00 -1.894747407817075e-03 -9.252796645845596e-04 -1.007695720047775e+00
28 31 -1.000282005212128e+00 -1.895007218716033e-03 -9.250706958427513e-04 -1.007694948564357e+00
29 0 -1.000282071739333e+00 -1.895062568440885e-03 -9.259095392956859e-04 -1.007694425166364e+00
29 1 -1.000282185568414e+00 -1.895360661676630e-03 -9.256915582927337e-04 -1.007693468232714e+00
29 2 -1.000282306878184e+00 -1.895660814002081e-03 -9.254829030369769e-04 -1.007692472227779e+00
29 3 -1.000282431060651e+00 -1.895951414247039e-03 -9.252919867479070e-04 -1.007691475489435e+00
29 4 -1.000282553424756e+00 -1.896221295796581e-03 -9.251262570561190e-04 -1.007690516194353e+00
29 5 -1.000282669364056e+00 -1.896460164868118e-03 -9.249918951942581e-04 -1.007689630912222e+00
29 6 -1.000282774518866e+00 -1.896658983792587e-03 -9.248936083487456e-04 -1.007688853246859e+00
29 7 -1.000282864929028e+00 -1.896810296698555e-03 -9.248345180624323e-04 -1.007688212608588e+00
29 8 -1.000282937173803e+00 -1.896908488512265e-03 -9.248161382948126e-04 -1.007687733154859e+00
29 9 -1.000282988495425e+00 -1.896949971266037e-03 -9.248384296210487e-04 -1.007687432929728e+00
29 10 -1.000283016902537e+00 -1.896933294484033e-03 -9.248999116416909e-04 -1.007687323226515e+00
29 11 -1.000283021249798e+00 -1.896859179222318e-03 -9.249978136247352e-04 -1.007687408190511e+00
29 12 -1.000283001290142e+00 -1.896730477942258e-03 -9.251282435548186e-04 -1.007687684670722e+00
29 13 -1.000282957696550e+00 -1.896552064061443e-03 -9.252863588288839e-04 -1.007688142323587e+00
29 14 -1.000282892050572e+00 -1.896330655582641e-03 -9.254665281372228e-04 -1.007688763967634e+00
29 15 -1.000282806795680e+00 -1.896074577547936e-03 -9.256624819938124e-04 -1.007689526183226e+00
29 16 -1.000282705155041e+00 -1.895793469193948e-03 -9.258674561636243e-04 -1.007690400143773e+00
29 17 -1.000282591015330e+00 -1.895497943469125e-03 -9.260743364339162e-04 -1.007691352655152e+00
29 18 -1.000282468780144e+00 -1.895199208097205e-03 -9.262758154215569e-04 -1.007692347371906e+00
29 19 -1.000282343198274e+00 -1.894908658362515e-03 -9.264645729810944e-04 -1.007693346152618e+00
29 20 -1.000282219173670e+00 -1.894637453072638e-03 -9.266334900204187e-04 -1.007694310510344e+00
29 21 -1.000282101565408e+00 -1.894396087377209e-03 -9.267758995039450e-04 -1.007695203105771e+00
29 22 -1.000281994987106e+00 -1.894193978647969e-03 -9.268858689186995e-04 -1.007695989223353e+00
29 23 -1.000281903615568e+00 -1.894039083164387e-03 -9.269584987632862e-04 -1.007696638167233e+00
29 24 -1.000281831017991e+00 -1.893937561424010e-03 -9.269902144771343e-04 -1.007697124514894e+00
29 25 -1.000281780006134e+00 -1.893893509025288e-03 -9.269790250400910e-04 -1.007697429170076e+00
29 26 -1.000281752524488e+00 -1.893908768541052e-03 -9.269247197174640e-04 -1.007697540162137e+00
29 27 -1.000281749577564e+00 -1.893982834984289e-03 -9.268289759153884e-04 -1.007697453148936e+00
29 28 -1.000281771198991e+00 -1.894112862709942e-03 -9.266953574320840e-04 -1.007697171595749e+00
29 29 -1.000281816462410e+00 -1.894293775348675e-03 -9.265291933798207e-04 -1.007696706621807e+00
29 30 -1.000281883531829e+00 -1.894518473944958e-03 -9.263373410723410e-04 -1.007696076524873e+00
29 31 -1.000281969747165e+00 -1.894778132865489e-03 -9.261278482060414e-04 -1.007695306010508e+00
30 0 -1.000282063998513e+00 -1.894845161469086e-03 -9.269505379860617e-04 -1.007694731198204e+00
30 1 -1.000282177585977e+00 -1.895142871811536e-03 -9.267322505761937e-04 -1.007693775901642e+00
30 2 -1.000282298581340e+00 -1.895442429854329e-03 -9.265235143068889e-04 -1.007692782138983e+00
30 3 -1.000282422388639e+00 -1.895732246906986e-03 -9.263327464979352e-04 -1.007691788162049e+00
30 4 -1.000282544331388e+00 -1.896001186552378e-03 -9.261673897873059e-04 -1.007690832040086e+00
30 5 -1.000282659819647e+00 -1.896238991732882e-03 -9.260336115901551e-04 -1.007689950218302e+00
30 6 -1.000282764511426e+00 -1.896436666519890e-03 -9.259360967787451e-04 -1.007689176164301e+00
30 7 -1.000282854464707e+00 -1.896586800061484e-03 -9.258779366219291e-04 -1.007688539146311e+00
30 8 -1.000282926276615e+00 -1.896683823649444e-03 -9.258606080337887e-04 -1.007688063179911e+00
30 9 -1.000282977206228e+00 -1.896724194984235e-03 -9.258840297159469e-04 -1.007687766173612e+00
30 10 -1.000283005277304e+00 -1.896706506641889e-03 -9.259466767320856e-04 -1.007687659297037e+00
30 11 -1.000283009357297e+00 -1.896631518534474e-03 -9.260457329074055e-04 -1.007687746588042e+00
30 12 -1.000282989209200e+00 -1.896502116499583e-03 -9.261772612517452e-04 -1.007688024807846e+00
30 13 -1.000282945513011e+00 -1.896323200636772e-03 -9.263363762479046e-04 -1.007688483547728e+00
30 14 -1.000282879854000e+00 -1.896101507743561e-03 -9.265174078365556e-04 -1.007689105586451e+00
30 15 -1.000282794675877e+00 -1.895845372889574e-03 -9.267140540045168e-04 -1.007689867491885e+00
30 16 -1.000282693198545e+00 -1.895564436329982e-03 -9.269195254036465e-04 -1.007690740452355e+00
30 17 -1.000282579302118e+00 -1.895269303385950e-03 -9.271266903531119e-04 -1.007691691314484e+00
30 18 -1.000282457380694e+00 -1.894971166129407e-03 -9.273282316395483e-04 -1.007692683797003e+00
30 19 -1.000282332171059e+00 -1.894681396804056e-03 -9.275168272867962e-04 -1.007693679843578e+00
30 20 -1.000282208563093e+00 -1.894411124526441e-03 -9.276853648600189e-04 -1.007694641070419e+00
30 21 -1.000282091400197e+00 -1.894170809143259e-03 -9.278271923767776e-04 -1.007695530255910e+00
30 22 -1.000281985279224e+00 -1.893969828444127e-03 -9.279363998587002e-04 -1.007696312812539e+00
30 23 -1.000281894359703e+00 -1.893816096287600e-03 -9.280081165695600e-04 -1.007696958178348e+00
30 24 -1.000281822191694e+00 -1.893715729351395e-03 -9.280388019153170e-04 -1.007697441066033e+00
30 25 -1.000281771570610e+00 -1.893672779515132e-03 -9.280265032160186e-04 -1.007697742511064e+00
30 26 -1.000281744425989e+00 -1.893689047350104e-03 -9.279710513660381e-04 -1.007697850666031e+00
30 27 -1.000281741749324e+00 -1.893763989227658e-03 -9.278741670891775e-04 -1.007697761298612e+00
30 28 -1.000281763563646e+00 -1.893894725733603e-03 -9.277394573266675e-04 -1.007697477966104e+00
30 29 -1.000281808934906e+00 -1.894076152902147e-03 -9.275722924884426e-04 -1.007697011858216e+00
30 30 -1.000281876022717e+00 -1.894301151428605e-03 -9.273795680459891e-04 -1.007696381318614e+00
30 31 -1.000281962166089e+00 -1.894560883400081e-03 -9.271693655872307e-04 -1.007695611072131e+00
31 0 -1.000282084567186e+00 -1.894648210869956e-03 -9.279360691534073e-04 -1.007694971978994e+00
31 1 -1.000282197990196e+00 -1.894945723533899e-03 -9.277173706075842e-04 -1.007694017757074e+00
31 2 -1.000282318733004e+00 -1.895244842810766e-03 -9.275084826596112e-04 -1.007693025783262e+00
31 3 -1.000282442209406e+00 -1.895533996714084e-03 -9.273178294385323e-04 -1.007692034239913e+00
31 4 -1.000282563755810e+00 -1.895802074478760e-03 -9.271528501781530e-04 -1.007691081100963e+00
31 5 -1.000282678797715e+00 -1.896038852646157e-03 -9.270196984330451e-04 -1.007690202694578e+00
31 6 -1.000282783010480e+00 -1.896235375462226e-03 -9.269230348869907e-04 -1.007689432354592e+00
31 7 -1.000282872470713e+00 -1.896384277199376e-03 -9.268659171687402e-04 -1.007688799204075e+00
31 8 -1.000282943794755e+00 -1.896480037360363e-03 -9.268497808054960e-04 -1.007688327107855e+00
31 9 -1.000282994260633e+00 -1.896519162863569e-03 -9.268744975137525e-04 -1.007688033824511e+00
31 10 -1.000283021909937e+00 -1.896500294438196e-03 -9.269384917809258e-04 -1.007687930380888e+00
31 11 -1.000283025626166e+00 -1.896424237303820e-03 -9.270388949289120e-04 -1.007688020684372e+00
31 12 -1.000283005186119e+00 -1.896293918248804e-03 -9.271717172854259e-04 -1.007688301382028e+00
31 13 -1.000282961280934e+00 -1.896114272437708e-03 -9.273320227916005e-04 -1.007688761971243e+00
31 14 -1.000282895503823e+00 -1.895892064251277e-03 -9.275140956206116e-04 -1.007689385161379e+00
31 15 -1.000282810302797e+00 -1.895635647621366e-03 -9.277115947995849e-04 -1.007690147478686e+00
31 16 -1.000282708898292e+00 -1.895354672474877e-03 -9.279176997426253e-04 -1.007691020098621e+00
31 17 -1.000282595167353e+00 -1.895059744756208e-03 -9.281252556008096e-04 -1.007691969882757e+00
31 18 -1.000282473497669e+00 -1.894762048344178e-03 -9.283269307539397e-04 -1.007692960591278e+00
31 19 -1.000282348616479e+00 -1.894472938625212e-03 -9.285153986432163e-04 -1.007693954234713e+00
31 20 -1.000282225401236e+00 -1.894203519630363e-03 -9.286835525908495e-04 -1.007694912519673e+00
31 21 -1.000282108680475e+00 -1.893964218903985e-03 -9.288247560660876e-04 -1.007695798335076e+00
31 22 -1.000282003034330e+00 -1.893764376056845e-03 -9.289331229728017e-04 -1.007696577219851e+00
31 23 -1.000281912604351e+00 -1.893611862156385e-03 -9.290038139565222e-04 -1.007697218750347e+00
31 24 -1.000281840921946e+00 -1.893512747725240e-03 -9.290333267746416e-04 -1.007697697785245e+00
31 25 -1.000281790763891e+00 -1.893471036768938e-03 -9.290197530888282e-04 -1.007697995508206e+00
31 26 -1.000281764041888e+00 -1.893488482375377e-03 -9.289629721716649e-04 -1.007698100215547e+00
31 27 -1.000281761731153e+00 -1.893564495898142e-03 -9.288647548058013e-04 -1.007698007807921e+00
31 28 -1.000281783840610e+00 -1.893696156947405e-03 -9.287287578437157e-04 -1.007697721960091e+00
31 29 -1.000281829424757e+00 -1.893878325825304e-03 -9.285604002726070e-04 -1.007697253960024e+00
31 30 -1.000281896634824e+00 -1.894103853996902e-03 -9.283666235277692e-04 -1.007696622226672e+00
31 31 -1.000281982804890e+00 -1.894363882217384e-03 -9.281555506330055e-04 -1.007695851533443e+00
