1.375367397766860e-06
1.000000000000000e-12
1.000000000000000e-17
3.539524699096552e-01
1.942934167906343e-01
-8.199567452977624e-02
-1.500017464083440e+00
1.901109735892602e-07
32
32
-4.614761676426845e-04
1
0 0 -1.000282140198852e+00 -1.894488968636507e-03 -9.288026275995416e-04 -1.007695106486753e+00
0 1 -1.000282252675480e+00 -1.894784185022292e-03 -9.285851654064839e-04 -1.007694160066247e+00
0 2 -1.000282372316522e+00 -1.895080738707814e-03 -9.283777059330136e-04 -1.007693176974700e+00
0 3 -1.000282494577363e+00 -1.895367157539830e-03 -9.281886134086569e-04 -1.007692195050710e+00
0 4 -1.000282614839963e+00 -1.895632436117550e-03 -9.280252659508485e-04 -1.007691251898685e+00
0 5 -1.000282728577757e+00 -1.895866457761641e-03 -9.278937571943062e-04 -1.007690383465730e+00
0 6 -1.000282831514809e+00 -1.896060370889529e-03 -9.277986913942524e-04 -1.007689622707272e+00
0 7 -1.000282919775572e+00 -1.896206907604798e-03 -9.277430747607711e-04 -1.007688998384374e+00
0 8 -1.000282990021695e+00 -1.896300635566491e-03 -9.277282966871387e-04 -1.007688534029214e+00
0 9 -1.000283039572331e+00 -1.896338137274303e-03 -9.277541875410920e-04 -1.007688247108780e+00
0 10 -1.000283066504519e+00 -1.896318114000121e-03 -9.278191349870588e-04 -1.007688148409413e+00
0 11 -1.000283069730198e+00 -1.896241414408225e-03 -9.279202385753959e-04 -1.007688241657500e+00
0 12 -1.000283049046387e+00 -1.896110989972222e-03 -9.280534829110956e-04 -1.007688523385711e+00
0 13 -1.000283005155083e+00 -1.895931780657698e-03 -9.282139131575206e-04 -1.007688983049006e+00
0 14 -1.000282939650229e+00 -1.895710535430993e-03 -9.283958023638880e-04 -1.007689603388719e+00
0 15 -1.000282854970261e+00 -1.895455573175873e-03 -9.285928070346264e-04 -1.007690361036174e+00
0 16 -1.000282754316195e+00 -1.895176490432970e-03 -9.287981141712797e-04 -1.007691227340621e+00
0 17 -1.000282641536573e+00 -1.894883823121303e-03 -9.290045884059846e-04 -1.007692169400078e+00
0 18 -1.000282520982413e+00 -1.894588670526310e-03 -9.292049307685954e-04 -1.007693151266426e+00
0 19 -1.000282397337348e+00 -1.894302291598341e-03 -9.293918605874966e-04 -1.007694135287433e+00
0 20 -1.000282275430075e+00 -1.894035685648201e-03 -9.295583290397130e-04 -1.007695083539754e+00
0 21 -1.000282160037457e+00 -1.893799171364736e-03 -9.296977671916189e-04 -1.007695959300285e+00
0 22 -1.000282055687326e+00 -1.893601979667315e-03 -9.298043634675653e-04 -1.007696728498542e+00
0 23 -1.000281966470370e+00 -1.893451877354400e-03 -9.298733564676696e-04 -1.007697361089053e+00
0 24 -1.000281895870540e+00 -1.893354839401836e-03 -9.299013209045123e-04 -1.007697832281179e+00
0 25 -1.000281846622564e+00 -1.893314787266217e-03 -9.298864192417868e-04 -1.007698123566672e+00
0 26 -1.000281820603372e+00 -1.893333408286608e-03 -9.298285905112880e-04 -1.007698223493697e+00
0 27 -1.000281818762077e+00 -1.893410067683041e-03 -9.297296506647911e-04 -1.007698128148058e+00
0 28 -1.000281841090911e+00 -1.893541820242605e-03 -9.295932851957436e-04 -1.007697841316335e+00
0 29 -1.000281886637371e+00 -1.893723523550189e-03 -9.294249243210801e-04 -1.007697374321453e+00
0 30 -1.000281953555427e+00 -1.893948048509691e-03 -9.292315030342111e-04 -1.007696745539481e+00
0 31 -1.000282039191427e+00 -1.894206576653872e-03 -9.290211209604654e-04 -1.007695979624949e+00
1 0 -1.000282213391357e+00 -1.894355820829989e-03 -9.295617167408542e-04 -1.007695190025715e+00
1 1 -1.000282325875041e+00 -1.894651226245567e-03 -9.293436847285479e-04 -1.007694243445326e+00
1 2 -1.000282445416981e+00 -1.894947701636399e-03 -9.291359477332876e-04 -1.007693261025909e+00
1 3 -1.000282567476408e+00 -1.895233777997925e-03 -9.289468814757966e-04 -1.007692280578529e+00
1 4 -1.000282687443047e+00 -1.895498463309555e-03 -9.287838635002166e-04 -1.007691339649201e+00
1 5 -1.000282800801724e+00 -1.895731663904573e-03 -9.286529750065899e-04 -1.007690474098309e+00
1 6 -1.000282903291100e+00 -1.895924560036834e-03 -9.285587964632661e-04 -1.007689716769400e+00
1 7 -1.000282991052860e+00 -1.896069923344232e-03 -9.285042996173696e-04 -1.007689096290635e+00
1 8 -1.000283060767853e+00 -1.896162367148545e-03 -9.284908298689867e-04 -1.007688636045575e+00
1 9 -1.000283109775690e+00 -1.896198523805670e-03 -9.285181659716287e-04 -1.007688353342901e+00
1 10 -1.000283136174336e+00 -1.896177146560526e-03 -9.285846388379024e-04 -1.007688258807177e+00
1 11 -1.000283138896289e+00 -1.896099136112671e-03 -9.286872886546340e-04 -1.007688356005779e+00
1 12 -1.000283117757888e+00 -1.895967494052117e-03 -9.288220402963944e-04 -1.007688641321226e+00
1 13 -1.000283073478480e+00 -1.895787206678763e-03 -9.289838809204919e-04 -1.007689104072737e+00
1 14 -1.000283007666791e+00 -1.895565063839067e-03 -9.291670294839514e-04 -1.007689726884984e+00
1 15 -1.000282922773006e+00 -1.895309418390016e-03 -9.293650945536724e-04 -1.007690486295610e+00
1 16 -1.000282822006371e+00 -1.895029892689799e-03 -9.295712232936675e-04 -1.007691353586632e+00
1 17 -1.000282709219746e+00 -1.894737039328172e-03 -9.297782499564454e-04 -1.007692295818131e+00
1 18 -1.000282588764364e+00 -1.894441964517510e-03 -9.299788554398947e-04 -1.007693277034905e+00
1 19 -1.000282465320041e+00 -1.894155924242404e-03 -9.301657496502500e-04 -1.007694259608523e+00
1 20 -1.000282343707831e+00 -1.893889905129132e-03 -9.303318853688670e-04 -1.007695205669301e+00
1 21 -1.000282228693392e+00 -1.893654203827177e-03 -9.304707064066325e-04 -1.007696078576126e+00
1 22 -1.000282124790104e+00 -1.893458020490846e-03 -9.305764247465636e-04 -1.007696844366483e+00
1 23 -1.000282036071478e+00 -1.893309083518372e-03 -9.306443124217277e-04 -1.007697473125027e+00
1 24 -1.000281966002289e+00 -1.893213323414608e-03 -9.306709859973091e-04 -1.007697940208087e+00
1 25 -1.000281917296881e+00 -1.893174612880877e-03 -9.306546565595156e-04 -1.007698227265273e+00
1 26 -1.000281891811387e+00 -1.893194587990357e-03 -9.305953169139616e-04 -1.007698323007585e+00
1 27 -1.000281890474433e+00 -1.893272561974647e-03 -9.304948402458082e-04 -1.007698223682703e+00
1 28 -1.000281913258837e+00 -1.893405538858973e-03 -9.303569707097766e-04 -1.007697933231801e+00
1 29 -1.000281959194518e+00 -1.893588328761921e-03 -9.301871962262208e-04 -1.007697463118735e+00
1 30 -1.000282026420408e+00 -1.893813760361179e-03 -9.299925061572452e-04 -1.007696831841094e+00
1 31 -1.000282112270958e+00 -1.894072979852453e-03 -9.297810491568138e-04 -1.007696064150733e+00
2 0 -1.000282309219913e+00 -1.894262298823009e-03 -9.301651266226815e-04 -1.007695189007177e+00
2 1 -1.000282421796896e+00 -1.894558079011445e-03 -9.299464714742289e-04 -1.007694241651761e+00
2 2 -1.000282541322237e+00 -1.894854662256688e-03 -9.297384048389826e-04 -1.007693259306263e+00
2 3 -1.000282663255848e+00 -1.895140575614682e-03 -9.295493156784347e-04 -1.007692279777123e+00
2 4 -1.000282782992267e+00 -1.895404833466398e-03 -9.293865829198615e-04 -1.007691340573709e+00
2 5 -1.000282896025094e+00 -1.895637358674973e-03 -9.292562771954198e-04 -1.007690477489160e+00
2 6 -1.000282998105425e+00 -1.895829357661838e-03 -9.291629565742789e-04 -1.007689723271487e+00
2 7 -1.000283085390595e+00 -1.895973636916268e-03 -9.291095591768163e-04 -1.007689106428642e+00
2 8 -1.000283154579739e+00 -1.896064851850827e-03 -9.290973869600260e-04 -1.007688650204134e+00
2 9 -1.000283203032699e+00 -1.896099682375993e-03 -9.291261675887331e-04 -1.007688371752282e+00
2 10 -1.000283228868822e+00 -1.896076932820886e-03 -9.291941756794961e-04 -1.007688281534969e+00
2 11 -1.000283231042252e+00 -1.895997556500397e-03 -9.292983921240050e-04 -1.007688382954878e+00
2 12 -1.000283209390366e+00 -1.895864607160819e-03 -9.294346814668454e-04 -1.007688672234121e+00
2 13 -1.000283164652178e+00 -1.895683120898062e-03 -9.295979716166886e-04 -1.007689138541581e+00
2 14 -1.000283098454039e+00 -1.895459933213999e-03 -9.297824258375034e-04 -1.007689764366774e+00
2 15 -1.000283013261064e+00 -1.895203436804356e-03 -9.299816030236953e-04 -1.007690526132145e+00
2 16 -1.000282912294089e+00 -1.894923286515769e-03 -9.301886085637542e-04 -1.007691395029007e+00
2 17 -1.000282799413715e+00 -1.894630058815301e-03 -9.303962439968029e-04 -1.007692338055013e+00
2 18 -1.000282678974780e+00 -1.894334874296385e-03 -9.305971674487448e-04 -1.007693319223338e+00
2 19 -1.000282555656480e+00 -1.894048993299102e-03 -9.307840769346205e-04 -1.007694300905945e+00
2 20 -1.000282434275045e+00 -1.893783396558920e-03 -9.309499249805377e-04 -1.007695245265795e+00
2 21 -1.000282319587237e+00 -1.893548364737374e-03 -9.310881668156292e-04 -1.007696115725818e+00
2 22 -1.000282216093793e+00 -1.893353072523176e-03 -9.311930367239357e-04 -1.007696878416631e+00
2 23 -1.000282127852399e+00 -1.893205214410312e-03 -9.312598387757947e-04 -1.007697503541363e+00
2 24 -1.000282058309479e+00 -1.893110679826620e-03 -9.312852302603390e-04 -1.007697966595591e+00
2 25 -1.000282010159182e+00 -1.893073294624953e-03 -9.312674706014516e-04 -1.007698249383988e+00
2 26 -1.000281985236299e+00 -1.893094643918738e-03 -9.312066069842160e-04 -1.007698340782775e+00
2 27 -1.000281984447788e+00 -1.893173987896235e-03 -9.311045707846138e-04 -1.007698237208347e+00
2 28 -1.000282007745364e+00 -1.893308277684333e-03 -9.309651656706397e-04 -1.007697942766879e+00
2 29 -1.000282054139262e+00 -1.893492272748592e-03 -9.307939381557306e-04 -1.007697469076810e+00
2 30 -1.000282121750866e+00 -1.893718755194985e-03 -9.305979333575274e-04 -1.007696834774177e+00
2 31 -1.000282207899837e+00 -1.893978830445343e-03 -9.303853509467048e-04 -1.007696064727970e+00
3 0 -1.000282423948846e+00 -1.894212065607205e-03 -9.305894164424984e-04 -1.007695103404045e+00
3 1 -1.000282536701926e+00 -1.894508392218277e-03 -9.303701085887098e-04 -1.007694154687235e+00
3 2 -1.000282656294011e+00 -1.894805265746648e-03 -9.301616720910637e-04 -1.007693171813253e+00
3 3 -1.000282778182454e+00 -1.895091202201040e-03 -9.299725107845233e-04 -1.007692192607432e+00
3 4 -1.000282897763441e+00 -1.895355215161559e-03 -9.298100069386544e-04 -1.007691254565604e+00
3 5 -1.000283010536396e+00 -1.895587237071102e-03 -9.296802225266112e-04 -1.007690393435368e+00
3 6 -1.000283112262247e+00 -1.895778493947348e-03 -9.295876951697921e-04 -1.007689641889000e+00
3 7 -1.000283199111821e+00 -1.895921821033486e-03 -9.295353317235437e-04 -1.007689028331674e+00
3 8 -1.000283267800902e+00 -1.896011910465164e-03 -9.295243935591934e-04 -1.007688575881099e+00
3 9 -1.000283315708498e+00 -1.896045485432457e-03 -9.295545602060453e-04 -1.007688301547488e+00
3 10 -1.000283340974885e+00 -1.896021398449437e-03 -9.296240525167724e-04 -1.007688215635691e+00
3 11 -1.000283342576097e+00 -1.895940654049651e-03 -9.297297940195570e-04 -1.007688321384424e+00
3 12 -1.000283320371533e+00 -1.895806358267277e-03 -9.298675904429803e-04 -1.007688614851050e+00
3 13 -1.000283275121528e+00 -1.895623598618798e-03 -9.300323117309348e-04 -1.007689085044896e+00
3 14 -1.000283208472233e+00 -1.895399259274188e-03 -9.302180664055601e-04 -1.007689714306912e+00
3 15 -1.000283122906230e+00 -1.895141777023226e-03 -9.304183639843517e-04 -1.007690478927517e+00
3 16 -1.000283021658801e+00 -1.894860844562884e-03 -9.306262675052819e-04 -1.007691349987626e+00
3 17 -1.000282908601431e+00 -1.894567068535104e-03 -9.308345444889501e-04 -1.007692294400416e+00
3 18 -1.000282788095860e+00 -1.894271590834593e-03 -9.310358286626594e-04 -1.007693276124000e+00
3 19 -1.000282664823887e+00 -1.893985683273143e-03 -9.312228045162512e-04 -1.007694257507360e+00
3 20 -1.000282543599873e+00 -1.893720327674033e-03 -9.313884226173015e-04 -1.007695200723942e+00
3 21 -1.000282429174323e+00 -1.893485795437203e-03 -9.315261475342447e-04 -1.007696069240178e+00
3 22 -1.000282326037700e+00 -1.893291242202962e-03 -9.316302332887605e-04 -1.007696829261001e+00
3 23 -1.000282238233886e+00 -1.893144334420170e-03 -9.316960132689061e-04 -1.007697451091586e+00
3 24 -1.000282169192483e+00 -1.893050925323915e-03 -9.317201830827250e-04 -1.007697910353887e+00
3 25 -1.000282121588336e+00 -1.893014797534424e-03 -9.317010485201739e-04 -1.007698188999140e+00
3 26 -1.000282097235152e+00 -1.893037487546706e-03 -9.316387093222873e-04 -1.007698276064669e+00
3 27 -1.000282097017912e+00 -1.893118203676182e-03 -9.315351531739490e-04 -1.007698168135493e+00
3 28 -1.000282120866410e+00 -1.893253844120558e-03 -9.313942415671380e-04 -1.007697869486672e+00
3 29 -1.000282167769851e+00 -1.893439116335227e-03 -9.312215785601031e-04 -1.007697391899206e+00
3 30 -1.000282235830202e+00 -1.893666753180711e-03 -9.310242646988775e-04 -1.007696754159400e+00
3 31 -1.000282322350003e+00 -1.893927815505697e-03 -9.308105506846907e-04 -1.007695981268439e+00
4 0 -1.000282553103491e+00 -1.894207091783839e-03 -9.308179254582924e-04 -1.007694936629822e+00
4 1 -1.000282666108674e+00 -1.894504115242377e-03 -9.305979612205192e-04 -1.007693986018241e+00
4 2 -1.000282785848289e+00 -1.894801450102923e-03 -9.303891294622594e-04 -1.007693002034262e+00
4 3 -1.000282907773957e+00 -1.895087594692511e-03 -9.301998499195700e-04 -1.007692022544772e+00
4 4 -1.000283027280275e+00 -1.895351554732591e-03 -9.300375096595240e-04 -1.007691085055497e+00
4 5 -1.000283139869351e+00 -1.895583264974832e-03 -9.299081639522345e-04 -1.007690225291887e+00
4 6 -1.000283241309002e+00 -1.895773963655583e-03 -9.298163328714495e-04 -1.007689475873261e+00
4 7 -1.000283327780879e+00 -1.895916507486400e-03 -9.297648960601917e-04 -1.007688865123458e+00
4 8 -1.000283396015095e+00 -1.896005618492094e-03 -9.297550790871392e-04 -1.007688416053599e+00
4 9 -1.000283443407953e+00 -1.896038057175891e-03 -9.297865181125184e-04 -1.007688145545773e+00
4 10 -1.000283468119394e+00 -1.896012719474749e-03 -9.298573845553963e-04 -1.007688063759658e+00
4 11 -1.000283469146786e+00 -1.895930657789002e-03 -9.299645486103874e-04 -1.007688173777000e+00
4 12 -1.000283446371725e+00 -1.895795028591143e-03 -9.301037611766127e-04 -1.007688471492239e+00
4 13 -1.000283400576692e+00 -1.895610970484063e-03 -9.302698380263482e-04 -1.007688945751999e+00
4 14 -1.000283333429005e+00 -1.895385417454334e-03 -9.304568360137022e-04 -1.007689578740997e+00
4 15 -1.000283247430585e+00 -1.895126852955472e-03 -9.306582172559240e-04 -1.007690346605897e+00
4 16 -1.000283145833505e+00 -1.894845011418025e-03 -9.308670034372919e-04 -1.007691220301791e+00
4 17 -1.000283032522857e+00 -1.894550534676214e-03 -9.310759284381149e-04 -1.007692166638841e+00
4 18 -1.000282911870242e+00 -1.894254591849277e-03 -9.312776014419399e-04 -1.007693149499283e+00
4 19 -1.000282788563098e+00 -1.893968472831894e-03 -9.314646924531901e-04 -1.007694131186880e+00
4 20 -1.000282667416966e+00 -1.893703167631999e-03 -9.316301480374180e-04 -1.007695073862614e+00
4 21 -1.000282553179098e+00 -1.893468945710632e-03 -9.317674391470757e-04 -1.007695941013482e+00
4 22 -1.000282450332518e+00 -1.893274950855910e-03 -9.318708361814106e-04 -1.007696698896833e+00
4 23 -1.000282362909811e+00 -1.893128828198654e-03 -9.319356984226246e-04 -1.007697317900069e+00
4 24 -1.000282294325816e+00 -1.893036400842626e-03 -9.319587562021856e-04 -1.007697773754423e+00
4 25 -1.000282247237666e+00 -1.893001413497553e-03 -9.319383576332073e-04 -1.007698048543535e+00
4 26 -1.000282223439116e+00 -1.893025358496711e-03 -9.318746505851669e-04 -1.007698131454908e+00
4 27 -1.000282223793802e+00 -1.893107395609579e-03 -9.317696747478308e-04 -1.007698019235136e+00
4 28 -1.000282248209639e+00 -1.893244372048888e-03 -9.316273457732624e-04 -1.007697716325604e+00
4 29 -1.000282295654220e+00 -1.893430943779644e-03 -9.314533223017078e-04 -1.007697234671830e+00
4 30 -1.000282364208945e+00 -1.893659793651718e-03 -9.312547577204012e-04 -1.007696593216386e+00
4 31 -1.000282451157593e+00 -1.893921935977692e-03 -9.310399513620078e-04 -1.007695817102377e+00
5 0 -1.000282691652185e+00 -1.894247573654266e-03 -9.308414675999562e-04 -1.007694695388714e+00
5 1 -1.000282804975553e+00 -1.894545416776548e-03 -9.306208705918865e-04 -1.007693742424284e+00
5 2 -1.000282924937568e+00 -1.894843365480125e-03 -9.304116352156033e-04 -1.007692756793853e+00
5 3 -1.000283046981198e+00 -1.895129894665700e-03 -9.302221970607878e-04 -1.007691776426387e+00
5 4 -1.000283166496323e+00 -1.895393995496031e-03 -9.300599490553671e-04 -1.007690838860407e+00
5 5 -1.000283278984502e+00 -1.895625597537141e-03 -9.299309422763876e-04 -1.007689979823724e+00
5 6 -1.000283380217210e+00 -1.895815943247976e-03 -9.298396832701088e-04 -1.007689231907815e+00
5 7 -1.000283466383800e+00 -1.895957902695770e-03 -9.297890296488222e-04 -1.007688623379795e+00
5 8 -1.000283534225824e+00 -1.896046219931770e-03 -9.297801770030479e-04 -1.007688177167320e+00
5 9 -1.000283581154386e+00 -1.896077685474344e-03 -9.298127242433641e-04 -1.007687910045074e+00
5 10 -1.000283605347124e+00 -1.896051232252411e-03 -9.298847996854049e-04 -1.007687832044906e+00
5 11 -1.000283605821381e+00 -1.895967955265326e-03 -9.299932266869125e-04 -1.007687946104704e+00
5 12 -1.000283582480207e+00 -1.895831057559049e-03 -9.301337077005298e-04 -1.007688247964304e+00
5 13 -1.000283536128120e+00 -1.895645726505137e-03 -9.303010100934601e-04 -1.007688726310955e+00
5 14 -1.000283468454155e+00 -1.895418945180497e-03 -9.304891438140585e-04 -1.007689363171506e+00
5 15 -1.000283381980769e+00 -1.895159244512816e-03 -9.306915273445246e-04 -1.007690134542509e+00
5 16 -1.000283279978571e+00 -1.894876402881520e-03 -9.309011440192520e-04 -1.007691011242681e+00
5 17 -1.000283166348412e+00 -1.894581100808633e-03 -9.311106963096784e-04 -1.007691959965006e+00
5 18 -1.000283045474220e+00 -1.894284539373209e-03 -9.313127698710781e-04 -1.007692944498426e+00
5 19 -1.000282922051866e+00 -1.893998032500450e-03 -9.315000195659522e-04 -1.007693927081005e+00
5 20 -1.000282800901154e+00 -1.893732585335088e-03 -9.316653857220119e-04 -1.007694869838295e+00
5 21 -1.000282686769304e+00 -1.893498472900089e-03 -9.318023424751534e-04 -1.007695736253747e+00
5 22 -1.000282584135002e+00 -1.893304834689163e-03 -9.319051729331087e-04 -1.007696492613405e+00
5 23 -1.000282497022373e+00 -1.893159301879522e-03 -9.319692580456706e-04 -1.007697109364459e+00
5 24 -1.000282428834046e+00 -1.893067674598908e-03 -9.319913577151138e-04 -1.007697562326409e+00
5 25 -1.000282382211751e+00 -1.893033666517108e-03 -9.319698563316295e-04 -1.007697833695882e+00
5 26 -1.000282358931267e+00 -1.893058732056765e-03 -9.319049435562801e-04 -1.007697912793560e+00
5 27 -1.000282359836367e+00 -1.893141987635203e-03 -9.317987050801652e-04 -1.007697796514232e+00
5 28 -1.000282384813945e+00 -1.893280233369326e-03 -9.316551051566618e-04 -1.007697489456578e+00
5 29 -1.000282432810227e+00 -1.893468076306956e-03 -9.314798516503814e-04 -1.007697003726034e+00
5 30 -1.000282501885709e+00 -1.893698150545811e-03 -9.312801456262977e-04 -1.007696358421235e+00
5 31 -1.000282589304502e+00 -1.893961423671170e-03 -9.310643305391056e-04 -1.007695578831616e+00
6 0 -1.000282834209947e+00 -1.894331924566694e-03 -9.306587466555431e-04 -1.007694389373892e+00
6 1 -1.000282947904901e+00 -1.894630677447724e-03 -9.304375677889936e-04 -1.007693433692650e+00
6 2 -1.000283068155170e+00 -1.894929367801093e-03 -9.302279383659356e-04 -1.007692445946087e+00
6 3 -1.000283190392573e+00 -1.895216442391985e-03 -9.300383089177154e-04 -1.007691464142960e+00
6 4 -1.000283309999370e+00 -1.895480871643136e-03 -9.298760793691526e-04 -1.007690525876143e+00
6 5 -1.000283422473336e+00 -1.895712572507111e-03 -9.297472997634198e-04 -1.007689666900454e+00
6 6 -1.000283523586159e+00 -1.895902783431545e-03 -9.296564677488005e-04 -1.007688919805979e+00
6 7 -1.000283609531430e+00 -1.896044379269628e-03 -9.296064244918108e-04 -1.007688312829959e+00
6 8 -1.000283677058860e+00 -1.896132117532976e-03 -9.295983420738933e-04 -1.007687868842658e+00
6 9 -1.000283723591386e+00 -1.896162810424255e-03 -9.296317896569004e-04 -1.007687604535772e+00
6 10 -1.000283747321737e+00 -1.896135420030574e-03 -9.297048608323099e-04 -1.007687529835350e+00
6 11 -1.000283747285051e+00 -1.896051076974694e-03 -9.298143407623920e-04 -1.007687647554206e+00
6 12 -1.000283723404187e+00 -1.895913025140036e-03 -9.299558916437837e-04 -1.007687953292191e+00
6 13 -1.000283676504717e+00 -1.895726496434899e-03 -9.301242398140025e-04 -1.007688435586882e+00
6 14 -1.000283608297133e+00 -1.895498520384870e-03 -9.303133549041504e-04 -1.007689076311777e+00
6 15 -1.000283521324850e+00 -1.895237674309119e-03 -9.305166176288342e-04 -1.007689851312852e+00
6 16 -1.000283418877999e+00 -1.894953780979301e-03 -9.307269778857326e-04 -1.007690731267344e+00
6 17 -1.000283304874693e+00 -1.894657561599929e-03 -9.309371102025373e-04 -1.007691682741502e+00
6 18 -1.000283183713199e+00 -1.894360252782797e-03 -9.311395783340249e-04 -1.007692669417001e+00
6 19 -1.000283060100344e+00 -1.894073197542008e-03 -9.313270218106094e-04 -1.007693653448107e+00
6 20 -1.000282938863127e+00 -1.893807422433771e-03 -9.314923730563103e-04 -1.007694596903539e+00
6 21 -1.000282824751880e+00 -1.893573215170962e-03 -9.316291065275964e-04 -1.007695463239656e+00
6 22 -1.000282722244150e+00 -1.893379718620965e-03 -9.317315139539737e-04 -1.007696218746585e+00
6 23 -1.000282635358751e+00 -1.893234558004064e-03 -9.317949925117655e-04 -1.007696833906385e+00
6 24 -1.000282567489182e+00 -1.893143518605322e-03 -9.318163250438903e-04 -1.007697284602185e+00
6 25 -1.000282521264691e+00 -1.893110291059134e-03 -9.317939249239743e-04 -1.007697553119950e+00
6 26 -1.000282498445727e+00 -1.893136299432485e-03 -9.317280161346027e-04 -1.007697628891775e+00
6 27 -1.000282499858411e+00 -1.893220623606908e-03 -9.316207228106206e-04 -1.007697508941624e+00
6 28 -1.000282525370304e+00 -1.893360022445505e-03 -9.314760500348917e-04 -1.007697198009998e+00
6 29 -1.000282573907372e+00 -1.893549058702729e-03 -9.312997470857731e-04 -1.007696708351084e+00
6 30 -1.000282643509702e+00 -1.893780320862411e-03 -9.310990554893995e-04 -1.007696059213396e+00
6 31 -1.000282731421568e+00 -1.894044731248337e-03 -9.308823568294491e-04 -1.007695276031854e+00
7 0 -1.000282975254465e+00 -1.894456840314795e-03 -9.302764660278610e-04 -1.007694030831507e+00
7 1 -1.000283089359565e+00 -1.894756556821080e-03 -9.300547816010042e-04 -1.007693072177849e+00
7 2 -1.000283209952314e+00 -1.895056086930618e-03 -9.298447853971698e-04 -1.007692081930661e+00
7 3 -1.000283332451379e+00 -1.895343845625050e-03 -9.296549416183400e-04 -1.007691098193024e+00
7 4 -1.000283452228804e+00 -1.895608777194424e-03 -9.294926583379592e-04 -1.007690158631508e+00
7 5 -1.000283564775460e+00 -1.895840779082925e-03 -9.293639877235222e-04 -1.007689299051410e+00
7 6 -1.000283665859770e+00 -1.896031077707415e-03 -9.292734231328005e-04 -1.007688552067908e+00
7 7 -1.000283751675956e+00 -1.896172543981198e-03 -9.292237951729950e-04 -1.007687945916405e+00
7 8 -1.000283818978334e+00 -1.896259939803920e-03 -9.292162597752484e-04 -1.007687503437976e+00
7 9 -1.000283865198261e+00 -1.896290089929975e-03 -9.292503651996882e-04 -1.007687241268758e+00
7 10 -1.000283888540357e+00 -1.896261976708061e-03 -9.293241801093379e-04 -1.007687169254919e+00
7 11 -1.000283888054671e+00 -1.896176758095205e-03 -9.294344613928944e-04 -1.007687290107713e+00
7 12 -1.000283863681486e+00 -1.896037711515370e-03 -9.295768405228653e-04 -1.007687599307014e+00
7 13 -1.000283816265670e+00 -1.895850107387206e-03 -9.297460119046591e-04 -1.007688085256357e+00
7 14 -1.000283747538060e+00 -1.895621017090243e-03 -9.299359134937986e-04 -1.007688729686712e+00
7 15 -1.000283660062544e+00 -1.895359061322763e-03 -9.301398959732579e-04 -1.007689508299266e+00
7 16 -1.000283557148952e+00 -1.895074106000135e-03 -9.303508819206078e-04 -1.007690391630209e+00
7 17 -1.000283442733537e+00 -1.894776913614702e-03 -9.305615220247370e-04 -1.007691346113943e+00
7 18 -1.000283321230479e+00 -1.894478758649739e-03 -9.307643604131752e-04 -1.007692335314577e+00
7 19 -1.000283197359684e+00 -1.894191017035872e-03 -9.309520220698109e-04 -1.007693321287900e+00
7 20 -1.000283075957887e+00 -1.893924741894699e-03 -9.311174307829282e-04 -1.007694266027392e+00
7 21 -1.000282961781426e+00 -1.893690240068600e-03 -9.312540587005280e-04 -1.007695132940486e+00
7 22 -1.000282859309923e+00 -1.893496665407222e-03 -9.313562014695565e-04 -1.007695888296545e+00
7 23 -1.000282772560330e+00 -1.893351645595113e-03 -9.314192661089298e-04 -1.007696502585695e+00
7 24 -1.000282704920513e+00 -1.893260959828780e-03 -9.314400510338642e-04 -1.007696951727358e+00
7 25 -1.000282659010618e+00 -1.893228284448846e-03 -9.314169906607194e-04 -1.007697218070069e+00
7 26 -1.000282636578914e+00 -1.893255021743506e-03 -9.313503347204569e-04 -1.007697291131666e+00
7 27 -1.000282638436731e+00 -1.893340223301944e-03 -9.312422364625169e-04 -1.007697168041321e+00
7 28 -1.000282664434770e+00 -1.893480614273239e-03 -9.310967320234502e-04 -1.007696853660203e+00
7 29 -1.000282713480672e+00 -1.893670719472027e-03 -9.309196026099256e-04 -1.007696360374296e+00
7 30 -1.000282783595392e+00 -1.893903086588558e-03 -9.307181216884885e-04 -1.007695707570179e+00
7 31 -1.000282872003916e+00 -1.894168595868215e-03 -9.305007016260393e-04 -1.007694920821843e+00
8 0 -1.000283109344833e+00 -1.894617435561903e-03 -9.297091194046792e-04 -1.007693634016425e+00
8 1 -1.000283223882359e+00 -1.894918131420189e-03 -9.294870276522255e-04 -1.007692672252528e+00
8 2 -1.000283344858161e+00 -1.895218565913817e-03 -9.292767087685089e-04 -1.007691679220053e+00
8 3 -1.000283467676231e+00 -1.895507119778122e-03 -9.290866389982333e-04 -1.007690693127368e+00
8 4 -1.000283587696185e+00 -1.895772706882554e-03 -9.289242350917643e-04 -1.007689751731047e+00
8 5 -1.000283700399168e+00 -1.896005199187864e-03 -9.287955538727406e-04 -1.007688890908039e+00
8 6 -1.000283801547055e+00 -1.896195803638410e-03 -9.287050889189181e-04 -1.007688143323794e+00
8 7 -1.000283887331116e+00 -1.896337378627944e-03 -9.286556667740754e-04 -1.007687537239849e+00
8 8 -1.000283954506510e+00 -1.896424681119462e-03 -9.286484355228861e-04 -1.007687095497574e+00
8 9 -1.000284000509207e+00 -1.896454538754735e-03 -9.286829321624537e-04 -1.007686834707338e+00
8 10 -1.000284023552018e+00 -1.896425944534363e-03 -9.287572107904410e-04 -1.007686764664387e+00
8 11 -1.000284022696516e+00 -1.896340074545200e-03 -9.288680106780111e-04 -1.007686888005473e+00
8 12 -1.000283997897447e+00 -1.896200231224023e-03 -9.290109433767899e-04 -1.007687200114814e+00
8 13 -1.000283950016477e+00 -1.896011715886066e-03 -9.291806821480348e-04 -1.007687689282857e+00
8 14 -1.000283880802798e+00 -1.895781635382564e-03 -9.293711434889512e-04 -1.007688337114889e+00
8 15 -1.000283792839411e+00 -1.895518649048594e-03 -9.295756568466746e-04 -1.007689119178997e+00
8 16 -1.000283689455283e+00 -1.895232663145902e-03 -9.297871242807415e-04 -1.007690005875964e+00
8 17 -1.000283574605073e+00 -1.894934480599970e-03 -9.299981775252777e-04 -1.007690963507896e+00
8 18 -1.000283452719853e+00 -1.894635414614802e-03 -9.302013444169343e-04 -1.007691955515562e+00
8 19 -1.000283328534157e+00 -1.894346876420357e-03 -9.303892371762539e-04 -1.007692943845858e+00
8 20 -1.000283206896524e+00 -1.894079949681543e-03 -9.305547706864000e-04 -1.007693890402030e+00
8 21 -1.000283092571927e+00 -1.893844966041503e-03 -9.306914120778997e-04 -1.007694758522825e+00
8 22 -1.000282990045237e+00 -1.893651097531374e-03 -9.307934560270088e-04 -1.007695514432773e+00
8 23 -1.000282903335094e+00 -1.893505982585793e-03 -9.308563129967545e-04 -1.007696128602986e+00
8 24 -1.000282835827436e+00 -1.893415403240760e-03 -9.308767894664486e-04 -1.007696576960519e+00
8 25 -1.000282790137003e+00 -1.893383030850280e-03 -9.308533321981463e-04 -1.007696841887209e+00
8 26 -1.000282768003492e+00 -1.893410255409898e-03 -9.307862067176129e-04 -1.007696912957542e+00
8 27 -1.000282770226873e+00 -1.893496109542467e-03 -9.306775846116250e-04 -1.007696787377992e+00
8 28 -1.000282796644099e+00 -1.893637293386235e-03 -9.305315222436051e-04 -1.007696470105022e+00
8 29 -1.000282846147104e+00 -1.893828301501776e-03 -9.303538224365368e-04 -1.007695973634702e+00
8 30 -1.000282916739703e+00 -1.894061647217154e-03 -9.301517809449399e-04 -1.007695317474393e+00
8 31 -1.000283005628918e+00 -1.894328173693907e-03 -9.299338319916872e-04 -1.007694527324870e+00
9 0 -1.000283231333744e+00 -1.894807444481127e-03 -9.289784635046881e-04 -1.007693214571991e+00
9 1 -1.000283346308969e+00 -1.895109096855479e-03 -9.287560803438763e-04 -1.007692249682466e+00
9 2 -1.000283467693282e+00 -1.895410464508577e-03 -9.285454980607252e-04 -1.007691253690254e+00
9 3 -1.000283590874998e+00 -1.895699892820106e-03 -9.283552025566480e-04 -1.007690264915964e+00
9 4 -1.000283711199557e+00 -1.895966262210508e-03 -9.281926188626801e-04 -1.007689321219000e+00
9 5 -1.000283824135998e+00 -1.896199414265879e-03 -9.280638104600681e-04 -1.007688458566123e+00
9 6 -1.000283925436716e+00 -1.896390529860768e-03 -9.279732757659472e-04 -1.007687709695832e+00
9 7 -1.000284011286585e+00 -1.896532446819040e-03 -9.279238442049264e-04 -1.007687102922447e+00
9 8 -1.000284078437763e+00 -1.896619908009753e-03 -9.279166646494812e-04 -1.007686661117189e+00
9 9 -1.000284124326781e+00 -1.896649734143445e-03 -9.279512725952785e-04 -1.007686400895727e+00
9 10 -1.000284147170658e+00 -1.896620918859361e-03 -9.280257181977825e-04 -1.007686332033353e+00
9 11 -1.000284146038719e+00 -1.896534646514284e-03 -9.281367344923879e-04 -1.007686457122016e+00
9 12 -1.000284120896671e+00 -1.896394235072463e-03 -9.282799249817110e-04 -1.007686771478151e+00
9 13 -1.000284072619780e+00 -1.896205007911318e-03 -9.284499535158081e-04 -1.007687263304555e+00
9 14 -1.000284002972858e+00 -1.895974099628280e-03 -9.286407259099466e-04 -1.007687914102583e+00
9 15 -1.000283914555975e+00 -1.895710202060429e-03 -9.288455596149084e-04 -1.007688699323792e+00
9 16 -1.000283810715989e+00 -1.895423257502609e-03 -9.290573437685398e-04 -1.007689589244229e+00
9 17 -1.000283695425499e+00 -1.895124106777652e-03 -9.292686972097739e-04 -1.007690550038635e+00
9 18 -1.000283573132695e+00 -1.894824100993985e-03 -9.294721358519775e-04 -1.007691545023943e+00
9 19 -1.000283448587655e+00 -1.894534687685743e-03 -9.296602613461685e-04 -1.007692536032103e+00
9 20 -1.000283326652377e+00 -1.894266983998345e-03 -9.298259793637661e-04 -1.007693484864274e+00
9 21 -1.000283212102839e+00 -1.894031351137970e-03 -9.299627494409309e-04 -1.007694354773226e+00
9 22 -1.000283109432113e+00 -1.893836985620961e-03 -9.300648609561809e-04 -1.007695111916807e+00
9 23 -1.000283022663922e+00 -1.893691544246512e-03 -9.301277219298278e-04 -1.007695726721467e+00
9 24 -1.000282955186001e+00 -1.893600820678344e-03 -9.301481392084613e-04 -1.007696175093038e+00
9 25 -1.000282909611628e+00 -1.893568490981712e-03 -9.301245623057424e-04 -1.007696439415597e+00
9 26 -1.000282887675924e+00 -1.893595942949921e-03 -9.300572616378120e-04 -1.007696509288648e+00
9 27 -1.000282890171355e+00 -1.893682200159672e-03 -9.299484158590560e-04 -1.007696381965470e+00
9 28 -1.000282916924678e+00 -1.893823947158204e-03 -9.298020904680171e-04 -1.007696062469446e+00
9 29 -1.000282966815284e+00 -1.894015657037898e-03 -9.296240989358663e-04 -1.007695563380989e+00
9 30 -1.000283037832532e+00 -1.894249816689500e-03 -9.294217484269728e-04 -1.007694904305898e+00
9 31 -1.000283127167570e+00 -1.894517238805566e-03 -9.292034848034216e-04 -1.007694111054057e+00
10 0 -1.000283336564501e+00 -1.895019475842731e-03 -9.281126890893500e-04 -1.007692788868873e+00
10 1 -1.000283451965621e+00 -1.895322024454937e-03 -9.278901431708681e-04 -1.007691820960443e+00
10 2 -1.000283573767921e+00 -1.895624317437185e-03 -9.276793689153518e-04 -1.007690821949875e+00
10 3 -1.000283697343616e+00 -1.895914665078262e-03 -9.274888587639731e-04 -1.007689830272782e+00
10 4 -1.000283818022784e+00 -1.896181912554045e-03 -9.273260452204215e-04 -1.007688883900471e+00
10 5 -1.000283931260473e+00 -1.896415867338210e-03 -9.271970003149175e-04 -1.007688018904181e+00
10 6 -1.000284032797044e+00 -1.896607678723004e-03 -9.271062318049134e-04 -1.007687268115113e+00
10 7 -1.000284118807782e+00 -1.896750156830183e-03 -9.270565786117976e-04 -1.007686659924636e+00
10 8 -1.000284186038135e+00 -1.896838021910975e-03 -9.270491986446818e-04 -1.007686217262025e+00
10 9 -1.000284231921186e+00 -1.896868078209700e-03 -9.270836355640955e-04 -1.007685956779017e+00
10 10 -1.000284254674044e+00 -1.896839309902649e-03 -9.271579465571325e-04 -1.007685888262731e+00
10 11 -1.000284253369680e+00 -1.896752899324333e-03 -9.272688703549761e-04 -1.007686014292017e+00
10 12 -1.000284227980741e+00 -1.896612169822106e-03 -9.274120145994079e-04 -1.007686330146308e+00
10 13 -1.000284179392343e+00 -1.896422457256082e-03 -9.275820453987878e-04 -1.007686823969423e+00
10 14 -1.000284109381680e+00 -1.896190915404670e-03 -9.277728685764379e-04 -1.007687477183886e+00
10 15 -1.000284020563294e+00 -1.895926261351330e-03 -9.279777992168900e-04 -1.007688265145271e+00
10 16 -1.000283916299994e+00 -1.895638467592533e-03 -9.281897220466399e-04 -1.007689158020606e+00
10 17 -1.000283800581028e+00 -1.895338408590109e-03 -9.284012499869346e-04 -1.007690121867903e+00
10 18 -1.000283677871169e+00 -1.895037470980448e-03 -9.286048918154404e-04 -1.007691119884967e+00
10 19 -1.000283552936403e+00 -1.894747138362524e-03 -9.287932408425232e-04 -1.007692113786803e+00
10 20 -1.000283430653427e+00 -1.894478563184729e-03 -9.289591934335897e-04 -1.007693065264010e+00
10 21 -1.000283315811199e+00 -1.894242139786163e-03 -9.290961996044853e-04 -1.007693937469458e+00
10 22 -1.000283212913546e+00 -1.894047094304658e-03 -9.291985397984688e-04 -1.007694696475648e+00
10 23 -1.000283125992381e+00 -1.893901108677019e-03 -9.292616138916869e-04 -1.007695312640895e+00
10 24 -1.000283058440885e+00 -1.893809996589659e-03 -9.292822211079979e-04 -1.007695761821711e+00
10 25 -1.000283012874927e+00 -1.893777448409285e-03 -9.292588038885199e-04 -1.007696026373064e+00
10 26 -1.000282991029241e+00 -1.893804859833133e-03 -9.291916267871349e-04 -1.007696095887018e+00
10 27 -1.000282993692883e+00 -1.893891255523828e-03 -9.290828644631545e-04 -1.007695967631667e+00
10 28 -1.000283020686306e+00 -1.894033314430354e-03 -9.289365802009295e-04 -1.007695646666448e+00
10 29 -1.000283070879996e+00 -1.894225497882644e-03 -9.287585864144098e-04 -1.007695145626962e+00
10 30 -1.000283142252129e+00 -1.894460275341384e-03 -9.285561900881386e-04 -1.007694484191214e+00
10 31 -1.000283231980736e+00 -1.894728436779652e-03 -9.283378381980166e-04 -1.007693688256380e+00
11 0 -1.000283421045344e+00 -1.895245310735561e-03 -9.271453206366645e-04 -1.007692373337228e+00
11 1 -1.000283536844062e+00 -1.895548660622812e-03 -9.269227473665783e-04 -1.007691402633240e+00
11 2 -1.000283659057607e+00 -1.895851835320280e-03 -9.267118604514522e-04 -1.007690400662419e+00
11 3 -1.000283783042315e+00 -1.896143111562724e-03 -9.265211556509663e-04 -1.007689405973866e+00
11 4 -1.000283904112305e+00 -1.896411298729602e-03 -9.263580722985457e-04 -1.007688456655729e+00
11 5 -1.000284017707252e+00 -1.896646167734116e-03 -9.262286927121798e-04 -1.007687588894397e+00
11 6 -1.000284119553348e+00 -1.896838832051477e-03 -9.261375377935743e-04 -1.007686835629835e+00
11 7 -1.000284205813479e+00 -1.896982068130888e-03 -9.260874616953819e-04 -1.007686225351636e+00
11 8 -1.000284273223025e+00 -1.897070566052990e-03 -9.260796390552858e-04 -1.007685781072716e+00
11 9 -1.000284319207845e+00 -1.897101104752005e-03 -9.261136312617962e-04 -1.007685519509847e+00
11 10 -1.000284341981016e+00 -1.897072649152212e-03 -9.261875135355111e-04 -1.007685450493338e+00
11 11 -1.000284340614793e+00 -1.896986369227668e-03 -9.262980420011684e-04 -1.007685576621639e+00
11 12 -1.000284315084402e+00 -1.896845583325277e-03 -9.264408400852305e-04 -1.007685893169687e+00
11 13 -1.000284266280741e+00 -1.896655629880506e-03 -9.266105873240364e-04 -1.007686388252860e+00
11 14 -1.000284195989781e+00 -1.896423672745855e-03 -9.268012001650742e-04 -1.007687043242258e+00
11 15 -1.000284106837414e+00 -1.896158446047827e-03 -9.270060012977366e-04 -1.007687833421505e+00
11 16 -1.000284002199754e+00 -1.895869945342426e-03 -9.272178799004191e-04 -1.007688728868993e+00
11 17 -1.000283886080688e+00 -1.895569073071323e-03 -9.274294500121814e-04 -1.007689695541548e+00
11 18 -1.000283762960433e+00 -1.895267247708008e-03 -9.276332180230509e-04 -1.007690696527052e+00
11 19 -1.000283637620703e+00 -1.894975987365099e-03 -9.278217714557194e-04 -1.007691693425808e+00
11 20 -1.000283514953585e+00 -1.894706480204173e-03 -9.279879980377858e-04 -1.007692647813710e+00
11 21 -1.000283399762423e+00 -1.894469155892774e-03 -9.281253370370278e-04 -1.007693522733933e+00
11 22 -1.000283296563905e+00 -1.894273274223975e-03 -9.282280564930407e-04 -1.007694284158190e+00
11 23 -1.000283209400961e+00 -1.894126548211315e-03 -9.282915423014896e-04 -1.007694902355499e+00
11 24 -1.000283141675687e+00 -1.894034819173839e-03 -9.283125783097421e-04 -1.007695353106906e+00
11 25 -1.000283096010446e+00 -1.894001800579022e-03 -9.282895908994574e-04 -1.007695618708702e+00
11 26 -1.000283074143711e+00 -1.894028905613361e-03 -9.282228288702292e-04 -1.007695688713901e+00
11 27 -1.000283076865339e+00 -1.894115170176702e-03 -9.281144520298592e-04 -1.007695560372676e+00
11 28 -1.000283103993675e+00 -1.894257278065757e-03 -9.279685097400383e-04 -1.007695238747641e+00
11 29 -1.000283154394322e+00 -1.894449689097067e-03 -9.277908014504542e-04 -1.007694736498083e+00
11 30 -1.000283226037976e+00 -1.894684864814457e-03 -9.275886227317788e-04 -1.007694073345617e+00
11 31 -1.000283316092771e+00 -1.894953580907402e-03 -9.273704116313904e-04 -1.007693275249981e+00
12 0 -1.000283481595014e+00 -1.895476229529505e-03 -9.261138889328841e-04 -1.007691983823644e+00
12 1 -1.000283597747821e+00 -1.895780255276159e-03 -9.258914237318202e-04 -1.007691010653812e+00
12 2 -1.000283720350085e+00 -1.896084234413005e-03 -9.256805069233834e-04 -1.007690005894091e+00
12 3 -1.000283844743121e+00 -1.896376412908400e-03 -9.254896346614309e-04 -1.007689008201114e+00
12 4 -1.000283966225105e+00 -1.896645565202464e-03 -9.253262524353997e-04 -1.007688055780076e+00
12 5 -1.000284080219519e+00 -1.896881424642997e-03 -9.251964540009808e-04 -1.007687184938745e+00
12 6 -1.000284182436770e+00 -1.897075066004048e-03 -9.251047763577831e-04 -1.007686428737969e+00
12 7 -1.000284269025035e+00 -1.897219227341309e-03 -9.250540939339850e-04 -1.007685815783103e+00
12 8 -1.000284336706710e+00 -1.897308562184372e-03 -9.250456053205410e-04 -1.007685369192882e+00
12 9 -1.000284382896950e+00 -1.897339816341805e-03 -9.250788986527077e-04 -1.007685105775311e+00
12 10 -1.000284405800794e+00 -1.897311926476435e-03 -9.251520773138651e-04 -1.007685035433562e+00
12 11 -1.000284404485427e+00 -1.897226040370332e-03 -9.252619254458810e-04 -1.007685160817689e+00
12 12 -1.000284378924242e+00 -1.897085461241303e-03 -9.254040930307635e-04 -1.007685477230623e+00
12 13 -1.000284330009694e+00 -1.896895520147763e-03 -9.255732837886434e-04 -1.007685972790611e+00
12 14 -1.000284259532582e+00 -1.896663381492068e-03 -9.257634352888374e-04 -1.007686628846694e+00
12 15 -1.000284170126498e+00 -1.896397787515168e-03 -9.259678875554649e-04 -1.007687420637614e+00
12 16 -1.000284065177673e+00 -1.896108748835619e-03 -9.261795425423328e-04 -1.007688318176940e+00
12 17 -1.000283948702140e+00 -1.895807189286859e-03 -9.263910219373436e-04 -1.007689287339361e+00
12 18 -1.000283825193914e+00 -1.895504554335837e-03 -9.265948345234121e-04 -1.007690291115975e+00
12 19 -1.000283699449632e+00 -1.895212393590814e-03 -9.267835652090131e-04 -1.007691290999380e+00
12 20 -1.000283576376754e+00 -1.894941929774003e-03 -9.269500944339065e-04 -1.007692248451639e+00
12 21 -1.000283460793827e+00 -1.894703628756155e-03 -9.270878497384614e-04 -1.007693126400617e+00
12 22 -1.000283357232101e+00 -1.894506786983414e-03 -9.271910832740151e-04 -1.007693890704948e+00
12 23 -1.000283269748019e+00 -1.894359153442511e-03 -9.272551614812338e-04 -1.007694511526111e+00
12 24 -1.000283201755690e+00 -1.894266603459108e-03 -9.272768461016770e-04 -1.007694964546881e+00
12 25 -1.000283155887500e+00 -1.894232881207002e-03 -9.272545396755467e-04 -1.007695231978440e+00
12 26 -1.000283133889573e+00 -1.894259426191825e-03 -9.271884660728158e-04 -1.007695303304975e+00
12 27 -1.000283136556801e+00 -1.894345295461852e-03 -9.270807595995328e-04 -1.007695175726219e+00
12 28 -1.000283163709791e+00 -1.894487188101359e-03 -9.269354442962348e-04 -1.007694854274443e+00
12 29 -1.000283214213525e+00 -1.894679572668997e-03 -9.267582955682361e-04 -1.007694351600231e+00
12 30 -1.000283286035156e+00 -1.894914912431103e-03 -9.265565873396275e-04 -1.007693687438914e+00
12 31 -1.000283376336444e+00 -1.895183977697350e-03 -9.263387392071983e-04 -1.007692887785898e+00
13 0 -1.000283515955162e+00 -1.895703353576058e-03 -9.250584338561832e-04 -1.007691634999981e+00
13 1 -1.000283632405233e+00 -1.896007904610325e-03 -9.248362057016536e-04 -1.007690659786311e+00
13 2 -1.000283755358944e+00 -1.896312580506853e-03 -9.246253413786555e-04 -1.007689652514697e+00
13 3 -1.000283880144049e+00 -1.896605600568825e-03 -9.244343344878973e-04 -1.007688651938789e+00
13 4 -1.000284002043441e+00 -1.896875706683860e-03 -9.242706353801314e-04 -1.007687696376056e+00
13 5 -1.000284116464234e+00 -1.897112595096059e-03 -9.241403497117610e-04 -1.007686822257186e+00
13 6 -1.000284219100056e+00 -1.897307300343885e-03 -9.240480331208618e-04 -1.007686062771700e+00
13 7 -1.000284306082626e+00 -1.897452518702888e-03 -9.239965849954855e-04 -1.007685446654070e+00
13 8 -1.000284374118892e+00 -1.897542862124049e-03 -9.239872343327770e-04 -1.007684997147114e+00
13 9 -1.000284420610163e+00 -1.897575036776975e-03 -9.240196036976481e-04 -1.007684731172870e+00
13 10 -1.000284443749743e+00 -1.897547943241277e-03 -9.240918331970296e-04 -1.007684658734107e+00
13 11 -1.000284442595692e+00 -1.897462698286543e-03 -9.242007442982090e-04 -1.007684782561955e+00
13 12 -1.000284417115338e+00 -1.897322580561940e-03 -9.243420234465399e-04 -1.007685098018193e+00
13 13 -1.000284368198399e+00 -1.897132904016037e-03 -9.245104086692173e-04 -1.007685593255191e+00
13 14 -1.000284297636240e+00 -1.896900823882799e-03 -9.246998683861919e-04 -1.007686249630752e+00
13 15 -1.000284208066148e+00 -1.896635081224753e-03 -9.249037686890584e-04 -1.007687042367852e+00
13 16 -1.000284102880972e+00 -1.896345693317423e-03 -9.251150317259089e-04 -1.007687941441076e+00
13 17 -1.000283986106057e+00 -1.896043598178977e-03 -9.253262929526618e-04 -1.007688912664465e+00
13 18 -1.000283862247055e+00 -1.895740262389911e-03 -9.255300684207567e-04 -1.007689918949105e+00
13 19 -1.000283736114046e+00 -1.895447262674946e-03 -9.257189438062328e-04 -1.007690921691535e+00
13 20 -1.000283612629203e+00 -1.895175853791935e-03 -9.258857936430332e-04 -1.007691882245483e+00
13 21 -1.000283496626567e+00 -1.894936537445387e-03 -9.260240328488716e-04 -1.007692763421925e+00
13 22 -1.000283392653180e+00 -1.894738648454323e-03 -9.261278948059058e-04 -1.007693530957988e+00
13 23 -1.000283304780988e+00 -1.894589975225911e-03 -9.261927221928143e-04 -1.007694154893574e+00
13 24 -1.000283236438673e+00 -1.894496432011284e-03 -9.262152491206506e-04 -1.007694610794569e+00
13 25 -1.000283190271739e+00 -1.894461800111695e-03 -9.261938472835394e-04 -1.007694880764001e+00
13 26 -1.000283168037601e+00 -1.894487553300031e-03 -9.261287069915654e-04 -1.007694954189847e+00
13 27 -1.000283170540280e+00 -1.894572778919328e-03 -9.260219272942008e-04 -1.007694828190726e+00
13 28 -1.000283197606954e+00 -1.894714201082386e-03 -9.258774969208345e-04 -1.007694507736441e+00
13 29 -1.000283248106244e+00 -1.894906306913481e-03 -9.257011575607057e-04 -1.007694005436963e+00
13 30 -1.000283320005815e+00 -1.895141571029857e-03 -9.255001521250923e-04 -1.007693341010716e+00
13 31 -1.000283410464807e+00 -1.895410767545741e-03 -9.252828726621606e-04 -1.007692540460413e+00
14 0 -1.000283522866724e+00 -1.895917987125743e-03 -9.240199042741305e-04 -1.007691339844885e+00
14 1 -1.000283639546244e+00 -1.896222893737334e-03 -9.237980303098471e-04 -1.007690363084690e+00
14 2 -1.000283762800971e+00 -1.896528132751801e-03 -9.235872969163145e-04 -1.007689353672103e+00
14 3 -1.000283887947077e+00 -1.896821902102071e-03 -9.233961918232111e-04 -1.007688350443222e+00
14 4 -1.000284010253469e+00 -1.897092914867634e-03 -9.232321683548479e-04 -1.007687391818508e+00
14 5 -1.000284125111386e+00 -1.897330832014584e-03 -9.231013442363307e-04 -1.007686514348458e+00
14 6 -1.000284228197345e+00 -1.897526647728931e-03 -9.230082960948552e-04 -1.007685751354271e+00
14 7 -1.000284315625439e+00 -1.897673014638305e-03 -9.229559523001448e-04 -1.007685131708124e+00
14 8 -1.000284384085211e+00 -1.897764499643280e-03 -9.229455773440633e-04 -1.007684678790733e+00
14 9 -1.000284430961469e+00 -1.897797764276501e-03 -9.229768341986123e-04 -1.007684409656823e+00
14 10 -1.000284454432588e+00 -1.897771666660769e-03 -9.230479067191042e-04 -1.007684334431457e+00
14 11 -1.000284453543894e+00 -1.897687285041461e-03 -9.231556617760100e-04 -1.007684455952615e+00
14 12 -1.000284428252693e+00 -1.897547865066295e-03 -9.232958309881395e-04 -1.007684769669167e+00
14 13 -1.000284379441705e+00 -1.897358694440346e-03 -9.234631953814860e-04 -1.007685263797780e+00
14 14 -1.000284308898531e+00 -1.897126909775001e-03 -9.236517623966693e-04 -1.007685919735939e+00
14 15 -1.000284219260036e+00 -1.896861241716966e-03 -9.238549316487588e-04 -1.007686712720590e+00
14 16 -1.000284113922011e+00 -1.896571705629441e-03 -9.240656521858085e-04 -1.007687612714300e+00
14 17 -1.000283996915938e+00 -1.896269246026100e-03 -9.242765790351671e-04 -1.007688585493998e+00
14 18 -1.000283872756456e+00 -1.895965343936714e-03 -9.244802400502002e-04 -1.007689593910565e+00
14 19 -1.000283746265090e+00 -1.895671597873113e-03 -9.246692245515680e-04 -1.007690599279643e+00
14 20 -1.000283622377565e+00 -1.895399291022569e-03 -9.248364022899578e-04 -1.007691562855871e+00
14 21 -1.000283505943178e+00 -1.895158959212534e-03 -9.249751751666348e-04 -1.007692447336059e+00
14 22 -1.000283401525361e+00 -1.894959975720316e-03 -9.250797561259970e-04 -1.007693218332448e+00
14 23 -1.000283313212865e+00 -1.894810170149016e-03 -9.251454610459174e-04 -1.007693845754472e+00
14 24 -1.000283244450938e+00 -1.894715499191693e-03 -9.251689916941707e-04 -1.007694305036814e+00
14 25 -1.000283197900884e+00 -1.894679786546313e-03 -9.251486825313453e-04 -1.007694578154728e+00
14 26 -1.000283175334706e+00 -1.894704547008494e-03 -9.250846827920972e-04 -1.007694654375917e+00
14 27 -1.000283177569269e+00 -1.894788906021938e-03 -9.249790483196943e-04 -1.007694530710774e+00
14 28 -1.000283204442280e+00 -1.894929621273358e-03 -9.248357244245654e-04 -1.007694212037551e+00
14 29 -1.000283254830084e+00 -1.895121207566302e-03 -9.246604106962604e-04 -1.007693710895293e+00
14 30 -1.000283326704932e+00 -1.895356160237987e-03 -9.244603104604459e-04 -1.007693046955131e+00
14 31 -1.000283417227219e+00 -1.895625266277143e-03 -9.242437800903792e-04 -1.007692246198389e+00
15 0 -1.000283502108901e+00 -1.896111946228276e-03 -9.230385261699072e-04 -1.007691109210762e+00
15 1 -1.000283618941708e+00 -1.896417026168728e-03 -9.228171072470525e-04 -1.007690131457282e+00
15 2 -1.000283742435917e+00 -1.896722674243507e-03 -9.226065755640502e-04 -1.007689120353111e+00
15 3 -1.000283867898539e+00 -1.897017073072863e-03 -9.224154097388043e-04 -1.007688114799354e+00
15 4 -1.000283990586311e+00 -1.897288911634670e-03 -9.222510643145893e-04 -1.007687153306621e+00
15 5 -1.000284105875691e+00 -1.897527818709854e-03 -9.221196691743047e-04 -1.007686272537659e+00
15 6 -1.000284209426380e+00 -1.897724749582514e-03 -9.220258235850597e-04 -1.007685505943224e+00
15 7 -1.000284297334324e+00 -1.897872313076302e-03 -9.219724875882298e-04 -1.007684882536520e+00
15 8 -1.000284366270358e+00 -1.897965029279102e-03 -9.219609647031066e-04 -1.007684425844842e+00
15 9 -1.000284413600801e+00 -1.897999511754609e-03 -9.219909628707970e-04 -1.007684153069235e+00
15 10 -1.000284437486504e+00 -1.897974571399003e-03 -9.220607154043554e-04 -1.007684074474953e+00
15 11 -1.000284436956923e+00 -1.897891241889585e-03 -9.221671411199903e-04 -1.007684193028461e+00
15 12 -1.000284411955706e+00 -1.897752728700617e-03 -9.223060235920760e-04 -1.007684504290730e+00
15 13 -1.000284363354595e+00 -1.897564285199865e-03 -9.224721934486419e-04 -1.007684996570470e+00
15 14 -1.000284292933307e+00 -1.897333020711589e-03 -9.226597035415704e-04 -1.007685651334004e+00
15 15 -1.000284203324251e+00 -1.897067646665304e-03 -9.228619932722177e-04 -1.007686443861243e+00
15 16 -1.000284097922346e+00 -1.896778167961572e-03 -9.230720445174459e-04 -1.007687344130263e+00
15 17 -1.000283980761729e+00 -1.896475527631211e-03 -9.232825369228949e-04 -1.007688317906030e+00
15 18 -1.000283856363037e+00 -1.896171214062272e-03 -9.234860138204054e-04 -1.007689328001030e+00
15 19 -1.000283729556919e+00 -1.895876841639229e-03 -9.236750704578701e-04 -1.007690335667491e+00
15 20 -1.000283605291076e+00 -1.895603717410570e-03 -9.238425730437760e-04 -1.007691302073485e+00
15 21 -1.000283488429211e+00 -1.895362408179045e-03 -9.239819108693333e-04 -1.007692189809076e+00
15 22 -1.000283383550988e+00 -1.895162324091340e-03 -9.240872757311566e-04 -1.007692964363716e+00
15 23 -1.000283294762587e+00 -1.895011336155868e-03 -9.241539543983619e-04 -1.007693595512610e+00
15 24 -1.000283225527267e+00 -1.894915445635519e-03 -9.241786123236331e-04 -1.007694058549334e+00
15 25 -1.000283178524344e+00 -1.894878522463980e-03 -9.241595416362216e-04 -1.007694335305984e+00
15 26 -1.000283155543167e+00 -1.894902127605627e-03 -9.240968449100717e-04 -1.007694414910487e+00
15 27 -1.000283157416592e+00 -1.894985430793244e-03 -9.239925288645531e-04 -1.007694294242429e+00
15 28 -1.000283183996332e+00 -1.895125230476698e-03 -9.238504888909850e-04 -1.007693978063239e+00
15 29 -1.000283234170218e+00 -1.895316077219731e-03 -9.236763753862732e-04 -1.007693478813541e+00
15 30 -1.000283305918999e+00 -1.895550495631170e-03 -9.234773449988499e-04 -1.007692816088752e+00
15 31 -1.000283396408164e+00 -1.895819294034629e-03 -9.232617121154916e-04 -1.007692015821169e+00
16 0 -1.000283454500745e+00 -1.896277863199265e-03 -9.221522095977963e-04 -1.007690951481829e+00
16 1 -1.000283571405218e+00 -1.896582928718518e-03 -9.219313264138104e-04 -1.007689973322986e+00
16 2 -1.000283695068724e+00 -1.896888817577036e-03 -9.217210561517099e-04 -1.007688961037174e+00
16 3 -1.000283820791827e+00 -1.897183703431189e-03 -9.215298659975119e-04 -1.007687953571342e+00
16 4 -1.000283943821281e+00 -1.897456256517959e-03 -9.213652105509282e-04 -1.007686989510671e+00
16 5 -1.000284059520357e+00 -1.897696077731519e-03 -9.212332315499658e-04 -1.007686105618462e+00
16 6 -1.000284163532854e+00 -1.897894086519333e-03 -9.211385512622956e-04 -1.007685335467779e+00
16 7 -1.000284251936771e+00 -1.898042849499928e-03 -9.210841625865047e-04 -1.007684708210655e+00
16 8 -1.000284321383707e+00 -1.898136839954088e-03 -9.210714103493474e-04 -1.007684247523958e+00
16 9 -1.000284369220243e+00 -1.898172621922247e-03 -9.211000508198497e-04 -1.007683970763009e+00
16 10 -1.000284393587757e+00 -1.898148956051323e-03 -9.211683708395076e-04 -1.007683888345901e+00
16 11 -1.000284393497221e+00 -1.898066827040821e-03 -9.212733455220773e-04 -1.007684003384677e+00
16 12 -1.000284368875473e+00 -1.897929394519211e-03 -9.214108148329260e-04 -1.007684311573433e+00
16 13 -1.000284320579778e+00 -1.897741870798271e-03 -9.215756635814781e-04 -1.007684801336942e+00
16 14 -1.000284250378247e+00 -1.897511330412823e-03 -9.217619948364924e-04 -1.007685454236376e+00
16 15 -1.000284160894986e+00 -1.897246457562325e-03 -9.219632926600575e-04 -1.007686245621704e+00
16 16 -1.000284055520195e+00 -1.896957238501522e-03 -9.221725762764105e-04 -1.007687145513645e+00
16 17 -1.000283938287051e+00 -1.896654606857482e-03 -9.223825536925117e-04 -1.007688119690928e+00
16 18 -1.000283813719044e+00 -1.896350051109421e-03 -9.225857865876748e-04 -1.007689130950576e+00
16 19 -1.000283686653375e+00 -1.896055195098426e-03 -9.227748783363252e-04 -1.007690140500821e+00
16 20 -1.000283562047698e+00 -1.895781364240614e-03 -9.229426932524705e-04 -1.007691109438927e+00
16 21 -1.000283444778637e+00 -1.895539151921293e-03 -9.230826088458575e-04 -1.007692000259965e+00
16 22 -1.000283339441286e+00 -1.895338002214214e-03 -9.231887953430004e-04 -1.007692778337422e+00
16 23 -1.000283250159265e+00 -1.895185826327109e-03 -9.232565086557637e-04 -1.007693413313284e+00
16 24 -1.000283180414697e+00 -1.895088670609842e-03 -9.232823752720231e-04 -1.007693880335202e+00
16 25 -1.000283132906441e+00 -1.895050453238944e-03 -9.232646418971970e-04 -1.007694161082250e+00
16 26 -1.000283109443249e+00 -1.895072784660322e-03 -9.232033609171285e-04 -1.007694244528520e+00
16 27 -1.000283110876492e+00 -1.895154883461430e-03 -9.231004856778021e-04 -1.007694127405031e+00
16 28 -1.000283137074838e+00 -1.895293594575240e-03 -9.229598566922631e-04 -1.007693814335418e+00
16 29 -1.000283186940911e+00 -1.895483510929467e-03 -9.227870700234951e-04 -1.007693317638542e+00
16 30 -1.000283258467474e+00 -1.895717193573271e-03 -9.225892308863557e-04 -1.007692656809334e+00
16 31 -1.000283348828699e+00 -1.895985479696512e-03 -9.223746073881229e-04 -1.007691857705569e+00
17 0 -1.000283381866391e+00 -1.896409456721948e-03 -9.213950619473612e-04 -1.007690872324533e+00
17 1 -1.000283498758558e+00 -1.896714321695064e-03 -9.211747721323020e-04 -1.007689894360708e+00
17 2 -1.000283622515207e+00 -1.897020275142971e-03 -9.209648098941789e-04 -1.007688881444685e+00
17 3 -1.000283748433337e+00 -1.897315488216621e-03 -9.207736297409610e-04 -1.007687872548895e+00
17 4 -1.000283871752196e+00 -1.897588618347070e-03 -9.206086854218383e-04 -1.007686906315121e+00
17 5 -1.000283987823902e+00 -1.897829243906218e-03 -9.204761295576771e-04 -1.007686019591860e+00
17 6 -1.000284092277892e+00 -1.898028252987148e-03 -9.203806066771609e-04 -1.007685246062540e+00
17 7 -1.000284181175147e+00 -1.898178173227693e-03 -9.203251426425234e-04 -1.007684615010381e+00
17 8 -1.000284251148268e+00 -1.898273432878331e-03 -9.203111247109634e-04 -1.007684150258980e+00
17 9 -1.000284299523585e+00 -1.898310546773488e-03 -9.203383591830876e-04 -1.007683869319988e+00
17 10 -1.000284324421753e+00 -1.898288224177697e-03 -9.204051882330984e-04 -1.007683782771352e+00
17 11 -1.000284324833330e+00 -1.898207398223985e-03 -9.205086451695434e-04 -1.007683893882531e+00
17 12 -1.000284300665869e+00 -1.898071178727052e-03 -9.206446286656385e-04 -1.007684198496833e+00
17 13 -1.000284252759226e+00 -1.897884731784661e-03 -9.208080805827818e-04 -1.007684685174586e+00
17 14 -1.000284182866628e+00 -1.897655091017213e-03 -9.209931573384074e-04 -1.007685335593967e+00
17 15 -1.000284093600338e+00 -1.897390906518870e-03 -9.211933906152747e-04 -1.007686125199168e+00
17 16 -1.000283988342202e+00 -1.897102138538922e-03 -9.214018396057036e-04 -1.007687024078800e+00
17 17 -1.000283871120927e+00 -1.896799703793095e-03 -9.216112431179875e-04 -1.007687998050379e+00
17 18 -1.000283746459624e+00 -1.896495083521000e-03 -9.218141836082973e-04 -1.007689009919061e+00
17 19 -1.000283619199178e+00 -1.896199904121441e-03 -9.220032748527450e-04 -1.007690020870472e+00
17 20 -1.000283494304728e+00 -1.895925503159144e-03 -9.221713809535842e-04 -1.007690991949673e+00
17 21 -1.000283376663874e+00 -1.895682495362605e-03 -9.223118683656459e-04 -1.007691885571761e+00
17 22 -1.000283270885847e+00 -1.895480354736468e-03 -9.224188855757072e-04 -1.007692667004852e+00
17 23 -1.000283181111135e+00 -1.895327030036504e-03 -9.224876569826148e-04 -1.007693305763476e+00
17 24 -1.000283110840818e+00 -1.895228611377676e-03 -9.225147692610846e-04 -1.007693776850368e+00
17 25 -1.000283062794003e+00 -1.895189065215432e-03 -9.224984224962310e-04 -1.007694061787966e+00
17 26 -1.000283038800152e+00 -1.895210052952725e-03 -9.224386169816467e-04 -1.007694149388284e+00
17 27 -1.000283039731019e+00 -1.895290844892469e-03 -9.223372500775435e-04 -1.007694036221264e+00
17 28 -1.000283065474589e+00 -1.895428336423277e-03 -9.221981046010888e-04 -1.007693726756883e+00
17 29 -1.000283114950985e+00 -1.895617167642859e-03 -9.220267197315494e-04 -1.007693233173944e+00
17 30 -1.000283186167957e+00 -1.895849941638200e-03 -9.218301468587653e-04 -1.007692574846451e+00
17 31 -1.000283276311577e+00 -1.896117530935838e-03 -9.216166050860566e-04 -1.007691777535003e+00
18 0 -1.000283286965777e+00 -1.896501758928015e-03 -9.207960695564488e-04 -1.007690874529600e+00
18 1 -1.000283403762487e+00 -1.896806245674756e-03 -9.205764063456117e-04 -1.007689897351487e+00
18 2 -1.000283527532922e+00 -1.897112085809043e-03 -9.203667851515147e-04 -1.007688884378523e+00
18 3 -1.000283653573512e+00 -1.897407454580392e-03 -9.201756469741381e-04 -1.007687874587180e+00
18 4 -1.000283777118745e+00 -1.897681003091544e-03 -9.200104435854582e-04 -1.007686906655673e+00
18 5 -1.000283893512060e+00 -1.897922293362701e-03 -9.198773371446995e-04 -1.007686017499252e+00
18 6 -1.000283998370630e+00 -1.898122187700326e-03 -9.197809932866678e-04 -1.007685240895739e+00
18 7 -1.000284087739993e+00 -1.898273179418026e-03 -9.197244701080988e-04 -1.007684606246937e+00
18 8 -1.000284158234667e+00 -1.898369655252870e-03 -9.197091968068211e-04 -1.007684137514703e+00
18 9 -1.000284207160963e+00 -1.898408083062271e-03 -9.197350291612671e-04 -1.007683852363184e+00
18 10 -1.000284232618363e+00 -1.898387121556778e-03 -9.198003641025405e-04 -1.007683761531187e+00
18 11 -1.000284233575920e+00 -1.898307651653384e-03 -9.199022929394923e-04 -1.007683868451427e+00
18 12 -1.000284209920170e+00 -1.898172731237177e-03 -9.200367735353295e-04 -1.007684169126839e+00
18 13 -1.000284162471251e+00 -1.897987476745966e-03 -9.201988057778974e-04 -1.007684652267775e+00
18 14 -1.000284092964738e+00 -1.897758876326616e-03 -9.203826004417255e-04 -1.007685299687187e+00
18 15 -1.000284003997996e+00 -1.897495540498782e-03 -9.205817376840768e-04 -1.007686086943793e+00
18 16 -1.000283898941314e+00 -1.897207397270566e-03 -9.207893176527855e-04 -1.007686984216249e+00
18 17 -1.000283781815640e+00 -1.896905339595255e-03 -9.209981114419616e-04 -1.007687957384228e+00
18 18 -1.000283657140431e+00 -1.896600834282281e-03 -9.212007241803590e-04 -1.007688969284696e+00
18 19 -1.000283529757132e+00 -1.896305503179329e-03 -9.213897818217161e-04 -1.007689981103428e+00
18 20 -1.000283404635615e+00 -1.896030689399274e-03 -9.215581494785628e-04 -1.007690953853818e+00
18 21 -1.000283286672203e+00 -1.895787023177363e-03 -9.216991833102561e-04 -1.007691849888431e+00
18 22 -1.000283180488536e+00 -1.895584003443489e-03 -9.218070107805634e-04 -1.007692634384070e+00
18 23 -1.000283090240746e+00 -1.895429612371108e-03 -9.218768256316364e-04 -1.007693276738410e+00
18 24 -1.000283019448164e+00 -1.895329980757221e-03 -9.219051754321094e-04 -1.007693751816087e+00
18 25 -1.000282970850032e+00 -1.895289121539990e-03 -9.218902138212212e-04 -1.007694040985402e+00
18 26 -1.000282946297049e+00 -1.895308746675550e-03 -9.218318886670288e-04 -1.007694132894206e+00
18 27 -1.000282946682494e+00 -1.895388179056869e-03 -9.217320409270573e-04 -1.007694023945010e+00
18 28 -1.000282971915299e+00 -1.895524366497528e-03 -9.215943955249900e-04 -1.007693718444191e+00
18 29 -1.000283020935115e+00 -1.895711999275894e-03 -9.214244345695903e-04 -1.007693228417400e+00
18 30 -1.000283091767084e+00 -1.895943726640113e-03 -9.212291549621052e-04 -1.007692573101550e+00
18 31 -1.000283181611961e+00 -1.896210461676307e-03 -9.210167254862893e-04 -1.007691778140972e+00
19 0 -1.000283173393313e+00 -1.896551292574679e-03 -9.203780004784104e-04 -1.007690957943463e+00
19 1 -1.000283290015272e+00 -1.896855238170273e-03 -9.201589728847341e-04 -1.007689982110781e+00
19 2 -1.000283413719742e+00 -1.897160791613589e-03 -9.199497123538116e-04 -1.007688969655682e+00
19 3 -1.000283539805632e+00 -1.897456138893311e-03 -9.197586455344778e-04 -1.007687959536674e+00
19 4 -1.000283663505682e+00 -1.897729931612576e-03 -9.195932210045029e-04 -1.007686990446497e+00
19 5 -1.000283780157490e+00 -1.897971722160494e-03 -9.194596091908316e-04 -1.007686099346189e+00
19 6 -1.000283885368497e+00 -1.898172353468777e-03 -9.193624954188645e-04 -1.007685320088644e+00
19 7 -1.000283975170897e+00 -1.898324290431729e-03 -9.193049681263486e-04 -1.007684682177355e+00
19 8 -1.000284046162699e+00 -1.898421883401709e-03 -9.192884959806456e-04 -1.007684209698818e+00
19 9 -1.000284095631195e+00 -1.898461557315941e-03 -9.193129815240497e-04 -1.007683920460039e+00
19 10 -1.000284121655097e+00 -1.898441923082296e-03 -9.193768739826683e-04 -1.007683825355491e+00
19 11 -1.000284123181702e+00 -1.898363810715249e-03 -9.194773207005269e-04 -1.007683927980688e+00
19 12 -1.000284100075571e+00 -1.898230226017419e-03 -9.196103371426505e-04 -1.007684224502547e+00
19 13 -1.000284053135525e+00 -1.898046234219680e-03 -9.197709797874365e-04 -1.007684703790301e+00
19 14 -1.000283984077402e+00 -1.897818775187490e-03 -9.199535124871420e-04 -1.007685347804345e+00
19 15 -1.000283895481239e+00 -1.897556415909564e-03 -9.201515630355563e-04 -1.007686132233773e+00
19 16 -1.000283790703036e+00 -1.897269047115680e-03 -9.203582724100825e-04 -1.007687027365932e+00
19 17 -1.000283673752965e+00 -1.896967532007357e-03 -9.205664445066221e-04 -1.007687999163704e+00
19 18 -1.000283549143637e+00 -1.896663316327645e-03 -9.207687079085869e-04 -1.007689010518444e+00
19 19 -1.000283421713914e+00 -1.896368010516704e-03 -9.209577015196188e-04 -1.007690022638791e+00
19 20 -1.000283296435512e+00 -1.896092956509143e-03 -9.211262923605969e-04 -1.007690996528035e+00
19 21 -1.000283178210935e+00 -1.895848793622637e-03 -9.212678276683446e-04 -1.007691894495934e+00
19 22 -1.000283071672031e+00 -1.895645039698708e-03 -9.213764157917654e-04 -1.007692681645528e+00
19 23 -1.000282980988725e+00 -1.895489704923193e-03 -9.214472218691356e-04 -1.007693327272632e+00
19 24 -1.000282909697200e+00 -1.895388956235545e-03 -9.214767561498273e-04 -1.007693806115663e+00
19 25 -1.000282860555969e+00 -1.895346849549703e-03 -9.214631274031857e-04 -1.007694099397074e+00
19 26 -1.000282835436685e+00 -1.895365144945691e-03 -9.214062328378232e-04 -1.007694195605026e+00
19 27 -1.000282835254421e+00 -1.895443216609355e-03 -9.213078591095215e-04 -1.007694090975079e+00
19 28 -1.000282859939862e+00 -1.895578064751970e-03 -9.211716752827447e-04 -1.007693789646277e+00
19 29 -1.000282908453527e+00 -1.895764431172636e-03 -9.210031078442562e-04 -1.007693303483212e+00
19 30 -1.000282978839786e+00 -1.895995013894526e-03 -9.208091000287990e-04 -1.007692651574071e+00
19 31 -1.000283068316346e+00 -1.896260770219616e-03 -9.205977709142751e-04 -1.007691859432241e+00
20 0 -1.000283045447651e+00 -1.896556193721220e-03 -9.201565681179657e-04 -1.007691119485453e+00
20 1 -1.000283161822218e+00 -1.896859455747339e-03 -9.199381618422025e-04 -1.007690145506976e+00
20 2 -1.000283285383416e+00 -1.897164559886658e-03 -9.197292683359902e-04 -1.007689134125400e+00
20 3 -1.000283411435641e+00 -1.897459709163162e-03 -9.195382994556695e-04 -1.007688124259751e+00
20 4 -1.000283535213019e+00 -1.897733562541013e-03 -9.193726997044261e-04 -1.007687154594513e+00
20 5 -1.000283652050378e+00 -1.897975669889653e-03 -9.192386464331792e-04 -1.007686262113605e+00
20 6 -1.000283757548290e+00 -1.898176861907088e-03 -9.191408424149392e-04 -1.007685480722903e+00
20 7 -1.000283847728170e+00 -1.898329582022330e-03 -9.190824030735825e-04 -1.007684840007085e+00
20 8 -1.000283919173732e+00 -1.898428150682849e-03 -9.190648324521214e-04 -1.007684364159077e+00
20 9 -1.000283969155012e+00 -1.898468955574252e-03 -9.190880756498444e-04 -1.007684071113630e+00
20 10 -1.000283995731142e+00 -1.898450564359838e-03 -9.191506301734500e-04 -1.007683971909701e+00
20 11 -1.000283997828185e+00 -1.898373759411382e-03 -9.192496954485166e-04 -1.007684070298944e+00
20 12 -1.000283975288601e+00 -1.898241496333303e-03 -9.193813405066775e-04 -1.007684362610314e+00
20 13 -1.000283928889167e+00 -1.898058789625916e-03 -9.195406745498339e-04 -1.007684837874536e+00
20 14 -1.000283860324712e+00 -1.897832529903125e-03 -9.197220113370637e-04 -1.007685478206444e+00
20 15 -1.000283772156147e+00 -1.897571238197375e-03 -9.199190241448627e-04 -1.007686259436678e+00
20 16 -1.000283667722907e+00 -1.897284764190413e-03 -9.201248934754369e-04 -1.007687151976247e+00
20 17 -1.000283551021734e+00 -1.896983936467080e-03 -9.203324551664067e-04 -1.007688121889254e+00
20 18 -1.000283426555516e+00 -1.896680174027126e-03 -9.205343607052777e-04 -1.007689132141564e+00
20 19 -1.000283299157577e+00 -1.896385069621004e-03 -9.207232620187782e-04 -1.007690143986088e+00
20 20 -1.000283173798530e+00 -1.896109957277098e-03 -9.208920291307736e-04 -1.007691118438024e+00
20 21 -1.000283055384203e+00 -1.895865478460513e-03 -9.210340024537785e-04 -1.007692017786104e+00
20 22 -1.000282948553998e+00 -1.895661163126101e-03 -9.211432738571462e-04 -1.007692807080204e+00
20 23 -1.000282857489283e+00 -1.895505043111553e-03 -9.212149826324578e-04 -1.007693455532911e+00
20 24 -1.000282785741122e+00 -1.895403315701871e-03 -9.212456046586534e-04 -1.007693937772752e+00
20 25 -1.000282736085732e+00 -1.895360074591464e-03 -9.212332073349223e-04 -1.007694234890217e+00
20 26 -1.000282710414583e+00 -1.895377123559173e-03 -9.211776412959571e-04 -1.007694335224700e+00
20 27 -1.000282709663912e+00 -1.895453884779411e-03 -9.210806430300835e-04 -1.007694234851856e+00
20 28 -1.000282733786136e+00 -1.895587408986149e-03 -9.209458293052680e-04 -1.007693937745812e+00
20 29 -1.000282781763252e+00 -1.895772489077699e-03 -9.207785739211552e-04 -1.007693455607872e+00
20 30 -1.000282851660041e+00 -1.896001872664805e-03 -9.205857692314987e-04 -1.007692807371277e+00
20 31 -1.000282940712781e+00 -1.896266563127697e-03 -9.203754875473719e-04 -1.007692018408881e+00
21 0 -1.000282907976463e+00 -1.896516277267618e-03 -9.201398811550944e-04 -1.007691353247351e+00
21 1 -1.000283024040204e+00 -1.896818738865838e-03 -9.199220598572002e-04 -1.007690381562831e+00
21 2 -1.000283147386073e+00 -1.897123247744702e-03 -9.197135269227645e-04 -1.007689371771147e+00
21 3 -1.000283273326770e+00 -1.897418029525321e-03 -9.195226799238206e-04 -1.007688362731931e+00
21 4 -1.000283397100879e+00 -1.897691757132993e-03 -9.193569587107424e-04 -1.007687393098808e+00
21 5 -1.000283514043620e+00 -1.897933985250509e-03 -9.192225455831173e-04 -1.007686499854535e+00
21 6 -1.000283619751818e+00 -1.898135540049556e-03 -9.191241573363333e-04 -1.007685716933743e+00
21 7 -1.000283710239120e+00 -1.898288851251499e-03 -9.190649318924480e-04 -1.007685073978740e+00
21 8 -1.000283782077731e+00 -1.898388216928948e-03 -9.190464036311590e-04 -1.007684595266722e+00
21 9 -1.000283832522835e+00 -1.898429994533555e-03 -9.190685548380386e-04 -1.007684298840305e+00
21 10 -1.000283859615860e+00 -1.898412714692021e-03 -9.191299255100372e-04 -1.007684195866317e+00
21 11 -1.000283862262952e+00 -1.898337117278653e-03 -9.192277609363415e-04 -1.007684290239891e+00
21 12 -1.000283840285240e+00 -1.898206111588365e-03 -9.193581774524108e-04 -1.007684578443633e+00
21 13 -1.000283794437653e+00 -1.898024663837638e-03 -9.195163313046385e-04 -1.007685049665962e+00
21 14 -1.000283726393541e+00 -1.897799616223774e-03 -9.196965814877534e-04 -1.007685686177352e+00
21 15 -1.000283638693533e+00 -1.897539443011773e-03 -9.198926430621781e-04 -1.007686463956255e+00
21 16 -1.000283534658761e+00 -1.897253950552257e-03 -9.200977330604111e-04 -1.007687353548027e+00
21 17 -1.000283418270412e+00 -1.896953929314737e-03 -9.203047169239467e-04 -1.007688321132129e+00
21 18 -1.000283294019227e+00 -1.896650766983120e-03 -9.205062676929562e-04 -1.007689329765890e+00
21 19 -1.000283166730283e+00 -1.896356033002314e-03 -9.206950503268682e-04 -1.007690340766054e+00
21 20 -1.000283041370142e+00 -1.896081046968121e-03 -9.208639392082155e-04 -1.007691315181462e+00
21 21 -1.000282922844903e+00 -1.895836445409450e-03 -9.210062702209565e-04 -1.007692215302658e+00
21 22 -1.000282815798557e+00 -1.895631763159926e-03 -9.211161216502283e-04 -1.007693006149057e+00
21 23 -1.000282724421168e+00 -1.895475046547982e-03 -9.211886105156865e-04 -1.007693656871825e+00
21 24 -1.000282652276157e+00 -1.895372516183957e-03 -9.212201828640901e-04 -1.007694142010245e+00
21 25 -1.000282602155187e+00 -1.895328296823275e-03 -9.212088701708443e-04 -1.007694442541847e+00
21 26 -1.000282575967631e+00 -1.895344229896253e-03 -9.211544822811536e-04 -1.007694546673677e+00
21 27 -1.000282574669476e+00 -1.895419780592206e-03 -9.210587110130084e-04 -1.007694450334270e+00
21 28 -1.000282598234045e+00 -1.895552046461067e-03 -9.209251259192266e-04 -1.007694157341415e+00
21 29 -1.000282645664605e+00 -1.895735869048325e-03 -9.207590531026081e-04 -1.007693679237395e+00
21 30 -1.000282715046711e+00 -1.895964044333976e-03 -9.205673391201239e-04 -1.007693034800480e+00
21 31 -1.000282803636116e+00 -1.896227621873580e-03 -9.203580143309984e-04 -1.007692249258697e+00
22 0 -1.000282766200766e+00 -1.896433043866804e-03 -9.203281923249098e-04 -1.007691650674137e+00
22 1 -1.000282881901726e+00 -1.896734617850716e-03 -9.201108996176388e-04 -1.007690681638669e+00
22 2 -1.000283004968102e+00 -1.897038407357647e-03 -9.199027092460453e-04 -1.007689673895343e+00
22 3 -1.000283130723366e+00 -1.897332665274476e-03 -9.197120057499861e-04 -1.007688666226754e+00
22 4 -1.000283254413425e+00 -1.897606084588248e-03 -9.195462236262998e-04 -1.007687697234274e+00
22 5 -1.000283371377033e+00 -1.897848232023299e-03 -9.194115474474256e-04 -1.007686803875451e+00
22 6 -1.000283477210591e+00 -1.898049937174044e-03 -9.193127038945872e-04 -1.007686020088128e+00
22 7 -1.000283567923335e+00 -1.898203624353532e-03 -9.192528483368525e-04 -1.007685375546265e+00
22 8 -1.000283640079176e+00 -1.898303577612263e-03 -9.192335396446985e-04 -1.007684894585930e+00
22 9 -1.000283690921357e+00 -1.898346132306705e-03 -9.192547904688582e-04 -1.007684595333801e+00
22 10 -1.000283718476138e+00 -1.898329789671640e-03 -9.193151755463727e-04 -1.007684489063179e+00
22 11 -1.000283721631880e+00 -1.898255253923330e-03 -9.194119778973415e-04 -1.007684579794353e+00
22 12 -1.000283700190029e+00 -1.898125393740645e-03 -9.195413533854358e-04 -1.007684864149073e+00
22 13 -1.000283654884683e+00 -1.897945131289088e-03 -9.196984982990340e-04 -1.007685331463673e+00
22 14 -1.000283587367994e+00 -1.897721262940817e-03 -9.198778106065280e-04 -1.007685964159836e+00
22 15 -1.000283500159871e+00 -1.897462217149809e-03 -9.200730415325400e-04 -1.007686738364668e+00
22 16 -1.000283396562132e+00 -1.897177756361597e-03 -9.202774399045808e-04 -1.007687624763408e+00
22 17 -1.000283280538907e+00 -1.896878630890781e-03 -9.204838974332928e-04 -1.007688589660589e+00
22 18 -1.000283156566816e+00 -1.896576193616598e-03 -9.206851071081038e-04 -1.007689596218684e+00
22 19 -1.000283029460247e+00 -1.896281985834452e-03 -9.208737468973908e-04 -1.007690605835641e+00
22 20 -1.000282904178895e+00 -1.896007306745944e-03 -9.210426966940504e-04 -1.007691579614318e+00
22 21 -1.000282785626109e+00 -1.895762781141587e-03 -9.211852900099667e-04 -1.007692479869595e+00
22 22 -1.000282678447349e+00 -1.895557941288987e-03 -9.212955949209565e-04 -1.007693271614390e+00
22 23 -1.000282586838228e+00 -1.895400840093790e-03 -9.213687109876323e-04 -1.007693923963200e+00
22 24 -1.000282514371455e+00 -1.895297713408525e-03 -9.214010604542246e-04 -1.007694411390615e+00
22 25 -1.000282463851271e+00 -1.895252709218401e-03 -9.213906455073341e-04 -1.007694714784346e+00
22 26 -1.000282437202439e+00 -1.895267699379020e-03 -9.213372419513605e-04 -1.007694822239853e+00
22 27 -1.000282435398600e+00 -1.895342185633422e-03 -9.212425037748376e-04 -1.007694729556509e+00
22 28 -1.000282458432360e+00 -1.895473306738733e-03 -9.211099604504028e-04 -1.007694440410561e+00
22 29 -1.000282505327151e+00 -1.895655948342185e-03 -9.209448977010521e-04 -1.007693966196194e+00
22 30 -1.000282574188809e+00 -1.895882951634007e-03 -9.207541232106487e-04 -1.007693325542904e+00
22 31 -1.000282662292709e+00 -1.896145410799950e-03 -9.205456313080212e-04 -1.007692543534926e+00
23 0 -1.000282625523870e+00 -1.896309627645924e-03 -9.207139472232206e-04 -1.007692000826819e+00
23 1 -1.000282740823508e+00 -1.896610259553644e-03 -9.204971095521470e-04 -1.007691034697976e+00
23 2 -1.000282863556466e+00 -1.896913231852477e-03 -9.202892338376214e-04 -1.007690029386838e+00
23 3 -1.000282989059043e+00 -1.897206828431019e-03 -9.200986929336452e-04 -1.007689023584026e+00
23 4 -1.000283112587048e+00 -1.897479767677306e-03 -9.199329151090003e-04 -1.007688055819391e+00
23 5 -1.000283229485809e+00 -1.897721635062927e-03 -9.197980844740247e-04 -1.007687163002353e+00
23 6 -1.000283335354667e+00 -1.897923271410555e-03 -9.196989334183669e-04 -1.007686379048176e+00
23 7 -1.000283426201977e+00 -1.898077104207678e-03 -9.196386292233564e-04 -1.007685733634962e+00
23 8 -1.000283498586864e+00 -1.898177412470737e-03 -9.196187482258646e-04 -1.007685251129818e+00
23 9 -1.000283549744006e+00 -1.898220518504072e-03 -9.196393250285494e-04 -1.007684949716434e+00
23 10 -1.000283577687668e+00 -1.898204902939032e-03 -9.196989598732700e-04 -1.007684840749060e+00
23 11 -1.000283581291288e+00 -1.898131242523178e-03 -9.197949642135193e-04 -1.007684928349915e+00
23 12 -1.000283560338999e+00 -1.898002372504572e-03 -9.199235245532016e-04 -1.007685209260179e+00
23 13 -1.000283515545793e+00 -1.897823176835851e-03 -9.200798687851551e-04 -1.007685672948995e+00
23 14 -1.000283448543660e+00 -1.897600410394809e-03 -9.202584258365050e-04 -1.007686301979228e+00
23 15 -1.000283361832201e+00 -1.897342458605542e-03 -9.204529758441318e-04 -1.007687072621618e+00
23 16 -1.000283258693709e+00 -1.897059041159675e-03 -9.206567936129518e-04 -1.007687955701243e+00
23 17 -1.000283143074386e+00 -1.896760867625507e-03 -9.208627932313857e-04 -1.007688917652830e+00
23 18 -1.000283019435202e+00 -1.896459253769098e-03 -9.210636856030509e-04 -1.007689921754130e+00
23 19 -1.000282892577777e+00 -1.896165708926183e-03 -9.212521611282571e-04 -1.007690929498751e+00
23 20 -1.000282767452450e+00 -1.895891506807884e-03 -9.214211059466335e-04 -1.007691902061617e+00
23 21 -1.000282648956964e+00 -1.895647254140698e-03 -9.215638535502514e-04 -1.007692801803367e+00
23 22 -1.000282541735037e+00 -1.895442473116514e-03 -9.216744660579839e-04 -1.007693593755023e+00
23 23 -1.000282449984364e+00 -1.895285214833346e-03 -9.217480314532000e-04 -1.007694247021209e+00
23 24 -1.000282377283434e+00 -1.895181721685453e-03 -9.217809549750257e-04 -1.007694736039076e+00
23 25 -1.000282326445753e+00 -1.895136156342654e-03 -9.217712167375793e-04 -1.007695041632731e+00
23 26 -1.000282299408448e+00 -1.895150412848993e-03 -9.217185662383581e-04 -1.007695151810686e+00
23 27 -1.000282297160085e+00 -1.895224021593583e-03 -9.216246281822255e-04 -1.007695062266058e+00
23 28 -1.000282319710143e+00 -1.895354155191501e-03 -9.214929011265265e-04 -1.007694776554043e+00
23 29 -1.000282366100298e+00 -1.895535737077699e-03 -9.213286394133319e-04 -1.007694305937500e+00
23 30 -1.000282434455369e+00 -1.895761648811574e-03 -9.211386199072684e-04 -1.007693668909045e+00
23 31 -1.000282522069783e+00 -1.896023026022524e-03 -9.209308077940894e-04 -1.007692890415648e+00
24 0 -1.000282491330707e+00 -1.896150685657385e-03 -9.212821230796965e-04 -1.007692390727883e+00
24 1 -1.000282606205394e+00 -1.896450355825941e-03 -9.210656527954541e-04 -1.007691427655683e+00
24 2 -1.000282728563269e+00 -1.896752443104511e-03 -9.208580550787899e-04 -1.007690425071190e+00
24 3 -1.000282853755074e+00 -1.897045265037783e-03 -9.206676924082529e-04 -1.007689421561422e+00
24 4 -1.000282977048764e+00 -1.897317569732268e-03 -9.205019862575232e-04 -1.007688455568251e+00
24 5 -1.000283093799031e+00 -1.897558967297872e-03 -9.203671179866701e-04 -1.007687563932011e+00
24 6 -1.000283199611390e+00 -1.897760317150119e-03 -9.202678214954125e-04 -1.007686780520445e+00
24 7 -1.000283290496852e+00 -1.897914058517185e-03 -9.202072696628497e-04 -1.007686134987967e+00
24 8 -1.000283363013484e+00 -1.898014474715496e-03 -9.201870480865004e-04 -1.007685651703381e+00
24 9 -1.000283414391186e+00 -1.898057884649715e-03 -9.202072038978022e-04 -1.007685348877771e+00
24 10 -1.000283442635921e+00 -1.898042757932457e-03 -9.202663529047654e-04 -1.007685237917475e+00
24 11 -1.000283446609596e+00 -1.897969752998681e-03 -9.203618249023194e-04 -1.007685323019711e+00
24 12 -1.000283426081968e+00 -1.897841680037275e-03 -9.204898268820460e-04 -1.007685601021219e+00
24 13 -1.000283381751328e+00 -1.897663392076355e-03 -9.206456083226741e-04 -1.007686061504023e+00
24 14 -1.000283315231358e+00 -1.897441608480669e-03 -9.208236197434774e-04 -1.007686687156602e+00
24 15 -1.000283229002598e+00 -1.897184676108784e-03 -9.210176621393431e-04 -1.007687454382551e+00
24 16 -1.000283126328350e+00 -1.896902274633439e-03 -9.212210299704833e-04 -1.007688334141400e+00
24 17 -1.000283011136642e+00 -1.896605073769370e-03 -9.214266551302509e-04 -1.007689292998411e+00
24 18 -1.000282887871831e+00 -1.896304351278781e-03 -9.216272634690804e-04 -1.007690294352449e+00
24 19 -1.000282761321214e+00 -1.896011581988387e-03 -9.218155565226944e-04 -1.007691299803541e+00
24 20 -1.000282636423659e+00 -1.895738009946190e-03 -9.219844273740756e-04 -1.007692270614122e+00
24 21 -1.000282518068622e+00 -1.895494218012527e-03 -9.221272123947859e-04 -1.007693169210674e+00
24 22 -1.000282410894868e+00 -1.895289711046247e-03 -9.222379725871537e-04 -1.007693960666570e+00
24 23 -1.000282319098594e+00 -1.895132530057693e-03 -9.223117905328818e-04 -1.007694614103663e+00
24 24 -1.000282246260373e+00 -1.895028915154133e-03 -9.223450615435953e-04 -1.007695103950073e+00
24 25 -1.000282195199323e+00 -1.894983034587370e-03 -9.223357516745395e-04 -1.007695410995002e+00
24 26 -1.000282167861401e+00 -1.894996795342454e-03 -9.222835932554171e-04 -1.007695523188417e+00
24 27 -1.000282165246734e+00 -1.895069747300850e-03 -9.221901917682224e-04 -1.007695436144501e+00
24 28 -1.000282187378627e+00 -1.895199088313933e-03 -9.220590251413483e-04 -1.007695153322411e+00
24 29 -1.000282233314406e+00 -1.895379771970970e-03 -9.218953261330922e-04 -1.007694685875167e+00
24 30 -1.000282301195894e+00 -1.895604713854882e-03 -9.217058498011726e-04 -1.007694052175591e+00
24 31 -1.000282388335268e+00 -1.895865086180757e-03 -9.214985403987049e-04 -1.007693277045384e+00
25 0 -1.000282368784130e+00 -1.895962231924928e-03 -9.220108367939954e-04 -1.007692805787181e+00
25 1 -1.000282483226146e+00 -1.896260956614330e-03 -9.217946346658854e-04 -1.007691845807193e+00
25 2 -1.000282605181227e+00 -1.896562124005786e-03 -9.215872700310276e-04 -1.007690846142271e+00
25 3 -1.000282730015650e+00 -1.896854086647325e-03 -9.213970967448351e-04 -1.007689845268153e+00
25 4 -1.000282853011320e+00 -1.897125625523228e-03 -9.212315294936458e-04 -1.007688881525523e+00
25 5 -1.000282969534722e+00 -1.897366380357774e-03 -9.210967447862173e-04 -1.007687991667172e+00
25 6 -1.000283075200521e+00 -1.897567235864949e-03 -9.209974734249823e-04 -1.007687209490203e+00
25 7 -1.000283166025839e+00 -1.897720651188041e-03 -9.209368869047926e-04 -1.007686564598401e+00
25 8 -1.000283238571520e+00 -1.897820923188356e-03 -9.209165714171488e-04 -1.007686081332585e+00
25 9 -1.000283290066728e+00 -1.897864377228217e-03 -9.209365769887835e-04 -1.007685777900117e+00
25 10 -1.000283318513117e+00 -1.897849481924343e-03 -9.209955246844881e-04 -1.007685665728407e+00
25 11 -1.000283322764827e+00 -1.897776887210338e-03 -9.210907516622544e-04 -1.007685749060104e+00
25 12 -1.000283302580679e+00 -1.897649387518297e-03 -9.212184740028289e-04 -1.007686024800297e+00
25 13 -1.000283258645339e+00 -1.897471813460837e-03 -9.213739516774513e-04 -1.007686482619589e+00
25 14 -1.000283192556795e+00 -1.897250856268594e-03 -9.215516468455710e-04 -1.007687105311487e+00
25 15 -1.000283106778495e+00 -1.896994830144033e-03 -9.217453729628837e-04 -1.007687869396560e+00
25 16 -1.000283004555952e+00 -1.896713378961588e-03 -9.219484372307240e-04 -1.007688745958365e+00
25 17 -1.000282889799476e+00 -1.896417135038232e-03 -9.221537838318972e-04 -1.007689701687967e+00
25 18 -1.000282766936553e+00 -1.896117338770482e-03 -9.223541497625676e-04 -1.007690700106316e+00
25 19 -1.000282640739155e+00 -1.895825429189061e-03 -9.225422461533283e-04 -1.007691702926697e+00
25 20 -1.000282516132916e+00 -1.895552617418319e-03 -9.227109739745327e-04 -1.007692671511832e+00
25 21 -1.000282397996523e+00 -1.895309457390305e-03 -9.228536755548093e-04 -1.007693568372223e+00
25 22 -1.000282290960748e+00 -1.895105430113954e-03 -9.229644154342252e-04 -1.007694358646070e+00
25 23 -1.000282199216877e+00 -1.894948558835585e-03 -9.230382768067430e-04 -1.007695011498229e+00
25 24 -1.000282126343857e+00 -1.894845072681920e-03 -9.230716526074895e-04 -1.007695501376309e+00
25 25 -1.000282075162496e+00 -1.894799135938410e-03 -9.230625039979139e-04 -1.007695809065214e+00
25 26 -1.000282047623578e+00 -1.894812658513438e-03 -9.230105564772252e-04 -1.007695922487793e+00
25 27 -1.000282044734934e+00 -1.894885199834918e-03 -9.229174070398348e-04 -1.007695837209856e+00
25 28 -1.000282066530149e+00 -1.895013973556842e-03 -9.227865235705046e-04 -1.007695556622898e+00
25 29 -1.000282112079094e+00 -1.895193954745374e-03 -9.226231275879124e-04 -1.007695091795515e+00
25 30 -1.000282179537982e+00 -1.895418085311933e-03 -9.224339624307830e-04 -1.007694461002442e+00
25 31 -1.000282266234746e+00 -1.895677567724179e-03 -9.222269608161978e-04 -1.007693688956987e+00
26 0 -1.000282262625590e+00 -1.895751420692827e-03 -9.228721934333580e-04 -1.007693230302525e+00
26 1 -1.000282376643592e+00 -1.896049252033147e-03 -9.226561508850475e-04 -1.007692273332913e+00
26 2 -1.000282498183361e+00 -1.896349499368571e-03 -9.224489667901551e-04 -1.007691276670313e+00
26 3 -1.000282622627193e+00 -1.896640550205093e-03 -9.222589887882315e-04 -1.007690278675835e+00
26 4 -1.000282745272212e+00 -1.896911220399680e-03 -9.220936249718453e-04 -1.007689317579341e+00
26 5 -1.000282861498688e+00 -1.897151183277527e-03 -9.219590446066567e-04 -1.007688430030660e+00
26 6 -1.000282966933103e+00 -1.897351354658193e-03 -9.218599704790123e-04 -1.007687649735718e+00
26 7 -1.000283057601962e+00 -1.897504220996836e-03 -9.217995657635427e-04 -1.007687006222657e+00
26 8 -1.000283130072645e+00 -1.897604101396865e-03 -9.217794088539134e-04 -1.007686523775617e+00
26 9 -1.000283181577614e+00 -1.897647337292358e-03 -9.217995430777764e-04 -1.007686220567192e+00
26 10 -1.000283210118328e+00 -1.897632406399306e-03 -9.218585839959008e-04 -1.007686108014045e+00
26 11 -1.000283214545210e+00 -1.897559960337966e-03 -9.219538644465429e-04 -1.007686190372935e+00
26 12 -1.000283194610057e+00 -1.897432787740331e-03 -9.220815976834679e-04 -1.007686464587289e+00
26 13 -1.000283150987564e+00 -1.897255706188528e-03 -9.222370428761882e-04 -1.007686920388431e+00
26 14 -1.000283085263218e+00 -1.897035387212178e-03 -9.224146636735463e-04 -1.007687540650291e+00
26 15 -1.000282999885941e+00 -1.896780119511598e-03 -9.226082770427201e-04 -1.007688301990141e+00
26 16 -1.000282898085361e+00 -1.896499516820520e-03 -9.228111951798437e-04 -1.007689175600292e+00
26 17 -1.000282783755274e+00 -1.896204178025032e-03 -9.230163683903542e-04 -1.007690128287792e+00
26 18 -1.000282661306712e+00 -1.895905308181963e-03 -9.232165408576434e-04 -1.007691123691971e+00
26 19 -1.000282535495841e+00 -1.895614310423892e-03 -9.234044318760466e-04 -1.007692123642376e+00
26 20 -1.000282411233675e+00 -1.895342360792336e-03 -9.235729511172088e-04 -1.007693089611534e+00
26 21 -1.000282293386012e+00 -1.895099980371568e-03 -9.237154494246406e-04 -1.007693984208998e+00
26 22 -1.000282186572977e+00 -1.894896620884323e-03 -9.238259990556152e-04 -1.007694772657362e+00
26 23 -1.000282094977798e+00 -1.894740280887128e-03 -9.238996899243140e-04 -1.007695424188311e+00
26 24 -1.000282022174152e+00 -1.894637170118907e-03 -9.239329207861169e-04 -1.007695913296927e+00
26 25 -1.000281970980465e+00 -1.894591439303621e-03 -9.239236577335992e-04 -1.007696220795082e+00
26 26 -1.000281943348103e+00 -1.894604991065159e-03 -9.238716300382019e-04 -1.007696334611253e+00
26 27 -1.000281940288439e+00 -1.894677384104891e-03 -9.237784369933808e-04 -1.007696250295325e+00
26 28 -1.000281961841436e+00 -1.894805837859039e-03 -9.236475473337797e-04 -1.007695971202136e+00
26 29 -1.000282007085918e+00 -1.894985339328726e-03 -9.234841823652708e-04 -1.007695508344591e+00
26 30 -1.000282074189326e+00 -1.895208848050812e-03 -9.232950844694582e-04 -1.007694879924709e+00
26 31 -1.000282160492742e+00 -1.895467589353102e-03 -9.230881845247545e-04 -1.007694110568079e+00
27 0 -1.000282176988021e+00 -1.895526284930902e-03 -9.238333414359436e-04 -1.007693648025146e+00
27 1 -1.000282290606907e+00 -1.895823309405449e-03 -9.236173434403722e-04 -1.007692693868390e+00
27 2 -1.000282411734698e+00 -1.896122671603269e-03 -9.234102809796482e-04 -1.007691700176246e+00
27 3 -1.000282535769554e+00 -1.896412792638440e-03 -9.232204980859200e-04 -1.007690705196199e+00
27 4 -1.000282658024497e+00 -1.896682524039450e-03 -9.230553962071994e-04 -1.007689747041666e+00
27 5 -1.000282773895103e+00 -1.896921575541820e-03 -9.229211348489969e-04 -1.007688862247780e+00
27 6 -1.000282879021952e+00 -1.897120898714489e-03 -9.228224242384351e-04 -1.007688084412009e+00
27 7 -1.000282969443876e+00 -1.897273013645353e-03 -9.227624129406018e-04 -1.007687442964615e+00
27 8 -1.000283041738243e+00 -1.897372269471838e-03 -9.227426635448130e-04 -1.007686962106683e+00
27 9 -1.000283093144651e+00 -1.897415032661041e-03 -9.227632030060144e-04 -1.007686659946625e+00
27 10 -1.000283121668475e+00 -1.897399799800806e-03 -9.228226304085646e-04 -1.007686547859037e+00
27 11 -1.000283126160688e+00 -1.897327234408396e-03 -9.229182626818059e-04 -1.007686630082606e+00
27 12 -1.000283106370319e+00 -1.897200129568363e-03 -9.230462987349408e-04 -1.007686903567190e+00
27 13 -1.000283062966110e+00 -1.897023299724558e-03 -9.232019858879723e-04 -1.007687358074498e+00
27 14 -1.000282997524669e+00 -1.896803405889818e-03 -9.233797788433365e-04 -1.007687976531284e+00
27 15 -1.000282912483535e+00 -1.896548719456445e-03 -9.235734884815227e-04 -1.007688735627503e+00
27 16 -1.000282811059023e+00 -1.896268830915569e-03 -9.237764237831867e-04 -1.007689606644561e+00
27 17 -1.000282697130279e+00 -1.895974310948114e-03 -9.239815350218856e-04 -1.007690556491221e+00
27 18 -1.000282575092864e+00 -1.895676332509629e-03 -9.241815697775439e-04 -1.007691548917319e+00
27 19 -1.000282449687173e+00 -1.895386264013813e-03 -9.243692538574769e-04 -1.007692545867525e+00
27 20 -1.000282325808770e+00 -1.895115245685237e-03 -9.245375057656812e-04 -1.007693508929329e+00
27 21 -1.000282208309018e+00 -1.894873763243067e-03 -9.246796867906137e-04 -1.007694400822182e+00
27 22 -1.000282101795178e+00 -1.894671234800458e-03 -9.247898809963043e-04 -1.007695186869381e+00
27 23 -1.000282010439536e+00 -1.894515628066805e-03 -9.248631914127555e-04 -1.007695836391154e+00
27 24 -1.000281937806990e+00 -1.894413125596709e-03 -9.248960308808900e-04 -1.007696323956587e+00
27 25 -1.000281886709608e+00 -1.894367855530883e-03 -9.248863798435278e-04 -1.007696630434633e+00
27 26 -1.000281859095125e+00 -1.894381703387271e-03 -9.248339814959759e-04 -1.007696743791680e+00
27 27 -1.000281855974176e+00 -1.894454216849850e-03 -9.247404482786566e-04 -1.007696659594885e+00
27 28 -1.000281877388897e+00 -1.894582610723961e-03 -9.246092611885245e-04 -1.007696381195280e+00
27 29 -1.000281922423083e+00 -1.894761873877097e-03 -9.244456527017963e-04 -1.007695919581112e+00
27 30 -1.000281989251800e+00 -1.894984974226290e-03 -9.242563748013706e-04 -1.007695292909486e+00
27 31 -1.000282075226221e+00 -1.895243151852927e-03 -9.240493658024396e-04 -1.007694525741955e+00
28 0 -1.000282115228845e+00 -1.895295437865435e-03 -9.248576971819310e-04 -1.007694042774624e+00
28 1 -1.000282228488960e+00 -1.895591773315862e-03 -9.246416260529525e-04 -1.007693091124004e+00
28 2 -1.000282349223980e+00 -1.895890319472311e-03 -9.244346214320762e-04 -1.007692100255703e+00
28 3 -1.000282472847157e+00 -1.896179528476312e-03 -9.242450261221188e-04 -1.007691108308925e+00
28 4 -1.000282594687519e+00 -1.896448286990391e-03 -9.240802348786553e-04 -1.007690153279489e+00
28 5 -1.000282710156914e+00 -1.896686342574780e-03 -9.239463954650215e-04 -1.007689271580387e+00
28 6 -1.000282814911784e+00 -1.896884685827952e-03 -9.238482018358523e-04 -1.007688496687300e+00
28 7 -1.000282905005722e+00 -1.897035875508235e-03 -9.237887822950772e-04 -1.007687857914030e+00
28 8 -1.000282977029103e+00 -1.897134297403567e-03 -9.237696758979981e-04 -1.007687379355621e+00
28 9 -1.000283028232208e+00 -1.897176350978493e-03 -9.237908837868018e-04 -1.007687079029631e+00
28 10 -1.000283056628332e+00 -1.897160560740455e-03 -9.238509781723728e-04 -1.007686968238878e+00
28 11 -1.000283061073296e+00 -1.897087611902601e-03 -9.239472493587690e-04 -1.007687051172209e+00
28 12 -1.000283041317723e+00 -1.896960312144456e-03 -9.240758711098245e-04 -1.007687324753471e+00
28 13 -1.000282998028640e+00 -1.896783482848865e-03 -9.242320680643218e-04 -1.007687778743080e+00
28 14 -1.000282932777763e+00 -1.896563784172717e-03 -9.244102754219042e-04 -1.007688396090824e+00
28 15 -1.000282847994880e+00 -1.896309479099576e-03 -9.246042883843811e-04 -1.007689153532405e+00
28 16 -1.000282746886081e+00 -1.896030142614335e-03 -9.248074048200631e-04 -1.007690022415359e+00
28 17 -1.000282633318204e+00 -1.895736323387290e-03 -9.250125690898806e-04 -1.007690969732370e+00
28 18 -1.000282511672842e+00 -1.895439166718719e-03 -9.252125281602665e-04 -1.007691959331854e+00
28 19 -1.000282386675290e+00 -1.895150008962961e-03 -9.254000120177060e-04 -1.007692953267691e+00
28 20 -1.000282263205551e+00 -1.894879955353377e-03 -9.255679475069226e-04 -1.007693913242466e+00
28 21 -1.000282146099617e+00 -1.894639455088221e-03 -9.257097081274569e-04 -1.007694802091977e+00
28 22 -1.000282039950102e+00 -1.894437889442632e-03 -9.258193939101981e-04 -1.007695585253162e+00
28 23 -1.000281948915779e+00 -1.894283190136157e-03 -9.258921271227877e-04 -1.007696232153673e+00
28 24 -1.000281876549562e+00 -1.894181505825503e-03 -9.259243421316109e-04 -1.007696717460328e+00
28 25 -1.000281825653514e+00 -1.894136934069530e-03 -9.259140422162884e-04 -1.007697022126717e+00
28 26 -1.000281798167720e+00 -1.894151334159813e-03 -9.258609941767744e-04 -1.007697134187786e+00
28 27 -1.000281795097814e+00 -1.894224232773882e-03 -9.257668344536769e-04 -1.007697049260732e+00
28 28 -1.000281816483746e+00 -1.894352829736213e-03 -9.256350676765483e-04 -1.007696770726033e+00
28 29 -1.000281861410071e+00 -1.894532105670235e-03 -9.254709484008304e-04 -1.007696309579226e+00
28 30 -1.000281928055606e+00 -1.894755027398677e-03 -9.252812480941098e-04 -1.007695683961883e+00
28 31 -1.000282013778191e+00 -1.895012841073551e-03 -9.250739214490374e-04 -1.007694918397726e+00
29 0 -1.000282079790707e+00 -1.895067747499125e-03 -9.259062977746546e-04 -1.007694399080967e+00
29 1 -1.000282192746420e+00 -1.895363538905526e-03 -9.256900370941165e-04 -1.007693449531357e+00
29 2 -1.000282313123164e+00 -1.895661370152663e-03 -9.254830228494886e-04 -1.007692461229760e+00
29 3 -1.000282436347963e+00 -1.895949720585488e-03 -9.252935989806976e-04 -1.007691472216756e+00
29 4 -1.000282557765349e+00 -1.896217510013545e-03 -9.251291541044481e-04 -1.007690520374113e+00
29 5 -1.000282672803772e+00 -1.896454523743006e-03 -9.249958230732804e-04 -1.007689641989956e+00
29 6 -1.000282777136641e+00 -1.896651793200946e-03 -9.248982804922423e-04 -1.007688870409491e+00
29 7 -1.000282866834141e+00 -1.896801919378966e-03 -9.248396292406691e-04 -1.007688234816053e+00
29 8 -1.000282938502184e+00 -1.896899329908668e-03 -9.248213777901084e-04 -1.007687759179822e+00
29 9 -1.000282989404920e+00 -1.896940463935746e-03 -9.248434931052408e-04 -1.007687461404260e+00
29 10 -1.000283017567283e+00 -1.896923881862105e-03 -9.249045113911141e-04 -1.007687352693356e+00
29 11 -1.000283021854036e+00 -1.896850299574443e-03 -9.250016866410757e-04 -1.007687437156223e+00
29 12 -1.000283002021675e+00 -1.896722548983653e-03 -9.251311572806822e-04 -1.007687711659190e+00
29 13 -1.000282958739864e+00 -1.896545468330607e-03 -9.252881148750060e-04 -1.007688165929479e+00
29 14 -1.000282893579685e+00 -1.896325726689069e-03 -9.254669652284369e-04 -1.007688782908915e+00
29 15 -1.000282808967103e+00 -1.896071587800480e-03 -9.256614791788335e-04 -1.007689539350274e+00
29 16 -1.000282708101369e+00 -1.895792619328105e-03 -9.258649362698327e-04 -1.007690406642158e+00
29 17 -1.000282594839745e+00 -1.895499354926072e-03 -9.260702690833803e-04 -1.007691351840427e+00
29 18 -1.000282473551918e+00 -1.895202917911056e-03 -9.262702194256531e-04 -1.007692338876043e+00
29 19 -1.000282348949468e+00 -1.894914616695825e-03 -9.264575186199124e-04 -1.007693329901303e+00
29 20 -1.000282225897406e+00 -1.894645523752938e-03 -9.266251012276690e-04 -1.007694286729256e+00
29 21 -1.000282109215989e+00 -1.894406051882595e-03 -9.267663546639342e-04 -1.007695172314262e+00
29 22 -1.000282003481885e+00 -1.894205543601566e-03 -9.268753985455787e-04 -1.007695952215793e+00
29 23 -1.000281912838274e+00 -1.894051890923483e-03 -9.269473794170885e-04 -1.007696595983694e+00
29 24 -1.000281840823395e+00 -1.893951203288983e-03 -9.269787595065075e-04 -1.007697078402332e+00
29 25 -1.000281790226059e+00 -1.893907540839849e-03 -9.269675727262183e-04 -1.007697380534263e+00
29 26 -1.000281762974967e+00 -1.893922728447314e-03 -9.269136186925159e-04 -1.007697490511153e+00
29 27 -1.000281760066642e+00 -1.893996262604068e-03 -9.268185679439479e-04 -1.007697404031004e+00
29 28 -1.000281781534589e+00 -1.894125318480548e-03 -9.266859589781637e-04 -1.007697124535617e+00
29 29 -1.000281826459904e+00 -1.894304858692162e-03 -9.265210783108896e-04 -1.007696663059450e+00
29 30 -1.000281893021131e+00 -1.894527839390845e-03 -9.263307263070365e-04 -1.007696037758943e+00
29 31 -1.000281978579048e+00 -1.894785503692812e-03 -9.261228829098415e-04 -1.007695273148147e+00
30 0 -1.000282072096919e+00 -1.894851996109236e-03 -9.269392374163656e-04 -1.007694702825344e+00
30 1 -1.000282184814657e+00 -1.895147410358618e-03 -9.267226755232327e-04 -1.007693754887864e+00
30 2 -1.000282304881764e+00 -1.895444656396048e-03 -9.265155818614321e-04 -1.007692768794067e+00
30 3 -1.000282427737188e+00 -1.895732235780351e-03 -9.263263042757540e-04 -1.007691782499547e+00
30 4 -1.000282548739840e+00 -1.895999098106104e-03 -9.261622264811826e-04 -1.007690833780111e+00
30 5 -1.000282663334403e+00 -1.896235064862753e-03 -9.260294697462293e-04 -1.007689958801248e+00
30 6 -1.000282767211657e+00 -1.896431208514181e-03 -9.259326866677874e-04 -1.007689190774289e+00
30 7 -1.000282856459581e+00 -1.896580174185351e-03 -9.258749503579736e-04 -1.007688558743300e+00
30 8 -1.000282927701602e+00 -1.896676434918363e-03 -9.258577330755752e-04 -1.007688086539507e+00
30 9 -1.000282978218415e+00 -1.896716474723657e-03 -9.258809609068265e-04 -1.007687791933171e+00
30 10 -1.000283006049856e+00 -1.896698896527139e-03 -9.259431263040004e-04 -1.007687686006056e+00
30 11 -1.000283010073339e+00 -1.896624454710680e-03 -9.260414382405985e-04 -1.007687772760771e+00
30 12 -1.000282990055325e+00 -1.896496014155525e-03 -9.261719905243261e-04 -1.007688048976838e+00
30 13 -1.000282946672418e+00 -1.896318439272027e-03 -9.263299324747705e-04 -1.007688504317507e+00
30 14 -1.000282881499361e+00 -1.896098417471140e-03 -9.265096320577558e-04 -1.007689121685856e+00
30 15 -1.000282796962316e+00 -1.895844222321208e-03 -9.267048282438186e-04 -1.007689877822560e+00
30 16 -1.000282696257286e+00 -1.895565422602498e-03 -9.269087755548949e-04 -1.007690744130761e+00
30 17 -1.000282583235078e+00 -1.895272544623061e-03 -9.271143888987205e-04 -1.007691687706115e+00
30 18 -1.000282462256093e+00 -1.894976696383085e-03 -9.273144002786651e-04 -1.007692672542468e+00
30 19 -1.000282338020155e+00 -1.894689163597764e-03 -9.275015395869825e-04 -1.007693660875747e+00
30 20 -1.000282215378406e+00 -1.894420989415479e-03 -9.276687484114626e-04 -1.007694614620691e+00
30 21 -1.000282099135571e+00 -1.894182551758028e-03 -9.278094291177253e-04 -1.007695496847913e+00
30 22 -1.000281993851724e+00 -1.893983154081291e-03 -9.279177232879879e-04 -1.007696273243323e+00
30 23 -1.000281903653047e+00 -1.893830646621434e-03 -9.279888055434262e-04 -1.007696913488715e+00
30 24 -1.000281832060982e+00 -1.893731095737734e-03 -9.280191715018577e-04 -1.007697392501425e+00
30 25 -1.000281781848291e+00 -1.893688518606663e-03 -9.280068928641886e-04 -1.007697691473484e+00
30 26 -1.000281754928942e+00 -1.893704698794223e-03 -9.279518101775184e-04 -1.007697798657752e+00
30 27 -1.000281752286620e+00 -1.893779094768420e-03 -9.278556364802057e-04 -1.007697709860268e+00
30 28 -1.000281773944435e+00 -1.893908848461773e-03 -9.277219526840750e-04 -1.007697428613314e+00
30 29 -1.000281818975962e+00 -1.894088895301904e-03 -9.275560861180467e-04 -1.007696966020688e+00
30 30 -1.000281885555400e+00 -1.894312171339604e-03 -9.273648750145931e-04 -1.007696340284179e+00
30 31 -1.000281971042549e+00 -1.894569907521504e-03 -9.271563329209812e-04 -1.007695575937082e+00
31 0 -1.000282092487376e+00 -1.894656537917716e-03 -9.279171409582817e-04 -1.007694941847463e+00
31 1 -1.000282205043177e+00 -1.894951757608412e-03 -9.277001744348701e-04 -1.007693994967725e+00
31 2 -1.000282324861693e+00 -1.895248571867688e-03 -9.274929314109142e-04 -1.007693010634364e+00
31 3 -1.000282447391457e+00 -1.895535498602863e-03 -9.273037666247671e-04 -1.007692026734829e+00
31 4 -1.000282568004025e+00 -1.895801512667202e-03 -9.271400603186176e-04 -1.007691080951214e+00
31 5 -1.000282682159275e+00 -1.896036468697918e-03 -9.270079198046274e-04 -1.007690209333709e+00
31 6 -1.000282785565094e+00 -1.896231478709489e-03 -9.269119737940095e-04 -1.007689444961928e+00
31 7 -1.000282874327787e+00 -1.896379232101495e-03 -9.268552626765799e-04 -1.007688816737355e+00
31 8 -1.000282945089609e+00 -1.896474249172961e-03 -9.268392185595148e-04 -1.007688348343355e+00
31 9 -1.000282995149833e+00 -1.896513062321340e-03 -9.268637215261294e-04 -1.007688057402816e+00
31 10 -1.000283022565873e+00 -1.896494322038892e-03 -9.269272139063772e-04 -1.007687954856486e+00
31 11 -1.000283026231062e+00 -1.896418827557311e-03 -9.270268524118962e-04 -1.007688044577757e+00
31 12 -1.000283005925551e+00 -1.896289484164041e-03 -9.271586787527913e-04 -1.007688323233429e+00
31 13 -1.000282962336898e+00 -1.896111190658534e-03 -9.273177927700188e-04 -1.007688780394676e+00
31 14 -1.000282897047582e+00 -1.895890661435299e-03 -9.274985177213300e-04 -1.007689398896803e+00
31 15 -1.000282812487955e+00 -1.895636188632496e-03 -9.276945541325586e-04 -1.007690155439594e+00
31 16 -1.000282711854567e+00 -1.895357350714284e-03 -9.278991253240641e-04 -1.007691021413139e+00
31 17 -1.000282598995258e+00 -1.895064674732247e-03 -9.281051231771139e-04 -1.007691963927447e+00
31 18 -1.000282478264144e+00 -1.894769260599288e-03 -9.283052658647086e-04 -1.007692947017136e+00
31 19 -1.000282354351635e+00 -1.894482377342139e-03 -9.284922793164528e-04 -1.007693932984067e+00
31 20 -1.000282232096600e+00 -1.894215043367284e-03 -9.286591109069774e-04 -1.007694883832065e+00
31 21 -1.000282116289089e+00 -1.893977604771555e-03 -9.287991778265905e-04 -1.007695762740772e+00
31 22 -1.000282011472674e+00 -1.893779327326029e-03 -9.289066448189303e-04 -1.007696535521073e+00
31 23 -1.000281921755826e+00 -1.893628019008062e-03 -9.289767174993948e-04 -1.007697171991368e+00
31 24 -1.000281850641664e+00 -1.893529700755923e-03 -9.290059295249989e-04 -1.007697647212545e+00
31 25 -1.000281800884669e+00 -1.893488342858848e-03 -9.289923961707689e-04 -1.007697942521712e+00
31 26 -1.000281774381305e+00 -1.893505682415648e-03 -9.289360051369585e-04 -1.007698046312432e+00
31 27 -1.000281772099249e+00 -1.893581133611652e-03 -9.288385184522826e-04 -1.007697954521583e+00
31 28 -1.000281794047696e+00 -1.893711797786938e-03 -9.287035665048666e-04 -1.007697670797723e+00
31 29 -1.000281839288889e+00 -1.893892574897491e-03 -9.285365251399928e-04 -1.007697206342075e+00
31 30 -1.000281905988724e+00 -1.894116372154015e-03 -9.283442781968836e-04 -1.007696579430709e+00
31 31 -1.000281991502117e+00 -1.894374399690328e-03 -9.281348797361799e-04 -1.007695814644379e+00
