1.139256193584124e-06
1.000000000000000e-12
1.000000000000000e-17
3.539501414899873e-01
1.942887660385397e-01
-7.201659053748867e-02
-1.500017464083440e+00
1.901109735892602e-07
32
32
-7.492806309693379e-04
1
0 0 -1.000281943049452e+00 -1.894237705929046e-03 -9.294790946602257e-04 -1.007695926421315e+00
0 1 -1.000282078123857e+00 -1.894592860606021e-03 -9.292159019609830e-04 -1.007694788338874e+00
0 2 -1.000282221811503e+00 -1.894949545989042e-03 -9.289651818969916e-04 -1.007693606112146e+00
0 3 -1.000282368668441e+00 -1.895293945638253e-03 -9.287371356317819e-04 -1.007692425256413e+00
0 4 -1.000282513168776e+00 -1.895612827736193e-03 -9.285406859679164e-04 -1.007691290958165e+00
0 5 -1.000282649898585e+00 -1.895894051728469e-03 -9.283831142464987e-04 -1.007690246371855e+00
0 6 -1.000282773742408e+00 -1.896127016935644e-03 -9.282698228566653e-04 -1.007689331029888e+00
0 7 -1.000282880058522e+00 -1.896303038839010e-03 -9.282042259857526e-04 -1.007688579415734e+00
0 8 -1.000282964839492e+00 -1.896415643013720e-03 -9.281877586776625e-04 -1.007688019741583e+00
0 9 -1.000283024854515e+00 -1.896460770971907e-03 -9.282199832231857e-04 -1.007687672963328e+00
0 10 -1.000283057769827e+00 -1.896436896199226e-03 -9.282987649181310e-04 -1.007687552056635e+00
0 11 -1.000283062242996e+00 -1.896345051841004e-03 -9.284204875818935e-04 -1.007687661569839e+00
0 12 -1.000283037986625e+00 -1.896188773541588e-03 -9.285802817697212e-04 -1.007687997463236e+00
0 13 -1.000282985797079e+00 -1.895973962169172e-03 -9.287722436677084e-04 -1.007688547239266e+00
0 14 -1.000282907544416e+00 -1.895708672024650e-03 -9.289896300789019e-04 -1.007689290362523e+00
0 15 -1.000282806120804e+00 -1.895402830777086e-03 -9.292250250009700e-04 -1.007690198961853e+00
0 16 -1.000282685346424e+00 -1.895067897800139e-03 -9.294704844397575e-04 -1.007691238799626e+00
0 17 -1.000282549833999e+00 -1.894716468140135e-03 -9.297176749569828e-04 -1.007692370485677e+00
0 18 -1.000282404815618e+00 -1.894361830594642e-03 -9.299580257064555e-04 -1.007693550904588e+00
0 19 -1.000282255937984e+00 -1.894017490521797e-03 -9.301829134655297e-04 -1.007694734814475e+00
0 20 -1.000282109034531e+00 -1.893696670648040e-03 -9.303838962214086e-04 -1.007695876564418e+00
0 21 -1.000281969884714e+00 -1.893411805796022e-03 -9.305530030311861e-04 -1.007696931868240e+00
0 22 -1.000281843972067e+00 -1.893174049953818e-03 -9.306830760178475e-04 -1.007697859565101e+00
0 23 -1.000281736253148e+00 -1.892992816390277e-03 -9.307681464592202e-04 -1.007698623292197e+00
0 24 -1.000281650949148e+00 -1.892875373118203e-03 -9.308038145876002e-04 -1.007699192992218e+00
0 25 -1.000281591370861e+00 -1.892826516078636e-03 -9.307875947363136e-04 -1.007699546180059e+00
0 26 -1.000281559785840e+00 -1.892848340348138e-03 -9.307191847545899e-04 -1.007699668901431e+00
0 27 -1.000281557334023e+00 -1.892940125424604e-03 -9.306006214770227e-04 -1.007699556330583e+00
0 28 -1.000281583994882e+00 -1.893098344582130e-03 -9.304362930430705e-04 -1.007699212973693e+00
0 29 -1.000281638605720e+00 -1.893316800878696e-03 -9.302327935445043e-04 -1.007698652466956e+00
0 30 -1.000281718927652e+00 -1.893586884323897e-03 -9.299986231377797e-04 -1.007697896981942e+00
0 31 -1.000281821753414e+00 -1.893897936937026e-03 -9.297437537651919e-04 -1.007696976273160e+00
1 0 -1.000282032088722e+00 -1.894078604104225e-03 -9.303931402813346e-04 -1.007696022365672e+00
1 1 -1.000282167172564e+00 -1.894434032614457e-03 -9.301291200687058e-04 -1.007694884057399e+00
1 2 -1.000282310715112e+00 -1.894790602264878e-03 -9.298779988498019e-04 -1.007693702817156e+00
1 3 -1.000282457278032e+00 -1.895134501028958e-03 -9.296499947965912e-04 -1.007692524120199e+00
1 4 -1.000282601346720e+00 -1.895452516542465e-03 -9.294540301956511e-04 -1.007691393067720e+00
1 5 -1.000282737523827e+00 -1.895732542031677e-03 -9.292973681454017e-04 -1.007690352686996e+00
1 6 -1.000282860715209e+00 -1.895964023691400e-03 -9.291853756960846e-04 -1.007689442346072e+00
1 7 -1.000282966304380e+00 -1.896138335050331e-03 -9.291214161000716e-04 -1.007688696333509e+00
1 8 -1.000283050311974e+00 -1.896249068334284e-03 -9.291068601052341e-04 -1.007688142644586e+00
1 9 -1.000283109536915e+00 -1.896292237481821e-03 -9.291411950046854e-04 -1.007687802005363e+00
1 10 -1.000283141675729e+00 -1.896266391440168e-03 -9.292222033179117e-04 -1.007687687157187e+00
1 11 -1.000283145415794e+00 -1.896172639121853e-03 -9.293461816403132e-04 -1.007687802417645e+00
1 12 -1.000283120497915e+00 -1.896014589300391e-03 -9.295081726537353e-04 -1.007688143528432e+00
1 13 -1.000283067743853e+00 -1.895798210330696e-03 -9.297021878551203e-04 -1.007688697794312e+00
1 14 -1.000282989045215e+00 -1.895531615774643e-03 -9.299214057912214e-04 -1.007689444510624e+00
1 15 -1.000282887311138e+00 -1.895224782397741e-03 -9.301583411871439e-04 -1.007690355670850e+00
1 16 -1.000282766373658e+00 -1.894889206951652e-03 -9.304049920604341e-04 -1.007691396940107e+00
1 17 -1.000282630851782e+00 -1.894537508725102e-03 -9.306529805636213e-04 -1.007692528872893e+00
1 18 -1.000282485977979e+00 -1.894182986554424e-03 -9.308937068649922e-04 -1.007693708343134e+00
1 19 -1.000282337393386e+00 -1.893839141293663e-03 -9.311185349944166e-04 -1.007694890143525e+00
1 20 -1.000282190920202e+00 -1.893519176992186e-03 -9.313190263109926e-04 -1.007696028701379e+00
1 21 -1.000282052321451e+00 -1.893235496339603e-03 -9.314872289395193e-04 -1.007697079849728e+00
1 22 -1.000281927059613e+00 -1.892999208680123e-03 -9.316160192859254e-04 -1.007698002584423e+00
1 23 -1.000281820066302e+00 -1.892819671600125e-03 -9.316994771327673e-04 -1.007698760731570e+00
1 24 -1.000281735534868e+00 -1.892704088581419e-03 -9.317332635196637e-04 -1.007699324447447e+00
1 25 -1.000281676746495e+00 -1.892657184776740e-03 -9.317149633687806e-04 -1.007699671476491e+00
1 26 -1.000281645938479e+00 -1.892680980758741e-03 -9.316443524372450e-04 -1.007699788101436e+00
1 27 -1.000281644220907e+00 -1.892774680298654e-03 -9.315235504843485e-04 -1.007699669732783e+00
1 28 -1.000281671544899e+00 -1.892934682513187e-03 -9.313570309214743e-04 -1.007699321103119e+00
1 29 -1.000281726722072e+00 -1.893154721019712e-03 -9.311514721026851e-04 -1.007698756055279e+00
1 30 -1.000281807491624e+00 -1.893426124155432e-03 -9.309154538053374e-04 -1.007697996938427e+00
1 31 -1.000281910629019e+00 -1.893738182528484e-03 -9.306590197128672e-04 -1.007697073648380e+00
2 0 -1.000282148478619e+00 -1.893967288839667e-03 -9.311197304055736e-04 -1.007696015969451e+00
2 1 -1.000282283697820e+00 -1.894323262341282e-03 -9.308548023017062e-04 -1.007694876537501e+00
2 2 -1.000282427215839e+00 -1.894679988018239e-03 -9.306032018402740e-04 -1.007693695410345e+00
2 3 -1.000282573595289e+00 -1.895023648018170e-03 -9.303751667089920e-04 -1.007692518056396e+00
2 4 -1.000282717328514e+00 -1.895341039361283e-03 -9.301796210269846e-04 -1.007691389523151e+00
2 5 -1.000282853030942e+00 -1.895620079605172e-03 -9.300238120285792e-04 -1.007690352739183e+00
2 6 -1.000282975626613e+00 -1.895850253419911e-03 -9.299130737517977e-04 -1.007689446932288e+00
2 7 -1.000283080521913e+00 -1.896022985357150e-03 -9.298507204558687e-04 -1.007688706215068e+00
2 8 -1.000283163764084e+00 -1.896131928942117e-03 -9.298380598497503e-04 -1.007688158378820e+00
2 9 -1.000283222181388e+00 -1.896173167158361e-03 -9.298745048051223e-04 -1.007687823925744e+00
2 10 -1.000283253501352e+00 -1.896145323162781e-03 -9.299577552143699e-04 -1.007687715361485e+00
2 11 -1.000283256442843e+00 -1.896049582481421e-03 -9.300840203080770e-04 -1.007687836764567e+00
2 12 -1.000283230777377e+00 -1.895889629915344e-03 -9.302482542234194e-04 -1.007688183643348e+00
2 13 -1.000283177355443e+00 -1.895671506329419e-03 -9.304443821736426e-04 -1.007688743083754e+00
2 14 -1.000283098094353e+00 -1.895403391686441e-03 -9.306655018933958e-04 -1.007689494184392e+00
2 15 -1.000282995924996e+00 -1.895095320711003e-03 -9.309040557878537e-04 -1.007690408770939e+00
2 16 -1.000282874696297e+00 -1.894758837411628e-03 -9.311519808638661e-04 -1.007691452376343e+00
2 17 -1.000282739038508e+00 -1.894406595634386e-03 -9.314008519008395e-04 -1.007692585464501e+00
2 18 -1.000282594189243e+00 -1.894051914787409e-03 -9.316420368235609e-04 -1.007693764863966e+00
2 19 -1.000282445788605e+00 -1.893708301835323e-03 -9.318668832484974e-04 -1.007694945368310e+00
2 20 -1.000282299651728e+00 -1.893388952416249e-03 -9.320669522951456e-04 -1.007696081451601e+00
2 21 -1.000282161528757e+00 -1.893106246355077e-03 -9.322343082353618e-04 -1.007697129038681e+00
2 22 -1.000282036863860e+00 -1.892871256158146e-03 -9.323618597237632e-04 -1.007698047260116e+00
2 23 -1.000281930565592e+00 -1.892693289938833e-03 -9.324437336197003e-04 -1.007698800114783e+00
2 24 -1.000281846800490e+00 -1.892579491192618e-03 -9.324756507293033e-04 -1.007699357962450e+00
2 25 -1.000281788820273e+00 -1.892534516950255e-03 -9.324552660993380e-04 -1.007699698773536e+00
2 26 -1.000281758831215e+00 -1.892560313881935e-03 -9.323824338179214e-04 -1.007699809071047e+00
2 27 -1.000281757911933e+00 -1.892656008657956e-03 -9.322593578336167e-04 -1.007699684511218e+00
2 28 -1.000281785982835e+00 -1.892817923149663e-03 -9.320905985345214e-04 -1.007699330067844e+00
2 29 -1.000281841826813e+00 -1.893039716854616e-03 -9.318829203839746e-04 -1.007698759810107e+00
2 30 -1.000281923157468e+00 -1.893312650113706e-03 -9.316449848634811e-04 -1.007697996289367e+00
2 31 -1.000282026728772e+00 -1.893625954228712e-03 -9.313869099659585e-04 -1.007697069571726e+00
3 0 -1.000282287668848e+00 -1.893908137277488e-03 -9.316305795118069e-04 -1.007695907385056e+00
3 1 -1.000282423144406e+00 -1.894264906390960e-03 -9.313646977017750e-04 -1.007694765973358e+00
3 2 -1.000282566759691e+00 -1.894622054423915e-03 -9.311125569809298e-04 -1.007693584079811e+00
3 3 -1.000282713073540e+00 -1.894965747590822e-03 -9.308844165000601e-04 -1.007692407199662e+00
3 4 -1.000282856580708e+00 -1.895282781940971e-03 -9.306892048226472e-04 -1.007691280359963e+00
3 5 -1.000282991905141e+00 -1.895561089085609e-03 -9.305341564916158e-04 -1.007690246422428e+00
3 6 -1.000283113985176e+00 -1.895790182228835e-03 -9.304245760807969e-04 -1.007689344504391e+00
3 7 -1.000283218246740e+00 -1.895961527766198e-03 -9.303637325790586e-04 -1.007688608568932e+00
3 8 -1.000283300761201e+00 -1.896068832707327e-03 -9.303528744033741e-04 -1.007688066224491e+00
3 9 -1.000283358384685e+00 -1.896108243084864e-03 -9.303913437300361e-04 -1.007687737763799e+00
3 10 -1.000283388875230e+00 -1.896078452195229e-03 -9.304767614965152e-04 -1.007687635464348e+00
3 11 -1.000283390983596e+00 -1.895980720026002e-03 -9.306052529546427e-04 -1.007687763166682e+00
3 12 -1.000283364513322e+00 -1.895818807356739e-03 -9.307716863593729e-04 -1.007688116140166e+00
3 13 -1.000283310345917e+00 -1.895598829869206e-03 -9.309699022781984e-04 -1.007688681238884e+00
3 14 -1.000283230427616e+00 -1.895329038520480e-03 -9.311929183683908e-04 -1.007689437344722e+00
3 15 -1.000283127714930e+00 -1.895019532426779e-03 -9.314331048655907e-04 -1.007690356090202e+00
3 16 -1.000283006077940e+00 -1.894681910681633e-03 -9.316823373539602e-04 -1.007691402847051e+00
3 17 -1.000282870162674e+00 -1.894328870717625e-03 -9.319321419307912e-04 -1.007692537956688e+00
3 18 -1.000282725216592e+00 -1.893973762556556e-03 -9.321738518955337e-04 -1.007693718168352e+00
3 19 -1.000282576883455e+00 -1.893630109838432e-03 -9.323987953499357e-04 -1.007694898242075e+00
3 20 -1.000282430975738e+00 -1.893311110238083e-03 -9.325985298939966e-04 -1.007696032665763e+00
3 21 -1.000282293234650e+00 -1.893029130652988e-03 -9.327651326260240e-04 -1.007697077425789e+00
3 22 -1.000282169089475e+00 -1.892795216051408e-03 -9.328915408446254e-04 -1.007697991760131e+00
3 23 -1.000282063428569e+00 -1.892618633489626e-03 -9.329719245855852e-04 -1.007698739816835e+00
3 24 -1.000281980393786e+00 -1.892506473477924e-03 -9.330020607353098e-04 -1.007699292140802e+00
3 25 -1.000281923208632e+00 -1.892463330058054e-03 -9.329796715167909e-04 -1.007699626916575e+00
3 26 -1.000281894048724e+00 -1.892491079258564e-03 -9.329046870631853e-04 -1.007699730901898e+00
3 27 -1.000281893960797e+00 -1.892588772301912e-03 -9.327793933724043e-04 -1.007699599998611e+00
3 28 -1.000281922833411e+00 -1.892752653909484e-03 -9.326084355920154e-04 -1.007699239426714e+00
3 29 -1.000281979418848e+00 -1.892976307730342e-03 -9.323986623972523e-04 -1.007698663492485e+00
3 30 -1.000282061402450e+00 -1.893250922354662e-03 -9.321588159425060e-04 -1.007697894966352e+00
3 31 -1.000282165513326e+00 -1.893565664149878e-03 -9.318990884652060e-04 -1.007696964107007e+00
4 0 -1.000282444214686e+00 -1.893903480257307e-03 -9.319055419463170e-04 -1.007695700967933e+00
4 1 -1.000282580057613e+00 -1.894261264564845e-03 -9.316386988116863e-04 -1.007694556797915e+00
4 2 -1.000282723888148e+00 -1.894619084763745e-03 -9.313859780975905e-04 -1.007693373288882e+00
4 3 -1.000282870256800e+00 -1.894963081587040e-03 -9.311576618861996e-04 -1.007692195995578e+00
4 4 -1.000283013656085e+00 -1.895280039843107e-03 -9.309626858195561e-04 -1.007691069958443e+00
4 5 -1.000283148713853e+00 -1.895557894438317e-03 -9.308082752738226e-04 -1.007690038006686e+00
4 6 -1.000283270378291e+00 -1.895786176079831e-03 -9.306997097835707e-04 -1.007689139181292e+00
4 7 -1.000283374090832e+00 -1.895956382194886e-03 -9.306402184999135e-04 -1.007688407328036e+00
4 8 -1.000283455943581e+00 -1.896062263353007e-03 -9.306309968796784e-04 -1.007687869900709e+00
4 9 -1.000283512817917e+00 -1.896100020105770e-03 -9.306713232447688e-04 -1.007687547005367e+00
4 10 -1.000283542500621e+00 -1.896068409014592e-03 -9.307587464325262e-04 -1.007687450708155e+00
4 11 -1.000283543773502e+00 -1.895968759545722e-03 -9.308893141818561e-04 -1.007687584621883e+00
4 12 -1.000283516472307e+00 -1.895804905658756e-03 -9.310578147237767e-04 -1.007687943779858e+00
4 13 -1.000283461510779e+00 -1.895583037370822e-03 -9.312580091530739e-04 -1.007688514799768e+00
4 14 -1.000283380866120e+00 -1.895311478318118e-03 -9.314828394284507e-04 -1.007689276335584e+00
4 15 -1.000283277523200e+00 -1.895000395660269e-03 -9.317246069021483e-04 -1.007690199809791e+00
4 16 -1.000283155376631e+00 -1.894661449176641e-03 -9.319751275435560e-04 -1.007691250410577e+00
4 17 -1.000283019092209e+00 -1.894307387407966e-03 -9.322258789758029e-04 -1.007692388329298e+00
4 18 -1.000282873931692e+00 -1.893951600037525e-03 -9.324681587967840e-04 -1.007693570204340e+00
4 19 -1.000282725547067e+00 -1.893607637263607e-03 -9.326932736566379e-04 -1.007694750729011e+00
4 20 -1.000282579752579e+00 -1.893288709000940e-03 -9.328927748805615e-04 -1.007695884371965e+00
4 21 -1.000282442284737e+00 -1.893007179610520e-03 -9.330587485082106e-04 -1.007696927148607e+00
4 22 -1.000282318561960e+00 -1.892774076983650e-03 -9.331841553909436e-04 -1.007697838372706e+00
4 23 -1.000282213456074e+00 -1.892598637163239e-03 -9.332632029748091e-04 -1.007698582312076e+00
4 24 -1.000282131087315e+00 -1.892487906633315e-03 -9.332917185098017e-04 -1.007699129671493e+00
4 25 -1.000282074653299e+00 -1.892446423968454e-03 -9.332674859413236e-04 -1.007699458829539e+00
4 26 -1.000282046300555e+00 -1.892476000680090e-03 -9.331905059097916e-04 -1.007699556763686e+00
4 27 -1.000282047044794e+00 -1.892575617279251e-03 -9.330631406182927e-04 -1.007699419611347e+00
4 28 -1.000282076742832e+00 -1.892741444392207e-03 -9.328901142205162e-04 -1.007699052834364e+00
4 29 -1.000282134115609e+00 -1.892966990848586e-03 -9.326783546150753e-04 -1.007698470978162e+00
4 30 -1.000282216818628e+00 -1.893243372437729e-03 -9.324366806841065e-04 -1.007697697040697e+00
4 31 -1.000282321553748e+00 -1.893559687621265e-03 -9.321753558039071e-04 -1.007696761487621e+00
5 0 -1.000282612000758e+00 -1.893953503980616e-03 -9.319334644315879e-04 -1.007695405081291e+00
5 1 -1.000282748307427e+00 -1.894312482678500e-03 -9.316656926899321e-04 -1.007694257484703e+00
5 2 -1.000282892462522e+00 -1.894671197823123e-03 -9.314123773528710e-04 -1.007693071576784e+00
5 3 -1.000283039003992e+00 -1.895015756191772e-03 -9.311838239274619e-04 -1.007691893001844e+00
5 4 -1.000283182417504e+00 -1.895332921489882e-03 -9.309889772650874e-04 -1.007690766847285e+00
5 5 -1.000283317330001e+00 -1.895610620961209e-03 -9.308350572946032e-04 -1.007689735945750e+00
5 6 -1.000283438694748e+00 -1.895838391149561e-03 -9.307273239462936e-04 -1.007688839298756e+00
5 7 -1.000283541964127e+00 -1.896007748630037e-03 -9.306689736984146e-04 -1.007688110670974e+00
5 8 -1.000283623246779e+00 -1.896112475941907e-03 -9.306611576126389e-04 -1.007687577395638e+00
5 9 -1.000283679445648e+00 -1.896148817375185e-03 -9.307030995070467e-04 -1.007687259422703e+00
5 10 -1.000283708373312e+00 -1.896115583336116e-03 -9.307922856567190e-04 -1.007687168632386e+00
5 11 -1.000283708840651e+00 -1.896014165198771e-03 -9.309246956848982e-04 -1.007687308428528e+00
5 12 -1.000283680714671e+00 -1.895848464625943e-03 -9.310950469369040e-04 -1.007687673619856e+00
5 13 -1.000283624941301e+00 -1.895624742585864e-03 -9.312970296811910e-04 -1.007688250592249e+00
5 14 -1.000283543529486e+00 -1.895351394097139e-03 -9.315235177839173e-04 -1.007689017769909e+00
5 15 -1.000283439494046e+00 -1.895038655310944e-03 -9.317667496398687e-04 -1.007689946356825e+00
5 16 -1.000283316756595e+00 -1.894698250032200e-03 -9.320184855634119e-04 -1.007691001342246e+00
5 17 -1.000283180005976e+00 -1.894342983486018e-03 -9.322701568920448e-04 -1.007692142745624e+00
5 18 -1.000283034522082e+00 -1.893986292378909e-03 -9.325130262344285e-04 -1.007693327067698e+00
5 19 -1.000282885969293e+00 -1.893641762169376e-03 -9.327383779945248e-04 -1.007694508904858e+00
5 20 -1.000282740167998e+00 -1.893322624791633e-03 -9.329377546446523e-04 -1.007695642673952e+00
5 21 -1.000282602854479e+00 -1.893041252688186e-03 -9.331032467562885e-04 -1.007696684385351e+00
5 22 -1.000282479440733e+00 -1.892808667715015e-03 -9.332278328930360e-04 -1.007697593394285e+00
5 23 -1.000282374786265e+00 -1.892634085866565e-03 -9.333057511469354e-04 -1.007698334055142e+00
5 24 -1.000282292993527e+00 -1.892524520132791e-03 -9.333328716243540e-04 -1.007698877201539e+00
5 25 -1.000282237237601e+00 -1.892484463506491e-03 -9.333070316719765e-04 -1.007699201377908e+00
5 26 -1.000282209638732e+00 -1.892515671918859e-03 -9.332282934523443e-04 -1.007699293757052e+00
5 27 -1.000282211183710e+00 -1.892617062690955e-03 -9.330990862974861e-04 -1.007699150692685e+00
5 28 -1.000282241698890e+00 -1.892784738055304e-03 -9.329242048307467e-04 -1.007698777875348e+00
5 29 -1.000282299874287e+00 -1.893012135768821e-03 -9.327106484163005e-04 -1.007698190082868e+00
5 30 -1.000282383335106e+00 -1.893290300631553e-03 -9.324673055897736e-04 -1.007697410540286e+00
5 31 -1.000282488754638e+00 -1.893608262991854e-03 -9.322045045197934e-04 -1.007696469926299e+00
6 0 -1.000282784491044e+00 -1.894056241463878e-03 -9.317127045602835e-04 -1.007695031709769e+00
6 1 -1.000282921339234e+00 -1.894416545799425e-03 -9.314440775814560e-04 -1.007693880156380e+00
6 2 -1.000283065915018e+00 -1.894776342371137e-03 -9.311901805497247e-04 -1.007692691164074e+00
6 3 -1.000283212740085e+00 -1.895121697004037e-03 -9.309613414177134e-04 -1.007691510492952e+00
6 4 -1.000283356288888e+00 -1.895439343205273e-03 -9.307665156706138e-04 -1.007690383309382e+00
6 5 -1.000283491182685e+00 -1.895717189780510e-03 -9.306129218289900e-04 -1.007689352485575e+00
6 6 -1.000283612374867e+00 -1.895944767232667e-03 -9.305058067317142e-04 -1.007688457021832e+00
6 7 -1.000283715323798e+00 -1.896113598787953e-03 -9.304483427306229e-04 -1.007687730640654e+00
6 8 -1.000283796149797e+00 -1.896217486223671e-03 -9.304416465752256e-04 -1.007687200593259e+00
6 9 -1.000283851772853e+00 -1.896252705111282e-03 -9.304848987822367e-04 -1.007686886710122e+00
6 10 -1.000283880027446e+00 -1.896218108195736e-03 -9.305755350222848e-04 -1.007686800718101e+00
6 11 -1.000283879750458e+00 -1.896115138779774e-03 -9.307094791241263e-04 -1.007686945838872e+00
6 12 -1.000283850837940e+00 -1.895947758058511e-03 -9.308813897373019e-04 -1.007687316677014e+00
6 13 -1.000283794266643e+00 -1.895722291731694e-03 -9.310848977416209e-04 -1.007687899400549e+00
6 14 -1.000283712076792e+00 -1.895447202172037e-03 -9.313128189711991e-04 -1.007688672210941e+00
6 15 -1.000283607313695e+00 -1.895132792950139e-03 -9.315573371504040e-04 -1.007689606093174e+00
6 16 -1.000283483927467e+00 -1.894790852814383e-03 -9.318101633610539e-04 -1.007690665829565e+00
6 17 -1.000283346632305e+00 -1.894434246872151e-03 -9.320626871875114e-04 -1.007691811252996e+00
6 18 -1.000283200729228e+00 -1.894076464131548e-03 -9.323061386639114e-04 -1.007692998705969e+00
6 19 -1.000283051898643e+00 -1.893731132578703e-03 -9.325317799361552e-04 -1.007694182661844e+00
6 20 -1.000282905971267e+00 -1.893411515211069e-03 -9.327311422006287e-04 -1.007695317454780e+00
6 21 -1.000282768687701e+00 -1.893130002875361e-03 -9.328963161629531e-04 -1.007696359056080e+00
6 22 -1.000282645458157e+00 -1.892897622443984e-03 -9.330202921391287e-04 -1.007697266827030e+00
6 23 -1.000282541134395e+00 -1.892723581364508e-03 -9.330973313173120e-04 -1.007698005172731e+00
6 24 -1.000282459805567e+00 -1.892614870985026e-03 -9.331233372984225e-04 -1.007698545019651e+00
6 25 -1.000282404628516e+00 -1.892575950592268e-03 -9.330961898892711e-04 -1.007698865042915e+00
6 26 -1.000282377701090e+00 -1.892608531753729e-03 -9.330160011098865e-04 -1.007698952578330e+00
6 27 -1.000282379984385e+00 -1.892711478481971e-03 -9.328852559168701e-04 -1.007698804168383e+00
6 28 -1.000282411276718e+00 -1.892880832847454e-03 -9.327088083645791e-04 -1.007698425710557e+00
6 29 -1.000282470238751e+00 -1.893109968046575e-03 -9.324937185940699e-04 -1.007697832199360e+00
6 30 -1.000282554466088e+00 -1.893389862508427e-03 -9.322489345802595e-04 -1.007697047077700e+00
6 31 -1.000282660603227e+00 -1.893709480862180e-03 -9.319848401749054e-04 -1.007696101235368e+00
7 0 -1.000282954993247e+00 -1.894207654394841e-03 -9.312512816071608e-04 -1.007694595906657e+00
7 1 -1.000283092439049e+00 -1.894569362422214e-03 -9.309819112443616e-04 -1.007693440025154e+00
7 2 -1.000283237514598e+00 -1.894930383139048e-03 -9.307274731460138e-04 -1.007692247388246e+00
7 3 -1.000283384722304e+00 -1.895276736091297e-03 -9.304983154566709e-04 -1.007691063893306e+00
7 4 -1.000283528521536e+00 -1.895595116679833e-03 -9.303034052400660e-04 -1.007689934814453e+00
7 5 -1.000283663523336e+00 -1.895873405215824e-03 -9.301499638430718e-04 -1.007688903097953e+00
7 6 -1.000283784676221e+00 -1.896101114528246e-03 -9.300432320792634e-04 -1.007688007781221e+00
7 7 -1.000283887439300e+00 -1.896269761790916e-03 -9.299863674481773e-04 -1.007687282585133e+00
7 8 -1.000283967939306e+00 -1.896373154683075e-03 -9.299804634871940e-04 -1.007686754720228e+00
7 9 -1.000284023108216e+00 -1.896407586570641e-03 -9.300246701744755e-04 -1.007686443938055e+00
7 10 -1.000284050797738e+00 -1.896371939450491e-03 -9.301163866903101e-04 -1.007686361850283e+00
7 11 -1.000284049866602e+00 -1.896267696418261e-03 -9.302514958302473e-04 -1.007686511530726e+00
7 12 -1.000284020236436e+00 -1.896098867526695e-03 -9.304246120330722e-04 -1.007686887408934e+00
7 13 -1.000283962912215e+00 -1.895871834455818e-03 -9.306293202631237e-04 -1.007687475457734e+00
7 14 -1.000283879963853e+00 -1.895595120451272e-03 -9.308583904451924e-04 -1.007688253671079e+00
7 15 -1.000283774466588e+00 -1.895279092433359e-03 -9.311039622682267e-04 -1.007689192822455e+00
7 16 -1.000283650399414e+00 -1.894935602419082e-03 -9.313577064320685e-04 -1.007690257487355e+00
7 17 -1.000283512503124e+00 -1.894577576115016e-03 -9.316109772839454e-04 -1.007691407305082e+00
7 18 -1.000283366101987e+00 -1.894218558007770e-03 -9.318549759742162e-04 -1.007692598445744e+00
7 19 -1.000283216895444e+00 -1.893872224217121e-03 -9.320809431991268e-04 -1.007693785238472e+00
7 20 -1.000283070728325e+00 -1.893551876543688e-03 -9.322803971562897e-04 -1.007694921907391e+00
7 21 -1.000282933349863e+00 -1.893269933659482e-03 -9.324454247572130e-04 -1.007695964352735e+00
7 22 -1.000282810173134e+00 -1.893037438206550e-03 -9.325690219058463e-04 -1.007696871906444e+00
7 23 -1.000282706047031e+00 -1.892863600977481e-03 -9.326454642958072e-04 -1.007697608986342e+00
7 24 -1.000282625052425e+00 -1.892755404437283e-03 -9.326706781614721e-04 -1.007698146572019e+00
7 25 -1.000282570332921e+00 -1.892717287260081e-03 -9.326425733196776e-04 -1.007698463429344e+00
7 26 -1.000282543968682e+00 -1.892750929417805e-03 -9.325612984270800e-04 -1.007698547018897e+00
7 27 -1.000282546899303e+00 -1.892855153527347e-03 -9.324293805497195e-04 -1.007698394037115e+00
7 28 -1.000282578898579e+00 -1.893025952194522e-03 -9.322517195199233e-04 -1.007698010558284e+00
7 29 -1.000282638600544e+00 -1.893256643179943e-03 -9.320354227513780e-04 -1.007697411769263e+00
7 30 -1.000282723573054e+00 -1.893538145677838e-03 -9.317894849693244e-04 -1.007696621313408e+00
7 31 -1.000282830432697e+00 -1.893859363423237e-03 -9.315243345892711e-04 -1.007695670281772e+00
8 0 -1.000283116925433e+00 -1.894401801598735e-03 -9.305666396628909e-04 -1.007694115109309e+00
8 1 -1.000283255001128e+00 -1.894764935422660e-03 -9.302966713514467e-04 -1.007692954700822e+00
8 2 -1.000283400635414e+00 -1.895127273842338e-03 -9.300417584558860e-04 -1.007691758005766e+00
8 3 -1.000283548309194e+00 -1.895474786564242e-03 -9.298122664126001e-04 -1.007690571074874e+00
8 4 -1.000283692463533e+00 -1.895794124552637e-03 -9.296171744622280e-04 -1.007689439314145e+00
8 5 -1.000283827695132e+00 -1.896073130827080e-03 -9.294637106689312e-04 -1.007688405775057e+00
8 6 -1.000283948942818e+00 -1.896301289672986e-03 -9.293571166730299e-04 -1.007687509568936e+00
8 7 -1.000284051661190e+00 -1.896470099768310e-03 -9.293005446590647e-04 -1.007686784455643e+00
8 8 -1.000284131977975e+00 -1.896573361217129e-03 -9.292950769416565e-04 -1.007686257647578e+00
8 9 -1.000284186831688e+00 -1.896607371142772e-03 -9.293398470514170e-04 -1.007685948860413e+00
8 10 -1.000284214085912e+00 -1.896571026628778e-03 -9.294322332471752e-04 -1.007685869633056e+00
8 11 -1.000284212616165e+00 -1.896465836814076e-03 -9.295680934721992e-04 -1.007686022931813e+00
8 12 -1.000284182365148e+00 -1.896295847965003e-03 -9.297420139076449e-04 -1.007686403047459e+00
8 13 -1.000284124362383e+00 -1.896067486832681e-03 -9.299475487841774e-04 -1.007686995787869e+00
8 14 -1.000284040704762e+00 -1.895789328720628e-03 -9.301774362309518e-04 -1.007687778962668e+00
8 15 -1.000283934495695e+00 -1.895471797324428e-03 -9.304237845613397e-04 -1.007688723149680e+00
8 16 -1.000283809742267e+00 -1.895126803745438e-03 -9.306782346488422e-04 -1.007689792725835e+00
8 17 -1.000283671212104e+00 -1.894767332695404e-03 -9.309321134160586e-04 -1.007690947137198e+00
8 18 -1.000283524254006e+00 -1.894406985217712e-03 -9.311765979732141e-04 -1.007692142373797e+00
8 19 -1.000283374588711e+00 -1.894059489187866e-03 -9.314029096024458e-04 -1.007693332605260e+00
8 20 -1.000283228078278e+00 -1.893738191177672e-03 -9.316025528329147e-04 -1.007694471923446e+00
8 21 -1.000283090484450e+00 -1.893455545872874e-03 -9.317676072096594e-04 -1.007695516128818e+00
8 22 -1.000282967227710e+00 -1.893222621936080e-03 -9.318910675795658e-04 -1.007696424489485e+00
8 23 -1.000282863159144e+00 -1.893048645429138e-03 -9.319672147358504e-04 -1.007697161397029e+00
8 24 -1.000282782356709e+00 -1.892940602946833e-03 -9.319919860958328e-04 -1.007697697842538e+00
8 25 -1.000282727956190e+00 -1.892902926123587e-03 -9.319633085745563e-04 -1.007698012639976e+00
8 26 -1.000282702025359e+00 -1.892937277104250e-03 -9.318813532726148e-04 -1.007698093332257e+00
8 27 -1.000282705487304e+00 -1.893042450685895e-03 -9.317486740312866e-04 -1.007697936728922e+00
8 28 -1.000282738095799e+00 -1.893214402797233e-03 -9.315702005659273e-04 -1.007697549043689e+00
8 29 -1.000282798462067e+00 -1.893446407083621e-03 -9.313530720616908e-04 -1.007696945623844e+00
8 30 -1.000282884129160e+00 -1.893729332877905e-03 -9.311063156855001e-04 -1.007696150288033e+00
8 31 -1.000282991687738e+00 -1.894052030226724e-03 -9.308403916431512e-04 -1.007695194310775e+00
9 0 -1.000283264073375e+00 -1.894631085897993e-03 -9.296850206933003e-04 -1.007693608364445e+00
9 1 -1.000283402786330e+00 -1.894995611266416e-03 -9.294146264625320e-04 -1.007692443408875e+00
9 2 -1.000283549016099e+00 -1.895359308504917e-03 -9.291593272686497e-04 -1.007691242403631e+00
9 3 -1.000283697220676e+00 -1.895708095829150e-03 -9.289295025117066e-04 -1.007690051562949e+00
9 4 -1.000283841820309e+00 -1.896028575270366e-03 -9.287341436098566e-04 -1.007688916443408e+00
9 5 -1.000283977393841e+00 -1.896308545381889e-03 -9.285804884746675e-04 -1.007687880228304e+00
9 6 -1.000284098866045e+00 -1.896537452288617e-03 -9.284737859226294e-04 -1.007686982136329e+00
9 7 -1.000284201682013e+00 -1.896706764502699e-03 -9.284171924741819e-04 -1.007686256005131e+00
9 8 -1.000284281965000e+00 -1.896810261342733e-03 -9.284117918251449e-04 -1.007685729091448e+00
9 9 -1.000284336654312e+00 -1.896844229473788e-03 -9.284567158180528e-04 -1.007685421119676e+00
9 10 -1.000284363619574e+00 -1.896807566372756e-03 -9.285493378333180e-04 -1.007685343601157e+00
9 11 -1.000284361747421e+00 -1.896701792613409e-03 -9.286855076608342e-04 -1.007685499438791e+00
9 12 -1.000284330996394e+00 -1.896530976746064e-03 -9.288598001515742e-04 -1.007685882825774e+00
9 13 -1.000284272415944e+00 -1.896301577897427e-03 -9.290657554591158e-04 -1.007686479441710e+00
9 14 -1.000284188126083e+00 -1.896022212444565e-03 -9.292960955763101e-04 -1.007687266942698e+00
9 15 -1.000284081255461e+00 -1.895703351999629e-03 -9.295429112911398e-04 -1.007688215734660e+00
9 16 -1.000283955837402e+00 -1.895356960343243e-03 -9.297978250953682e-04 -1.007689290011783e+00
9 17 -1.000283816665638e+00 -1.894996077403121e-03 -9.300521452964678e-04 -1.007690449034404e+00
9 18 -1.000283669113859e+00 -1.894634359606396e-03 -9.302970310999177e-04 -1.007691648611825e+00
9 19 -1.000283518925470e+00 -1.894285588014669e-03 -9.305236876578820e-04 -1.007692842745566e+00
9 20 -1.000283371982125e+00 -1.893963158086012e-03 -9.307236058707130e-04 -1.007693985378518e+00
9 21 -1.000283234061444e+00 -1.893679567362744e-03 -9.308888544412829e-04 -1.007695032186552e+00
9 22 -1.000283110595600e+00 -1.893445919860285e-03 -9.310124204138078e-04 -1.007695942341765e+00
9 23 -1.000283006442875e+00 -1.893271468191861e-03 -9.310885803543280e-04 -1.007696680171643e+00
9 24 -1.000282925683739e+00 -1.893163215743195e-03 -9.311132715539320e-04 -1.007697216637099e+00
9 25 -1.000282871451813e+00 -1.893125600771373e-03 -9.310844248776656e-04 -1.007697530556125e+00
9 26 -1.000282845808186e+00 -1.893160281967267e-03 -9.310022188555929e-04 -1.007697609508684e+00
9 27 -1.000282849665039e+00 -1.893266040922852e-03 -9.308692176209416e-04 -1.007697450372479e+00
9 28 -1.000282882761411e+00 -1.893438811054443e-03 -9.306903637734997e-04 -1.007697059458071e+00
9 29 -1.000282943690433e+00 -1.893671834927291e-03 -9.304728117436047e-04 -1.007696452234901e+00
9 30 -1.000283029974311e+00 -1.893955943439247e-03 -9.302256056031634e-04 -1.007695652664457e+00
9 31 -1.000283138180801e+00 -1.894279942409780e-03 -9.299592230023745e-04 -1.007694692179328e+00
10 0 -1.000283390828121e+00 -1.894886567052833e-03 -9.286404654317116e-04 -1.007693095508829e+00
10 1 -1.000283530160721e+00 -1.895252395166051e-03 -9.283698357685844e-04 -1.007691926164084e+00
10 2 -1.000283676999280e+00 -1.895617438778459e-03 -9.281142566540103e-04 -1.007690720766198e+00
10 3 -1.000283825778342e+00 -1.895967565020498e-03 -9.278841173761279e-04 -1.007689525696705e+00
10 4 -1.000283970895638e+00 -1.896289324455244e-03 -9.276884206903453e-04 -1.007688386675595e+00
10 5 -1.000284106909389e+00 -1.896570465798674e-03 -9.275344168591142e-04 -1.007687347039174e+00
10 6 -1.000284228726606e+00 -1.896800388985847e-03 -9.274273679167347e-04 -1.007686446142237e+00
10 7 -1.000284331778271e+00 -1.896970521913582e-03 -9.273704442441621e-04 -1.007685717935713e+00
10 8 -1.000284412177813e+00 -1.897074610636612e-03 -9.273647433686389e-04 -1.007685189761748e+00
10 9 -1.000284466859460e+00 -1.897108917462220e-03 -9.274094099480237e-04 -1.007684881398179e+00
10 10 -1.000284493692835e+00 -1.897072325626166e-03 -9.275018283282200e-04 -1.007684804374904e+00
10 11 -1.000284491569725e+00 -1.896966352310240e-03 -9.276378569747104e-04 -1.007684961577194e+00
10 12 -1.000284460458742e+00 -1.896795073718059e-03 -9.278120768823180e-04 -1.007685347145000e+00
10 13 -1.000284401423837e+00 -1.896564967376781e-03 -9.280180314953797e-04 -1.007685946671304e+00
10 14 -1.000284316603326e+00 -1.896284678070112e-03 -9.282484428740915e-04 -1.007686737695752e+00
10 15 -1.000284209147180e+00 -1.895964714612255e-03 -9.284953985173804e-04 -1.007687690482867e+00
10 16 -1.000284083112116e+00 -1.895617085059429e-03 -9.287505145592822e-04 -1.007688769066913e+00
10 17 -1.000283943316233e+00 -1.895254878561599e-03 -9.290050904650686e-04 -1.007689932537394e+00
10 18 -1.000283795157444e+00 -1.894891803468121e-03 -9.292502747029166e-04 -1.007691136529643e+00
10 19 -1.000283644402276e+00 -1.894541693367422e-03 -9.294772602143398e-04 -1.007692334875057e+00
10 20 -1.000283496953621e+00 -1.894217994953612e-03 -9.296775245606366e-04 -1.007693481356293e+00
10 21 -1.000283358607773e+00 -1.893933253886962e-03 -9.298431224861208e-04 -1.007694531504424e+00
10 22 -1.000283234812418e+00 -1.893698617362769e-03 -9.299670272418889e-04 -1.007695444367451e+00
10 23 -1.000283130437671e+00 -1.893523374580855e-03 -9.300435026235518e-04 -1.007696184173961e+00
10 24 -1.000283049571800e+00 -1.893414557665181e-03 -9.300684747283095e-04 -1.007696721814351e+00
10 25 -1.000282995351993e+00 -1.893376624979496e-03 -9.300398649016941e-04 -1.007697036066247e+00
10 26 -1.000282969838628e+00 -1.893411246246555e-03 -9.299578437451739e-04 -1.007697114500098e+00
10 27 -1.000282973938974e+00 -1.893517204766603e-03 -9.298249691888030e-04 -1.007696954014810e+00
10 28 -1.000283007383138e+00 -1.893690426290682e-03 -9.296461797314561e-04 -1.007696560971928e+00
10 29 -1.000283068751581e+00 -1.893924136599868e-03 -9.294286280287125e-04 -1.007695950919852e+00
10 30 -1.000283155550451e+00 -1.894209141293622e-03 -9.291813584896621e-04 -1.007695147924373e+00
10 31 -1.000283264328548e+00 -1.894534213260196e-03 -9.289148508136225e-04 -1.007694183544350e+00
11 0 -1.000283492394753e+00 -1.895158325327041e-03 -9.274734800241447e-04 -1.007692596350670e+00
11 1 -1.000283632305337e+00 -1.895525316869143e-03 -9.272028149918645e-04 -1.007691422944644e+00
11 2 -1.000283779742274e+00 -1.895891641985833e-03 -9.269470746520687e-04 -1.007690213242415e+00
11 3 -1.000283929117026e+00 -1.896243119189754e-03 -9.267166532573202e-04 -1.007689013790067e+00
11 4 -1.000284074804020e+00 -1.896566247068184e-03 -9.265205634092111e-04 -1.007687870477439e+00
11 5 -1.000284211338956e+00 -1.896848721053563e-03 -9.263660699183381e-04 -1.007686826808987e+00
11 6 -1.000284333608060e+00 -1.897079888636612e-03 -9.262584537681979e-04 -1.007685922299008e+00
11 7 -1.000284437024110e+00 -1.897251128211804e-03 -9.262009080437070e-04 -1.007685191042883e+00
11 8 -1.000284517685686e+00 -1.897356141381251e-03 -9.261945555746579e-04 -1.007684660506035e+00
11 9 -1.000284572516295e+00 -1.897391153162233e-03 -9.262385674811100e-04 -1.007684350562358e+00
11 10 -1.000284599379564e+00 -1.897355018507661e-03 -9.263303544704216e-04 -1.007684272805519e+00
11 11 -1.000284597166284e+00 -1.897249236559981e-03 -9.264658003360364e-04 -1.007684430149391e+00
11 12 -1.000284565848983e+00 -1.897077876324365e-03 -9.266395094363352e-04 -1.007684816726817e+00
11 13 -1.000284506500164e+00 -1.896847419169084e-03 -9.268450454205085e-04 -1.007685418088744e+00
11 14 -1.000284421270978e+00 -1.896566524649178e-03 -9.270751462324065e-04 -1.007686211699505e+00
11 15 -1.000284313328009e+00 -1.896245726642286e-03 -9.273219103484302e-04 -1.007687167718128e+00
11 16 -1.000284186747568e+00 -1.895897067224747e-03 -9.275769600276094e-04 -1.007688250048415e+00
11 17 -1.000284046369325e+00 -1.895533676719960e-03 -9.278315961782219e-04 -1.007689417631082e+00
11 18 -1.000283897613772e+00 -1.895169309951362e-03 -9.280769639310424e-04 -1.007690625941013e+00
11 19 -1.000283746270174e+00 -1.894817850523990e-03 -9.283042480172823e-04 -1.007691828643560e+00
11 20 -1.000283598263563e+00 -1.894492796851592e-03 -9.285049133455757e-04 -1.007692979355680e+00
11 21 -1.000283459411009e+00 -1.894206746002130e-03 -9.286709985254267e-04 -1.007694033449252e+00
11 22 -1.000283335178863e+00 -1.893970894282907e-03 -9.287954581562929e-04 -1.007694949825438e+00
11 23 -1.000283230453187e+00 -1.893794576001227e-03 -9.288725354756252e-04 -1.007695692583254e+00
11 24 -1.000283149335017e+00 -1.893684862940532e-03 -9.288981345738859e-04 -1.007696232504859e+00
11 25 -1.000283094970729e+00 -1.893646246368666e-03 -9.288701540084166e-04 -1.007696548284553e+00
11 26 -1.000283069426004e+00 -1.893680421035772e-03 -9.287887416662085e-04 -1.007696627437209e+00
11 27 -1.000283073609362e+00 -1.893786186642045e-03 -9.286564335632487e-04 -1.007696466835458e+00
11 28 -1.000283107248098e+00 -1.893959476340601e-03 -9.284781475648974e-04 -1.007696072844161e+00
11 29 -1.000283168915874e+00 -1.894193514113533e-03 -9.282610174324315e-04 -1.007695461044457e+00
11 30 -1.000283256108176e+00 -1.894479094408988e-03 -9.280140710796790e-04 -1.007694655563969e+00
11 31 -1.000283365359537e+00 -1.894804969687224e-03 -9.277477749146676e-04 -1.007693688051335e+00
12 0 -1.000283564965224e+00 -1.895435858467809e-03 -9.262294238041828e-04 -1.007692129892461e+00
12 1 -1.000283705389998e+00 -1.895803829783334e-03 -9.259589234576060e-04 -1.007690952907937e+00
12 2 -1.000283853391880e+00 -1.896171322472676e-03 -9.257031461452107e-04 -1.007689739154576e+00
12 3 -1.000284003360557e+00 -1.896524110784289e-03 -9.254724858790518e-04 -1.007688535333823e+00
12 4 -1.000284149647321e+00 -1.896848642854833e-03 -9.252759633689835e-04 -1.007687387505019e+00
12 5 -1.000284286764298e+00 -1.897132559423341e-03 -9.251208597729668e-04 -1.007686339349480e+00
12 6 -1.000284409574631e+00 -1.897365151219164e-03 -9.250124799636976e-04 -1.007685430558671e+00
12 7 -1.000284513469456e+00 -1.897537740120383e-03 -9.249540473825769e-04 -1.007684695398282e+00
12 8 -1.000284594528134e+00 -1.897643973900336e-03 -9.249467203513737e-04 -1.007684161489765e+00
12 9 -1.000284649658307e+00 -1.897680028909986e-03 -9.249897090631359e-04 -1.007683848841439e+00
12 10 -1.000284676711836e+00 -1.897644718836215e-03 -9.250804651770492e-04 -1.007683769153496e+00
12 11 -1.000284674572313e+00 -1.897539510703243e-03 -9.252149135438346e-04 -1.007683925414007e+00
12 12 -1.000284643209845e+00 -1.897368451758542e-03 -9.253876978605098e-04 -1.007684311795145e+00
12 13 -1.000284583699316e+00 -1.897138012729103e-03 -9.255924176205270e-04 -1.007684913851312e+00
12 14 -1.000284498198887e+00 -1.896856853936255e-03 -9.258218416583850e-04 -1.007685709014825e+00
12 15 -1.000284389886401e+00 -1.896535521173552e-03 -9.260680934355031e-04 -1.007686667379242e+00
12 16 -1.000284262853091e+00 -1.896186078806648e-03 -9.263228136746818e-04 -1.007687752752956e+00
12 17 -1.000284121956515e+00 -1.895821688701422e-03 -9.265773146237012e-04 -1.007688923955813e+00
12 18 -1.000283972637277e+00 -1.895456145128026e-03 -9.268227450791892e-04 -1.007690136321425e+00
12 19 -1.000283820706206e+00 -1.895103377424540e-03 -9.270502857094158e-04 -1.007691343359117e+00
12 20 -1.000283672110533e+00 -1.894776934129278e-03 -9.272513902848387e-04 -1.007692498521224e+00
12 21 -1.000283532689345e+00 -1.894489464845308e-03 -9.274180801424466e-04 -1.007693557012574e+00
12 22 -1.000283407930072e+00 -1.894252218983885e-03 -9.275432871393556e-04 -1.007694477570500e+00
12 23 -1.000283302738250e+00 -1.894074582813603e-03 -9.276212267437040e-04 -1.007695224138643e+00
12 24 -1.000283221232162e+00 -1.893963677177059e-03 -9.276477710472502e-04 -1.007695767357488e+00
12 25 -1.000283166572620e+00 -1.893924037687432e-03 -9.276207837566253e-04 -1.007696085798543e+00
12 26 -1.000283140836411e+00 -1.893957397133442e-03 -9.275403764985403e-04 -1.007696166877152e+00
12 27 -1.000283144939447e+00 -1.894062585789935e-03 -9.274090485710084e-04 -1.007696007392770e+00
12 28 -1.000283178612443e+00 -1.894235559071559e-03 -9.272316813261254e-04 -1.007695613665606e+00
12 29 -1.000283240428354e+00 -1.894469554086137e-03 -9.270153732809373e-04 -1.007695001262567e+00
12 30 -1.000283327877760e+00 -1.894755368456401e-03 -9.267691200565181e-04 -1.007694194329018e+00
12 31 -1.000283437486123e+00 -1.895081747356520e-03 -9.265033604528511e-04 -1.007693224563780e+00
13 0 -1.000283605850317e+00 -1.895708494432427e-03 -9.249566881403398e-04 -1.007691713627726e+00
13 1 -1.000283746706141e+00 -1.896077225464011e-03 -9.246865427657891e-04 -1.007690533681225e+00
13 2 -1.000283895218194e+00 -1.896445728041955e-03 -9.244308512431774e-04 -1.007689316282398e+00
13 3 -1.000284045756551e+00 -1.896799738139737e-03 -9.242000025469017e-04 -1.007688108272855e+00
13 4 -1.000284192650401e+00 -1.897125656881127e-03 -9.240030236426344e-04 -1.007686955874580e+00
13 5 -1.000284330388077e+00 -1.897411070968532e-03 -9.238472130447370e-04 -1.007685902947938e+00
13 6 -1.000284453808175e+00 -1.897645212185167e-03 -9.237379032440538e-04 -1.007684989372791e+00
13 7 -1.000284558277626e+00 -1.897819341062667e-03 -9.236783544098275e-04 -1.007684249604423e+00
13 8 -1.000284639853035e+00 -1.897927044328461e-03 -9.236697693147246e-04 -1.007683711446624e+00
13 9 -1.000284695421683e+00 -1.897964440225823e-03 -9.237114085134827e-04 -1.007683395074980e+00
13 10 -1.000284722818298e+00 -1.897930289739031e-03 -9.238007776061406e-04 -1.007683312334995e+00
13 11 -1.000284720913289e+00 -1.897826014859544e-03 -9.239338563659377e-04 -1.007683466331978e+00
13 12 -1.000284689668119e+00 -1.897655627367476e-03 -9.241053419597762e-04 -1.007683851322360e+00
13 13 -1.000284630153850e+00 -1.897425573353341e-03 -9.243088838665535e-04 -1.007684452909051e+00
13 14 -1.000284544529580e+00 -1.897144499912447e-03 -9.245372957051815e-04 -1.007685248536676e+00
13 15 -1.000284435978596e+00 -1.896822951162092e-03 -9.247827389188816e-04 -1.007686208275815e+00
13 16 -1.000284308601812e+00 -1.896473001268418e-03 -9.250368839142257e-04 -1.007687295877922e+00
13 17 -1.000284167270370e+00 -1.896107832990005e-03 -9.252910631860678e-04 -1.007688470074010e+00
13 18 -1.000284017441817e+00 -1.895741271625077e-03 -9.255364358318148e-04 -1.007689686080671e+00
13 19 -1.000283864946536e+00 -1.895387286149817e-03 -9.257641829897045e-04 -1.007690897267338e+00
13 20 -1.000283715753108e+00 -1.895059471600464e-03 -9.259657495007108e-04 -1.007692056929401e+00
13 21 -1.000283575723018e+00 -1.894770529256924e-03 -9.261331388148420e-04 -1.007693120103105e+00
13 22 -1.000283450366423e+00 -1.894531763718659e-03 -9.262592564220384e-04 -1.007694045350933e+00
13 23 -1.000283344611148e+00 -1.894352618086751e-03 -9.263382837568117e-04 -1.007694796441324e+00
13 24 -1.000283262596530e+00 -1.894240269616857e-03 -9.263660525291157e-04 -1.007695343845540e+00
13 25 -1.000283207502472e+00 -1.894199307894055e-03 -9.263403813030425e-04 -1.007695665977810e+00
13 26 -1.000283181422247e+00 -1.894231515425411e-03 -9.262613332657683e-04 -1.007695750113436e+00
13 27 -1.000283185285052e+00 -1.894335766290492e-03 -9.261313572552719e-04 -1.007695592934033e+00
13 28 -1.000283218831142e+00 -1.894508052192949e-03 -9.259552835886679e-04 -1.007695200668899e+00
13 29 -1.000283280638853e+00 -1.894741637535487e-03 -9.257401610956803e-04 -1.007694588824935e+00
13 30 -1.000283368199730e+00 -1.895027337040432e-03 -9.254949392720202e-04 -1.007693781521154e+00
13 31 -1.000283478035665e+00 -1.895353901937078e-03 -9.252300163468582e-04 -1.007692810465287e+00
14 0 -1.000283613567899e+00 -1.895965802662424e-03 -9.237047479114236e-04 -1.007691362934380e+00
14 1 -1.000283754755799e+00 -1.896335046071309e-03 -9.234351292223913e-04 -1.007690180750430e+00
14 2 -1.000283903704390e+00 -1.896704363915674e-03 -9.231796385437880e-04 -1.007688960246219e+00
14 3 -1.000284054767000e+00 -1.897059461272976e-03 -9.229486555561052e-04 -1.007687748383116e+00
14 4 -1.000284202252496e+00 -1.897386697366150e-03 -9.227512114004728e-04 -1.007686591533146e+00
14 5 -1.000284340626052e+00 -1.897673607492762e-03 -9.225946221130255e-04 -1.007685533731454e+00
14 6 -1.000284464701238e+00 -1.897909364570300e-03 -9.224842504414786e-04 -1.007684615050256e+00
14 7 -1.000284569819206e+00 -1.898085165355951e-03 -9.224233984784243e-04 -1.007683870146189e+00
14 8 -1.000284652011130e+00 -1.898194530655696e-03 -9.224133209477325e-04 -1.007683327024652e+00
14 9 -1.000284708140189e+00 -1.898233513372348e-03 -9.224533380659921e-04 -1.007683006055049e+00
14 10 -1.000284736019286e+00 -1.898200812428142e-03 -9.225410199518291e-04 -1.007682919261253e+00
14 11 -1.000284734500247e+00 -1.898097793690930e-03 -9.226724127886064e-04 -1.007683069903974e+00
14 12 -1.000284703530023e+00 -1.897928421101493e-03 -9.228422793565511e-04 -1.007683452365577e+00
14 13 -1.000284644169706e+00 -1.897699102896964e-03 -9.230443315563890e-04 -1.007684052341207e+00
14 14 -1.000284558573124e+00 -1.897418459374264e-03 -9.232714398935189e-04 -1.007684847332029e+00
14 15 -1.000284449923031e+00 -1.897097019636565e-03 -9.235158148321964e-04 -1.007685807428484e+00
14 16 -1.000284322324570e+00 -1.896746855123174e-03 -9.237691659850127e-04 -1.007686896364659e+00
14 17 -1.000284180657749e+00 -1.896381158195898e-03 -9.240228540567588e-04 -1.007688072817587e+00
14 18 -1.000284030393222e+00 -1.896013775465638e-03 -9.242680548824451e-04 -1.007689291915828e+00
14 19 -1.000283877378095e+00 -1.895658707812180e-03 -9.244959546748451e-04 -1.007690506910798e+00
14 20 -1.000283727600632e+00 -1.895329591468522e-03 -9.246979915599043e-04 -1.007691670954373e+00
14 21 -1.000283586944307e+00 -1.895039176787031e-03 -9.248661506532945e-04 -1.007692738918572e+00
14 22 -1.000283460942823e+00 -1.894798823609466e-03 -9.249933082610192e-04 -1.007693669186525e+00
14 23 -1.000283354548235e+00 -1.894618034443050e-03 -9.250736070586323e-04 -1.007694425338678e+00
14 24 -1.000283271923910e+00 -1.894504048044512e-03 -9.251028318156083e-04 -1.007694977656204e+00
14 25 -1.000283216272786e+00 -1.894461515602311e-03 -9.250787473210503e-04 -1.007695304367334e+00
14 26 -1.000283189709398e+00 -1.894492279257007e-03 -9.250013576991518e-04 -1.007695392571884e+00
14 27 -1.000283193181614e+00 -1.894595268457825e-03 -9.248730494609404e-04 -1.007695238793559e+00
14 28 -1.000283226444968e+00 -1.894766523709962e-03 -9.246985897370904e-04 -1.007694849128282e+00
14 29 -1.000283288089038e+00 -1.894999349713309e-03 -9.244849657248939e-04 -1.007694238979642e+00
14 30 -1.000283375612148e+00 -1.895284591511442e-03 -9.242410690405649e-04 -1.007693432397281e+00
14 31 -1.000283485538200e+00 -1.895611019462456e-03 -9.239772458640451e-04 -1.007692461056476e+00
15 0 -1.000283587886380e+00 -1.896197987877619e-03 -9.225221743748217e-04 -1.007691090577875e+00
15 1 -1.000283729295554e+00 -1.896567478856476e-03 -9.222532285238945e-04 -1.007689906960110e+00
15 2 -1.000283878591224e+00 -1.896937388302092e-03 -9.219980410258002e-04 -1.007688684002803e+00
15 3 -1.000284030113403e+00 -1.897293398887793e-03 -9.217669783345077e-04 -1.007687468762485e+00
15 4 -1.000284178153121e+00 -1.897621834482361e-03 -9.215690735378179e-04 -1.007686307743503e+00
15 5 -1.000284317153917e+00 -1.897910183447757e-03 -9.214116599293706e-04 -1.007685245145112e+00
15 6 -1.000284441904843e+00 -1.898147562149478e-03 -9.213001323779271e-04 -1.007684321228324e+00
15 7 -1.000284547720673e+00 -1.898325103578429e-03 -9.212378387513540e-04 -1.007683570855139e+00
15 8 -1.000284630605380e+00 -1.898436260214151e-03 -9.212260911822145e-04 -1.007683022244446e+00
15 9 -1.000284687395204e+00 -1.898477014886554e-03 -9.212642762745695e-04 -1.007682695978737e+00
15 10 -1.000284715877468e+00 -1.898445997596948e-03 -9.213500365579295e-04 -1.007682604286030e+00
15 11 -1.000284714880836e+00 -1.898344509257125e-03 -9.214794936649424e-04 -1.007682750614114e+00
15 12 -1.000284684332393e+00 -1.898176455345178e-03 -9.216474858839937e-04 -1.007683129508314e+00
15 13 -1.000284625277360e+00 -1.897948194289744e-03 -9.218477976140248e-04 -1.007683726796908e+00
15 14 -1.000284539858234e+00 -1.897668307029718e-03 -9.220733657867906e-04 -1.007684520079868e+00
15 15 -1.000284431251386e+00 -1.897347295127544e-03 -9.223164585662986e-04 -1.007685479508879e+00
15 16 -1.000284303560715e+00 -1.896997215107822e-03 -9.225688326550338e-04 -1.007686568840046e+00
15 17 -1.000284161670082e+00 -1.896631257290481e-03 -9.228218840462455e-04 -1.007687746733146e+00
15 18 -1.000284011058852e+00 -1.896263278974647e-03 -9.230668111510159e-04 -1.007688968261304e+00
15 19 -1.000283857587386e+00 -1.895907304046164e-03 -9.232948092376456e-04 -1.007690186584183e+00
15 20 -1.000283707261284e+00 -1.895577003268730e-03 -9.234973115838208e-04 -1.007691354728556e+00
15 21 -1.000283565984819e+00 -1.895285171718519e-03 -9.236662849737422e-04 -1.007692427412528e+00
15 22 -1.000283439315137e+00 -1.895043222390156e-03 -9.237945749846954e-04 -1.007693362842360e+00
15 23 -1.000283332229505e+00 -1.894860717492761e-03 -9.238762823784897e-04 -1.007694124404889e+00
15 24 -1.000283248917413e+00 -1.894744960174480e-03 -9.239071399189343e-04 -1.007694682177121e+00
15 25 -1.000283192607958e+00 -1.894700668651822e-03 -9.238848516458628e-04 -1.007695014179281e+00
15 26 -1.000283165440912e+00 -1.894729752251274e-03 -9.238093542737862e-04 -1.007695107307244e+00
15 27 -1.000283168387442e+00 -1.894831205001706e-03 -9.236829629728006e-04 -1.007694957893451e+00
15 28 -1.000283201223472e+00 -1.895001126752813e-03 -9.235103723852905e-04 -1.007694571863300e+00
15 29 -1.000283262555268e+00 -1.895232874081802e-03 -9.232984985142177e-04 -1.007693964477338e+00
15 30 -1.000283349893490e+00 -1.895517334528842e-03 -9.230561653639826e-04 -1.007693159675226e+00
15 31 -1.000283459769529e+00 -1.895843309831631e-03 -9.227936576158889e-04 -1.007692189060019e+00
16 0 -1.000283529823684e+00 -1.896396252226785e-03 -9.214546992082841e-04 -1.007690906329122e+00
16 1 -1.000283671335781e+00 -1.896765718661060e-03 -9.211865416387500e-04 -1.007689722129396e+00
16 2 -1.000283820876681e+00 -1.897135975634441e-03 -9.209317429630055e-04 -1.007688497458336e+00
16 3 -1.000283972776973e+00 -1.897492692669632e-03 -9.207006529140019e-04 -1.007687279439852e+00
16 4 -1.000284121313027e+00 -1.897822166093815e-03 -9.205023044913035e-04 -1.007686114688056e+00
16 5 -1.000284260909113e+00 -1.898111843529661e-03 -9.203440478157157e-04 -1.007685047549398e+00
16 6 -1.000284386331175e+00 -1.898350789182681e-03 -9.202313108666505e-04 -1.007684118463080e+00
16 7 -1.000284492867934e+00 -1.898530074626656e-03 -9.201674893961933e-04 -1.007683362492998e+00
16 8 -1.000284576495402e+00 -1.898643084179006e-03 -9.201539560261973e-04 -1.007682808075483e+00
16 9 -1.000284634021118e+00 -1.898685728578974e-03 -9.201901678867042e-04 -1.007682476017129e+00
16 10 -1.000284663204103e+00 -1.898656564718965e-03 -9.202738452457257e-04 -1.007682378767859e+00
16 11 -1.000284662846145e+00 -1.898556822174697e-03 -9.204011915761599e-04 -1.007682519987104e+00
16 12 -1.000284632849825e+00 -1.898390339536146e-03 -9.205671276481909e-04 -1.007682894414102e+00
16 13 -1.000284574239207e+00 -1.898163415426885e-03 -9.207655173495944e-04 -1.007683488045969e+00
16 14 -1.000284489139900e+00 -1.897884580481399e-03 -9.209893707740478e-04 -1.007684278619653e+00
16 15 -1.000284380716328e+00 -1.897564297276490e-03 -9.212310203159563e-04 -1.007685236386981e+00
16 16 -1.000284253065700e+00 -1.897214595742312e-03 -9.214822760757865e-04 -1.007686325164748e+00
16 17 -1.000284111070542e+00 -1.896848652599850e-03 -9.217345750242448e-04 -1.007687503632805e+00
16 18 -1.000283960214268e+00 -1.896480324984216e-03 -9.219791426569172e-04 -1.007688726843013e+00
16 19 -1.000283806366601e+00 -1.896123650218425e-03 -9.222071863890305e-04 -1.007689947892451e+00
16 20 -1.000283655547520e+00 -1.895792325646524e-03 -9.224101365181124e-04 -1.007691119705884e+00
16 21 -1.000283513680078e+00 -1.895499184923031e-03 -9.225799423261156e-04 -1.007692196863982e+00
16 22 -1.000283386343849e+00 -1.895255690119962e-03 -9.227094182479020e-04 -1.007693137405256e+00
16 23 -1.000283278541382e+00 -1.895071461435235e-03 -9.227926211094490e-04 -1.007693904523968e+00
16 24 -1.000283194489459e+00 -1.894953867101766e-03 -9.228252280492587e-04 -1.007694468085967e+00
16 25 -1.000283137445491e+00 -1.894907695208425e-03 -9.228048776309606e-04 -1.007694805889475e+00
16 26 -1.000283109577460e+00 -1.894934926999821e-03 -9.227314338097407e-04 -1.007694904606425e+00
16 27 -1.000283111883514e+00 -1.895034627642506e-03 -9.226071345031435e-04 -1.007694760352398e+00
16 28 -1.000283144164300e+00 -1.895202964659812e-03 -9.224365952297735e-04 -1.007694378851519e+00
16 29 -1.000283205047589e+00 -1.895433356258280e-03 -9.222266535748212e-04 -1.007693775186727e+00
16 30 -1.000283292061482e+00 -1.895716743064682e-03 -9.219860586829174e-04 -1.007692973151258e+00
16 31 -1.000283401750042e+00 -1.896041969142526e-03 -9.217250270429719e-04 -1.007692004239130e+00
17 0 -1.000283441603240e+00 -1.896553114055587e-03 -9.205434143426645e-04 -1.007690816695521e+00
17 1 -1.000283583096747e+00 -1.896922286666638e-03 -9.202761262249890e-04 -1.007689632782272e+00
17 2 -1.000283732772406e+00 -1.897292635747059e-03 -9.200217824839714e-04 -1.007688407196595e+00
17 3 -1.000283884955621e+00 -1.897649827308853e-03 -9.197907135612761e-04 -1.007687187099720e+00
17 4 -1.000284033911872e+00 -1.897980139028721e-03 -9.195919506904185e-04 -1.007686019188607e+00
17 5 -1.000284174049235e+00 -1.898270985570641e-03 -9.194328599363692e-04 -1.007684947934304e+00
17 6 -1.000284300112770e+00 -1.898511385289357e-03 -9.193189020826653e-04 -1.007684013937143e+00
17 7 -1.000284407366436e+00 -1.898692352932634e-03 -9.192535209836354e-04 -1.007683252452089e+00
17 8 -1.000284491758628e+00 -1.898807207375514e-03 -9.192381506818588e-04 -1.007682692128593e+00
17 9 -1.000284550067517e+00 -1.898851787944418e-03 -9.192723206839819e-04 -1.007682353999841e+00
17 10 -1.000284580022095e+00 -1.898824576890083e-03 -9.193538317051940e-04 -1.007682250747410e+00
17 11 -1.000284580394494e+00 -1.898726728703603e-03 -9.194789722917761e-04 -1.007682386259300e+00
17 12 -1.000284551059141e+00 -1.898562009337777e-03 -9.196427491622845e-04 -1.007682755491917e+00
17 13 -1.000284493014624e+00 -1.898336650145881e-03 -9.198391094097918e-04 -1.007683344639609e+00
17 14 -1.000284408364842e+00 -1.898059122508595e-03 -9.200611404283416e-04 -1.007684131608836e+00
17 15 -1.000284300257091e+00 -1.897739839875207e-03 -9.203012433127794e-04 -1.007685086787154e+00
17 16 -1.000284172776594e+00 -1.897390794752227e-03 -9.205512858774611e-04 -1.007686174088993e+00
17 17 -1.000284030799426e+00 -1.897025139354234e-03 -9.208027497392778e-04 -1.007687352250551e+00
17 18 -1.000283879808350e+00 -1.896656720103606e-03 -9.210468904434788e-04 -1.007688576336526e+00
17 19 -1.000283725678294e+00 -1.896299577795919e-03 -9.212749300950484e-04 -1.007689799412562e+00
17 20 -1.000283574440057e+00 -1.895967427267405e-03 -9.214782982067164e-04 -1.007690974328721e+00
17 21 -1.000283432032692e+00 -1.895673133074383e-03 -9.216489280093474e-04 -1.007692055550123e+00
17 22 -1.000283304056379e+00 -1.895428200634829e-03 -9.217796030360598e-04 -1.007693000962472e+00
17 23 -1.000283195538166e+00 -1.895242304509745e-03 -9.218643352349554e-04 -1.007693773575014e+00
17 24 -1.000283110722308e+00 -1.895122876300189e-03 -9.218987444931828e-04 -1.007694343043321e+00
17 25 -1.000283052895562e+00 -1.895074773996880e-03 -9.218804019638527e-04 -1.007694686938466e+00
17 26 -1.000283024255969e+00 -1.895100052646335e-03 -9.218090964549919e-04 -1.007694791697222e+00
17 27 -1.000283025831318e+00 -1.895197852458333e-03 -9.216869854235360e-04 -1.007694653200834e+00
17 28 -1.000283057450373e+00 -1.895364414451869e-03 -9.215186012383194e-04 -1.007694276949004e+00
17 29 -1.000283117766409e+00 -1.895593225816214e-03 -9.213106987252965e-04 -1.007693677819510e+00
17 30 -1.000283204329401e+00 -1.895875288749425e-03 -9.210719480582036e-04 -1.007692879428472e+00
17 31 -1.000283313700792e+00 -1.896199498984996e-03 -9.208124937898996e-04 -1.007691913128001e+00
18 0 -1.000283326569516e+00 -1.896662674129609e-03 -9.198231826295335e-04 -1.007690824758972e+00
18 1 -1.000283467924141e+00 -1.897031296161337e-03 -9.195568090756022e-04 -1.007689641986062e+00
18 2 -1.000283617619490e+00 -1.897401479759478e-03 -9.193029656145011e-04 -1.007688416316001e+00
18 3 -1.000283769980214e+00 -1.897758897126785e-03 -9.190719619722972e-04 -1.007687194915942e+00
18 4 -1.000283919265044e+00 -1.898089816921841e-03 -9.188728260740466e-04 -1.007686024535573e+00
18 5 -1.000284059869523e+00 -1.898381629925705e-03 -9.187129382220529e-04 -1.007684949743277e+00
18 6 -1.000284186520844e+00 -1.898623316709283e-03 -9.185977902940915e-04 -1.007684011277387e+00
18 7 -1.000284294460482e+00 -1.898805841934580e-03 -9.185308728193684e-04 -1.007683244565767e+00
18 8 -1.000284379610613e+00 -1.898922464156138e-03 -9.185136803324140e-04 -1.007682678458631e+00
18 9 -1.000284438720408e+00 -1.898968954487800e-03 -9.185458142540995e-04 -1.007682334210191e+00
18 10 -1.000284469488110e+00 -1.898943721661099e-03 -9.186251554973377e-04 -1.007682224735318e+00
18 11 -1.000284470654534e+00 -1.898847844198787e-03 -9.187480774726631e-04 -1.007682354158945e+00
18 12 -1.000284442063489e+00 -1.898685012631424e-03 -9.189096728755218e-04 -1.007682717669007e+00
18 13 -1.000284384684864e+00 -1.898461386306559e-03 -9.191039726988909e-04 -1.007683301677308e+00
18 14 -1.000284300596867e+00 -1.898185370632210e-03 -9.193241431493466e-04 -1.007684084285844e+00
18 15 -1.000284192925077e+00 -1.897867321543112e-03 -9.195626559677469e-04 -1.007685036048675e+00
18 16 -1.000284065737865e+00 -1.897519184711362e-03 -9.198114385354068e-04 -1.007686121011206e+00
18 17 -1.000283923900033e+00 -1.897154077974338e-03 -9.200620187967101e-04 -1.007687297999882e+00
18 18 -1.000283772889063e+00 -1.896785826949316e-03 -9.203056842152501e-04 -1.007688522125719e+00
18 19 -1.000283618580690e+00 -1.896428465762342e-03 -9.205336738147446e-04 -1.007689746455372e+00
18 20 -1.000283467012540e+00 -1.896095717011402e-03 -9.207374185103337e-04 -1.007690923794248e+00
18 21 -1.000283324136324e+00 -1.895800467485233e-03 -9.209088370610807e-04 -1.007692008517681e+00
18 22 -1.000283195570311e+00 -1.895554258746810e-03 -9.210406830083809e-04 -1.007692958378801e+00
18 23 -1.000283086364373e+00 -1.895366814009645e-03 -9.211269241180014e-04 -1.007693736216477e+00
18 24 -1.000283000789342e+00 -1.895245623981242e-03 -9.211631238201959e-04 -1.007694311485240e+00
18 25 -1.000282942161207e+00 -1.895195613924885e-03 -9.211467864979905e-04 -1.007694661532502e+00
18 26 -1.000282912708792e+00 -1.895218911955072e-03 -9.210776258380558e-04 -1.007694772557114e+00
18 27 -1.000282913491092e+00 -1.895314734522687e-03 -9.209577181917396e-04 -1.007694640197107e+00
18 28 -1.000282944367310e+00 -1.895479399087494e-03 -9.207915118556892e-04 -1.007694269713421e+00
18 29 -1.000283004019219e+00 -1.895706466364656e-03 -9.205856780267143e-04 -1.007693675759394e+00
18 30 -1.000283090022242e+00 -1.895987006217245e-03 -9.203488070161778e-04 -1.007692881750114e+00
18 31 -1.000283198959257e+00 -1.896309973532575e-03 -9.200909702765805e-04 -1.007691918868014e+00
19 0 -1.000283189066322e+00 -1.896720822473066e-03 -9.193213218638956e-04 -1.007690930113288e+00
19 1 -1.000283330167264e+00 -1.897088658603136e-03 -9.190558722610985e-04 -1.007689749290114e+00
19 2 -1.000283479766763e+00 -1.897458426001441e-03 -9.188025540323485e-04 -1.007688524367637e+00
19 3 -1.000283632193140e+00 -1.897815812536394e-03 -9.185716556085160e-04 -1.007687302487265e+00
19 4 -1.000283781702716e+00 -1.898147087764117e-03 -9.183722000122137e-04 -1.007686130419609e+00
19 5 -1.000283922682618e+00 -1.898439628526446e-03 -9.182115794157209e-04 -1.007685052799610e+00
19 6 -1.000284049845925e+00 -1.898682387161361e-03 -9.180953140508274e-04 -1.007684110475004e+00
19 7 -1.000284158414787e+00 -1.898866286929085e-03 -9.180269382613183e-04 -1.007683339021594e+00
19 8 -1.000284244287491e+00 -1.898984533388127e-03 -9.180080041071847e-04 -1.007682767470656e+00
19 9 -1.000284304185577e+00 -1.899032835073803e-03 -9.180381817522293e-04 -1.007682417284057e+00
19 10 -1.000284335776989e+00 -1.899009531059074e-03 -9.181154289325570e-04 -1.007682301602972e+00
19 11 -1.000284337770828e+00 -1.898915625970905e-03 -9.182362005850023e-04 -1.007682424788354e+00
19 12 -1.000284309979028e+00 -1.898754735042401e-03 -9.183956724737762e-04 -1.007682782265019e+00
19 13 -1.000284253340618e+00 -1.898532943569526e-03 -9.185879572814202e-04 -1.007683360674305e+00
19 14 -1.000284169905079e+00 -1.898258586772330e-03 -9.188062984795498e-04 -1.007684138332407e+00
19 15 -1.000284062772571e+00 -1.897941956999836e-03 -9.190432374062400e-04 -1.007685085983957e+00
19 16 -1.000283935990473e+00 -1.897594945565137e-03 -9.192907604920980e-04 -1.007686167833345e+00
19 17 -1.000283794407905e+00 -1.897230627251491e-03 -9.195404422604243e-04 -1.007687342828034e+00
19 18 -1.000283643492525e+00 -1.896862797343785e-03 -9.197836031817263e-04 -1.007688566157778e+00
19 19 -1.000283489116397e+00 -1.896505473390106e-03 -9.200115007880975e-04 -1.007689790922786e+00
19 20 -1.000283337319795e+00 -1.896172375993224e-03 -9.202155690612167e-04 -1.007690969914814e+00
19 21 -1.000283194063371e+00 -1.895876404907562e-03 -9.203877140032412e-04 -1.007692057447816e+00
19 22 -1.000283064980306e+00 -1.895629129198244e-03 -9.205206612828109e-04 -1.007693011167747e+00
19 23 -1.000282955140679e+00 -1.895440312912927e-03 -9.206083371740796e-04 -1.007693793764919e+00
19 24 -1.000282868839936e+00 -1.895317499278352e-03 -9.206462515583225e-04 -1.007694374509946e+00
19 25 -1.000282809422109e+00 -1.895265675858510e-03 -9.206318446763551e-04 -1.007694730538052e+00
19 26 -1.000282779146431e+00 -1.895287040570179e-03 -9.205647573898157e-04 -1.007694847815844e+00
19 27 -1.000282779103501e+00 -1.895380884431607e-03 -9.204469872838621e-04 -1.007694721738423e+00
19 28 -1.000282809184111e+00 -1.895543601257331e-03 -9.202829011629362e-04 -1.007694357322944e+00
19 29 -1.000282868100408e+00 -1.895768826971281e-03 -9.200790890811544e-04 -1.007693768987634e+00
19 30 -1.000282953455852e+00 -1.896047702655342e-03 -9.198440633820084e-04 -1.007692979930233e+00
19 31 -1.000283061857968e+00 -1.896369247590895e-03 -9.195878236245282e-04 -1.007692021142322e+00
20 0 -1.000283034281565e+00 -1.896725380947474e-03 -9.190566095127798e-04 -1.007691128894711e+00
20 1 -1.000283175023576e+00 -1.897092225343388e-03 -9.187920596357284e-04 -1.007689950757937e+00
20 2 -1.000283324415266e+00 -1.897461341413759e-03 -9.185392724790878e-04 -1.007688727387536e+00
20 3 -1.000283476792912e+00 -1.897818441625365e-03 -9.183085151461447e-04 -1.007687505868385e+00
20 4 -1.000283626414852e+00 -1.898149806224632e-03 -9.181088043428681e-04 -1.007686332959617e+00
20 5 -1.000283767664251e+00 -1.898442808497497e-03 -9.179475415876539e-04 -1.007685253329549e+00
20 6 -1.000283895244347e+00 -1.898686383144639e-03 -9.178302720027248e-04 -1.007684307902558e+00
20 7 -1.000284004361805e+00 -1.898871422270292e-03 -9.177605693348063e-04 -1.007683532371918e+00
20 8 -1.000284090894207e+00 -1.898991087780863e-03 -9.177400378144531e-04 -1.007682955923558e+00
20 9 -1.000284151537926e+00 -1.899041033726397e-03 -9.177684103002278e-04 -1.007682600205577e+00
20 10 -1.000284183932311e+00 -1.899019536138931e-03 -9.178437151006434e-04 -1.007682478569431e+00
20 11 -1.000284186755587e+00 -1.898927530608623e-03 -9.179624826794175e-04 -1.007682595602136e+00
20 12 -1.000284159787690e+00 -1.898768559871789e-03 -9.181199662792874e-04 -1.007682946962274e+00
20 13 -1.000284103935699e+00 -1.898548635801069e-03 -9.183103550398133e-04 -1.007683519524616e+00
20 14 -1.000284021218452e+00 -1.898276021970841e-03 -9.185269649325366e-04 -1.007684291829915e+00
20 15 -1.000283914708059e+00 -1.897960943681411e-03 -9.187624030511126e-04 -1.007685234829622e+00
20 16 -1.000283788427608e+00 -1.897615232433027e-03 -9.190087124453453e-04 -1.007686312908948e+00
20 17 -1.000283647206645e+00 -1.897251912699935e-03 -9.192575132293558e-04 -1.007687485163111e+00
20 18 -1.000283496498744e+00 -1.896884740912630e-03 -9.195001588775646e-04 -1.007688706890515e+00
20 19 -1.000283342167980e+00 -1.896527708878714e-03 -9.197279260077191e-04 -1.007689931255937e+00
20 20 -1.000283190253090e+00 -1.896194525726634e-03 -9.199322529361146e-04 -1.007691111068435e+00
20 21 -1.000283046719654e+00 -1.895898094414113e-03 -9.201050352785674e-04 -1.007692200611273e+00
20 22 -1.000282917211949e+00 -1.895650001623185e-03 -9.202389743878032e-04 -1.007693157453202e+00
20 23 -1.000282806816793e+00 -1.895460042747828e-03 -9.203279593217263e-04 -1.007693944163783e+00
20 24 -1.000282719851350e+00 -1.895335805042904e-03 -9.203674508660875e-04 -1.007694529853684e+00
20 25 -1.000282659685481e+00 -1.895282331167513e-03 -9.203548296898428e-04 -1.007694891465205e+00
20 26 -1.000282628607321e+00 -1.895301882929078e-03 -9.202896688414631e-04 -1.007695014747192e+00
20 27 -1.000282627738282e+00 -1.895393821366834e-03 -9.201738927047661e-04 -1.007694894861312e+00
20 28 -1.000282657000699e+00 -1.895554613733934e-03 -9.200117922887923e-04 -1.007694536584834e+00
20 29 -1.000282715137829e+00 -1.895777970111345e-03 -9.198098817245382e-04 -1.007693954098794e+00
20 30 -1.000282799782672e+00 -1.896055103628194e-03 -9.195765998639042e-04 -1.007693170375712e+00
20 31 -1.000282907569643e+00 -1.896375100582189e-03 -9.193218782400350e-04 -1.007692216202969e+00
21 0 -1.000282868062582e+00 -1.896676178423570e-03 -9.190386382723261e-04 -1.007691413902178e+00
21 1 -1.000283008353701e+00 -1.897041861919965e-03 -9.187749331821747e-04 -1.007690239089530e+00
21 2 -1.000283157433131e+00 -1.897410115345037e-03 -9.185226653271436e-04 -1.007689018019861e+00
21 3 -1.000283309649143e+00 -1.897766683811168e-03 -9.182920811411732e-04 -1.007687797692647e+00
21 4 -1.000283459266510e+00 -1.898097867657846e-03 -9.180921901151254e-04 -1.007686624823291e+00
21 5 -1.000283600669035e+00 -1.898391047100940e-03 -9.179304005677940e-04 -1.007685544078954e+00
21 6 -1.000283728554689e+00 -1.898635150360994e-03 -9.178122781899232e-04 -1.007684596425370e+00
21 7 -1.000283838119000e+00 -1.898821049735597e-03 -9.177414300357306e-04 -1.007683817638778e+00
21 8 -1.000283925222867e+00 -1.898941874589131e-03 -9.177195049079475e-04 -1.007683237027244e+00
21 9 -1.000283986541047e+00 -1.898993234909056e-03 -9.177462898288928e-04 -1.007682876395748e+00
21 10 -1.000284019687154e+00 -1.898973352858608e-03 -9.178198748885462e-04 -1.007682749281457e+00
21 11 -1.000284023310501e+00 -1.898883102375530e-03 -9.179368574510980e-04 -1.007682860479195e+00
21 12 -1.000283997160015e+00 -1.898725959045083e-03 -9.180925598383806e-04 -1.007683205870001e+00
21 13 -1.000283942110928e+00 -1.898507864645752e-03 -9.182812395238104e-04 -1.007683772557438e+00
21 14 -1.000283860150722e+00 -1.898237012404200e-03 -9.184962775761600e-04 -1.007684539308561e+00
21 15 -1.000283754321896e+00 -1.897923559638727e-03 -9.187303408630505e-04 -1.007685477290066e+00
21 16 -1.000283628620812e+00 -1.897579274755116e-03 -9.189755248536443e-04 -1.007686551083246e+00
21 17 -1.000283487854265e+00 -1.897217126558730e-03 -9.192234925917406e-04 -1.007687719952229e+00
21 18 -1.000283337458083e+00 -1.896850825711223e-03 -9.194656290635983e-04 -1.007688939329441e+00
21 19 -1.000283183284410e+00 -1.896494330178469e-03 -9.196932297433121e-04 -1.007690162472523e+00
21 20 -1.000283031366299e+00 -1.896161328427878e-03 -9.198977387450041e-04 -1.007691342238534e+00
21 21 -1.000282887669963e+00 -1.895864716500427e-03 -9.200710445469347e-04 -1.007692432912575e+00
21 22 -1.000282757846475e+00 -1.895616088090820e-03 -9.202058287221960e-04 -1.007693392019266e+00
21 23 -1.000282646995314e+00 -1.895425259412243e-03 -9.202959483865203e-04 -1.007694182039460e+00
21 24 -1.000282559451653e+00 -1.895299851661429e-03 -9.203368212120425e-04 -1.007694771953781e+00
21 25 -1.000282498607963e+00 -1.895244953142432e-03 -9.203257752771107e-04 -1.007695138538632e+00
21 26 -1.000282466778625e+00 -1.895262881035112e-03 -9.202623237454149e-04 -1.007695267348279e+00
21 27 -1.000282465113900e+00 -1.895353059249131e-03 -9.201483260883445e-04 -1.007695153329084e+00
21 28 -1.000282493566474e+00 -1.895512023003182e-03 -9.199880055594362e-04 -1.007694801030818e+00
21 29 -1.000282550910309e+00 -1.895733552785933e-03 -9.197878079854491e-04 -1.007694224403987e+00
21 30 -1.000282634808333e+00 -1.896008931757242e-03 -9.195561059909247e-04 -1.007693446196859e+00
21 31 -1.000282741923048e+00 -1.896327313162370e-03 -9.193027697946772e-04 -1.007692496987340e+00
22 0 -1.000282696706873e+00 -1.896575056969151e-03 -9.192675352392780e-04 -1.007691774806985e+00
22 1 -1.000282836471741e+00 -1.896939453154838e-03 -9.190045923112063e-04 -1.007690603834072e+00
22 2 -1.000282985145733e+00 -1.897306663936843e-03 -9.187528160604734e-04 -1.007689385731029e+00
22 3 -1.000283137092755e+00 -1.897662473927208e-03 -9.185224338285358e-04 -1.007688167386020e+00
22 4 -1.000283286588239e+00 -1.897993212333573e-03 -9.183224473935277e-04 -1.007686995439568e+00
22 5 -1.000283428021204e+00 -1.898286276592364e-03 -9.181602689412089e-04 -1.007685914523004e+00
22 6 -1.000283556089077e+00 -1.898530599789740e-03 -9.180414793428606e-04 -1.007684965606849e+00
22 7 -1.000283665981038e+00 -1.898717046474764e-03 -9.179697114449335e-04 -1.007684184512811e+00
22 8 -1.000283753546036e+00 -1.898838725912052e-03 -9.179466494221578e-04 -1.007683600633543e+00
22 9 -1.000283815441643e+00 -1.898891216288923e-03 -9.179721240247923e-04 -1.007683235895033e+00
22 10 -1.000283849259566e+00 -1.898872697212463e-03 -9.180442759389516e-04 -1.007683103988305e+00
22 11 -1.000283853623230e+00 -1.898783990703931e-03 -9.181597580052518e-04 -1.007683209889932e+00
22 12 -1.000283828252735e+00 -1.898628513086150e-03 -9.183139504474554e-04 -1.007683549683726e+00
22 13 -1.000283773992806e+00 -1.898412141982906e-03 -9.185011686173662e-04 -1.007684110688797e+00
22 14 -1.000283692800000e+00 -1.898143004071531e-03 -9.187148494096509e-04 -1.007684871892109e+00
22 15 -1.000283587686659e+00 -1.897831190132793e-03 -9.189477116953954e-04 -1.007685804676510e+00
22 16 -1.000283462620958e+00 -1.897488404577826e-03 -9.191918971670057e-04 -1.007686873827318e+00
22 17 -1.000283322384715e+00 -1.897127557513871e-03 -9.194391071916998e-04 -1.007688038791700e+00
22 18 -1.000283172393136e+00 -1.896762308832409e-03 -9.196807554988281e-04 -1.007689255155783e+00
22 19 -1.000283018482947e+00 -1.896406575712026e-03 -9.199081558889840e-04 -1.007690476295113e+00
22 20 -1.000282866677460e+00 -1.896074017234217e-03 -9.201127600733154e-04 -1.007691655144536e+00
22 21 -1.000282722939097e+00 -1.895777512499132e-03 -9.202864530798787e-04 -1.007692746024018e+00
22 22 -1.000282592921176e+00 -1.895528651451162e-03 -9.204219017414063e-04 -1.007693706448599e+00
22 23 -1.000282481731323e+00 -1.895337259935117e-03 -9.205129375568933e-04 -1.007694498845507e+00
22 24 -1.000282393718336e+00 -1.895210981622707e-03 -9.205549429853394e-04 -1.007695092100350e+00
22 25 -1.000282332293139e+00 -1.895154939060337e-03 -9.205452029397524e-04 -1.007695462857481e+00
22 26 -1.000282299792649e+00 -1.895171494090797e-03 -9.204831809541055e-04 -1.007695596507383e+00
22 27 -1.000282297392904e+00 -1.895260124041824e-03 -9.203706818830010e-04 -1.007695487807309e+00
22 28 -1.000282325074615e+00 -1.895417424118415e-03 -9.202118713377402e-04 -1.007695141100490e+00
22 29 -1.000282381640909e+00 -1.895637238761721e-03 -9.200131369599150e-04 -1.007694570122411e+00
22 30 -1.000282464783917e+00 -1.895910916469146e-03 -9.197827951195432e-04 -1.007693797406458e+00
22 31 -1.000282571194398e+00 -1.896227674926428e-03 -9.195306637628247e-04 -1.007692853323316e+00
23 0 -1.000282526733979e+00 -1.896425808864529e-03 -9.197340421057580e-04 -1.007692198453896e+00
23 1 -1.000282665916613e+00 -1.896788838732613e-03 -9.194717543579772e-04 -1.007691031695143e+00
23 2 -1.000282814106739e+00 -1.897154864756924e-03 -9.192204281092977e-04 -1.007689817117161e+00
23 3 -1.000282965686947e+00 -1.897509716460673e-03 -9.189902738814071e-04 -1.007688601474954e+00
23 4 -1.000283114947138e+00 -1.897839759722192e-03 -9.187902851792314e-04 -1.007687431305635e+00
23 5 -1.000283256285938e+00 -1.898132418944736e-03 -9.186278745028437e-04 -1.007686351171183e+00
23 6 -1.000283384405061e+00 -1.898376643343251e-03 -9.185086316599831e-04 -1.007685402009792e+00
23 7 -1.000283494492457e+00 -1.898563302159825e-03 -9.184362068418429e-04 -1.007684619648989e+00
23 8 -1.000283582390315e+00 -1.898685497774189e-03 -9.184123092728521e-04 -1.007684033525143e+00
23 9 -1.000283644744046e+00 -1.898738789980050e-03 -9.184368014155304e-04 -1.007683665645011e+00
23 10 -1.000283679128077e+00 -1.898721328764808e-03 -9.185078612170185e-04 -1.007683529815851e+00
23 11 -1.000283684144019e+00 -1.898633896105037e-03 -9.186221831247871e-04 -1.007683631162573e+00
23 12 -1.000283659486513e+00 -1.898479859367741e-03 -9.187751918341302e-04 -1.007683965943837e+00
23 13 -1.000283605972262e+00 -1.898265040347902e-03 -9.189612482789566e-04 -1.007684521672979e+00
23 14 -1.000283525528392e+00 -1.897997505269490e-03 -9.191738342184632e-04 -1.007685277542822e+00
23 15 -1.000283421137618e+00 -1.897687282215052e-03 -9.194057108779683e-04 -1.007686205145514e+00
23 16 -1.000283296739583e+00 -1.897346013234340e-03 -9.196490580407667e-04 -1.007687269470346e+00
23 17 -1.000283157089940e+00 -1.896986549075969e-03 -9.198956093316402e-04 -1.007688430154276e+00
23 18 -1.000283007581187e+00 -1.896622495716004e-03 -9.201368037613709e-04 -1.007689642951132e+00
23 19 -1.000282854031621e+00 -1.896267723917832e-03 -9.203639727022001e-04 -1.007690861375545e+00
23 20 -1.000282702451053e+00 -1.895935855628575e-03 -9.205685770848381e-04 -1.007692038467411e+00
23 21 -1.000282558793823e+00 -1.895639743649685e-03 -9.207425021456413e-04 -1.007693128613280e+00
23 22 -1.000282428710873e+00 -1.895390963556851e-03 -9.208784056423220e-04 -1.007694089353587e+00
23 23 -1.000282317313134e+00 -1.895199339138656e-03 -9.209701012461137e-04 -1.007694883099382e+00
23 24 -1.000282228958078e+00 -1.895072524090553e-03 -9.210129459422371e-04 -1.007695478680143e+00
23 25 -1.000282167070216e+00 -1.895015662525374e-03 -9.210041925686776e-04 -1.007695852646880e+00
23 26 -1.000282134004435e+00 -1.895031148621144e-03 -9.209432668020512e-04 -1.007695990263182e+00
23 27 -1.000282130958463e+00 -1.895118501552872e-03 -9.208319310029066e-04 -1.007695886130980e+00
23 28 -1.000282157937581e+00 -1.895274366024104e-03 -9.206743055590530e-04 -1.007695544416523e+00
23 29 -1.000282213771402e+00 -1.895492641449895e-03 -9.204767324176000e-04 -1.007694978664182e+00
23 30 -1.000282296179476e+00 -1.895764734677751e-03 -9.202474836083601e-04 -1.007694211209407e+00
23 31 -1.000282401879984e+00 -1.896079923156276e-03 -9.199963353416407e-04 -1.007693272224996e+00
24 0 -1.000282364645152e+00 -1.896234045555263e-03 -9.204199408665239e-04 -1.007692669256818e+00
24 1 -1.000282503211080e+00 -1.896595680504320e-03 -9.201581809148546e-04 -1.007691506931177e+00
24 2 -1.000282650856661e+00 -1.896960422952715e-03 -9.199072511730273e-04 -1.007690296307777e+00
24 3 -1.000282801985458e+00 -1.897314151080599e-03 -9.196773478348007e-04 -1.007689083991747e+00
24 4 -1.000282950905085e+00 -1.897643273857792e-03 -9.194774553541700e-04 -1.007687916392395e+00
24 5 -1.000283092027860e+00 -1.897935251460914e-03 -9.193149826920516e-04 -1.007686837971225e+00
24 6 -1.000283220064567e+00 -1.898179060096582e-03 -9.191955219603645e-04 -1.007685889597423e+00
24 7 -1.000283330207153e+00 -1.898365586155429e-03 -9.191227315565311e-04 -1.007685107063773e+00
24 8 -1.000283418296464e+00 -1.898487938603676e-03 -9.190983343490473e-04 -1.007684519807882e+00
24 9 -1.000283480971162e+00 -1.898541672801643e-03 -9.191222111445137e-04 -1.007684149874486e+00
24 10 -1.000283515793696e+00 -1.898524923120607e-03 -9.191925623658027e-04 -1.007684011145171e+00
24 11 -1.000283521348841e+00 -1.898438444998941e-03 -9.193061087139356e-04 -1.007684108853692e+00
24 12 -1.000283497310150e+00 -1.898285569154035e-03 -9.194583043447795e-04 -1.007684439398548e+00
24 13 -1.000283444469814e+00 -1.898072072039897e-03 -9.196435417047218e-04 -1.007684990458564e+00
24 14 -1.000283364728113e+00 -1.897805967827365e-03 -9.198553345286960e-04 -1.007685741410608e+00
24 15 -1.000283261039842e+00 -1.897497228180692e-03 -9.200864749462749e-04 -1.007686664041147e+00
24 16 -1.000283137316908e+00 -1.897157436807857e-03 -9.203291713897780e-04 -1.007687723535531e+00
24 17 -1.000282998288560e+00 -1.896799386539100e-03 -9.205751829384019e-04 -1.007688879720501e+00
24 18 -1.000282849323237e+00 -1.896436628102645e-03 -9.208159699273671e-04 -1.007690088525943e+00
24 19 -1.000282696218439e+00 -1.896082981894937e-03 -9.210428799542960e-04 -1.007691303621784e+00
24 20 -1.000282544967257e+00 -1.895752026476750e-03 -9.212473842629288e-04 -1.007692478176008e+00
24 21 -1.000282401512001e+00 -1.895456580006385e-03 -9.214213720306611e-04 -1.007693566670885e+00
24 22 -1.000282271496657e+00 -1.895208193409421e-03 -9.215574985114074e-04 -1.007694526706802e+00
24 23 -1.000282160030402e+00 -1.895016676570668e-03 -9.216495686231284e-04 -1.007695320717314e+00
24 24 -1.000282071474075e+00 -1.894889680383826e-03 -9.216929246810307e-04 -1.007695917516747e+00
24 25 -1.000282009260447e+00 -1.894832357223752e-03 -9.216847994027292e-04 -1.007696293604528e+00
24 26 -1.000281975757154e+00 -1.894847120092939e-03 -9.216245936304752e-04 -1.007696434158986e+00
24 27 -1.000281972178650e+00 -1.894933516616566e-03 -9.215140412924857e-04 -1.007696333667105e+00
24 28 -1.000281998550304e+00 -1.895088228357946e-03 -9.213572321257835e-04 -1.007695996155171e+00
24 29 -1.000282053724471e+00 -1.895305198621134e-03 -9.211604765461079e-04 -1.007695435007737e+00
24 30 -1.000282135445309e+00 -1.895575883594873e-03 -9.209320152769014e-04 -1.007694672386392e+00
24 31 -1.000282240456610e+00 -1.895889613699314e-03 -9.206815944525894e-04 -1.007693738282540e+00
25 0 -1.000282216678376e+00 -1.896007001134054e-03 -9.212987984737363e-04 -1.007693169691174e+00
25 1 -1.000282354616066e+00 -1.896367264332374e-03 -9.210374228155948e-04 -1.007692011852782e+00
25 2 -1.000282501676537e+00 -1.896730671759915e-03 -9.207868255906366e-04 -1.007690805467323e+00
25 3 -1.000282652285834e+00 -1.897083152148915e-03 -9.205571912769301e-04 -1.007689596979147e+00
25 4 -1.000282800771864e+00 -1.897411162298798e-03 -9.203574946593811e-04 -1.007688432650373e+00
25 5 -1.000282941564252e+00 -1.897702205662271e-03 -9.201951374730478e-04 -1.007687356814490e+00
25 6 -1.000283069387324e+00 -1.897945295447012e-03 -9.200757073508452e-04 -1.007686410237070e+00
25 7 -1.000283179442120e+00 -1.898131347173118e-03 -9.200028610923598e-04 -1.007685628636448e+00
25 8 -1.000283267573625e+00 -1.898253489698903e-03 -9.199783228414400e-04 -1.007685041408736e+00
25 9 -1.000283330419465e+00 -1.898307288057983e-03 -9.200019775414353e-04 -1.007684670592407e+00
25 10 -1.000283365535872e+00 -1.898290875507951e-03 -9.200720327306118e-04 -1.007684530098806e+00
25 11 -1.000283371496365e+00 -1.898204995366152e-03 -9.201852193654975e-04 -1.007684625227142e+00
25 12 -1.000283347958535e+00 -1.898052955412794e-03 -9.203370048933845e-04 -1.007684952475451e+00
25 13 -1.000283295694545e+00 -1.897840499168829e-03 -9.205217975168995e-04 -1.007685499652522e+00
25 14 -1.000283216581553e+00 -1.897575599404551e-03 -9.207331283449914e-04 -1.007686246289655e+00
25 15 -1.000283113549274e+00 -1.897268179902013e-03 -9.209638077458495e-04 -1.007687164344866e+00
25 16 -1.000282990483676e+00 -1.896929772102110e-03 -9.212060626641609e-04 -1.007688219184640e+00
25 17 -1.000282852088243e+00 -1.896573114292122e-03 -9.214516702452153e-04 -1.007689370819091e+00
25 18 -1.000282703706848e+00 -1.896211702606235e-03 -9.216921074370233e-04 -1.007690575356262e+00
25 19 -1.000282551114638e+00 -1.895859305102754e-03 -9.219187360125223e-04 -1.007691786631555e+00
25 20 -1.000282400285442e+00 -1.895529452390101e-03 -9.221230384038240e-04 -1.007692957959087e+00
25 21 -1.000282257146037e+00 -1.895234920824555e-03 -9.222969118159808e-04 -1.007694043942617e+00
25 22 -1.000282127329072e+00 -1.894987227151770e-03 -9.224330161221809e-04 -1.007695002275209e+00
25 23 -1.000282015936917e+00 -1.894796155972775e-03 -9.225251569601462e-04 -1.007695795450949e+00
25 24 -1.000281927328345e+00 -1.894669342707026e-03 -9.225686731439291e-04 -1.007696392310544e+00
25 25 -1.000281864938746e+00 -1.894611934363797e-03 -9.225607899783561e-04 -1.007696769345679e+00
25 26 -1.000281831142799e+00 -1.894626348428130e-03 -9.225008977907109e-04 -1.007696911694594e+00
25 27 -1.000281827166064e+00 -1.894712146399563e-03 -9.223907176346224e-04 -1.007696813774213e+00
25 28 -1.000281853048720e+00 -1.894866032671116e-03 -9.222343244119531e-04 -1.007696479513151e+00
25 29 -1.000281907661231e+00 -1.895081981712971e-03 -9.220380121052797e-04 -1.007695922173568e+00
25 30 -1.000281988768579e+00 -1.895351488109337e-03 -9.218100041248087e-04 -1.007695163774237e+00
25 31 -1.000282093137372e+00 -1.895663926349612e-03 -9.215600294038813e-04 -1.007694234148837e+00
26 0 -1.000282088567275e+00 -1.895753274850863e-03 -9.223369947591802e-04 -1.007693680880908e+00
26 1 -1.000282225888803e+00 -1.896112240995685e-03 -9.220758477914922e-04 -1.007692527414960e+00
26 2 -1.000282372345445e+00 -1.896474311878265e-03 -9.218255093651428e-04 -1.007691325392240e+00
26 3 -1.000282522386438e+00 -1.896825466758731e-03 -9.215961552940560e-04 -1.007690121091383e+00
26 4 -1.000282670361847e+00 -1.897152213205636e-03 -9.213967505917619e-04 -1.007688960613289e+00
26 5 -1.000282810721549e+00 -1.897442103852072e-03 -9.212346863352452e-04 -1.007687888140614e+00
26 6 -1.000282938207339e+00 -1.897684197549307e-03 -9.211155387717278e-04 -1.007686944304676e+00
26 7 -1.000283048034108e+00 -1.897869449888366e-03 -9.210429529623883e-04 -1.007686164712359e+00
26 8 -1.000283136056403e+00 -1.897991022303946e-03 -9.210186416660220e-04 -1.007685578676626e+00
26 9 -1.000283198916638e+00 -1.898044503351177e-03 -9.210424796238595e-04 -1.007685208185203e+00
26 10 -1.000283234170791e+00 -1.898028039666661e-03 -9.211126660126703e-04 -1.007685067133616e+00
26 11 -1.000283240387029e+00 -1.897942377166046e-03 -9.212259256547531e-04 -1.007685160841226e+00
26 12 -1.000283217212687e+00 -1.897790815246027e-03 -9.213777223261063e-04 -1.007685485861688e+00
26 13 -1.000283165405252e+00 -1.897579078355018e-03 -9.215624632587623e-04 -1.007686030092640e+00
26 14 -1.000283086823484e+00 -1.897315110326961e-03 -9.217736815401414e-04 -1.007686773183521e+00
26 15 -1.000282984375811e+00 -1.897008797454816e-03 -9.220041925534956e-04 -1.007687687234455e+00
26 16 -1.000282861924951e+00 -1.896671626845918e-03 -9.222462310080004e-04 -1.007688737771669e+00
26 17 -1.000282724150190e+00 -1.896316287623120e-03 -9.224915838811549e-04 -1.007689884975550e+00
26 18 -1.000282576371294e+00 -1.895956224105333e-03 -9.227317392231408e-04 -1.007691085127515e+00
26 19 -1.000282424340391e+00 -1.895605152036185e-03 -9.229580706109746e-04 -1.007692292232314e+00
26 20 -1.000282274010205e+00 -1.895276551200321e-03 -9.231620726715677e-04 -1.007693459763011e+00
26 21 -1.000282131289019e+00 -1.894983150474091e-03 -9.233356548018211e-04 -1.007694542466261e+00
26 22 -1.000282001794187e+00 -1.894736424247138e-03 -9.234714883323754e-04 -1.007695498156828e+00
26 23 -1.000281890616517e+00 -1.894546121497745e-03 -9.235633887988270e-04 -1.007696289424885e+00
26 24 -1.000281802107323e+00 -1.894419849954121e-03 -9.236067029542899e-04 -1.007696885178535e+00
26 25 -1.000281739698782e+00 -1.894362737536641e-03 -9.235986622567613e-04 -1.007697261946751e+00
26 26 -1.000281705766572e+00 -1.894377191552352e-03 -9.235386617003200e-04 -1.007697404874761e+00
26 27 -1.000281701541346e+00 -1.894462772431507e-03 -9.234284254619821e-04 -1.007697308356500e+00
26 28 -1.000281727072332e+00 -1.894616192727213e-03 -9.232720297032530e-04 -1.007696976268279e+00
26 29 -1.000281781242791e+00 -1.894831444146241e-03 -9.230757677310853e-04 -1.007696421792027e+00
26 30 -1.000281861833911e+00 -1.895100047008028e-03 -9.228478607346634e-04 -1.007695666840848e+00
26 31 -1.000281965631384e+00 -1.895411409100649e-03 -9.225980343437051e-04 -1.007694741120883e+00
27 0 -1.000281985313356e+00 -1.895482519462370e-03 -9.234949916339583e-04 -1.007694183270802e+00
27 1 -1.000282122054299e+00 -1.895840312810488e-03 -9.232339093796307e-04 -1.007693033895243e+00
27 2 -1.000282267911294e+00 -1.896201096388004e-03 -9.229837470874276e-04 -1.007691836194357e+00
27 3 -1.000282417356653e+00 -1.896550898104342e-03 -9.227546755079143e-04 -1.007690636282055e+00
27 4 -1.000282564763648e+00 -1.896876277407357e-03 -9.225556501673651e-04 -1.007689480089716e+00
27 5 -1.000282704604573e+00 -1.897164840172462e-03 -9.223940481864285e-04 -1.007688411632053e+00
27 6 -1.000282831641936e+00 -1.897405697735456e-03 -9.222754276894749e-04 -1.007687471380863e+00
27 7 -1.000282941108741e+00 -1.897589855118032e-03 -9.222034123067561e-04 -1.007686694798920e+00
27 8 -1.000283028874198e+00 -1.897710517816407e-03 -9.221796913375343e-04 -1.007686111077289e+00
27 9 -1.000283091591165e+00 -1.897763310971025e-03 -9.222041153355960e-04 -1.007685742110038e+00
27 10 -1.000283126821318e+00 -1.897746408678074e-03 -9.222748595870948e-04 -1.007685601731723e+00
27 11 -1.000283133133575e+00 -1.897660574120371e-03 -9.223886261449931e-04 -1.007685695235735e+00
27 12 -1.000283110171160e+00 -1.897509113196600e-03 -9.225408580643117e-04 -1.007686019185234e+00
27 13 -1.000283058682826e+00 -1.897297745852415e-03 -9.227259450431406e-04 -1.007686561522138e+00
27 14 -1.000282980514336e+00 -1.897034400520429e-03 -9.229374068811965e-04 -1.007687301973255e+00
27 15 -1.000282878557399e+00 -1.896728937843712e-03 -9.231680504891361e-04 -1.007688212745940e+00
27 16 -1.000282756655076e+00 -1.896392810332363e-03 -9.234101069160233e-04 -1.007689259498399e+00
27 17 -1.000282619465003e+00 -1.896038665330955e-03 -9.236553640329267e-04 -1.007690402561314e+00
27 18 -1.000282472284259e+00 -1.895679900108602e-03 -9.238953151298303e-04 -1.007691598378015e+00
27 19 -1.000282320842127e+00 -1.895330179988030e-03 -9.241213431524515e-04 -1.007692801120345e+00
27 20 -1.000282171069135e+00 -1.895002932908227e-03 -9.243249557129011e-04 -1.007693964427340e+00
27 21 -1.000282028852812e+00 -1.894710836484346e-03 -9.244980779419041e-04 -1.007695043204307e+00
27 22 -1.000281899791910e+00 -1.894465316340248e-03 -9.246333987413961e-04 -1.007695995411701e+00
27 23 -1.000281788961385e+00 -1.894276076824192e-03 -9.247247524318568e-04 -1.007696783767744e+00
27 24 -1.000281700699917e+00 -1.894150686553363e-03 -9.247675053907395e-04 -1.007697377287084e+00
27 25 -1.000281638430647e+00 -1.894094241099783e-03 -9.247589090979546e-04 -1.007697752580351e+00
27 26 -1.000281604524109e+00 -1.894109123283353e-03 -9.246983782930325e-04 -1.007697894846764e+00
27 27 -1.000281600209872e+00 -1.894194877716707e-03 -9.245876559079600e-04 -1.007697798504885e+00
27 28 -1.000281625540178e+00 -1.894348210252378e-03 -9.244308353885259e-04 -1.007697467425734e+00
27 29 -1.000281679405344e+00 -1.894563115207590e-03 -9.242342255937778e-04 -1.007696914756154e+00
27 30 -1.000281759597507e+00 -1.894831124874896e-03 -9.240060612019064e-04 -1.007696162344921e+00
27 31 -1.000281862916917e+00 -1.895141668213678e-03 -9.237560786702910e-04 -1.007695239805974e+00
28 0 -1.000281910981629e+00 -1.895205084715323e-03 -9.247287980637598e-04 -1.007694657365709e+00
28 1 -1.000282047200091e+00 -1.895561875210943e-03 -9.244676122109906e-04 -1.007693511639352e+00
28 2 -1.000282192484778e+00 -1.895921470507178e-03 -9.242175357301506e-04 -1.007692318052342e+00
28 3 -1.000282341330075e+00 -1.896269943519355e-03 -9.239887380819286e-04 -1.007691122560909e+00
28 4 -1.000282488132626e+00 -1.896593904789041e-03 -9.237901656922189e-04 -1.007689970924903e+00
28 5 -1.000282627388477e+00 -1.896881015457939e-03 -9.236291787641707e-04 -1.007688906980384e+00
28 6 -1.000282753883342e+00 -1.897120444094927e-03 -9.235113113662529e-04 -1.007687971020556e+00
28 7 -1.000282862871900e+00 -1.897303252493497e-03 -9.234401571447563e-04 -1.007687198337198e+00
28 8 -1.000282950242493e+00 -1.897422699916945e-03 -9.234173709053215e-04 -1.007686617965717e+00
28 9 -1.000283012663642e+00 -1.897474459811157e-03 -9.234427656381820e-04 -1.007686251667167e+00
28 10 -1.000283047708532e+00 -1.897456747001809e-03 -9.235144775103492e-04 -1.007686113171642e+00
28 11 -1.000283053953041e+00 -1.897370356204665e-03 -9.236291696129061e-04 -1.007686207700579e+00
28 12 -1.000283031042623e+00 -1.897218614495960e-03 -9.237822480612142e-04 -1.007686531779932e+00
28 13 -1.000282979723482e+00 -1.897007251865038e-03 -9.239680693849704e-04 -1.007687073350200e+00
28 14 -1.000282901834180e+00 -1.896744195295606e-03 -9.241801253396274e-04 -1.007687812172405e+00
28 15 -1.000282800254928e+00 -1.896439292672975e-03 -9.244112008311786e-04 -1.007688720521989e+00
28 16 -1.000282678813582e+00 -1.896103973191028e-03 -9.246535116068527e-04 -1.007689764155644e+00
28 17 -1.000282542149579e+00 -1.895750851512288e-03 -9.248988374672240e-04 -1.007690903528213e+00
28 18 -1.000282395539573e+00 -1.895393284362023e-03 -9.251386710959585e-04 -1.007692095227400e+00
28 19 -1.000282244690996e+00 -1.895044890424935e-03 -9.253644019839464e-04 -1.007693293583624e+00
28 20 -1.000282095511956e+00 -1.894719046867571e-03 -9.255675506328052e-04 -1.007694452402323e+00
28 21 -1.000281953867815e+00 -1.894428378358741e-03 -9.257400605134935e-04 -1.007695526756845e+00
28 22 -1.000281825336147e+00 -1.894184257186226e-03 -9.258746436750081e-04 -1.007696474771860e+00
28 23 -1.000281714972338e+00 -1.893996335620627e-03 -9.259651618661245e-04 -1.007697259321064e+00
28 24 -1.000281627097710e+00 -1.893872133167653e-03 -9.260070123507224e-04 -1.007697849560857e+00
28 25 -1.000281565120885e+00 -1.893816701070269e-03 -9.259974796993369e-04 -1.007698222224665e+00
28 26 -1.000281531401295e+00 -1.893832384293829e-03 -9.259360126247982e-04 -1.007698362610755e+00
28 27 -1.000281527161258e+00 -1.893918697365964e-03 -9.258243879447836e-04 -1.007698265209431e+00
28 28 -1.000281552449873e+00 -1.894072324711468e-03 -9.256667322284485e-04 -1.007697933933906e+00
28 29 -1.000281606158522e+00 -1.894287248568615e-03 -9.254693858629752e-04 -1.007697381942165e+00
28 30 -1.000281686084645e+00 -1.894554999113392e-03 -9.252406121991982e-04 -1.007696631062032e+00
28 31 -1.000281789037954e+00 -1.894865013552971e-03 -9.249901720757191e-04 -1.007695710854194e+00
29 0 -1.000281868529456e+00 -1.894931627669270e-03 -9.259915830896749e-04 -1.007695084509368e+00
29 1 -1.000282004304145e+00 -1.895287625154210e-03 -9.257301257723280e-04 -1.007693941846624e+00
29 2 -1.000282149066330e+00 -1.895646178089011e-03 -9.254800388246991e-04 -1.007692752003613e+00
29 3 -1.000282297330561e+00 -1.895993399010221e-03 -9.252514940244691e-04 -1.007691560792220e+00
29 4 -1.000282443516126e+00 -1.896315946782844e-03 -9.250534293210903e-04 -1.007690413805480e+00
29 5 -1.000282582143301e+00 -1.896601537686059e-03 -9.248931858851909e-04 -1.007689354696898e+00
29 6 -1.000282708022618e+00 -1.896839400014348e-03 -9.247762690404612e-04 -1.007688423568874e+00
29 7 -1.000282816433090e+00 -1.897020657381379e-03 -9.247062351653733e-04 -1.007687655522229e+00
29 8 -1.000282903285841e+00 -1.897138630353749e-03 -9.246846946564015e-04 -1.007687079409407e+00
29 9 -1.000282965269687e+00 -1.897189050580531e-03 -9.247114106545578e-04 -1.007686716824188e+00
29 10 -1.000282999974805e+00 -1.897170185514409e-03 -9.247844662589615e-04 -1.007686581352045e+00
29 11 -1.000283005990074e+00 -1.897082874652108e-03 -9.249004709018478e-04 -1.007686678098473e+00
29 12 -1.000282982969422e+00 -1.896930480146291e-03 -9.250547789990853e-04 -1.007687003506761e+00
29 13 -1.000282931662714e+00 -1.896718756106879e-03 -9.252416993921045e-04 -1.007687545470674e+00
29 14 -1.000282853907351e+00 -1.896455642028723e-03 -9.254546817654741e-04 -1.007688283741222e+00
29 15 -1.000282752577755e+00 -1.896150986460550e-03 -9.256864760857703e-04 -1.007689190620069e+00
29 16 -1.000282631491661e+00 -1.895816207498123e-03 -9.259292717958938e-04 -1.007690231924929e+00
29 17 -1.000282495274453e+00 -1.895463897486769e-03 -9.261748321173365e-04 -1.007691368203814e+00
29 18 -1.000282349185397e+00 -1.895107380753549e-03 -9.264146431381965e-04 -1.007692556165465e+00
29 19 -1.000282198911955e+00 -1.894760235110154e-03 -9.266400972816103e-04 -1.007693750283731e+00
29 20 -1.000282050340512e+00 -1.894435790117733e-03 -9.268427268870710e-04 -1.007694904524112e+00
29 21 -1.000281909313710e+00 -1.894146617780171e-03 -9.270144957161451e-04 -1.007695974131172e+00
29 22 -1.000281781386115e+00 -1.893904034344726e-03 -9.271481440545887e-04 -1.007696917406558e+00
29 23 -1.000281671590544e+00 -1.893717634530551e-03 -9.272375688615472e-04 -1.007697697400971e+00
29 24 -1.000281584226957e+00 -1.893594880828652e-03 -9.272782081113644e-04 -1.007698283441719e+00
29 25 -1.000281522684621e+00 -1.893540770076300e-03 -9.272673909909039e-04 -1.007698652420878e+00
29 26 -1.000281489306357e+00 -1.893557597401732e-03 -9.272046133399457e-04 -1.007698789777181e+00
29 27 -1.000281485301283e+00 -1.893644833861576e-03 -9.270917003382379e-04 -1.007698690117758e+00
29 28 -1.000281510709223e+00 -1.893799128364242e-03 -9.269328267043401e-04 -1.007698357444373e+00
29 29 -1.000281564416567e+00 -1.894014436889985e-03 -9.267343790363543e-04 -1.007697804971903e+00
29 30 -1.000281644220226e+00 -1.894282273614405e-03 -9.265046631425940e-04 -1.007697054551192e+00
29 31 -1.000281746933937e+00 -1.894592070754365e-03 -9.262534769060656e-04 -1.007696135730699e+00
30 0 -1.000281859677481e+00 -1.894672703729317e-03 -9.272353867879804e-04 -1.007695447668082e+00
30 1 -1.000281995104864e+00 -1.895028150406643e-03 -9.269734959296070e-04 -1.007694307359920e+00
30 2 -1.000282139415135e+00 -1.895385848917799e-03 -9.267232983130359e-04 -1.007693120741253e+00
30 3 -1.000282287140286e+00 -1.895731944340369e-03 -9.264949716326822e-04 -1.007691933499065e+00
30 4 -1.000282432720640e+00 -1.896053139103049e-03 -9.262974466514919e-04 -1.007690791071039e+00
30 5 -1.000282570700225e+00 -1.896337202315959e-03 -9.261380444935952e-04 -1.007689736931352e+00
30 6 -1.000282695914995e+00 -1.896573422169400e-03 -9.260222382225514e-04 -1.007688810986878e+00
30 7 -1.000282803669974e+00 -1.896752986756117e-03 -9.259535408238265e-04 -1.007688048135019e+00
30 8 -1.000282889901872e+00 -1.896869283134450e-03 -9.259335097834494e-04 -1.007687477024997e+00
30 9 -1.000282951323696e+00 -1.896918108816495e-03 -9.259618480480094e-04 -1.007687119055386e+00
30 10 -1.000282985547452e+00 -1.896897793706074e-03 -9.260365740317394e-04 -1.007686987632461e+00
30 11 -1.000282991180523e+00 -1.896809233559841e-03 -9.261542310340146e-04 -1.007687087706344e+00
30 12 -1.000282967891220e+00 -1.896655838224810e-03 -9.263101087464507e-04 -1.007687415595192e+00
30 13 -1.000282916439207e+00 -1.896443399255327e-03 -9.264984551625346e-04 -1.007687959102004e+00
30 14 -1.000282838666884e+00 -1.896179882241307e-03 -9.267126652402529e-04 -1.007688697923592e+00
30 15 -1.000282737448808e+00 -1.895875149706219e-03 -9.269454425400112e-04 -1.007689604345199e+00
30 16 -1.000282616597985e+00 -1.895540621159368e-03 -9.271889403449718e-04 -1.007690644206191e+00
30 17 -1.000282480730420e+00 -1.895188877920738e-03 -9.274348971520288e-04 -1.007691778113006e+00
30 18 -1.000282335091785e+00 -1.894833221599643e-03 -9.276747861033970e-04 -1.007692962866598e+00
30 19 -1.000282185352338e+00 -1.894487196710640e-03 -9.278999983804798e-04 -1.007694153062852e+00
30 20 -1.000282037378291e+00 -1.894164090178018e-03 -9.281020766981520e-04 -1.007695302814861e+00
30 21 -1.000281896989817e+00 -1.893876423464107e-03 -9.282730065598291e-04 -1.007696367535504e+00
30 22 -1.000281769717478e+00 -1.893635456176752e-03 -9.284055605018708e-04 -1.007697305709561e+00
30 23 -1.000281660569422e+00 -1.893450722400864e-03 -9.284936767410939e-04 -1.007698080579053e+00
30 24 -1.000281573821159e+00 -1.893329622126152e-03 -9.285328418561155e-04 -1.007698661664212e+00
30 25 -1.000281512838577e+00 -1.893277089881874e-03 -9.285204395258306e-04 -1.007699026045222e+00
30 26 -1.000281479943050e+00 -1.893295360844140e-03 -9.284560244773989e-04 -1.007699159337268e+00
30 27 -1.000281476325025e+00 -1.893383850811180e-03 -9.283414832058359e-04 -1.007699056304985e+00
30 28 -1.000281502009215e+00 -1.893539160375407e-03 -9.281810517641078e-04 -1.007698721081981e+00
30 29 -1.000281555871059e+00 -1.893755205969429e-03 -9.279811757612847e-04 -1.007698166984158e+00
30 30 -1.000281635701084e+00 -1.894023472375457e-03 -9.277502157424734e-04 -1.007697415928942e+00
30 31 -1.000281738311487e+00 -1.894333373745341e-03 -9.274980182747755e-04 -1.007696497494037e+00
31 0 -1.000281884829941e+00 -1.894438354020788e-03 -9.284128766034183e-04 -1.007695732179133e+00
31 1 -1.000282020020601e+00 -1.894793515411540e-03 -9.281504015214440e-04 -1.007694593419644e+00
31 2 -1.000282163967748e+00 -1.895150582578637e-03 -9.278999919070644e-04 -1.007693409374932e+00
31 3 -1.000282311217397e+00 -1.895495724607701e-03 -9.276718352401133e-04 -1.007692225631784e+00
31 4 -1.000282456228418e+00 -1.895815680887034e-03 -9.274748571306921e-04 -1.007691087490423e+00
31 5 -1.000282593567089e+00 -1.896098268916820e-03 -9.273163585344224e-04 -1.007690038256307e+00
31 6 -1.000282718094356e+00 -1.896332834643216e-03 -9.272017777664855e-04 -1.007689117643802e+00
31 7 -1.000282825141984e+00 -1.896510630914172e-03 -9.271345797273806e-04 -1.007688360341992e+00
31 8 -1.000282910674169e+00 -1.896625114000155e-03 -9.271162625803788e-04 -1.007687794783990e+00
31 9 -1.000282971431087e+00 -1.896672152319436e-03 -9.271464613885884e-04 -1.007687442152850e+00
31 10 -1.000283005050455e+00 -1.896650145406837e-03 -9.272231210455562e-04 -1.007687315648716e+00
31 11 -1.000283010162849e+00 -1.896560054433288e-03 -9.273427087215514e-04 -1.007687420033479e+00
31 12 -1.000282986456377e+00 -1.896405347822098e-03 -9.275004385101322e-04 -1.007687751462233e+00
31 13 -1.000282934706397e+00 -1.896191866680975e-03 -9.276904865252140e-04 -1.007688297605872e+00
31 14 -1.000282856766344e+00 -1.895927615361966e-03 -9.279061825596074e-04 -1.007689038064524e+00
31 15 -1.000282755516758e+00 -1.895622483058334e-03 -9.281401742225931e-04 -1.007689945065229e+00
31 16 -1.000282634771442e+00 -1.895287903137964e-03 -9.283845699070399e-04 -1.007690984428909e+00
31 17 -1.000282499142101e+00 -1.894936457794604e-03 -9.286310755675768e-04 -1.007692116782994e+00
31 18 -1.000282353865241e+00 -1.894581436680692e-03 -9.288711450887142e-04 -1.007693298987683e+00
31 19 -1.000282204597382e+00 -1.894236359893145e-03 -9.290961643222815e-04 -1.007694485734692e+00
31 20 -1.000282057186851e+00 -1.893914478241291e-03 -9.292976847310453e-04 -1.007695631266748e+00
31 21 -1.000281917432448e+00 -1.893628266752281e-03 -9.294677140671478e-04 -1.007696691155517e+00
31 22 -1.000281790840714e+00 -1.893388930169863e-03 -9.295990593918437e-04 -1.007697624067503e+00
31 23 -1.000281682394039e+00 -1.893205941333745e-03 -9.296857042464546e-04 -1.007698393442709e+00
31 24 -1.000281596341356e+00 -1.893086634619073e-03 -9.297231899066827e-04 -1.007698969009019e+00
31 25 -1.000281536022060e+00 -1.893035876705776e-03 -9.297089625979533e-04 -1.007699328056955e+00
31 26 -1.000281503732095e+00 -1.893055835143496e-03 -9.296426454268549e-04 -1.007699456406848e+00
31 27 -1.000281500638532e+00 -1.893145860997359e-03 -9.295261964898873e-04 -1.007699349014947e+00
31 28 -1.000281526745701e+00 -1.893302495575057e-03 -9.293639238557955e-04 -1.007699010185122e+00
31 29 -1.000281580912473e+00 -1.893519603722028e-03 -9.291623430228386e-04 -1.007698453375438e+00
31 30 -1.000281660917303e+00 -1.893788628318754e-03 -9.289298800390587e-04 -1.007697700611567e+00
31 31 -1.000281763565315e+00 -1.894098953065718e-03 -9.286764402549237e-04 -1.007696781540745e+00
