8.336402777453195e-07
1.000000000000000e-12
1.000000000000000e-17
3.539438885505864e-01
1.942762765069416e-01
-4.521789598097378e-02
-1.500017464083440e+00
1.901109735892602e-07
32
32
-2.598295620859637e-03
1
0 0 -1.000281532444450e+00 -1.893716103208176e-03 -9.308846869998568e-04 -1.007697634247444e+00
0 1 -1.000281713969150e+00 -1.894195167598476e-03 -9.305252171906144e-04 -1.007696100491840e+00
0 2 -1.000281907090677e+00 -1.894676068456158e-03 -9.301838172882432e-04 -1.007694507137452e+00
0 3 -1.000282104532286e+00 -1.895140126143009e-03 -9.298746378397761e-04 -1.007692915563360e+00
0 4 -1.000282298925746e+00 -1.895569516217056e-03 -9.296098429565223e-04 -1.007691386568112e+00
0 5 -1.000282483060171e+00 -1.895947950440137e-03 -9.293991092793211e-04 -1.007689978095522e+00
0 6 -1.000282650118782e+00 -1.896261269156520e-03 -9.292493351794022e-04 -1.007688743135172e+00
0 7 -1.000282793900823e+00 -1.896497927557406e-03 -9.291645569771442e-04 -1.007687727858780e+00
0 8 -1.000282909026433e+00 -1.896649365846311e-03 -9.291460479845438e-04 -1.007686970037649e+00
0 9 -1.000282991121841e+00 -1.896710259693732e-03 -9.291925607349139e-04 -1.007686497773578e+00
0 10 -1.000283036980824e+00 -1.896678652249385e-03 -9.293006630063263e-04 -1.007686328566675e+00
0 11 -1.000283044696818e+00 -1.896555972651781e-03 -9.294651143275890e-04 -1.007686468736312e+00
0 12 -1.000283013758887e+00 -1.896346948525649e-03 -9.296792326814597e-04 -1.007686913204811e+00
0 13 -1.000282945104241e+00 -1.896059421040650e-03 -9.299352117331757e-04 -1.007687645647698e+00
0 14 -1.000282841120274e+00 -1.895704070655810e-03 -9.302243655734318e-04 -1.007688639010530e+00
0 15 -1.000282705590253e+00 -1.895294060453657e-03 -9.305372973748389e-04 -1.007689856388410e+00
0 16 -1.000282543579173e+00 -1.894844603098572e-03 -9.308640073239668e-04 -1.007691252257833e+00
0 17 -1.000282361259704e+00 -1.894372457615756e-03 -9.311939713401844e-04 -1.007692774039957e+00
0 18 -1.000282165682303e+00 -1.893895363506964e-03 -9.315162330114594e-04 -1.007694363961184e+00
0 19 -1.000281964497604e+00 -1.893431422222580e-03 -9.318195540422350e-04 -1.007695961162396e+00
0 20 -1.000281765642853e+00 -1.892998439773927e-03 -9.320926614529438e-04 -1.007697503993195e+00
0 21 -1.000281577007061e+00 -1.892613249107514e-03 -9.323246133942371e-04 -1.007698932412269e+00
0 22 -1.000281406091676e+00 -1.892291036178695e-03 -9.325052826108626e-04 -1.007700190400673e+00
0 23 -1.000281259684711e+00 -1.892044698703866e-03 -9.326259311378283e-04 -1.007701228282781e+00
0 24 -1.000281143566292e+00 -1.891884270543458e-03 -9.326798258594923e-04 -1.007702004841847e+00
0 25 -1.000281062262155e+00 -1.891816446501395e-03 -9.326628265838301e-04 -1.007702489116032e+00
0 26 -1.000281018858681e+00 -1.891844240723657e-03 -9.325738704445891e-04 -1.007702661769734e+00
0 27 -1.000281014888758e+00 -1.891966806051470e-03 -9.324152810331413e-04 -1.007702515955627e+00
0 28 -1.000281050292561e+00 -1.892179432041465e-03 -9.321928471893497e-04 -1.007702057613406e+00
0 29 -1.000281123452073e+00 -1.892473727256953e-03 -9.319156421918585e-04 -1.007701305187400e+00
0 30 -1.000281231293180e+00 -1.892837978327423e-03 -9.315955853338207e-04 -1.007700288782878e+00
0 31 -1.000281369445144e+00 -1.893257665470843e-03 -9.312467797155823e-04 -1.007699048816629e+00
1 0 -1.000281655350631e+00 -1.893504583731962e-03 -9.321199185537710e-04 -1.007697750659881e+00
1 1 -1.000281836889815e+00 -1.893984146895876e-03 -9.317589316939358e-04 -1.007696216515803e+00
1 2 -1.000282029740790e+00 -1.894464826562820e-03 -9.314168046385049e-04 -1.007694625013354e+00
1 3 -1.000282226637330e+00 -1.894927951800159e-03 -9.311077188809046e-04 -1.007693037454649e+00
1 4 -1.000282420232353e+00 -1.895355734887340e-03 -9.308438371316740e-04 -1.007691514476793e+00
1 5 -1.000282603345859e+00 -1.895731950751642e-03 -9.306348021576342e-04 -1.007690113785095e+00
1 6 -1.000282769200454e+00 -1.896042526765708e-03 -9.304874468434965e-04 -1.007688888063769e+00
1 7 -1.000282911641759e+00 -1.896276025486163e-03 -9.304057126194883e-04 -1.007687883124761e+00
1 8 -1.000283025341573e+00 -1.896424010469097e-03 -9.303907523745842e-04 -1.007687136339410e+00
1 9 -1.000283105981092e+00 -1.896481291712276e-03 -9.304411780467136e-04 -1.007686675384979e+00
1 10 -1.000283150410184e+00 -1.896446052191849e-03 -9.305534029093891e-04 -1.007686517329017e+00
1 11 -1.000283156777240e+00 -1.896319860730242e-03 -9.307220246380723e-04 -1.007686668067028e+00
1 12 -1.000283124623001e+00 -1.896107579054156e-03 -9.309401985503815e-04 -1.007687122121957e+00
1 13 -1.000283054931150e+00 -1.895817171883204e-03 -9.311999612962486e-04 -1.007687862808678e+00
1 14 -1.000282950128653e+00 -1.895459428240145e-03 -9.314924819190317e-04 -1.007688862763325e+00
1 15 -1.000282814029965e+00 -1.895047600906102e-03 -9.318082363216380e-04 -1.007690084833641e+00
1 16 -1.000282651721683e+00 -1.894596970222553e-03 -9.321371199047119e-04 -1.007691483319517e+00
1 17 -1.000282469387711e+00 -1.894124338661652e-03 -9.324685295197955e-04 -1.007693005542271e+00
1 18 -1.000282274079038e+00 -1.893647463688260e-03 -9.327914573881395e-04 -1.007694593708490e+00
1 19 -1.000282073436152e+00 -1.893184438704379e-03 -9.330946428216337e-04 -1.007696187020324e+00
1 20 -1.000281875375795e+00 -1.892753035736487e-03 -9.333668201550983e-04 -1.007697723968770e+00
1 21 -1.000281687756764e+00 -1.892370028702183e-03 -9.335970843060726e-04 -1.007699144730443e+00
1 22 -1.000281518041653e+00 -1.892050521491770e-03 -9.337753725445520e-04 -1.007700393573791e+00
1 23 -1.000281372972496e+00 -1.891807309800566e-03 -9.338930363096126e-04 -1.007701421169578e+00
1 24 -1.000281258278131e+00 -1.891650309281209e-03 -9.339434534728673e-04 -1.007702186693529e+00
1 25 -1.000281178429668e+00 -1.891586084511235e-03 -9.339226130639216e-04 -1.007702659607841e+00
1 26 -1.000281136457563e+00 -1.891617512010210e-03 -9.338295958084714e-04 -1.007702821016545e+00
1 27 -1.000281133839576e+00 -1.891743604778924e-03 -9.336668782933358e-04 -1.007702664510200e+00
1 28 -1.000281170463716e+00 -1.891959515870594e-03 -9.334404058771556e-04 -1.007702196446665e+00
1 29 -1.000281244664823e+00 -1.892256726135330e-03 -9.331594059359214e-04 -1.007701435651413e+00
1 30 -1.000281353328549e+00 -1.892623408302636e-03 -9.328359439686584e-04 -1.007700412558233e+00
1 31 -1.000281492052364e+00 -1.893044947046863e-03 -9.324842561355580e-04 -1.007699167846343e+00
2 0 -1.000281815482626e+00 -1.893357842504331e-03 -9.331018224157642e-04 -1.007697727307044e+00
2 1 -1.000281997269443e+00 -1.893838406486791e-03 -9.327391608005378e-04 -1.007696191112730e+00
2 2 -1.000282190073523e+00 -1.894319368951124e-03 -9.323961527246004e-04 -1.007694599842905e+00
2 3 -1.000282386630531e+00 -1.894782048562146e-03 -9.320870162054044e-04 -1.007693014784301e+00
2 4 -1.000282579606420e+00 -1.895208675558104e-03 -9.318239180461151e-04 -1.007691496471253e+00
2 5 -1.000282761844801e+00 -1.895583070349338e-03 -9.316164719332462e-04 -1.007690102424144e+00
2 6 -1.000282926601610e+00 -1.895891231483348e-03 -9.314714490841124e-04 -1.007688885067950e+00
2 7 -1.000283067764399e+00 -1.896121815629530e-03 -9.313926990306634e-04 -1.007687889890994e+00
2 8 -1.000283180054004e+00 -1.896266499669019e-03 -9.313812566386663e-04 -1.007687153888910e+00
2 9 -1.000283259205824e+00 -1.896320221472168e-03 -9.314355950231273e-04 -1.007686704325964e+00
2 10 -1.000283302126895e+00 -1.896281301168567e-03 -9.315519737448303e-04 -1.007686557835778e+00
2 11 -1.000283307023518e+00 -1.896151448635340e-03 -9.317248280587168e-04 -1.007686719875340e+00
2 12 -1.000283273492938e+00 -1.895935665321737e-03 -9.319471486364726e-04 -1.007687184540025e+00
2 13 -1.000283202571846e+00 -1.895642049208555e-03 -9.322108120095261e-04 -1.007687934743159e+00
2 14 -1.000283096734607e+00 -1.895281511109279e-03 -9.325068382069628e-04 -1.007688942760133e+00
2 15 -1.000282959835550e+00 -1.894867409561735e-03 -9.328255709176225e-04 -1.007690171132281e+00
2 16 -1.000282796992079e+00 -1.894415110889804e-03 -9.331567945529473e-04 -1.007691573918464e+00
2 17 -1.000282614408768e+00 -1.893941480891405e-03 -9.334898195856454e-04 -1.007693098272759e+00
2 18 -1.000282419146361e+00 -1.893464315444119e-03 -9.338135792603374e-04 -1.007694686314799e+00
2 19 -1.000282218843727e+00 -1.893001719782082e-03 -9.341167834923533e-04 -1.007696277244696e+00
2 20 -1.000282021404541e+00 -1.892571450432540e-03 -9.343881678125531e-04 -1.007697809638044e+00
2 21 -1.000281834663571e+00 -1.892190238961228e-03 -9.346168583878563e-04 -1.007699223840413e+00
2 22 -1.000281666049442e+00 -1.891873121679357e-03 -9.347928520441359e-04 -1.007700464367506e+00
2 23 -1.000281522261677e+00 -1.891632803924529e-03 -9.349075858433673e-04 -1.007701482206685e+00
2 24 -1.000281408979717e+00 -1.891479091349079e-03 -9.349545468346123e-04 -1.007702236908176e+00
2 25 -1.000281330620269e+00 -1.891418422832380e-03 -9.349298534877149e-04 -1.007702698352464e+00
2 26 -1.000281290156485e+00 -1.891453538280949e-03 -9.348327316644351e-04 -1.007702848089070e+00
2 27 -1.000281289008139e+00 -1.891583308510094e-03 -9.346658131995171e-04 -1.007702680163247e+00
2 28 -1.000281327006806e+00 -1.891802744341512e-03 -9.344352030008025e-04 -1.007702201378460e+00
2 29 -1.000281402434610e+00 -1.892103189864260e-03 -9.341502867102790e-04 -1.007701430978743e+00
2 30 -1.000281512130208e+00 -1.892472691949383e-03 -9.338232812085190e-04 -1.007700399772235e+00
2 31 -1.000281651651589e+00 -1.892896525460669e-03 -9.334685611902885e-04 -1.007699148752831e+00
3 0 -1.000282006542811e+00 -1.893281697642174e-03 -9.337920096496906e-04 -1.007697564926398e+00
3 1 -1.000282188801430e+00 -1.893763727054653e-03 -9.334275780921277e-04 -1.007696025095961e+00
3 2 -1.000282381784779e+00 -1.894245466789573e-03 -9.330835657724425e-04 -1.007694432426310e+00
3 3 -1.000282578221635e+00 -1.894708206282234e-03 -9.327742317893294e-04 -1.007692848251290e+00
3 4 -1.000282770782314e+00 -1.895134174313433e-03 -9.325117520897103e-04 -1.007691333065198e+00
3 5 -1.000282952325870e+00 -1.895507217452777e-03 -9.323057167447991e-04 -1.007689944264080e+00
3 6 -1.000283116134296e+00 -1.895813386870870e-03 -9.321628415620190e-04 -1.007688734069636e+00
3 7 -1.000283256131012e+00 -1.896041416366340e-03 -9.320868913687471e-04 -1.007687747695340e+00
3 8 -1.000283367081259e+00 -1.896183081543444e-03 -9.320787906721576e-04 -1.007687021800405e+00
3 9 -1.000283444771642e+00 -1.896233436585028e-03 -9.321368811623404e-04 -1.007686583264255e+00
3 10 -1.000283486165176e+00 -1.896190930748525e-03 -9.322572753580942e-04 -1.007686448302357e+00
3 11 -1.000283489526828e+00 -1.896057410882576e-03 -9.324342519671434e-04 -1.007686621935531e+00
3 12 -1.000283454513064e+00 -1.895838018312421e-03 -9.326606420523505e-04 -1.007687097819975e+00
3 13 -1.000283382218062e+00 -1.895540988717195e-03 -9.329281658768024e-04 -1.007687858442339e+00
3 14 -1.000283275169563e+00 -1.895177363180196e-03 -9.332276965262907e-04 -1.007688875680026e+00
3 15 -1.000283137268948e+00 -1.894760618079381e-03 -9.335494453488951e-04 -1.007690111720496e+00
3 16 -1.000282973672555e+00 -1.894306220834040e-03 -9.338830835460563e-04 -1.007691520326086e+00
3 17 -1.000282790614295e+00 -1.893831117961053e-03 -9.342178314442368e-04 -1.007693048422731e+00
3 18 -1.000282595173460e+00 -1.893353162534521e-03 -9.345425585277411e-04 -1.007694637979786e+00
3 19 -1.000282394995777e+00 -1.892890490957818e-03 -9.348459396534625e-04 -1.007696228132389e+00
3 20 -1.000282197979778e+00 -1.892460863504110e-03 -9.351167049070840e-04 -1.007697757480275e+00
3 21 -1.000282011943415e+00 -1.892080987971453e-03 -9.353440042754762e-04 -1.007699166481711e+00
3 22 -1.000281844287658e+00 -1.891765850322778e-03 -9.355178866351742e-04 -1.007700399849465e+00
3 23 -1.000281701674675e+00 -1.891528080651031e-03 -9.356298678594983e-04 -1.007701408845397e+00
3 24 -1.000281589738290e+00 -1.891377387046595e-03 -9.356735382336946e-04 -1.007702153361719e+00
3 25 -1.000281512843137e+00 -1.891320092223587e-03 -9.356451401976478e-04 -1.007702603674936e+00
3 26 -1.000281473905931e+00 -1.891358805980722e-03 -9.355440395061608e-04 -1.007702741768319e+00
3 27 -1.000281474287879e+00 -1.891492260182821e-03 -9.353730186525891e-04 -1.007702562140998e+00
3 28 -1.000281513762045e+00 -1.891715323131426e-03 -9.351383388438057e-04 -1.007702072052449e+00
3 29 -1.000281590554266e+00 -1.892019198361897e-03 -9.348495422011193e-04 -1.007701291186492e+00
3 30 -1.000281701451255e+00 -1.892391799900457e-03 -9.345189961066269e-04 -1.007700250756607e+00
3 31 -1.000281841965362e+00 -1.892818282925440e-03 -9.341612133548847e-04 -1.007698992111063e+00
4 0 -1.000282221012302e+00 -1.893279179943435e-03 -9.341630209128773e-04 -1.007697270099470e+00
4 1 -1.000282403948441e+00 -1.893763081768483e-03 -9.337967963089334e-04 -1.007695725190734e+00
4 2 -1.000282597330148e+00 -1.894246062307548e-03 -9.334516978928296e-04 -1.007694129545518e+00
4 3 -1.000282793870791e+00 -1.894709364256368e-03 -9.331420281761322e-04 -1.007692544605111e+00
4 4 -1.000282986236234e+00 -1.895135195678070e-03 -9.328799764055230e-04 -1.007691030887907e+00
4 5 -1.000283167292268e+00 -1.895507408994257e-03 -9.326751154697302e-04 -1.007689645730863e+00
4 6 -1.000283330338691e+00 -1.895812087449884e-03 -9.325341146584778e-04 -1.007688441215953e+00
4 7 -1.000283469327271e+00 -1.896038021995770e-03 -9.324606650047732e-04 -1.007687462341180e+00
4 8 -1.000283579061180e+00 -1.896177068387814e-03 -9.324555927605160e-04 -1.007686745482236e+00
4 9 -1.000283655373168e+00 -1.896224380861253e-03 -9.325171207816777e-04 -1.007686317177483e+00
4 10 -1.000283695278920e+00 -1.896178524714874e-03 -9.326412272541234e-04 -1.007686193256352e+00
4 11 -1.000283697100652e+00 -1.896041474455594e-03 -9.328220468775877e-04 -1.007686378322387e+00
4 12 -1.000283660554478e+00 -1.895818506045966e-03 -9.330522628764503e-04 -1.007686865597902e+00
4 13 -1.000283586794244e+00 -1.895517991878495e-03 -9.333234493130143e-04 -1.007687637134679e+00
4 14 -1.000283478404954e+00 -1.895151106693070e-03 -9.336263398929261e-04 -1.007688664390611e+00
4 15 -1.000283339340508e+00 -1.894731452310533e-03 -9.339510185024205e-04 -1.007689909165315e+00
4 16 -1.000283174802862e+00 -1.894274608475451e-03 -9.342870456916090e-04 -1.007691324880381e+00
4 17 -1.000282991062742e+00 -1.893797616486494e-03 -9.346235521694278e-04 -1.007692858182023e+00
4 18 -1.000282795225879e+00 -1.893318402893917e-03 -9.349493419477840e-04 -1.007694450832681e+00
4 19 -1.000282594953005e+00 -1.892855153352415e-03 -9.352530504956695e-04 -1.007696041842314e+00
4 20 -1.000282398145724e+00 -1.892425651199019e-03 -9.355233956759084e-04 -1.007697569772772e+00
4 21 -1.000282212613160e+00 -1.892046600116738e-03 -9.357495429269968e-04 -1.007698975133822e+00
4 22 -1.000282045736014e+00 -1.891732954771336e-03 -9.359215840694883e-04 -1.007700202777670e+00
4 23 -1.000281904145622e+00 -1.891497287862688e-03 -9.360311041072054e-04 -1.007701204188377e+00
4 24 -1.000281793435721e+00 -1.891349226233617e-03 -9.360717860028152e-04 -1.007701939554206e+00
4 25 -1.000281717923279e+00 -1.891294990750989e-03 -9.360399848058063e-04 -1.007702379509434e+00
4 26 -1.000281680471687e+00 -1.891337072755619e-03 -9.359351948108119e-04 -1.007702506442359e+00
4 27 -1.000281682385212e+00 -1.891474073605042e-03 -9.357603387451468e-04 -1.007702315288094e+00
4 28 -1.000281723378500e+00 -1.891700724180675e-03 -9.355218248754892e-04 -1.007701813755213e+00
4 29 -1.000281801619698e+00 -1.892008089287337e-03 -9.352293434256021e-04 -1.007701021971049e+00
4 30 -1.000281913840708e+00 -1.892383948557799e-03 -9.348954046747473e-04 -1.007699971568943e+00
4 31 -1.000282055503940e+00 -1.892813332305636e-03 -9.345346532922531e-04 -1.007698704277308e+00
5 0 -1.000282450466546e+00 -1.893350399700908e-03 -9.341995265561616e-04 -1.007696854948830e+00
5 1 -1.000282634258752e+00 -1.893836505578398e-03 -9.338315640470972e-04 -1.007695303724846e+00
5 2 -1.000282828241564e+00 -1.894321139685813e-03 -9.334853468922986e-04 -1.007693703651829e+00
5 3 -1.000283025105108e+00 -1.894785482536249e-03 -9.331752208990783e-04 -1.007692116334026e+00
5 4 -1.000283217502222e+00 -1.895211703080998e-03 -9.329133922680325e-04 -1.007690602376811e+00
5 5 -1.000283398296471e+00 -1.895583639027775e-03 -9.327094243122159e-04 -1.007689219125440e+00
5 6 -1.000283560796462e+00 -1.895887383933951e-03 -9.325699507694960e-04 -1.007688018590965e+00
5 7 -1.000283698973646e+00 -1.896111763791782e-03 -9.324986024426095e-04 -1.007687045623567e+00
5 8 -1.000283807661178e+00 -1.896248692834125e-03 -9.324961230467070e-04 -1.007686336379431e+00
5 9 -1.000283882731145e+00 -1.896293405103383e-03 -9.325606341333287e-04 -1.007685917113113e+00
5 10 -1.000283921246585e+00 -1.896244564260489e-03 -9.326879981773251e-04 -1.007685803315219e+00
5 11 -1.000283921583324e+00 -1.896104258239501e-03 -9.328722244461708e-04 -1.007685999206984e+00
5 12 -1.000283883515213e+00 -1.895877887299782e-03 -9.331058657109148e-04 -1.007686497598798e+00
5 13 -1.000283808255642e+00 -1.895573954333409e-03 -9.333803652486595e-04 -1.007687280116230e+00
5 14 -1.000283698448575e+00 -1.895203765884153e-03 -9.336863304432109e-04 -1.007688317792631e+00
5 15 -1.000283558103857e+00 -1.894781051789515e-03 -9.340137282168809e-04 -1.007689572021255e+00
5 16 -1.000283392473914e+00 -1.894321510797565e-03 -9.343520161645352e-04 -1.007690995852466e+00
5 17 -1.000283207872218e+00 -1.893842289224792e-03 -9.346902398948514e-04 -1.007692535612512e+00
5 18 -1.000283011437768e+00 -1.893361400458238e-03 -9.350171389125222e-04 -1.007694132808551e+00
5 19 -1.000282810853906e+00 -1.892897095553904e-03 -9.353213066678955e-04 -1.007695726270020e+00
5 20 -1.000282614033468e+00 -1.892467199276515e-03 -9.355914430172907e-04 -1.007697254460342e+00
5 21 -1.000282428785059e+00 -1.892088430873947e-03 -9.358167205283191e-04 -1.007698657877817e+00
5 22 -1.000282262477198e+00 -1.891775733857370e-03 -9.359872633933893e-04 -1.007699881451365e+00
5 23 -1.000282121718045e+00 -1.891541643605065e-03 -9.360947128874912e-04 -1.007700876826482e+00
5 24 -1.000282012068337e+00 -1.891395725257806e-03 -9.361328297324108e-04 -1.007701604430015e+00
5 25 -1.000281937803654e+00 -1.891344116117293e-03 -9.360980654989970e-04 -1.007702035201958e+00
5 26 -1.000281901739200e+00 -1.891389205196971e-03 -9.359900268560574e-04 -1.007702151891489e+00
5 27 -1.000281905126061e+00 -1.891529476755814e-03 -9.358117610233456e-04 -1.007701949835103e+00
5 28 -1.000281947622791e+00 -1.891759534777585e-03 -9.355698078851708e-04 -1.007701437165885e+00
5 29 -1.000282027340727e+00 -1.892070312766287e-03 -9.352739907177548e-04 -1.007700634440662e+00
5 30 -1.000282140956317e+00 -1.892449459748298e-03 -9.349369489369241e-04 -1.007699573710529e+00
5 31 -1.000282283879721e+00 -1.892881880753454e-03 -9.345734477977515e-04 -1.007698297095142e+00
6 0 -1.000282685926446e+00 -1.893492539319786e-03 -9.338990812284668e-04 -1.007696336554154e+00
6 1 -1.000282870718600e+00 -1.893981091468448e-03 -9.335295150288577e-04 -1.007694778034935e+00
6 2 -1.000283065480492e+00 -1.894467723928783e-03 -9.331821997446957e-04 -1.007693172265650e+00
6 3 -1.000283262872172e+00 -1.894933542093588e-03 -9.328715226195907e-04 -1.007691581062265e+00
6 4 -1.000283455525433e+00 -1.895360659027587e-03 -9.326097101043043e-04 -1.007690065176054e+00
6 5 -1.000283636292725e+00 -1.895732877844353e-03 -9.324063239743731e-04 -1.007688682027170e+00
6 6 -1.000283798482096e+00 -1.896036280309670e-03 -9.322679744447744e-04 -1.007687483627214e+00
6 7 -1.000283936075272e+00 -1.896259704009498e-03 -9.321982476772300e-04 -1.007686514751958e+00
6 8 -1.000284043926369e+00 -1.896395097774503e-03 -9.321978238348804e-04 -1.007685811410345e+00
6 9 -1.000284117938548e+00 -1.896437752202065e-03 -9.322647449769218e-04 -1.007685399641001e+00
6 10 -1.000284155215025e+00 -1.896386407855773e-03 -9.323947811801451e-04 -1.007685294655993e+00
6 11 -1.000284154179447e+00 -1.896243247470637e-03 -9.325818395056829e-04 -1.007685500344265e+00
6 12 -1.000284114659264e+00 -1.896013780512833e-03 -9.328183643478087e-04 -1.007686009142198e+00
6 13 -1.000284037925052e+00 -1.895706629195065e-03 -9.330956887335499e-04 -1.007686802274030e+00
6 14 -1.000283926679171e+00 -1.895333224824472e-03 -9.334043123901606e-04 -1.007687850360093e+00
6 15 -1.000283784988524e+00 -1.894907422556380e-03 -9.337341012699064e-04 -1.007689114385415e+00
6 16 -1.000283618158724e+00 -1.894445041903600e-03 -9.340744222749202e-04 -1.007690547014095e+00
6 17 -1.000283432550243e+00 -1.893963340312580e-03 -9.344142438032014e-04 -1.007692094224851e+00
6 18 -1.000283235340995e+00 -1.893480428093783e-03 -9.347422444457542e-04 -1.007693697230762e+00
6 19 -1.000283034243731e+00 -1.893014635235110e-03 -9.350469753201750e-04 -1.007695294632441e+00
6 20 -1.000282837190152e+00 -1.892583844360996e-03 -9.353171141749532e-04 -1.007696824738974e+00
6 21 -1.000282651996531e+00 -1.892204809090724e-03 -9.355418326169005e-04 -1.007698227975463e+00
6 22 -1.000282486027702e+00 -1.891892482360313e-03 -9.357112751132894e-04 -1.007699449281958e+00
6 23 -1.000282345877217e+00 -1.891659383827889e-03 -9.358171237078159e-04 -1.007700440398223e+00
6 24 -1.000282237081138e+00 -1.891515038714567e-03 -9.358531990337613e-04 -1.007701161923478e+00
6 25 -1.000282163881408e+00 -1.891465521943041e-03 -9.358160299139509e-04 -1.007701585040479e+00
6 26 -1.000282129051947e+00 -1.891513140160799e-03 -9.357053151180216e-04 -1.007701692801512e+00
6 27 -1.000282133796502e+00 -1.891656278700658e-03 -9.355242052603884e-04 -1.007701480893639e+00
6 28 -1.000282177722145e+00 -1.891889430379960e-03 -9.352793504487089e-04 -1.007700957832604e+00
6 29 -1.000282258886563e+00 -1.892203409937556e-03 -9.349806864000489e-04 -1.007700144573973e+00
6 30 -1.000282373912244e+00 -1.892585744460238e-03 -9.346409630109631e-04 -1.007699073568722e+00
6 31 -1.000282518156806e+00 -1.893021218100072e-03 -9.342750500870146e-04 -1.007697787323696e+00
7 0 -1.000282918227533e+00 -1.893699973075139e-03 -9.332723773212187e-04 -1.007695736126501e+00
7 1 -1.000283104122966e+00 -1.894191114421428e-03 -9.329014160641930e-04 -1.007694169628753e+00
7 2 -1.000283299809914e+00 -1.894680008010096e-03 -9.325530772944663e-04 -1.007692557129857e+00
7 3 -1.000283497912709e+00 -1.895147674110096e-03 -9.322417864404196e-04 -1.007690960697738e+00
7 4 -1.000283691034943e+00 -1.895576155503595e-03 -9.319797924646903e-04 -1.007689441282100e+00
7 5 -1.000283872009563e+00 -1.895949202441752e-03 -9.317766630295553e-04 -1.007688056440936e+00
7 6 -1.000284034134785e+00 -1.896252863333369e-03 -9.316389973346608e-04 -1.007686858257619e+00
7 7 -1.000284171392856e+00 -1.896475963392837e-03 -9.315703543475050e-04 -1.007685891509883e+00
7 8 -1.000284278649060e+00 -1.896610460880498e-03 -9.315713723640197e-04 -1.007685192137117e+00
7 9 -1.000284351828185e+00 -1.896651677766358e-03 -9.316400386028410e-04 -1.007684786037547e+00
7 10 -1.000284388064889e+00 -1.896598407330765e-03 -9.317720569726123e-04 -1.007684688215274e+00
7 11 -1.000284385822999e+00 -1.896452904851444e-03 -9.319612590516033e-04 -1.007684902289913e+00
7 12 -1.000284344977360e+00 -1.896220769570922e-03 -9.322000073237655e-04 -1.007685420376528e+00
7 13 -1.000284266851177e+00 -1.895910727125992e-03 -9.324795500503284e-04 -1.007686223338582e+00
7 14 -1.000284154202298e+00 -1.895534321642135e-03 -9.327903027960642e-04 -1.007687281411068e+00
7 15 -1.000284011153476e+00 -1.895105525900761e-03 -9.331220507936467e-04 -1.007688555185278e+00
7 16 -1.000283843064095e+00 -1.894640277080814e-03 -9.334640861957132e-04 -1.007689996939673e+00
7 17 -1.000283656344086e+00 -1.894155945453690e-03 -9.338053113893284e-04 -1.007691552291689e+00
7 18 -1.000283458214487e+00 -1.893670744532362e-03 -9.341343506222193e-04 -1.007693162132944e+00
7 19 -1.000283256423090e+00 -1.893203093577971e-03 -9.344397147132434e-04 -1.007694764796089e+00
7 20 -1.000283058927232e+00 -1.892770947023249e-03 -9.347100564987772e-04 -1.007696298386677e+00
7 21 -1.000282873558616e+00 -1.892391110121847e-03 -9.349345386561251e-04 -1.007697703198477e+00
7 22 -1.000282707687003e+00 -1.892078565337185e-03 -9.351033131345956e-04 -1.007698924117043e+00
7 23 -1.000282567900433e+00 -1.891845838664034e-03 -9.352080861886048e-04 -1.007699912905998e+00
7 24 -1.000282459719449e+00 -1.891702438426423e-03 -9.352427190487162e-04 -1.007700630264838e+00
7 25 -1.000282387361256e+00 -1.891654400491482e-03 -9.352037960565656e-04 -1.007701047547512e+00
7 26 -1.000282353566934e+00 -1.891703972312908e-03 -9.350910839821420e-04 -1.007701148039900e+00
7 27 -1.000282359500690e+00 -1.891849462566453e-03 -9.349078110408923e-04 -1.007700927714507e+00
7 28 -1.000282404724837e+00 -1.892085273084292e-03 -9.346607115587730e-04 -1.007700395412564e+00
7 29 -1.000282487248659e+00 -1.892402116822385e-03 -9.343598089267365e-04 -1.007699572442504e+00
7 30 -1.000282603644199e+00 -1.892787412146112e-03 -9.340179406389129e-04 -1.007698491622293e+00
7 31 -1.000282749218256e+00 -1.893225831581337e-03 -9.336500601997585e-04 -1.007697195826592e+00
8 0 -1.000283138389455e+00 -1.893964507770147e-03 -9.323429634020606e-04 -1.007695077998004e+00
8 1 -1.000283325446923e+00 -1.894458276529172e-03 -9.319708811535158e-04 -1.007693503161341e+00
8 2 -1.000283522167116e+00 -1.894949601689525e-03 -9.316216453497977e-04 -1.007691883174944e+00
8 3 -1.000283721134441e+00 -1.895419411863656e-03 -9.313097144658907e-04 -1.007690280388601e+00
8 4 -1.000283914918310e+00 -1.895849668107720e-03 -9.310473605204123e-04 -1.007688755994700e+00
8 5 -1.000284096324667e+00 -1.896224051784722e-03 -9.308441635814508e-04 -1.007687367746123e+00
8 6 -1.000284258633118e+00 -1.896528557763846e-03 -9.307067246575386e-04 -1.007686167866045e+00
8 7 -1.000284395816694e+00 -1.896751975440059e-03 -9.306385941569092e-04 -1.007685201210184e+00
8 8 -1.000284502741592e+00 -1.896886247096943e-03 -9.306403915436794e-04 -1.007684503728427e+00
8 9 -1.000284575343951e+00 -1.896926699954457e-03 -9.307100751628618e-04 -1.007684101258953e+00
8 10 -1.000284610779996e+00 -1.896872154061734e-03 -9.308433108233133e-04 -1.007684008675811e+00
8 11 -1.000284607544603e+00 -1.896724912234156e-03 -9.310338842854293e-04 -1.007684229402369e+00
8 12 -1.000284565551934e+00 -1.896490640393094e-03 -9.312741064106674e-04 -1.007684755297923e+00
8 13 -1.000284486171088e+00 -1.896178147474902e-03 -9.315551699927140e-04 -1.007685566920360e+00
8 14 -1.000284372210275e+00 -1.895799074076863e-03 -9.318674331357017e-04 -1.007686634162220e+00
8 15 -1.000284227844755e+00 -1.895367498468701e-03 -9.322006234643360e-04 -1.007687917250608e+00
8 16 -1.000284058486263e+00 -1.894899467844415e-03 -9.325439774290214e-04 -1.007689368093838e+00
8 17 -1.000283870594726e+00 -1.894412462414251e-03 -9.328863459412458e-04 -1.007690931948823e+00
8 18 -1.000283671436729e+00 -1.893924800914626e-03 -9.332163083083523e-04 -1.007692549371564e+00
8 19 -1.000283468799271e+00 -1.893454998651189e-03 -9.335223387970447e-04 -1.007694158398455e+00
8 20 -1.000283270671058e+00 -1.893021093008884e-03 -9.337930633376325e-04 -1.007695696890424e+00
8 21 -1.000283084906370e+00 -1.892639955963770e-03 -9.340176283418201e-04 -1.007697104957385e+00
8 22 -1.000282918888201e+00 -1.892326618060360e-03 -9.341861811803137e-04 -1.007698327367990e+00
8 23 -1.000282779208236e+00 -1.892093633025383e-03 -9.342904360348349e-04 -1.007699315839505e+00
8 24 -1.000282671381139e+00 -1.891950515793446e-03 -9.343242744838236e-04 -1.007700031096170e+00
8 25 -1.000282599609210e+00 -1.891903288078331e-03 -9.342843124264682e-04 -1.007700444584742e+00
8 26 -1.000282566610473e+00 -1.891954163667156e-03 -9.341703576596747e-04 -1.007700539745950e+00
8 27 -1.000282573518940e+00 -1.892101399717921e-03 -9.339856873131232e-04 -1.007700312761803e+00
8 28 -1.000282619860605e+00 -1.892339330618156e-03 -9.337370909828844e-04 -1.007699772729671e+00
8 29 -1.000282703603420e+00 -1.892658588433200e-03 -9.334346515101057e-04 -1.007698941251430e+00
8 30 -1.000282821274446e+00 -1.893046500398692e-03 -9.330912669954896e-04 -1.007697851464632e+00
8 31 -1.000282968133416e+00 -1.893487641231739e-03 -9.327219495926138e-04 -1.007696546577632e+00
9 0 -1.000283337969004e+00 -1.894275731172853e-03 -9.311464199298168e-04 -1.007694388495767e+00
9 1 -1.000283526200646e+00 -1.894772060126832e-03 -9.307735436597768e-04 -1.007692805294122e+00
9 2 -1.000283724020443e+00 -1.895265888978137e-03 -9.304235831332751e-04 -1.007691177365037e+00
9 3 -1.000283923970338e+00 -1.895738051993330e-03 -9.301110225331978e-04 -1.007689567358361e+00
9 4 -1.000284118581020e+00 -1.896170420336574e-03 -9.298481559495384e-04 -1.007688036743726e+00
9 5 -1.000284300625059e+00 -1.896546593129784e-03 -9.296445817437044e-04 -1.007686643518314e+00
9 6 -1.000284463355441e+00 -1.896852493723425e-03 -9.295069153413537e-04 -1.007685440107240e+00
9 7 -1.000284600726639e+00 -1.897076853922824e-03 -9.294387169708266e-04 -1.007684471516393e+00
9 8 -1.000284707595510e+00 -1.897211575514712e-03 -9.294406101789015e-04 -1.007683773785137e+00
9 9 -1.000284779898879e+00 -1.897251964766382e-03 -9.295105509838617e-04 -1.007683372773933e+00
9 10 -1.000284814803891e+00 -1.897196841547480e-03 -9.296441967095970e-04 -1.007683283309407e+00
9 11 -1.000284810826159e+00 -1.897048529383696e-03 -9.298353191286717e-04 -1.007683508699081e+00
9 12 -1.000284767909489e+00 -1.896812735171382e-03 -9.300762099377003e-04 -1.007684040621970e+00
9 13 -1.000284687460266e+00 -1.896498327730832e-03 -9.303580376263466e-04 -1.007684859397838e+00
9 14 -1.000284572329970e+00 -1.896117024044785e-03 -9.306711313111871e-04 -1.007685934633157e+00
9 15 -1.000284426741098e+00 -1.895682991750006e-03 -9.310051862089885e-04 -1.007687226234197e+00
9 16 -1.000284256154365e+00 -1.895212376213712e-03 -9.313494046053270e-04 -1.007688685768598e+00
9 17 -1.000284067078224e+00 -1.894722760334813e-03 -9.316926029374885e-04 -1.007690258147731e+00
9 18 -1.000283866825308e+00 -1.894232565809083e-03 -9.320233268943014e-04 -1.007691883591609e+00
9 19 -1.000283663224373e+00 -1.893760406899718e-03 -9.323300192826178e-04 -1.007693499824162e+00
9 20 -1.000283464300025e+00 -1.893324411783877e-03 -9.326012784046506e-04 -1.007695044430368e+00
9 21 -1.000283277935353e+00 -1.892941531415394e-03 -9.328262286081291e-04 -1.007696457291491e+00
9 22 -1.000283111534231e+00 -1.892626860683237e-03 -9.329950020206092e-04 -1.007697683002551e+00
9 23 -1.000282971700835e+00 -1.892393001050875e-03 -9.330993049191355e-04 -1.007698673166979e+00
9 24 -1.000282863953804e+00 -1.892249497334259e-03 -9.331330182451887e-04 -1.007699388457268e+00
9 25 -1.000282792491060e+00 -1.892202382695413e-03 -9.330927642147935e-04 -1.007699800330494e+00
9 26 -1.000282760018283e+00 -1.892253863983281e-03 -9.329783635645086e-04 -1.007699892297655e+00
9 27 -1.000282767649683e+00 -1.892402173597591e-03 -9.327931125494727e-04 -1.007699660667244e+00
9 28 -1.000282814884617e+00 -1.892641604388979e-03 -9.325438252108712e-04 -1.007699114714336e+00
9 29 -1.000282899658349e+00 -1.892962731716898e-03 -9.322406126878942e-04 -1.007698276263247e+00
9 30 -1.000283018460267e+00 -1.893352813146919e-03 -9.318964034871625e-04 -1.007697178710512e+00
9 31 -1.000283166508710e+00 -1.893796343318305e-03 -9.315262408690845e-04 -1.007695865550753e+00
10 0 -1.000283509381948e+00 -1.894621449776081e-03 -9.297290120838735e-04 -1.007693694772106e+00
10 1 -1.000283698753339e+00 -1.895120170363444e-03 -9.293557056650752e-04 -1.007692103509850e+00
10 2 -1.000283897695223e+00 -1.895616475375087e-03 -9.290052285922782e-04 -1.007690467498578e+00
10 3 -1.000284098706311e+00 -1.896091105846837e-03 -9.286920819373052e-04 -1.007688849694335e+00
10 4 -1.000284294275604e+00 -1.896525838376711e-03 -9.284285799993758e-04 -1.007687311867685e+00
10 5 -1.000284477137193e+00 -1.896904179671001e-03 -9.282243445376477e-04 -1.007685912300063e+00
10 6 -1.000284640510463e+00 -1.897211966547607e-03 -9.280860167686290e-04 -1.007684703672400e+00
10 7 -1.000284778322791e+00 -1.897437854060130e-03 -9.280171836866269e-04 -1.007683731206131e+00
10 8 -1.000284885411943e+00 -1.897573680817208e-03 -9.280184950568430e-04 -1.007683031104720e+00
10 9 -1.000284957704811e+00 -1.897614706708418e-03 -9.280879314153923e-04 -1.007682629332200e+00
10 10 -1.000284992368350e+00 -1.897559724306601e-03 -9.282211720420469e-04 -1.007682540752525e+00
10 11 -1.000284987927721e+00 -1.897411050211248e-03 -9.284120070566143e-04 -1.007682768642226e+00
10 12 -1.000284944345569e+00 -1.897174405222151e-03 -9.286527414938378e-04 -1.007683304582000e+00
10 13 -1.000284863055586e+00 -1.896858692516524e-03 -9.289345509322119e-04 -1.007684128729663e+00
10 14 -1.000284746943809e+00 -1.896475682433619e-03 -9.292477649191481e-04 -1.007685210473051e+00
10 15 -1.000284600272855e+00 -1.896039612325953e-03 -9.295820728846484e-04 -1.007686509453549e+00
10 16 -1.000284428547104e+00 -1.895566710133636e-03 -9.299266657532166e-04 -1.007687976940694e+00
10 17 -1.000284238320158e+00 -1.895074650348721e-03 -9.302703434243139e-04 -1.007689557528412e+00
10 18 -1.000284036949397e+00 -1.894581951371845e-03 -9.306016303664631e-04 -1.007691191113479e+00
10 19 -1.000283832306218e+00 -1.894107325250546e-03 -9.309089446988346e-04 -1.007692815104004e+00
10 20 -1.000283632454173e+00 -1.893668994916617e-03 -9.311808584574284e-04 -1.007694366789352e+00
10 21 -1.000283445310182e+00 -1.893283999254766e-03 -9.314064698937248e-04 -1.007695785786830e+00
10 22 -1.000283278305777e+00 -1.892967511211428e-03 -9.315758861595093e-04 -1.007697016468015e+00
10 23 -1.000283138065999e+00 -1.892732198159967e-03 -9.316807900584538e-04 -1.007698010259464e+00
10 24 -1.000283030123207e+00 -1.892587656867157e-03 -9.317150410874627e-04 -1.007698727707560e+00
10 25 -1.000282958681657e+00 -1.892539956942323e-03 -9.316752429532518e-04 -1.007699140197156e+00
10 26 -1.000282926445800e+00 -1.892591325057655e-03 -9.315612016053591e-04 -1.007699231222789e+00
10 27 -1.000282934521068e+00 -1.892739996364041e-03 -9.313762023741430e-04 -1.007698997132204e+00
10 28 -1.000282982390769e+00 -1.892980249617183e-03 -9.311270518623804e-04 -1.007698447293327e+00
10 29 -1.000283067967393e+00 -1.893302629921548e-03 -9.308238569728010e-04 -1.007697603673271e+00
10 30 -1.000283187711499e+00 -1.893694349422903e-03 -9.304795453409847e-04 -1.007696499856607e+00
10 31 -1.000283336807356e+00 -1.894139843508023e-03 -9.301091630977921e-04 -1.007695179565533e+00
11 0 -1.000283646181763e+00 -1.894988193526068e-03 -9.281458678491920e-04 -1.007693023659728e+00
11 1 -1.000283836614051e+00 -1.895489044382294e-03 -9.277725131654823e-04 -1.007691424953498e+00
11 2 -1.000284036656626e+00 -1.895987701458465e-03 -9.274217507367284e-04 -1.007689781035309e+00
11 3 -1.000284238765881e+00 -1.896464817186255e-03 -9.271080893039813e-04 -1.007688155161916e+00
11 4 -1.000284435387748e+00 -1.896902072611455e-03 -9.268438607892093e-04 -1.007686609416761e+00
11 5 -1.000284619214213e+00 -1.897282875580037e-03 -9.266387140260626e-04 -1.007685202394148e+00
11 6 -1.000284783425415e+00 -1.897592964907272e-03 -9.264993255777451e-04 -1.007683987074353e+00
11 7 -1.000284921914261e+00 -1.897820902867406e-03 -9.264293246274832e-04 -1.007683008950819e+00
11 8 -1.000285029490531e+00 -1.897958444726972e-03 -9.264294083957474e-04 -1.007682304458886e+00
11 9 -1.000285102060956e+00 -1.898000780318546e-03 -9.264976081504370e-04 -1.007681899743330e+00
11 10 -1.000285136781120e+00 -1.897946648775914e-03 -9.266296545999978e-04 -1.007681809788972e+00
11 11 -1.000285132174157e+00 -1.897798332466734e-03 -9.268193871141971e-04 -1.007682037927394e+00
11 12 -1.000285088210114e+00 -1.897561538742735e-03 -9.270591552191622e-04 -1.007682575726021e+00
11 13 -1.000285006339102e+00 -1.897245178550309e-03 -9.273401723251803e-04 -1.007683403262243e+00
11 14 -1.000284889471692e+00 -1.896861050570230e-03 -9.276527978500791e-04 -1.007684489780776e+00
11 15 -1.000284741901847e+00 -1.896423439471082e-03 -9.279867421459571e-04 -1.007685794724531e+00
11 16 -1.000284569170525e+00 -1.895948637017108e-03 -9.283312073835327e-04 -1.007687269119134e+00
11 17 -1.000284377871388e+00 -1.895454394821704e-03 -9.286749948308682e-04 -1.007688857281075e+00
11 18 -1.000284175403601e+00 -1.894959318022849e-03 -9.290066210071222e-04 -1.007690498808998e+00
11 19 -1.000283969680395e+00 -1.894482211224612e-03 -9.293144879142073e-04 -1.007692130804685e+00
11 20 -1.000283768805664e+00 -1.894041392076040e-03 -9.295871445386584e-04 -1.007693690254604e+00
11 21 -1.000283580733807e+00 -1.893653992909254e-03 -9.298136601149723e-04 -1.007695116487207e+00
11 22 -1.000283412929823e+00 -1.893335275669092e-03 -9.299841076415338e-04 -1.007696353608822e+00
11 23 -1.000283272047305e+00 -1.893097989392763e-03 -9.300901317394518e-04 -1.007697352812520e+00
11 24 -1.000283163641535e+00 -1.892951802619040e-03 -9.301255512041577e-04 -1.007698074449680e+00
11 25 -1.000283091933423e+00 -1.892902844608801e-03 -9.300869280640394e-04 -1.007698489754284e+00
11 26 -1.000283059637219e+00 -1.892953387691903e-03 -9.299740267387818e-04 -1.007698582118903e+00
11 27 -1.000283067860899e+00 -1.893101697257976e-03 -9.297900919186728e-04 -1.007698347841705e+00
11 28 -1.000283116082967e+00 -1.893342065979660e-03 -9.295418913130587e-04 -1.007697796295009e+00
11 29 -1.000283202203907e+00 -1.893665036128133e-03 -9.292394960156764e-04 -1.007696949504037e+00
11 30 -1.000283322665352e+00 -1.894057800203353e-03 -9.288958025407297e-04 -1.007695841163690e+00
11 31 -1.000283472626104e+00 -1.894504757432251e-03 -9.285258319287680e-04 -1.007694515156254e+00
12 0 -1.000283743286457e+00 -1.895361762513860e-03 -9.264587578758198e-04 -1.007692400611674e+00
12 1 -1.000283934660372e+00 -1.895864401674544e-03 -9.260857348035475e-04 -1.007690795359997e+00
12 2 -1.000284135740161e+00 -1.896365197051756e-03 -9.257349273562865e-04 -1.007689144011543e+00
12 3 -1.000284338942329e+00 -1.896844720373268e-03 -9.254208426813343e-04 -1.007687510107216e+00
12 4 -1.000284536669970e+00 -1.897284559899166e-03 -9.251558267250065e-04 -1.007685956043190e+00
12 5 -1.000284721571023e+00 -1.897668022173010e-03 -9.249495574854818e-04 -1.007684540742689e+00
12 6 -1.000284886782365e+00 -1.897980740395353e-03 -9.248087549651170e-04 -1.007683317516919e+00
12 7 -1.000285026156438e+00 -1.898211171506968e-03 -9.247371047403872e-04 -1.007682332177350e+00
12 8 -1.000285134467184e+00 -1.898350970366159e-03 -9.247353711800024e-04 -1.007681621450216e+00
12 9 -1.000285207591696e+00 -1.898395235820219e-03 -9.248016601483501e-04 -1.007681211731146e+00
12 10 -1.000285242663489e+00 -1.898342629667045e-03 -9.249317803773572e-04 -1.007681118204302e+00
12 11 -1.000285238192257e+00 -1.898195374222196e-03 -9.251196487521468e-04 -1.007681344339789e+00
12 12 -1.000285194143814e+00 -1.897959136645941e-03 -9.253576884908054e-04 -1.007681881776963e+00
12 13 -1.000285111973189e+00 -1.897642808866878e-03 -9.256371800696665e-04 -1.007682710596942e+00
12 14 -1.000284994604504e+00 -1.897258191978107e-03 -9.259485407001419e-04 -1.007683799981759e+00
12 15 -1.000284846353075e+00 -1.896819593929047e-03 -9.262815268420128e-04 -1.007685109249426e+00
12 16 -1.000284672787950e+00 -1.896343349174687e-03 -9.266253734931354e-04 -1.007686589245119e+00
12 17 -1.000284480536237e+00 -1.895847268939834e-03 -9.269689010885770e-04 -1.007688184058793e+00
12 18 -1.000284277034300e+00 -1.895350031680816e-03 -9.273006321094915e-04 -1.007689833027771e+00
12 19 -1.000284070234755e+00 -1.894870525740604e-03 -9.276089617997866e-04 -1.007691472968842e+00
12 20 -1.000283868281681e+00 -1.894427159911898e-03 -9.278824198739878e-04 -1.007693040569703e+00
12 21 -1.000283679169235e+00 -1.894037162072541e-03 -9.281100442175348e-04 -1.007694474855784e+00
12 22 -1.000283510400501e+00 -1.893715890784429e-03 -9.282818656873467e-04 -1.007695719636269e+00
12 23 -1.000283368664249e+00 -1.893476189279713e-03 -9.283894779865688e-04 -1.007696725823222e+00
12 24 -1.000283259546916e+00 -1.893327814707438e-03 -9.284266422264922e-04 -1.007697453512222e+00
12 25 -1.000283187295590e+00 -1.893276976698399e-03 -9.283898575324447e-04 -1.007697873714232e+00
12 26 -1.000283154644901e+00 -1.893326017277099e-03 -9.282788216209226e-04 -1.007697969638618e+00
12 27 -1.000283162716646e+00 -1.893473258425024e-03 -9.280967105930764e-04 -1.007697737447000e+00
12 28 -1.000283210996000e+00 -1.893713034122331e-03 -9.278502241861825e-04 -1.007697186427509e+00
12 29 -1.000283297382628e+00 -1.894035911096055e-03 -9.275493687058294e-04 -1.007696338577012e+00
12 30 -1.000283418309751e+00 -1.894429088506875e-03 -9.272069812347684e-04 -1.007695227619414e+00
12 31 -1.000283568920223e+00 -1.894876953864661e-03 -9.268380306561193e-04 -1.007693897523748e+00
13 0 -1.000283797147727e+00 -1.895727789691223e-03 -9.247335787959683e-04 -1.007691848772487e+00
13 1 -1.000283989309075e+00 -1.896231809623242e-03 -9.243612460542317e-04 -1.007690238115431e+00
13 2 -1.000284191323803e+00 -1.896734450049578e-03 -9.240106292864483e-04 -1.007688580090394e+00
13 3 -1.000284395572396e+00 -1.897216212976527e-03 -9.236962246235918e-04 -1.007686938495252e+00
13 4 -1.000284594416967e+00 -1.897658600196384e-03 -9.234303876226087e-04 -1.007685376026935e+00
13 5 -1.000284780461251e+00 -1.898044818378775e-03 -9.232228266244177e-04 -1.007683951940904e+00
13 6 -1.000284946796574e+00 -1.898360391475016e-03 -9.230803121459489e-04 -1.007682719898081e+00
13 7 -1.000285087230430e+00 -1.898593662426757e-03 -9.230065986583398e-04 -1.007681726062098e+00
13 8 -1.000285196494353e+00 -1.898736172366485e-03 -9.230025345186003e-04 -1.007681007498401e+00
13 9 -1.000285270427472e+00 -1.898782911827842e-03 -9.230663203323173e-04 -1.007680590913832e+00
13 10 -1.000285306131521e+00 -1.898732444613809e-03 -9.231938657162861e-04 -1.007680491761916e+00
13 11 -1.000285302091989e+00 -1.898586909653096e-03 -9.233791901817975e-04 -1.007680713728734e+00
13 12 -1.000285258258948e+00 -1.898351908696147e-03 -9.236148170750938e-04 -1.007681248607954e+00
13 13 -1.000285176080572e+00 -1.898036288586765e-03 -9.238921202753906e-04 -1.007682076568505e+00
13 14 -1.000285058483045e+00 -1.897651827021149e-03 -9.242015996939285e-04 -1.007683166811975e+00
13 15 -1.000284909792373e+00 -1.897212830599800e-03 -9.245330806547966e-04 -1.007684478608837e+00
13 16 -1.000284735596210e+00 -1.896735653758498e-03 -9.248758513000469e-04 -1.007685962693842e+00
13 17 -1.000284542547144e+00 -1.896238147346764e-03 -9.252187686179942e-04 -1.007687562990498e+00
13 18 -1.000284338112645e+00 -1.895739046848206e-03 -9.255503745496578e-04 -1.007689218621927e+00
13 19 -1.000284130280808e+00 -1.895257312650505e-03 -9.258590662188725e-04 -1.007690866151356e+00
13 20 -1.000283927234400e+00 -1.894811438102739e-03 -9.261333574921995e-04 -1.007692441981982e+00
13 21 -1.000283737008217e+00 -1.894418745237098e-03 -9.263622534396551e-04 -1.007693884833133e+00
13 22 -1.000283567146554e+00 -1.894094692943790e-03 -9.265357368625682e-04 -1.007695138196880e+00
13 23 -1.000283424378521e+00 -1.893852227352346e-03 -9.266453402617272e-04 -1.007696152668171e+00
13 24 -1.000283314328682e+00 -1.893701207696904e-03 -9.266847522862232e-04 -1.007696888035780e+00
13 25 -1.000283241278858e+00 -1.893647941739132e-03 -9.266503901508071e-04 -1.007697315023837e+00
13 26 -1.000283207993874e+00 -1.893694862490583e-03 -9.265418625677501e-04 -1.007697416584531e+00
13 27 -1.000283215620074e+00 -1.893840372456572e-03 -9.263622526910731e-04 -1.007697188661793e+00
13 28 -1.000283263660501e+00 -1.894078872557645e-03 -9.261181668165830e-04 -1.007696640374501e+00
13 29 -1.000283350025201e+00 -1.894400980326408e-03 -9.258195204125103e-04 -1.007695793605744e+00
13 30 -1.000283471149773e+00 -1.894793927623895e-03 -9.254790650847359e-04 -1.007694682026179e+00
13 31 -1.000283622171198e+00 -1.895242114950423e-03 -9.251116926171256e-04 -1.007693349615640e+00
14 0 -1.000283805859655e+00 -1.896072294963208e-03 -9.230376593736350e-04 -1.007691388209801e+00
14 1 -1.000283998625890e+00 -1.896577239704734e-03 -9.226663374722414e-04 -1.007689773480717e+00
14 2 -1.000284201439049e+00 -1.897081365410581e-03 -9.223161293222570e-04 -1.007688109775889e+00
14 3 -1.000284406648838e+00 -1.897565118009398e-03 -9.220015109633372e-04 -1.007686461113265e+00
14 4 -1.000284606579844e+00 -1.898009922298566e-03 -9.217348432154377e-04 -1.007684890467379e+00
14 5 -1.000284793793107e+00 -1.898398890097289e-03 -9.215258655685026e-04 -1.007683457416994e+00
14 6 -1.000284961333799e+00 -1.898717436496602e-03 -9.213814046712527e-04 -1.007682215978573e+00
14 7 -1.000285102961635e+00 -1.898953786083247e-03 -9.213052935462885e-04 -1.007681212688883e+00
14 8 -1.000285213360794e+00 -1.899099357307765e-03 -9.212984775989350e-04 -1.007680484988085e+00
14 9 -1.000285288325637e+00 -1.899149019259362e-03 -9.213592683567575e-04 -1.007680059942537e+00
14 10 -1.000285324917707e+00 -1.899101220929105e-03 -9.214836953832499e-04 -1.007679953334390e+00
14 11 -1.000285321588451e+00 -1.898957997809176e-03 -9.216659020848351e-04 -1.007680169134467e+00
14 12 -1.000285278261258e+00 -1.898724863592488e-03 -9.218985342301722e-04 -1.007680699367035e+00
14 13 -1.000285196365926e+00 -1.898410595770676e-03 -9.221730812181181e-04 -1.007681524369396e+00
14 14 -1.000285078819229e+00 -1.898026923840992e-03 -9.224801469031408e-04 -1.007682613443784e+00
14 15 -1.000284929946887e+00 -1.897588128575465e-03 -9.228096455647397e-04 -1.007683925891803e+00
14 16 -1.000284755345012e+00 -1.897110560953352e-03 -9.231509369195815e-04 -1.007685412411721e+00
14 17 -1.000284561682708e+00 -1.896612090020046e-03 -9.234929301765682e-04 -1.007687016826856e+00
14 18 -1.000284356451289e+00 -1.896111490091651e-03 -9.238241984477350e-04 -1.007688678100820e+00
14 19 -1.000284147669234e+00 -1.895627779604342e-03 -9.241331480494449e-04 -1.007690332583230e+00
14 20 -1.000283943555179e+00 -1.895179526990931e-03 -9.244082803333937e-04 -1.007691916416910e+00
14 21 -1.000283752183923e+00 -1.894784143472327e-03 -9.246385673734865e-04 -1.007693368023558e+00
14 22 -1.000283581142421e+00 -1.894457187983005e-03 -9.248139400188894e-04 -1.007694630570783e+00
14 23 -1.000283437203662e+00 -1.894211714291153e-03 -9.249258614021177e-04 -1.007695654312651e+00
14 24 -1.000283326035918e+00 -1.894057693461580e-03 -9.249679352934668e-04 -1.007696398691485e+00
14 25 -1.000283251963069e+00 -1.894001545509361e-03 -9.249364812205502e-04 -1.007696834091343e+00
14 26 -1.000283217788841e+00 -1.894045812100144e-03 -9.248310008100166e-04 -1.007696943143339e+00
14 27 -1.000283224693842e+00 -1.894188996869393e-03 -9.246544643528991e-04 -1.007696721501478e+00
14 28 -1.000283272209424e+00 -1.894425590690960e-03 -9.244133630376713e-04 -1.007696178037024e+00
14 29 -1.000283358266823e+00 -1.894746286425054e-03 -9.241174986160688e-04 -1.007695334438039e+00
14 30 -1.000283479314749e+00 -1.895138373406769e-03 -9.237795144457525e-04 -1.007694224241863e+00
14 31 -1.000283630494535e+00 -1.895586289016675e-03 -9.234142040386314e-04 -1.007692891363662e+00
15 0 -1.000283769206886e+00 -1.896382209085943e-03 -9.214370173551946e-04 -1.007691035317300e+00
15 1 -1.000283962374442e+00 -1.896887592673680e-03 -9.210669744812108e-04 -1.007689417989086e+00
15 2 -1.000284165820977e+00 -1.897392792380329e-03 -9.207173639386948e-04 -1.007687749802758e+00
15 3 -1.000284371871851e+00 -1.897878213647269e-03 -9.204026341205183e-04 -1.007686094951400e+00
15 4 -1.000284572818988e+00 -1.898325216486525e-03 -9.201351474519638e-04 -1.007684516653771e+00
15 5 -1.000284761183750e+00 -1.898716826303852e-03 -9.199246746268770e-04 -1.007683074791329e+00
15 6 -1.000284929966169e+00 -1.899038353720595e-03 -9.197781016787369e-04 -1.007681823729099e+00
15 7 -1.000285072877156e+00 -1.899277905091638e-03 -9.196993464165645e-04 -1.007680810384070e+00
15 8 -1.000285184550474e+00 -1.899426771941273e-03 -9.196894606385908e-04 -1.007680072592165e+00
15 9 -1.000285260730671e+00 -1.899479693397828e-03 -9.197468792048094e-04 -1.007679637813692e+00
15 10 -1.000285298432163e+00 -1.899434991126575e-03 -9.198677664976604e-04 -1.007679522206299e+00
15 11 -1.000285296063765e+00 -1.899294581086110e-03 -9.200464061904242e-04 -1.007679730083481e+00
15 12 -1.000285253512313e+00 -1.899063869787248e-03 -9.202755835517542e-04 -1.007680253767092e+00
15 13 -1.000285172178555e+00 -1.898751543914510e-03 -9.205469208965204e-04 -1.007681073836284e+00
15 14 -1.000285054958815e+00 -1.898369261784275e-03 -9.208511434591161e-04 -1.007682159771053e+00
15 15 -1.000284906167526e+00 -1.897931254732574e-03 -9.211782713156946e-04 -1.007683470981911e+00
15 16 -1.000284731398760e+00 -1.897453847083687e-03 -9.215177509410838e-04 -1.007684958205756e+00
15 17 -1.000284537328665e+00 -1.896954904408129e-03 -9.218585562731181e-04 -1.007686565234536e+00
15 18 -1.000284331464451e+00 -1.896453220702406e-03 -9.221893009998557e-04 -1.007688230931572e+00
15 19 -1.000284121848841e+00 -1.895967856486571e-03 -9.224984071077237e-04 -1.007689891480219e+00
15 20 -1.000283916732125e+00 -1.895517442911907e-03 -9.227743672038435e-04 -1.007691482797062e+00
15 21 -1.000283724226872e+00 -1.895119472025497e-03 -9.230061211980552e-04 -1.007692943026054e+00
15 22 -1.000283551962530e+00 -1.894789598916112e-03 -9.231835453755371e-04 -1.007694215014876e+00
15 23 -1.000283406757940e+00 -1.894540985869459e-03 -9.232980273131122e-04 -1.007695248665347e+00
15 24 -1.000283294329080e+00 -1.894383721308533e-03 -9.233430766745635e-04 -1.007696003046751e+00
15 25 -1.000283219047662e+00 -1.894324347238160e-03 -9.233149037603662e-04 -1.007696448162972e+00
15 26 -1.000283183763529e+00 -1.894365527467811e-03 -9.232128895348217e-04 -1.007696566272352e+00
15 27 -1.000283189699967e+00 -1.894505883616001e-03 -9.230398756975043e-04 -1.007696352677522e+00
15 28 -1.000283236425991e+00 -1.894740016158209e-03 -9.228022206907636e-04 -1.007695815933209e+00
15 29 -1.000283321903999e+00 -1.895058714801669e-03 -9.225095940668012e-04 -1.007694977459153e+00
15 30 -1.000283442605983e+00 -1.895449348665223e-03 -9.221745130233354e-04 -1.007693870585097e+00
15 31 -1.000283593687570e+00 -1.895896414233704e-03 -9.218116563462160e-04 -1.007692539089158e+00
16 0 -1.000283688654387e+00 -1.896645849532462e-03 -9.199936952521447e-04 -1.007690802384744e+00
16 1 -1.000283882006490e+00 -1.897151174704566e-03 -9.196251372540858e-04 -1.007689184013423e+00
16 2 -1.000284085899345e+00 -1.897657001694030e-03 -9.192762768258713e-04 -1.007687512698539e+00
16 3 -1.000284292641237e+00 -1.898143712261957e-03 -9.189615293033710e-04 -1.007685852757449e+00
16 4 -1.000284494497418e+00 -1.898592616159370e-03 -9.186932554934324e-04 -1.007684267610904e+00
16 5 -1.000284683953982e+00 -1.898986664009747e-03 -9.184812559828957e-04 -1.007682817411495e+00
16 6 -1.000284853968467e+00 -1.899311070179899e-03 -9.183324769297253e-04 -1.007681556853302e+00
16 7 -1.000284998203785e+00 -1.899553827271018e-03 -9.182509241643486e-04 -1.007680533226595e+00
16 8 -1.000285111242166e+00 -1.899706100411286e-03 -9.182377618114136e-04 -1.007679784769034e+00
16 9 -1.000285188775169e+00 -1.899762495174803e-03 -9.182915562985539e-04 -1.007679339354264e+00
16 10 -1.000285227764880e+00 -1.899721198173771e-03 -9.184086166129040e-04 -1.007679213548260e+00
16 11 -1.000285226570520e+00 -1.899583994253629e-03 -9.185833774980472e-04 -1.007679412052216e+00
16 12 -1.000285185034028e+00 -1.899356167768007e-03 -9.188087754607046e-04 -1.007679927540849e+00
16 13 -1.000285104517667e+00 -1.899046296680791e-03 -9.190765783751410e-04 -1.007680740898885e+00
16 14 -1.000284987887043e+00 -1.898665947839160e-03 -9.193776458759615e-04 -1.007681821854400e+00
16 15 -1.000284839434652e+00 -1.898229281412042e-03 -9.197021162054901e-04 -1.007683130000665e+00
16 16 -1.000284664742136e+00 -1.897752573131424e-03 -9.200395334177197e-04 -1.007684616186358e+00
16 17 -1.000284470483165e+00 -1.897253664034302e-03 -9.203789452276133e-04 -1.007686224240633e+00
16 18 -1.000284264172482e+00 -1.896751348260600e-03 -9.207090134196650e-04 -1.007687892988267e+00
16 19 -1.000284053869998e+00 -1.896264710866061e-03 -9.210181816505466e-04 -1.007689558499831e+00
16 20 -1.000283847852120e+00 -1.895812430869653e-03 -9.212949377140773e-04 -1.007691156508810e+00
16 21 -1.000283654265491e+00 -1.895412069867650e-03 -9.215281905952512e-04 -1.007692624911584e+00
16 22 -1.000283480780434e+00 -1.895079371956068e-03 -9.217077605280607e-04 -1.007693906251515e+00
16 23 -1.000283334262037e+00 -1.894827604947803e-03 -9.218249558538952e-04 -1.007694950079389e+00
16 24 -1.000283220476208e+00 -1.894666975633016e-03 -9.218731866787116e-04 -1.007695715079138e+00
16 25 -1.000283143846394e+00 -1.894604153025797e-03 -9.218485467146480e-04 -1.007696170849062e+00
16 26 -1.000283107274051e+00 -1.894641932119172e-03 -9.217502866810833e-04 -1.007696299236736e+00
16 27 -1.000283112032028e+00 -1.894779065170880e-03 -9.215811081294617e-04 -1.007696095144592e+00
16 28 -1.000283157734956e+00 -1.895010277707091e-03 -9.213472241704900e-04 -1.007695566754052e+00
16 29 -1.000283242385061e+00 -1.895326473714654e-03 -9.210581595505053e-04 -1.007694735154544e+00
16 30 -1.000283362486718e+00 -1.895715120989610e-03 -9.207262931254230e-04 -1.007693633402871e+00
16 31 -1.000283513219162e+00 -1.896160795028919e-03 -9.203661771935335e-04 -1.007692305073152e+00
17 0 -1.000283567282167e+00 -1.896853334173561e-03 -9.187632964451432e-04 -1.007690697320794e+00
17 1 -1.000283760596877e+00 -1.897358110482141e-03 -9.183963618084319e-04 -1.007689079488777e+00
17 2 -1.000283964734014e+00 -1.897864098965107e-03 -9.180483641711102e-04 -1.007687406503114e+00
17 3 -1.000284171992555e+00 -1.898351675190405e-03 -9.177336820583281e-04 -1.007685742750590e+00
17 4 -1.000284374617955e+00 -1.898802114935854e-03 -9.174646714225376e-04 -1.007684151804741e+00
17 5 -1.000284565066720e+00 -1.899198308377544e-03 -9.172511603085598e-04 -1.007682694047986e+00
17 6 -1.000284736258122e+00 -1.899525385323119e-03 -9.171001539780656e-04 -1.007681424471909e+00
17 7 -1.000284881809646e+00 -1.899771233246291e-03 -9.170157469816835e-04 -1.007680390719330e+00
17 8 -1.000284996252731e+00 -1.899926896115492e-03 -9.169992179515126e-04 -1.007679631420631e+00
17 9 -1.000285075224743e+00 -1.899986847422757e-03 -9.170492681329633e-04 -1.007679174866625e+00
17 10 -1.000285115632277e+00 -1.899949136137043e-03 -9.171623553145173e-04 -1.007679038048918e+00
17 11 -1.000285115779981e+00 -1.899815409336860e-03 -9.173330706460044e-04 -1.007679226086708e+00
17 12 -1.000285075458315e+00 -1.899590818776939e-03 -9.175545084421595e-04 -1.007679732049562e+00
17 13 -1.000284995983056e+00 -1.899283819863140e-03 -9.178185895674203e-04 -1.007680537180030e+00
17 14 -1.000284880179977e+00 -1.898905871268714e-03 -9.181163156108945e-04 -1.007681611514979e+00
17 15 -1.000284732309887e+00 -1.898471043233333e-03 -9.184379500625652e-04 -1.007682914896719e+00
17 16 -1.000284557932218e+00 -1.897995543083656e-03 -9.187731410853283e-04 -1.007684398353784e+00
17 17 -1.000284363708817e+00 -1.897497167336765e-03 -9.191110163915131e-04 -1.007686005819155e+00
17 18 -1.000284157153307e+00 -1.896994690738617e-03 -9.194402917521668e-04 -1.007687676142129e+00
17 19 -1.000283946335038e+00 -1.896507204426449e-03 -9.197494374893774e-04 -1.007689345338171e+00
17 20 -1.000283739550031e+00 -1.896053418791115e-03 -9.200269399905322e-04 -1.007690949007337e+00
17 21 -1.000283544974145e+00 -1.895650951326764e-03 -9.202616789582961e-04 -1.007692424837296e+00
17 22 -1.000283370315531e+00 -1.895315624818120e-03 -9.204434188482401e-04 -1.007693715093625e+00
17 23 -1.000283222484222e+00 -1.895060805714892e-03 -9.205633879906888e-04 -1.007694768990250e+00
17 24 -1.000283107296381e+00 -1.894896815812348e-03 -9.206148948534000e-04 -1.007695544827745e+00
17 25 -1.000283029229156e+00 -1.894830451562463e-03 -9.205939126912997e-04 -1.007696011788328e+00
17 26 -1.000282991239215e+00 -1.894864643435451e-03 -9.204995564050681e-04 -1.007696151285902e+00
17 27 -1.000282994654036e+00 -1.894998282057370e-03 -9.203343809489468e-04 -1.007695957788959e+00
17 28 -1.000283039140047e+00 -1.895226228488550e-03 -9.201044476182295e-04 -1.007695439063498e+00
17 29 -1.000283122746329e+00 -1.895539513805942e-03 -9.198191299503590e-04 -1.007694615819895e+00
17 30 -1.000283242017402e+00 -1.895925719491343e-03 -9.194906617287805e-04 -1.007693520787516e+00
17 31 -1.000283392164480e+00 -1.896369516971916e-03 -9.191334616312487e-04 -1.007692197277365e+00
18 0 -1.000283409668925e+00 -1.896996922273962e-03 -9.177928285512416e-04 -1.007690723509564e+00
18 1 -1.000283602727105e+00 -1.897500683190873e-03 -9.174275878507444e-04 -1.007689107769976e+00
18 2 -1.000283806898705e+00 -1.898006364631663e-03 -9.170805254912261e-04 -1.007687434624809e+00
18 3 -1.000284014481421e+00 -1.898494353645507e-03 -9.167659805087005e-04 -1.007685768473195e+00
18 4 -1.000284217708440e+00 -1.898945909398721e-03 -9.164963010223199e-04 -1.007684172987272e+00
18 5 -1.000284409013426e+00 -1.899343877990431e-03 -9.162813398102846e-04 -1.007682708729918e+00
18 6 -1.000284581283032e+00 -1.899673319433489e-03 -9.161281589425447e-04 -1.007681430947540e+00
18 7 -1.000284728093545e+00 -1.899922028653802e-03 -9.160409395492314e-04 -1.007680387601455e+00
18 8 -1.000284843928210e+00 -1.900080938256269e-03 -9.160210725826966e-04 -1.007679617691151e+00
18 9 -1.000284924371055e+00 -1.900144396072274e-03 -9.160673921697654e-04 -1.007679149912906e+00
18 10 -1.000284966272211e+00 -1.900110316003221e-03 -9.161765038076976e-04 -1.007679001685138e+00
18 11 -1.000284967878916e+00 -1.899980205855321e-03 -9.163431551150915e-04 -1.007679178559516e+00
18 12 -1.000284928925449e+00 -1.899759079252550e-03 -9.165605991893776e-04 -1.007679674027887e+00
18 13 -1.000284850674781e+00 -1.899455259806877e-03 -9.168209112977651e-04 -1.007680469729729e+00
18 14 -1.000284735905291e+00 -1.899080085579133e-03 -9.171152366552011e-04 -1.007681536059384e+00
18 15 -1.000284588837736e+00 -1.898647521811055e-03 -9.174339661820806e-04 -1.007682833164032e+00
18 16 -1.000284415000513e+00 -1.898173690328397e-03 -9.177668551388133e-04 -1.007684312312672e+00
18 17 -1.000284221034679e+00 -1.897676324697166e-03 -9.181031148981396e-04 -1.007685917605095e+00
18 18 -1.000284014444001e+00 -1.897174161334787e-03 -9.184315189883088e-04 -1.007687587977789e+00
18 19 -1.000283803299187e+00 -1.896686278917521e-03 -9.187405677450067e-04 -1.007689259450576e+00
18 20 -1.000283595908815e+00 -1.896231401846021e-03 -9.190187489976952e-04 -1.007690867543807e+00
18 21 -1.000283400472142e+00 -1.895827187930005e-03 -9.192549157562187e-04 -1.007692349782537e+00
18 22 -1.000283224730660e+00 -1.895489525335847e-03 -9.194387790620624e-04 -1.007693648191625e+00
18 23 -1.000283075636284e+00 -1.895231868605103e-03 -9.195614889616246e-04 -1.007694711674976e+00
18 24 -1.000282959053905e+00 -1.895064647161461e-03 -9.196162529258546e-04 -1.007695498165510e+00
18 25 -1.000282879514407e+00 -1.894994780844541e-03 -9.195989234106632e-04 -1.007695976433712e+00
18 26 -1.000282840031219e+00 -1.895025334768164e-03 -9.195084788210491e-04 -1.007696127453322e+00
18 27 -1.000282841989351e+00 -1.895155340126232e-03 -9.193473270241125e-04 -1.007695945242371e+00
18 28 -1.000282885111154e+00 -1.895379798669435e-03 -9.191213770497183e-04 -1.007695437125542e+00
18 29 -1.000282967497817e+00 -1.895689876654649e-03 -9.188398502641361e-04 -1.007694623399533e+00
18 30 -1.000283085740293e+00 -1.896073280100512e-03 -9.185148336896276e-04 -1.007693536423797e+00
18 31 -1.000283235088972e+00 -1.896514789572275e-03 -9.181606103718693e-04 -1.007692219197286e+00
19 0 -1.000283221728862e+00 -1.897071275852821e-03 -9.171189395634375e-04 -1.007690879781514e+00
19 1 -1.000283414321802e+00 -1.897573594690929e-03 -9.167553977881261e-04 -1.007689267604601e+00
19 2 -1.000283618317492e+00 -1.898078513854355e-03 -9.164093043062787e-04 -1.007687595812842e+00
19 3 -1.000283826020408e+00 -1.898566449072736e-03 -9.160949574195364e-04 -1.007685928760327e+00
19 4 -1.000284029659414e+00 -1.899018660691754e-03 -9.158246953495105e-04 -1.007684330160357e+00
19 5 -1.000284221652878e+00 -1.899417968594794e-03 -9.156083927765217e-04 -1.007682860700434e+00
19 6 -1.000284394861667e+00 -1.899749380406228e-03 -9.154531645328091e-04 -1.007681575829406e+00
19 7 -1.000284542826675e+00 -1.900000614681413e-03 -9.153632728212443e-04 -1.007680523780744e+00
19 8 -1.000284659987420e+00 -1.900162506671735e-03 -9.153402144314978e-04 -1.007679743885513e+00
19 9 -1.000284741877482e+00 -1.900229289586211e-03 -9.153829498234024e-04 -1.007679265218760e+00
19 10 -1.000284785291680e+00 -1.900198749797729e-03 -9.154882261720517e-04 -1.007679105611105e+00
19 11 -1.000284788419101e+00 -1.900072259558637e-03 -9.156509420129327e-04 -1.007679271045018e+00
19 12 -1.000284750935225e+00 -1.899854694098756e-03 -9.158645039595868e-04 -1.007679755446215e+00
19 13 -1.000284674045908e+00 -1.899554241051221e-03 -9.161211369453270e-04 -1.007680540875219e+00
19 14 -1.000284560476457e+00 -1.899182110037177e-03 -9.164121262666966e-04 -1.007681598118804e+00
19 15 -1.000284414400809e+00 -1.898752150208156e-03 -9.167279884057516e-04 -1.007682887673004e+00
19 16 -1.000284241308674e+00 -1.898280383966282e-03 -9.170585853784783e-04 -1.007684361098742e+00
19 17 -1.000284047812067e+00 -1.897784465790685e-03 -9.173932128367629e-04 -1.007685962719589e+00
19 18 -1.000283841396512e+00 -1.897283076276271e-03 -9.177207032715793e-04 -1.007687631618807e+00
19 19 -1.000283630126021e+00 -1.896795263672965e-03 -9.180295889351728e-04 -1.007689303879632e+00
19 20 -1.000283422314316e+00 -1.896339748631394e-03 -9.183083619544510e-04 -1.007690914998929e+00
19 21 -1.000283226177371e+00 -1.895934212242559e-03 -9.185458523217907e-04 -1.007692402391065e+00
19 22 -1.000283049484225e+00 -1.895594592347930e-03 -9.187317215920229e-04 -1.007693707886264e+00
19 23 -1.000282899224019e+00 -1.895334417887472e-03 -9.188570452405059e-04 -1.007694780116665e+00
19 24 -1.000282781307058e+00 -1.895164214697214e-03 -9.189149333683001e-04 -1.007695576676568e+00
19 25 -1.000282700316030e+00 -1.895091017350721e-03 -9.189011217174359e-04 -1.007696065944359e+00
19 26 -1.000282659320466e+00 -1.895118019500516e-03 -9.188144570021908e-04 -1.007696228464181e+00
19 27 -1.000282659763507e+00 -1.895244389594936e-03 -9.186572051034106e-04 -1.007696057804748e+00
19 28 -1.000282701425401e+00 -1.895465269960718e-03 -9.184351274663101e-04 -1.007695560840255e+00
19 29 -1.000282782462833e+00 -1.895771965263555e-03 -9.181572972622056e-04 -1.007694757434067e+00
19 30 -1.000282899517874e+00 -1.896152312350467e-03 -9.178356583279432e-04 -1.007693679546682e+00
19 31 -1.000283047885830e+00 -1.896591209894361e-03 -9.174843615330179e-04 -1.007692369827955e+00
20 0 -1.000283010506027e+00 -1.897073637271751e-03 -9.167666071773423e-04 -1.007691160483626e+00
20 1 -1.000283202442550e+00 -1.897574141561008e-03 -9.164047078826701e-04 -1.007689553206625e+00
20 2 -1.000283406058540e+00 -1.898077871832534e-03 -9.160595809352926e-04 -1.007687884231616e+00
20 3 -1.000283613673064e+00 -1.898565288499645e-03 -9.157454847929071e-04 -1.007686217812023e+00
20 4 -1.000283817518763e+00 -1.899017670827388e-03 -9.154747466304174e-04 -1.007684617643106e+00
20 5 -1.000284010006809e+00 -1.899417831442382e-03 -9.152572593530242e-04 -1.007683144476139e+00
20 6 -1.000284183980121e+00 -1.899750745090861e-03 -9.151001841345389e-04 -1.007681853902143e+00
20 7 -1.000284332951416e+00 -1.900004073067082e-03 -9.150078555566394e-04 -1.007680794369980e+00
20 8 -1.000284451322667e+00 -1.900168570898308e-03 -9.149818661860310e-04 -1.007680005492228e+00
20 9 -1.000284534581776e+00 -1.900238372421322e-03 -9.150212920913371e-04 -1.007679516681981e+00
20 10 -1.000284579471368e+00 -1.900211148755087e-03 -9.151230109492878e-04 -1.007679346152330e+00
20 11 -1.000284584123763e+00 -1.900088145471722e-03 -9.152820607011379e-04 -1.007679500298822e+00
20 12 -1.000284548155280e+00 -1.899874104491962e-03 -9.154919902118693e-04 -1.007679973476029e+00
20 13 -1.000284472712610e+00 -1.899577078482544e-03 -9.157451640800676e-04 -1.007680748173418e+00
20 14 -1.000284360464349e+00 -1.899208145541773e-03 -9.160329997435587e-04 -1.007681795590431e+00
20 15 -1.000284215532541e+00 -1.898781031824030e-03 -9.163461334196582e-04 -1.007683076603274e+00
20 16 -1.000284043361962e+00 -1.898311650032740e-03 -9.166745297251794e-04 -1.007684543105608e+00
20 17 -1.000283850528482e+00 -1.897817562453901e-03 -9.170075658846104e-04 -1.007686139693227e+00
20 18 -1.000283644491778e+00 -1.897317378527563e-03 -9.173341323875585e-04 -1.007687805650015e+00
20 19 -1.000283433301395e+00 -1.896830099199809e-03 -9.176427945283100e-04 -1.007689477179387e+00
20 20 -1.000283225268500e+00 -1.896374423664845e-03 -9.179220517513836e-04 -1.007691089812099e+00
20 21 -1.000283028618409e+00 -1.895968038448041e-03 -9.181607152868582e-04 -1.007692580907865e+00
20 22 -1.000282851140897e+00 -1.895626913694510e-03 -9.183484022500714e-04 -1.007693892155199e+00
20 23 -1.000282699856325e+00 -1.895364636360050e-03 -9.184761195842379e-04 -1.007694971962683e+00
20 24 -1.000282580715382e+00 -1.895191813704823e-03 -9.185368875106916e-04 -1.007695777628100e+00
20 25 -1.000282498348573e+00 -1.895115581805793e-03 -9.185263339844256e-04 -1.007696277172785e+00
20 26 -1.000282455878657e+00 -1.895139251810980e-03 -9.184431837096776e-04 -1.007696450738344e+00
20 27 -1.000282454805313e+00 -1.895262121074397e-03 -9.182895702256264e-04 -1.007696291462030e+00
20 28 -1.000282494966543e+00 -1.895479467271592e-03 -9.180711167203786e-04 -1.007695805774996e+00
20 29 -1.000282574575915e+00 -1.895782731548417e-03 -9.177967573503000e-04 -1.007695013103753e+00
20 30 -1.000282690329414e+00 -1.896159882910101e-03 -9.174783018033078e-04 -1.007693944995713e+00
20 31 -1.000282837571308e+00 -1.896595942666673e-03 -9.171297771047768e-04 -1.007692643727595e+00
21 0 -1.000282783930917e+00 -1.897003920534179e-03 -9.167483167793727e-04 -1.007691555642053e+00
21 1 -1.000282975043810e+00 -1.897502304334564e-03 -9.163879481991772e-04 -1.007689954424060e+00
21 2 -1.000283178089778e+00 -1.898004461839181e-03 -9.160437544830552e-04 -1.007688289630206e+00
21 3 -1.000283385409728e+00 -1.898490912452772e-03 -9.157299570246927e-04 -1.007686625361242e+00
21 4 -1.000283589248084e+00 -1.898942971604061e-03 -9.154588709588238e-04 -1.007685025235137e+00
21 5 -1.000283782017295e+00 -1.899343464177624e-03 -9.152404023724572e-04 -1.007683550002890e+00
21 6 -1.000283956550926e+00 -1.899677352910818e-03 -9.150817502409184e-04 -1.007682255331735e+00
21 7 -1.000284106341830e+00 -1.899932263042896e-03 -9.149873103573207e-04 -1.007681189821127e+00
21 8 -1.000284225761999e+00 -1.900098890935824e-03 -9.149587578340418e-04 -1.007680393304641e+00
21 9 -1.000284310260086e+00 -1.900171290084392e-03 -9.149952692857887e-04 -1.007679895479963e+00
21 10 -1.000284356531571e+00 -1.900147033083166e-03 -9.150938364159780e-04 -1.007679714898458e+00
21 11 -1.000284362655545e+00 -1.900027252559500e-03 -9.152496196572136e-04 -1.007679858335369e+00
21 12 -1.000284328191109e+00 -1.899816567245376e-03 -9.154562940359559e-04 -1.007680320552788e+00
21 13 -1.000284254226008e+00 -1.899522900878346e-03 -9.157063494810748e-04 -1.007681084460778e+00
21 14 -1.000284143370576e+00 -1.899157201801813e-03 -9.159913232788513e-04 -1.007682121676352e+00
21 15 -1.000283999691789e+00 -1.898733070800565e-03 -9.163019610894582e-04 -1.007683393473364e+00
21 16 -1.000283828584933e+00 -1.898266304683007e-03 -9.166283220071664e-04 -1.007684852106848e+00
21 17 -1.000283636584076e+00 -1.897774363878400e-03 -9.169598593709607e-04 -1.007686442483063e+00
21 18 -1.000283431116466e+00 -1.897275773947913e-03 -9.172855192567961e-04 -1.007688104132819e+00
21 19 -1.000283220209876e+00 -1.896789473324539e-03 -9.175939004519799e-04 -1.007689773432221e+00
21 20 -1.000283012165204e+00 -1.896334122789120e-03 -9.178735124378618e-04 -1.007691386002349e+00
21 21 -1.000282815209327e+00 -1.895927396294680e-03 -9.181131522942328e-04 -1.007692879206387e+00
21 22 -1.000282637145190e+00 -1.895585277726713e-03 -9.183023994011291e-04 -1.007694194649306e+00
21 23 -1.000282485017193e+00 -1.895321393326904e-03 -9.184322013376053e-04 -1.007695280573013e+00
21 24 -1.000282364809748e+00 -1.895146413419350e-03 -9.184954999112065e-04 -1.007696094032848e+00
21 25 -1.000282281195248e+00 -1.895067558343357e-03 -9.184878282131665e-04 -1.007696602742255e+00
21 26 -1.000282237344785e+00 -1.895088241369907e-03 -9.184078024369422e-04 -1.007696786482462e+00
21 27 -1.000282234810949e+00 -1.895207875783267e-03 -9.182574375616675e-04 -1.007696637992812e+00
21 28 -1.000282273487269e+00 -1.895421864369087e-03 -9.180422327130165e-04 -1.007696163285229e+00
21 29 -1.000282351643415e+00 -1.895721777588642e-03 -9.177709974605877e-04 -1.007695381362496e+00
21 30 -1.000282466029973e+00 -1.896095712900492e-03 -9.174554211637752e-04 -1.007694323360555e+00
21 31 -1.000282612042355e+00 -1.896528814289561e-03 -9.171094191975077e-04 -1.007693031172745e+00
22 0 -1.000282550544440e+00 -1.896864714673511e-03 -9.170637401069950e-04 -1.007692051219924e+00
22 1 -1.000282740696153e+00 -1.897360748582460e-03 -9.167047431739416e-04 -1.007690457002495e+00
22 2 -1.000282943001739e+00 -1.897861004971004e-03 -9.163614244840878e-04 -1.007688797608451e+00
22 3 -1.000283149830446e+00 -1.898346074568053e-03 -9.160479719070740e-04 -1.007687136938947e+00
22 4 -1.000283353446157e+00 -1.898797325116547e-03 -9.157766871968150e-04 -1.007685538477556e+00
22 5 -1.000283546271157e+00 -1.899197612986856e-03 -9.155574836918214e-04 -1.007684062910314e+00
22 6 -1.000283721138667e+00 -1.899531910262487e-03 -9.153975883350373e-04 -1.007682765911551e+00
22 7 -1.000283871530672e+00 -1.899787828662100e-03 -9.153014448477744e-04 -1.007681696160944e+00
22 8 -1.000283991797796e+00 -1.899956028218482e-03 -9.152707943253851e-04 -1.007680893644276e+00
22 9 -1.000284077357349e+00 -1.900030504319553e-03 -9.153048945492862e-04 -1.007680388279325e+00
22 10 -1.000284124864588e+00 -1.900008751670374e-03 -9.154008302424720e-04 -1.007680198898216e+00
22 11 -1.000284132351013e+00 -1.899891807994766e-03 -9.155538632546925e-04 -1.007680332607884e+00
22 12 -1.000284099322597e+00 -1.899684183496192e-03 -9.157577747633434e-04 -1.007680784541392e+00
22 13 -1.000284026810513e+00 -1.899393683778460e-03 -9.160051614727681e-04 -1.007681538005471e+00
22 14 -1.000283917367469e+00 -1.899031134103119e-03 -9.162876636028192e-04 -1.007682565023962e+00
22 15 -1.000283775004312e+00 -1.898610012288163e-03 -9.165961216143695e-04 -1.007683827270857e+00
22 16 -1.000283605064191e+00 -1.898145997344314e-03 -9.169206777025042e-04 -1.007685277377862e+00
22 17 -1.000283414035236e+00 -1.897656441814643e-03 -9.172508538279227e-04 -1.007686860588813e+00
22 18 -1.000283209306820e+00 -1.897159777653679e-03 -9.175756478534417e-04 -1.007688516718870e+00
22 19 -1.000282998878411e+00 -1.896674867913789e-03 -9.178836913880729e-04 -1.007690182362898e+00
22 20 -1.000282791033298e+00 -1.896220319471471e-03 -9.181635062305418e-04 -1.007691793285330e+00
22 21 -1.000282593992055e+00 -1.895813776019188e-03 -9.184038808983775e-04 -1.007693286911233e+00
22 22 -1.000282415562655e+00 -1.895471215751934e-03 -9.185943661878806e-04 -1.007694604824177e+00
22 23 -1.000282262805314e+00 -1.895206283649579e-03 -9.187258625878574e-04 -1.007695695163417e+00
22 24 -1.000282141730119e+00 -1.895029692234100e-03 -9.187912479218532e-04 -1.007696514805514e+00
22 25 -1.000282057043823e+00 -1.894948725746282e-03 -9.187859762239064e-04 -1.007697031216899e+00
22 26 -1.000282011959172e+00 -1.894966880429235e-03 -9.187085721589393e-04 -1.007697223874132e+00
22 27 -1.000282008076089e+00 -1.895083668139482e-03 -9.185609503192010e-04 -1.007697085167150e+00
22 28 -1.000282045339300e+00 -1.895294601774359e-03 -9.183485047268720e-04 -1.007696620728234e+00
22 29 -1.000282122071612e+00 -1.895591369081535e-03 -9.180799391362857e-04 -1.007695849165539e+00
22 30 -1.000282235076788e+00 -1.895962187487144e-03 -9.177668401096319e-04 -1.007694801220730e+00
22 31 -1.000282379801639e+00 -1.896392319113046e-03 -9.174230270552681e-04 -1.007693518407990e+00
23 0 -1.000282319195384e+00 -1.896661198675257e-03 -9.176999042414986e-04 -1.007692629480233e+00
23 1 -1.000282508282925e+00 -1.897154737690378e-03 -9.173420810855966e-04 -1.007691042953727e+00
23 2 -1.000282709703811e+00 -1.897652831703534e-03 -9.169995593120636e-04 -1.007689389988529e+00
23 3 -1.000282915861222e+00 -1.898136152772415e-03 -9.166864969276283e-04 -1.007687734245839e+00
23 4 -1.000283119045587e+00 -1.898586135295707e-03 -9.164151809472635e-04 -1.007686139022253e+00
23 5 -1.000283311697275e+00 -1.898985685183062e-03 -9.161955258739689e-04 -1.007684664876345e+00
23 6 -1.000283486658153e+00 -1.899319804888437e-03 -9.160347758362595e-04 -1.007683367419992e+00
23 7 -1.000283637408696e+00 -1.899576115778550e-03 -9.159374070009013e-04 -1.007682295339462e+00
23 8 -1.000283758287579e+00 -1.899745265964126e-03 -9.159052067446372e-04 -1.007681488697828e+00
23 9 -1.000283844689960e+00 -1.899821217343178e-03 -9.159374912962119e-04 -1.007680977559576e+00
23 10 -1.000283893239426e+00 -1.899801410409965e-03 -9.160314142118908e-04 -1.007680780968921e+00
23 11 -1.000283901927353e+00 -1.899686809619105e-03 -9.161823143599038e-04 -1.007680906303728e+00
23 12 -1.000283870212632e+00 -1.899481835388535e-03 -9.163840551477434e-04 -1.007681349017571e+00
23 13 -1.000283799074357e+00 -1.899194190480523e-03 -9.166293171259182e-04 -1.007682092775072e+00
23 14 -1.000283691010468e+00 -1.898834588461484e-03 -9.169098224069923e-04 -1.007683109980732e+00
23 15 -1.000283549976794e+00 -1.898416391210984e-03 -9.172164883641949e-04 -1.007684362696085e+00
23 16 -1.000283381263615e+00 -1.897955162332998e-03 -9.175395265217678e-04 -1.007685803930988e+00
23 17 -1.000283191310595e+00 -1.897468144348238e-03 -9.178685179467073e-04 -1.007687379281816e+00
23 18 -1.000282987465124e+00 -1.896973669345745e-03 -9.181925066641166e-04 -1.007689028875111e+00
23 19 -1.000282777692914e+00 -1.896490514975060e-03 -9.185001553043899e-04 -1.007690689562311e+00
23 20 -1.000282570253003e+00 -1.896037220598717e-03 -9.187800004845381e-04 -1.007692297299087e+00
23 21 -1.000282373351976e+00 -1.895631382702104e-03 -9.190208293093852e-04 -1.007693789629396e+00
23 22 -1.000282194794319e+00 -1.895288954127881e-03 -9.192121752849914e-04 -1.007695108179585e+00
23 23 -1.000282041647090e+00 -1.895023577127388e-03 -9.193449061058720e-04 -1.007696201054887e+00
23 24 -1.000281919937007e+00 -1.894845983999124e-03 -9.194118520591483e-04 -1.007697025023595e+00
23 25 -1.000281834396389e+00 -1.894763500150432e-03 -9.194084066276816e-04 -1.007697547375333e+00
23 26 -1.000281788271372e+00 -1.894779682383129e-03 -9.193330236105908e-04 -1.007697747349546e+00
23 27 -1.000281783201769e+00 -1.894894119868408e-03 -9.191875394943006e-04 -1.007697617048903e+00
23 28 -1.000281819177152e+00 -1.895102416439763e-03 -9.189772658993124e-04 -1.007697161780057e+00
23 29 -1.000281894568481e+00 -1.895396360796314e-03 -9.187108227804400e-04 -1.007696399800347e+00
23 30 -1.000282006229285e+00 -1.895764277374053e-03 -9.183997147190048e-04 -1.007695361489196e+00
23 31 -1.000282149656121e+00 -1.896191537342317e-03 -9.180576844887189e-04 -1.007694088000397e+00
24 0 -1.000282098718992e+00 -1.896400968917389e-03 -9.186318205116839e-04 -1.007693269466918e+00
24 1 -1.000282286677945e+00 -1.896891958261435e-03 -9.182749416076513e-04 -1.007691691043033e+00
24 2 -1.000282487101434e+00 -1.897387705915578e-03 -9.179331214121636e-04 -1.007690045306168e+00
24 3 -1.000282692431024e+00 -1.897868972391644e-03 -9.176204923111803e-04 -1.007688395645597e+00
24 4 -1.000282894989849e+00 -1.898317270652581e-03 -9.173493256988019e-04 -1.007686805125007e+00
24 5 -1.000283087243903e+00 -1.898715572385817e-03 -9.171295309833773e-04 -1.007685334117658e+00
24 6 -1.000283262052335e+00 -1.899048930414970e-03 -9.169683575329006e-04 -1.007684038105553e+00
24 7 -1.000283412903585e+00 -1.899304998766848e-03 -9.168702966009782e-04 -1.007682965707108e+00
24 8 -1.000283534134389e+00 -1.899474438698531e-03 -9.168371601409603e-04 -1.007682156984063e+00
24 9 -1.000283621127884e+00 -1.899551204617794e-03 -9.168682981684821e-04 -1.007681642068081e+00
24 10 -1.000283670485738e+00 -1.899532708574172e-03 -9.169609065687267e-04 -1.007681440138530e+00
24 11 -1.000283680168166e+00 -1.899419866236048e-03 -9.171103736417891e-04 -1.007681558773036e+00
24 12 -1.000283649594844e+00 -1.899217030550516e-03 -9.173106172384982e-04 -1.007681993682764e+00
24 13 -1.000283579699328e+00 -1.898931820781015e-03 -9.175543751314016e-04 -1.007682728837565e+00
24 14 -1.000283472929746e+00 -1.898574854399096e-03 -9.178334274261536e-04 -1.007683736982087e+00
24 15 -1.000283333190029e+00 -1.898159388596372e-03 -9.181387483232034e-04 -1.007684980538592e+00
24 16 -1.000283165718743e+00 -1.897700878204393e-03 -9.184606027314097e-04 -1.007686412882640e+00
24 17 -1.000282976906350e+00 -1.897216457774481e-03 -9.187886190230706e-04 -1.007687979964788e+00
24 18 -1.000282774055756e+00 -1.896724357078426e-03 -9.191118800438226e-04 -1.007689622238173e+00
24 19 -1.000282565094746e+00 -1.896243261376159e-03 -9.194190772155743e-04 -1.007691276839394e+00
24 20 -1.000282358252309e+00 -1.895791631040829e-03 -9.196987651953895e-04 -1.007692879957030e+00
24 21 -1.000282161713743e+00 -1.895386999794718e-03 -9.199397378599279e-04 -1.007694369307471e+00
24 22 -1.000281983271564e+00 -1.895045276252561e-03 -9.201315235600954e-04 -1.007695686623003e+00
24 23 -1.000281829990404e+00 -1.894780078547059e-03 -9.202649725467722e-04 -1.007696780045051e+00
24 24 -1.000281707903921e+00 -1.894602135490149e-03 -9.203328860137009e-04 -1.007697606308607e+00
24 25 -1.000281621760183e+00 -1.894518789142021e-03 -9.203306183977093e-04 -1.007698132603894e+00
24 26 -1.000281574829093e+00 -1.894533631951877e-03 -9.202565765731924e-04 -1.007698338010251e+00
24 27 -1.000281568781285e+00 -1.894646306155786e-03 -9.201125440967859e-04 -1.007698214416372e+00
24 28 -1.000281603643083e+00 -1.894852483924324e-03 -9.199037755039562e-04 -1.007697766869796e+00
24 29 -1.000281677826795e+00 -1.895144034721430e-03 -9.196388318627803e-04 -1.007697013334332e+00
24 30 -1.000281788230466e+00 -1.895509372892032e-03 -9.193291599173457e-04 -1.007695983873057e+00
24 31 -1.000281930396893e+00 -1.895933965408797e-03 -9.189884482981170e-04 -1.007694719311672e+00
25 0 -1.000281897606124e+00 -1.896093781799480e-03 -9.198235280583932e-04 -1.007693947616243e+00
25 1 -1.000282084413613e+00 -1.896582260336911e-03 -9.194673376852558e-04 -1.007692377408330e+00
25 2 -1.000282283763419e+00 -1.897075563102846e-03 -9.191261074959593e-04 -1.007690739435794e+00
25 3 -1.000282488138521e+00 -1.897554542815308e-03 -9.188139496307300e-04 -1.007689096794159e+00
25 4 -1.000282689899666e+00 -1.898000800033826e-03 -9.185431193670840e-04 -1.007687512276762e+00
25 5 -1.000282881545042e+00 -1.898397386172609e-03 -9.183235141997627e-04 -1.007686046020332e+00
25 6 -1.000283055959146e+00 -1.898729422725446e-03 -9.181623758112648e-04 -1.007684753314003e+00
25 7 -1.000283206647705e+00 -1.898984618320260e-03 -9.180641923632716e-04 -1.007683682635768e+00
25 8 -1.000283327955736e+00 -1.899153672050550e-03 -9.180307779756168e-04 -1.007682873966726e+00
25 9 -1.000283415264961e+00 -1.899230557207609e-03 -9.180614906157762e-04 -1.007682357423195e+00
25 10 -1.000283465165693e+00 -1.899212684352415e-03 -9.181535399154372e-04 -1.007682152237441e+00
25 11 -1.000283475597146e+00 -1.899100946884194e-03 -9.183023332743552e-04 -1.007682266107769e+00
25 12 -1.000283445949237e+00 -1.898899655361118e-03 -9.185018124928649e-04 -1.007682694929661e+00
25 13 -1.000283377118310e+00 -1.898616368150371e-03 -9.187447437548807e-04 -1.007683422913610e+00
25 14 -1.000283271509460e+00 -1.898261625800742e-03 -9.190229394229031e-04 -1.007684423091215e+00
25 15 -1.000283132979685e+00 -1.897848595945473e-03 -9.193274084611993e-04 -1.007685658205368e+00
25 16 -1.000282966718930e+00 -1.897392635454544e-03 -9.196484510177227e-04 -1.007687081970950e+00
25 17 -1.000282779069671e+00 -1.896910777166912e-03 -9.199757291189184e-04 -1.007688640680512e+00
25 18 -1.000282577289570e+00 -1.896421149872892e-03 -9.202983562045934e-04 -1.007690275116727e+00
25 19 -1.000282369265653e+00 -1.895942342590854e-03 -9.206050502335800e-04 -1.007691922720111e+00
25 20 -1.000282163192027e+00 -1.895492727837930e-03 -9.208843872275133e-04 -1.007693519946158e+00
25 21 -1.000281967226125e+00 -1.895089763264299e-03 -9.211251758177761e-04 -1.007695004731226e+00
25 22 -1.000281789140491e+00 -1.894749296103816e-03 -9.213169513054831e-04 -1.007696318972688e+00
25 23 -1.000281635988173e+00 -1.894484899813429e-03 -9.214505628228999e-04 -1.007697410917272e+00
25 24 -1.000281513799725e+00 -1.894307276276795e-03 -9.215188030166491e-04 -1.007698237343696e+00
25 25 -1.000281427328411e+00 -1.894223758753094e-03 -9.215170112315677e-04 -1.007698765424720e+00
25 26 -1.000281379857267e+00 -1.894237948983705e-03 -9.214435734064757e-04 -1.007698974162895e+00
25 27 -1.000281373077489e+00 -1.894349516022943e-03 -9.213002471389726e-04 -1.007698855314449e+00
25 28 -1.000281407042630e+00 -1.894554175063558e-03 -9.210922574227362e-04 -1.007698413744654e+00
25 29 -1.000281480197943e+00 -1.894843852825993e-03 -9.208281341546427e-04 -1.007697667192925e+00
25 30 -1.000281589479031e+00 -1.895207032935937e-03 -9.205192930164634e-04 -1.007696645464084e+00
25 31 -1.000281730469704e+00 -1.895629261485339e-03 -9.201793926535718e-04 -1.007695389099953e+00
26 0 -1.000281723674301e+00 -1.895751216049501e-03 -9.212294986822134e-04 -1.007694638505122e+00
26 1 -1.000281909350604e+00 -1.896237316648926e-03 -9.208737199689029e-04 -1.007693076318335e+00
26 2 -1.000282107590451e+00 -1.896728166888258e-03 -9.205329525574634e-04 -1.007691446357036e+00
26 3 -1.000282310919620e+00 -1.897204711900517e-03 -9.202212945114486e-04 -1.007689811412446e+00
26 4 -1.000282511739919e+00 -1.897648645637440e-03 -9.199509845664635e-04 -1.007688233980262e+00
26 5 -1.000282702587175e+00 -1.898043110335898e-03 -9.197319012609025e-04 -1.007686773918008e+00
26 6 -1.000282876378487e+00 -1.898373312032534e-03 -9.195712656671200e-04 -1.007685486265602e+00
26 7 -1.000283026645666e+00 -1.898627033961944e-03 -9.194735448489160e-04 -1.007684419292688e+00
26 8 -1.000283147751942e+00 -1.898795036416226e-03 -9.194405324693027e-04 -1.007683612823011e+00
26 9 -1.000283235088290e+00 -1.898871337362095e-03 -9.194715676443143e-04 -1.007683096875282e+00
26 10 -1.000283285244699e+00 -1.898853373071063e-03 -9.195638437471849e-04 -1.007682890649985e+00
26 11 -1.000283296150436e+00 -1.898742042208084e-03 -9.197127557074814e-04 -1.007683001881916e+00
26 12 -1.000283267176276e+00 -1.898541639697668e-03 -9.199122379490930e-04 -1.007683426570285e+00
26 13 -1.000283199191030e+00 -1.898259687898675e-03 -9.201550553784738e-04 -1.007684149092507e+00
26 14 -1.000283094565089e+00 -1.897906672557666e-03 -9.204330254244252e-04 -1.007685142703064e+00
26 15 -1.000282957115283e+00 -1.897495690448414e-03 -9.207371678454703e-04 -1.007686370412837e+00
26 16 -1.000282791987995e+00 -1.897042015190630e-03 -9.210577982485449e-04 -1.007687786236200e+00
26 17 -1.000282605480824e+00 -1.896562588005395e-03 -9.213845978015737e-04 -1.007689336782410e+00
26 18 -1.000282404807095e+00 -1.896075441620950e-03 -9.217067019202468e-04 -1.007690963154686e+00
26 19 -1.000282197811661e+00 -1.895599068369583e-03 -9.220128522229575e-04 -1.007692603105469e+00
26 20 -1.000281992650159e+00 -1.895151747334747e-03 -9.222916483896183e-04 -1.007694193381419e+00
26 21 -1.000281797446654e+00 -1.894750849738808e-03 -9.225319209788023e-04 -1.007695672178051e+00
26 22 -1.000281619946493e+00 -1.894412146547095e-03 -9.227232244664714e-04 -1.007696981610895e+00
26 23 -1.000281467182363e+00 -1.894149147422362e-03 -9.228564241993624e-04 -1.007698070097702e+00
26 24 -1.000281345171679e+00 -1.893972504639708e-03 -9.229243260267512e-04 -1.007698894536923e+00
26 25 -1.000281258662060e+00 -1.893889517432232e-03 -9.229222790859862e-04 -1.007699422166764e+00
26 26 -1.000281210938528e+00 -1.893903770081718e-03 -9.228486753073140e-04 -1.007699631999423e+00
26 27 -1.000281203701775e+00 -1.894014931019222e-03 -9.227052747887302e-04 -1.007699515745701e+00
26 28 -1.000281237021986e+00 -1.894218731209884e-03 -9.224973025243508e-04 -1.007699078173166e+00
26 29 -1.000281309367619e+00 -1.894507128753773e-03 -9.222332867373822e-04 -1.007698336875031e+00
26 30 -1.000281417703414e+00 -1.894868653376517e-03 -9.219246397661123e-04 -1.007697321465697e+00
26 31 -1.000281557647453e+00 -1.895288910845676e-03 -9.215850147319715e-04 -1.007696072257630e+00
27 0 -1.000281583753544e+00 -1.895386261745664e-03 -9.227963460759262e-04 -1.007695315732249e+00
27 1 -1.000281768362115e+00 -1.895870208185261e-03 -9.224406868030053e-04 -1.007693761064897e+00
27 2 -1.000281965497831e+00 -1.896358691397169e-03 -9.221002398837084e-04 -1.007692139057202e+00
27 3 -1.000282167728985e+00 -1.896832745666761e-03 -9.217890955514957e-04 -1.007690512197210e+00
27 4 -1.000282367500374e+00 -1.897274160568423e-03 -9.215194758696332e-04 -1.007688942667149e+00
27 5 -1.000282557389560e+00 -1.897666176787819e-03 -9.213012341851376e-04 -1.007687490013117e+00
27 6 -1.000282730352361e+00 -1.897994097646771e-03 -9.211415589772471e-04 -1.007686208978398e+00
27 7 -1.000282879954512e+00 -1.898245798330758e-03 -9.210448786884421e-04 -1.007685147563729e+00
27 8 -1.000283000586695e+00 -1.898412121546548e-03 -9.210129437971048e-04 -1.007684345364440e+00
27 9 -1.000283087659498e+00 -1.898487154172425e-03 -9.210450475428155e-04 -1.007683832222786e+00
27 10 -1.000283137773728e+00 -1.898468384511047e-03 -9.211383372424688e-04 -1.007683627223561e+00
27 11 -1.000283148860174e+00 -1.898356743855841e-03 -9.212881644356405e-04 -1.007683738052160e+00
27 12 -1.000283120281747e+00 -1.898156538812646e-03 -9.214884253592299e-04 -1.007684160727004e+00
27 13 -1.000283052890364e+00 -1.897875282011664e-03 -9.217318537431775e-04 -1.007684879712398e+00
27 14 -1.000282949031404e+00 -1.897523428797122e-03 -9.220102439848425e-04 -1.007685868412623e+00
27 15 -1.000282812489988e+00 -1.897114026754397e-03 -9.223146016824660e-04 -1.007687090042798e+00
27 16 -1.000282648375758e+00 -1.896662284246865e-03 -9.226352375455905e-04 -1.007688498865074e+00
27 17 -1.000282462946211e+00 -1.896185064333745e-03 -9.229618369688484e-04 -1.007690041768410e+00
27 18 -1.000282263372807e+00 -1.895700312113018e-03 -9.232835478634113e-04 -1.007691660155936e+00
27 19 -1.000282057458403e+00 -1.895226426532304e-03 -9.235891311755127e-04 -1.007693292088143e+00
27 20 -1.000281853318123e+00 -1.894781591400395e-03 -9.238672111805118e-04 -1.007694874615629e+00
27 21 -1.000281659038461e+00 -1.894383084449906e-03 -9.241066470241835e-04 -1.007696346222388e+00
27 22 -1.000281482331294e+00 -1.894046588155998e-03 -9.242970248000572e-04 -1.007697649287492e+00
27 23 -1.000281330200835e+00 -1.893785531474739e-03 -9.244292435406562e-04 -1.007698732459467e+00
27 24 -1.000281208641802e+00 -1.893610496266586e-03 -9.244961436787900e-04 -1.007699552827972e+00
27 25 -1.000281122385588e+00 -1.893528723842204e-03 -9.244931086778352e-04 -1.007700077777042e+00
27 26 -1.000281074707968e+00 -1.893543754747548e-03 -9.244185637987354e-04 -1.007700286415145e+00
27 27 -1.000281067307634e+00 -1.893655229004738e-03 -9.242743011697504e-04 -1.007700170497391e+00
27 28 -1.000281100260079e+00 -1.893858865282804e-03 -9.240655761392834e-04 -1.007699734782453e+00
27 29 -1.000281172046326e+00 -1.894146626086905e-03 -9.238009447010670e-04 -1.007698996800931e+00
27 30 -1.000281279650730e+00 -1.894507062501258e-03 -9.234918430955987e-04 -1.007697986051613e+00
27 31 -1.000281418717591e+00 -1.894925818250391e-03 -9.231519434021062e-04 -1.007696742681073e+00
28 0 -1.000281483401158e+00 -1.895012846713541e-03 -9.244647804134252e-04 -1.007695952912527e+00
28 1 -1.000281667046951e+00 -1.895494947099387e-03 -9.241089396268264e-04 -1.007694404969148e+00
28 2 -1.000281863126982e+00 -1.895981240751956e-03 -9.237686564740125e-04 -1.007692790548741e+00
28 3 -1.000282064250208e+00 -1.896452844452237e-03 -9.234580196291620e-04 -1.007691171849020e+00
28 4 -1.000282262904740e+00 -1.896891641891613e-03 -9.231892352295729e-04 -1.007689610735047e+00
28 5 -1.000282451712398e+00 -1.897280975987930e-03 -9.229721265611876e-04 -1.007688166421181e+00
28 6 -1.000282623672341e+00 -1.897606256408341e-03 -9.228138386685054e-04 -1.007686893317804e+00
28 7 -1.000282772390766e+00 -1.897855464262099e-03 -9.227187445761694e-04 -1.007685839106211e+00
28 8 -1.000282892294051e+00 -1.898019542879996e-03 -9.226885296794665e-04 -1.007685043090731e+00
28 9 -1.000282978822066e+00 -1.898092669706103e-03 -9.227224157873599e-04 -1.007684534864831e+00
28 10 -1.000283028597178e+00 -1.898072409362633e-03 -9.228174763426581e-04 -1.007684333318005e+00
28 11 -1.000283039563057e+00 -1.897959751832511e-03 -9.229689903712548e-04 -1.007684446002254e+00
28 12 -1.000283011086275e+00 -1.897759042320329e-03 -9.231707862060539e-04 -1.007684868869890e+00
28 13 -1.000282944013205e+00 -1.897477810571836e-03 -9.234155370258327e-04 -1.007685586388218e+00
28 14 -1.000282840675023e+00 -1.897126507326370e-03 -9.236949865323894e-04 -1.007686572031661e+00
28 15 -1.000282704834919e+00 -1.896718154654570e-03 -9.240001016945870e-04 -1.007687789147395e+00
28 16 -1.000282541573988e+00 -1.896267916137177e-03 -9.243211680897670e-04 -1.007689192184170e+00
28 17 -1.000282357115830e+00 -1.895792593119994e-03 -9.246478597208788e-04 -1.007690728263181e+00
28 18 -1.000282158594117e+00 -1.895310055014731e-03 -9.249693261190732e-04 -1.007692339055186e+00
28 19 -1.000281953771587e+00 -1.894838614492657e-03 -9.252743418426965e-04 -1.007693962912478e+00
28 20 -1.000281750722440e+00 -1.894396361985860e-03 -9.255515558773963e-04 -1.007695537190364e+00
28 21 -1.000281557492805e+00 -1.894000478147393e-03 -9.257898621682564e-04 -1.007697000679804e+00
28 22 -1.000281381756010e+00 -1.893666548004116e-03 -9.259788901447245e-04 -1.007698296059036e+00
28 23 -1.000281230480759e+00 -1.893407906001415e-03 -9.261095887161512e-04 -1.007699372258260e+00
28 24 -1.000281109630452e+00 -1.893235045536302e-03 -9.261748529071947e-04 -1.007700186622326e+00
28 25 -1.000281023910334e+00 -1.893155128203864e-03 -9.261701242013370e-04 -1.007700706756199e+00
28 26 -1.000280976576001e+00 -1.893171625922429e-03 -9.260938881926124e-04 -1.007700911948373e+00
28 27 -1.000280969312617e+00 -1.893284123402778e-03 -9.259479980581814e-04 -1.007700794086913e+00
28 28 -1.000281002189430e+00 -1.893488299484254e-03 -9.257377687178445e-04 -1.007700358010642e+00
28 29 -1.000281073688944e+00 -1.893776094112565e-03 -9.254718120290425e-04 -1.007699621273132e+00
28 30 -1.000281180804881e+00 -1.894136054158496e-03 -9.251616146467459e-04 -1.007698613336889e+00
28 31 -1.000281319198620e+00 -1.894553837850805e-03 -9.248208922325188e-04 -1.007697374253165e+00
29 0 -1.000281426660113e+00 -1.894645315066595e-03 -9.261717474265840e-04 -1.007696524748351e+00
29 1 -1.000281609486235e+00 -1.895125951819106e-03 -9.258154226799382e-04 -1.007694982464774e+00
29 2 -1.000281804600593e+00 -1.895610320515601e-03 -9.254751334338454e-04 -1.007693374964796e+00
29 3 -1.000282004649405e+00 -1.896079610477034e-03 -9.251649735492307e-04 -1.007691764180098e+00
29 4 -1.000282202162762e+00 -1.896515794357926e-03 -9.248971349393900e-04 -1.007690211667068e+00
29 5 -1.000282389807523e+00 -1.896902317202249e-03 -9.246814069777167e-04 -1.007688776300709e+00
29 6 -1.000282560629095e+00 -1.897224700002191e-03 -9.245248815956615e-04 -1.007687512135188e+00
29 7 -1.000282708279123e+00 -1.897471039630278e-03 -9.244318613838096e-04 -1.007686466494343e+00
29 8 -1.000282827226583e+00 -1.897632394299063e-03 -9.244039474066484e-04 -1.007685678340208e+00
29 9 -1.000282912949174e+00 -1.897703050125043e-03 -9.244402676427874e-04 -1.007685176954678e+00
29 10 -1.000282962100673e+00 -1.897680669372448e-03 -9.245377967761667e-04 -1.007684980959888e+00
29 11 -1.000282972648451e+00 -1.897566324570547e-03 -9.246917144826963e-04 -1.007685097695515e+00
29 12 -1.000282943974228e+00 -1.897364425136563e-03 -9.248957533314384e-04 -1.007685522964440e+00
29 13 -1.000282876930570e+00 -1.897082544351045e-03 -9.251424984709921e-04 -1.007686241152097e+00
29 14 -1.000282773845911e+00 -1.896731154448748e-03 -9.254236172002572e-04 -1.007687225720064e+00
29 15 -1.000282638472080e+00 -1.896323276624157e-03 -9.257300148110199e-04 -1.007688440070305e+00
29 16 -1.000282475870826e+00 -1.895874051885325e-03 -9.260519318169702e-04 -1.007689838769943e+00
29 17 -1.000282292239375e+00 -1.895400238888913e-03 -9.263790145440863e-04 -1.007691369115684e+00
29 18 -1.000282094679243e+00 -1.894919646514433e-03 -9.267004023890297e-04 -1.007692973002589e+00
29 19 -1.000281890916552e+00 -1.894450511751126e-03 -9.270048772059063e-04 -1.007694589046733e+00
29 20 -1.000281688985733e+00 -1.894010837137131e-03 -9.272811121535731e-04 -1.007696154897090e+00
29 21 -1.000281496891285e+00 -1.893617706404001e-03 -9.275180408384017e-04 -1.007697609658191e+00
29 22 -1.000281322264450e+00 -1.893286602077259e-03 -9.277053456549926e-04 -1.007698896331148e+00
29 23 -1.000281172032859e+00 -1.893030754063899e-03 -9.278340394383335e-04 -1.007699964167524e+00
29 24 -1.000281052121222e+00 -1.892860552563579e-03 -9.278970901649764e-04 -1.007700770821733e+00
29 25 -1.000280967199665e+00 -1.892783060484602e-03 -9.278900195821166e-04 -1.007701284186946e+00
29 26 -1.000280920493359e+00 -1.892801658757882e-03 -9.278113986472903e-04 -1.007701483808886e+00
29 27 -1.000280913662930e+00 -1.892915852150818e-03 -9.276631679877290e-04 -1.007701361791872e+00
29 28 -1.000280946760106e+00 -1.893121253833888e-03 -9.274507288028124e-04 -1.007700923140516e+00
29 29 -1.000281018257746e+00 -1.893409755005112e-03 -9.271827753063534e-04 -1.007700185516270e+00
29 30 -1.000281125148251e+00 -1.893769872591510e-03 -9.268708703451492e-04 -1.007699178426789e+00
29 31 -1.000281263100173e+00 -1.894187255012212e-03 -9.265287971836673e-04 -1.007697941902959e+00
30 0 -1.000281415874889e+00 -1.894297876310380e-03 -9.278526901030210e-04 -1.007697008126691e+00
30 1 -1.000281598057688e+00 -1.894777492751394e-03 -9.274955858675438e-04 -1.007695470207103e+00
30 2 -1.000281792335221e+00 -1.895260279542585e-03 -9.271551106178889e-04 -1.007693868681203e+00
30 3 -1.000281991386043e+00 -1.895727485615738e-03 -9.268453705468932e-04 -1.007692265249624e+00
30 4 -1.000282187779212e+00 -1.896161164019287e-03 -9.265785455088577e-04 -1.007690721180512e+00
30 5 -1.000282374225634e+00 -1.896544857942838e-03 -9.263643879196902e-04 -1.007689295015059e+00
30 6 -1.000282543818065e+00 -1.896864200293937e-03 -9.262099288127352e-04 -1.007688040442061e+00
30 7 -1.000282690256798e+00 -1.897107408806999e-03 -9.261193885906189e-04 -1.007687004404336e+00
30 8 -1.000282808058606e+00 -1.897265666125878e-03 -9.260942687799039e-04 -1.007686225484087e+00
30 9 -1.000282892746039e+00 -1.897333380853750e-03 -9.261335850379717e-04 -1.007685732601103e+00
30 10 -1.000282941012921e+00 -1.897308330553996e-03 -9.262341917870700e-04 -1.007685544048241e+00
30 11 -1.000282950860333e+00 -1.897191691173065e-03 -9.263911456718670e-04 -1.007685666881572e+00
30 12 -1.000282921696189e+00 -1.896987959645845e-03 -9.265980589664032e-04 -1.007686096676309e+00
30 13 -1.000282854390839e+00 -1.896704777602278e-03 -9.268474046786003e-04 -1.007686817653810e+00
30 14 -1.000282751281502e+00 -1.896352664061968e-03 -9.271307507784068e-04 -1.007687803180228e+00
30 15 -1.000282616119587e+00 -1.895944664081786e-03 -9.274389195477093e-04 -1.007689016632914e+00
30 16 -1.000282453957459e+00 -1.895495919355128e-03 -9.277620873112802e-04 -1.007690412624239e+00
30 17 -1.000282270974620e+00 -1.895023166749056e-03 -9.280898568782436e-04 -1.007691938562228e+00
30 18 -1.000282074247386e+00 -1.894544172266831e-03 -9.284113460649200e-04 -1.007693536513637e+00
30 19 -1.000281871470189e+00 -1.894077110828501e-03 -9.287153374550185e-04 -1.007695145319783e+00
30 20 -1.000281670640367e+00 -1.893639906101592e-03 -9.289905264825356e-04 -1.007696702900558e+00
30 21 -1.000281479721218e+00 -1.893249549051318e-03 -9.292258888855153e-04 -1.007698148667900e+00
30 22 -1.000281306300147e+00 -1.892921418833095e-03 -9.294111669787250e-04 -1.007699425956396e+00
30 23 -1.000281157259824e+00 -1.892668634847397e-03 -9.295374492068946e-04 -1.007700484366150e+00
30 24 -1.000281038480348e+00 -1.892501473214597e-03 -9.295977925591601e-04 -1.007701281903968e+00
30 25 -1.000280954589025e+00 -1.892426882956430e-03 -9.295878183506459e-04 -1.007701786807564e+00
30 26 -1.000280908771554e+00 -1.892448135349327e-03 -9.295062042074292e-04 -1.007701978946780e+00
30 27 -1.000280902654032e+00 -1.892564633874176e-03 -9.293550008755520e-04 -1.007701850716642e+00
30 28 -1.000280936260094e+00 -1.892771902666594e-03 -9.291397196960710e-04 -1.007701407366926e+00
30 29 -1.000281008042099e+00 -1.893061759532237e-03 -9.288691617890219e-04 -1.007700666748523e+00
30 30 -1.000281114980367e+00 -1.893422666537562e-03 -9.285549901600575e-04 -1.007699658494745e+00
30 31 -1.000281252740355e+00 -1.893840238211638e-03 -9.282110775126792e-04 -1.007698422692271e+00
31 0 -1.000281451576448e+00 -1.893984046267694e-03 -9.294438704890528e-04 -1.007697383180484e+00
31 1 -1.000281633319091e+00 -1.894463130098448e-03 -9.290857083481030e-04 -1.007695848145618e+00
31 2 -1.000281826922973e+00 -1.894944744105563e-03 -9.287448622901144e-04 -1.007694251401714e+00
31 3 -1.000282025092690e+00 -1.895410181504019e-03 -9.284354576468447e-04 -1.007692654462657e+00
31 4 -1.000282220431661e+00 -1.895841563962071e-03 -9.281696646977076e-04 -1.007691118340383e+00
31 5 -1.000282405692111e+00 -1.896222524873911e-03 -9.279571974335465e-04 -1.007689701261281e+00
31 6 -1.000282574013373e+00 -1.896538805086132e-03 -9.278050212267280e-04 -1.007688456554387e+00
31 7 -1.000282719145611e+00 -1.896778743358308e-03 -9.277172665064620e-04 -1.007687430773341e+00
31 8 -1.000282835656645e+00 -1.896933651310751e-03 -9.276953242428579e-04 -1.007686662098229e+00
31 9 -1.000282919119158e+00 -1.896998069080109e-03 -9.277380833906792e-04 -1.007686179050373e+00
31 10 -1.000282966274212e+00 -1.896969902858180e-03 -9.278422608799205e-04 -1.007685999543775e+00
31 11 -1.000282975165458e+00 -1.896850449037191e-03 -9.280027713231369e-04 -1.007686130289962e+00
31 12 -1.000282945237084e+00 -1.896644312028200e-03 -9.282130869629164e-04 -1.007686566566723e+00
31 13 -1.000282877388048e+00 -1.896359223925698e-03 -9.284655487577591e-04 -1.007687292355627e+00
31 14 -1.000282773975470e+00 -1.896005774037629e-03 -9.287516055901827e-04 -1.007688280848616e+00
31 15 -1.000282638761344e+00 -1.895597055291615e-03 -9.290619777699411e-04 -1.007689495319584e+00
31 16 -1.000282476799096e+00 -1.895148233537067e-03 -9.293867603895860e-04 -1.007690890350494e+00
31 17 -1.000282294259930e+00 -1.894676045721768e-03 -9.297154987057384e-04 -1.007692413391577e+00
31 18 -1.000282098202905e+00 -1.894198234350473e-03 -9.300372783911612e-04 -1.007694006621686e+00
31 19 -1.000281896296919e+00 -1.893732928474173e-03 -9.303408755681510e-04 -1.007695609059629e+00
31 20 -1.000281696506443e+00 -1.893297985309103e-03 -9.306150041108556e-04 -1.007697158862135e+00
31 21 -1.000281506755757e+00 -1.892910311095744e-03 -9.308486818908943e-04 -1.007698595729686e+00
31 22 -1.000281334588446e+00 -1.892585184825098e-03 -9.310317155670514e-04 -1.007699863327808e+00
31 23 -1.000281186840047e+00 -1.892335613661090e-03 -9.311552779797925e-04 -1.007700911618988e+00
31 24 -1.000281069341808e+00 -1.892171753278735e-03 -9.312125274155517e-04 -1.007701698991491e+00
31 25 -1.000280986672234e+00 -1.892100428301202e-03 -9.311991995450982e-04 -1.007702194069943e+00
31 26 -1.000280941970126e+00 -1.892124786143454e-03 -9.311140955191406e-04 -1.007702377102019e+00
31 27 -1.000280936818454e+00 -1.892244111511966e-03 -9.309593951174235e-04 -1.007702240836657e+00
31 28 -1.000280971203206e+00 -1.892453819313013e-03 -9.307407404352682e-04 -1.007701790839286e+00
31 29 -1.000281043546064e+00 -1.892745631909754e-03 -9.304670606719776e-04 -1.007701045225120e+00
31 30 -1.000281150804887e+00 -1.893107933600107e-03 -9.301501392794971e-04 -1.007700033829219e+00
31 31 -1.000281288631870e+00 -1.893526282168273e-03 -9.298039568320447e-04 -1.007698796868407e+00
