1.079916859875442e-06
1.000000000000000e-12
1.000000000000000e-17
3.539492789515206e-01
1.942870432165605e-01
-6.831994429954230e-02
-1.500017464083440e+00
1.901109735892602e-07
32
32
-7.112312239279264e-04
1
0 0 -1.000281878122151e+00 -1.894155074589029e-03 -9.297016300113841e-04 -1.007696196472663e+00
0 1 -1.000282020598163e+00 -1.894529909509907e-03 -9.294233030752810e-04 -1.007694995497289e+00
0 2 -1.000282172162526e+00 -1.894906332450720e-03 -9.291582929092777e-04 -1.007693747922715e+00
0 3 -1.000282327077625e+00 -1.895269755742256e-03 -9.289174148813423e-04 -1.007692501785401e+00
0 4 -1.000282479521720e+00 -1.895606217003109e-03 -9.287101025670818e-04 -1.007691304757800e+00
0 5 -1.000282623792079e+00 -1.895902913693486e-03 -9.285440228443214e-04 -1.007690202353251e+00
0 6 -1.000282754499946e+00 -1.896148674943271e-03 -9.284248292202917e-04 -1.007689236253580e+00
0 7 -1.000282866753744e+00 -1.896334355962722e-03 -9.283560547497343e-04 -1.007688442810845e+00
0 8 -1.000282956327142e+00 -1.896453144984881e-03 -9.283391322201045e-04 -1.007687851765498e+00
0 9 -1.000283019808429e+00 -1.896500777136563e-03 -9.283735183485311e-04 -1.007687485214295e+00
0 10 -1.000283054727406e+00 -1.896475653829314e-03 -9.284568916194454e-04 -1.007687356851892e+00
0 11 -1.000283059655474e+00 -1.896378869634211e-03 -9.285853908150843e-04 -1.007687471501879e+00
0 12 -1.000283034274145e+00 -1.896214150731284e-03 -9.287538633160686e-04 -1.007687824947005e+00
0 13 -1.000282979407061e+00 -1.895987710166629e-03 -9.289560983829460e-04 -1.007688404063317e+00
0 14 -1.000282897011255e+00 -1.895708025843394e-03 -9.291850300822881e-04 -1.007689187257186e+00
0 15 -1.000282790124612e+00 -1.895385547615790e-03 -9.294329060461374e-04 -1.007690145197655e+00
0 16 -1.000282662768222e+00 -1.895032340104413e-03 -9.296914298628176e-04 -1.007691241829862e+00
0 17 -1.000282519804498e+00 -1.894661668362743e-03 -9.299518942526653e-04 -1.007692435647582e+00
0 18 -1.000282366754721e+00 -1.894287534940786e-03 -9.302053275441241e-04 -1.007693681192686e+00
0 19 -1.000282209582612e+00 -1.893924179259345e-03 -9.304426766039291e-04 -1.007694930737203e+00
0 20 -1.000282054453129e+00 -1.893585552911302e-03 -9.306550450716152e-04 -1.007696136092437e+00
0 21 -1.000281907477375e+00 -1.893284787128790e-03 -9.308339964426848e-04 -1.007697250480872e+00
0 22 -1.000281774455723e+00 -1.893033671419548e-03 -9.309719179893351e-04 -1.007698230399012e+00
0 23 -1.000281660632023e+00 -1.892842165353597e-03 -9.310624260745257e-04 -1.007699037391791e+00
0 24 -1.000281570471853e+00 -1.892717967752178e-03 -9.311007795869622e-04 -1.007699639654364e+00
0 25 -1.000281507476607e+00 -1.892666167703065e-03 -9.310842589688299e-04 -1.007700013379108e+00
0 26 -1.000281474042816e+00 -1.892688999327716e-03 -9.310124650874393e-04 -1.007700143775908e+00
0 27 -1.000281471373105e+00 -1.892785717570949e-03 -9.308874954526092e-04 -1.007700025709799e+00
0 28 -1.000281499441955e+00 -1.892952606069896e-03 -9.307139651213940e-04 -1.007699663919500e+00
0 29 -1.000281557016102e+00 -1.893183120444907e-03 -9.304988554421683e-04 -1.007699072803417e+00
0 30 -1.000281641725923e+00 -1.893468161391343e-03 -9.302511933052264e-04 -1.007698275786152e+00
0 31 -1.000281750181121e+00 -1.893796463007221e-03 -9.299815831340654e-04 -1.007697304304557e+00
1 0 -1.000281972438394e+00 -1.893987537495331e-03 -9.306665979068918e-04 -1.007696296137295e+00
1 1 -1.000282114924812e+00 -1.894362677617200e-03 -9.303873477956103e-04 -1.007695094912042e+00
1 2 -1.000282266326979e+00 -1.894738970535715e-03 -9.301218912285000e-04 -1.007693848441827e+00
1 3 -1.000282420913517e+00 -1.895101833623361e-03 -9.298810622586805e-04 -1.007692604718146e+00
1 4 -1.000282572875372e+00 -1.895437326437772e-03 -9.296742935037529e-04 -1.007691411317533e+00
1 5 -1.000282716528458e+00 -1.895732684345065e-03 -9.295092313886484e-04 -1.007690313610527e+00
1 6 -1.000282846507913e+00 -1.895976788899793e-03 -9.293914900968622e-04 -1.007689353094932e+00
1 7 -1.000282957950321e+00 -1.896160560138387e-03 -9.293245457815492e-04 -1.007688565905150e+00
1 8 -1.000283046660621e+00 -1.896277260729603e-03 -9.293097590740612e-04 -1.007687981539652e+00
1 9 -1.000283109260267e+00 -1.896322706702738e-03 -9.293465025428847e-04 -1.007687621838748e+00
1 10 -1.000283143312884e+00 -1.896295383685920e-03 -9.294323622158674e-04 -1.007687500235734e+00
1 11 -1.000283147423100e+00 -1.896196470663551e-03 -9.295633798345699e-04 -1.007687621297222e+00
1 12 -1.000283121303769e+00 -1.896029775243579e-03 -9.297343049254659e-04 -1.007687980562765e+00
1 13 -1.000283065806794e+00 -1.895801585756042e-03 -9.299388319814501e-04 -1.007688564688122e+00
1 14 -1.000282982913333e+00 -1.895520446379337e-03 -9.301698072377819e-04 -1.007689351890392e+00
1 15 -1.000282875680344e+00 -1.895196861835287e-03 -9.304194008808478e-04 -1.007690312687113e+00
1 16 -1.000282748142177e+00 -1.894842938268187e-03 -9.306792522485059e-04 -1.007691410915172e+00
1 17 -1.000282605168147e+00 -1.894471967458806e-03 -9.309406051216266e-04 -1.007692605007383e+00
1 18 -1.000282452279853e+00 -1.894097963032074e-03 -9.311944556572983e-04 -1.007693849494044e+00
1 19 -1.000282295434844e+00 -1.893735159578027e-03 -9.314317362014417e-04 -1.007695096685155e+00
1 20 -1.000282140785667e+00 -1.893397488129868e-03 -9.316435539333047e-04 -1.007696298478402e+00
1 21 -1.000281994425146e+00 -1.893098044157062e-03 -9.318214938616950e-04 -1.007697408228896e+00
1 22 -1.000281862130106e+00 -1.892848567283790e-03 -9.319579819521030e-04 -1.007698382608073e+00
1 23 -1.000281749116501e+00 -1.892658954934926e-03 -9.320466888111662e-04 -1.007699183371650e+00
1 24 -1.000281659818823e+00 -1.892536834002696e-03 -9.320829409105594e-04 -1.007699778952976e+00
1 25 -1.000281597705394e+00 -1.892487214538490e-03 -9.320640972729807e-04 -1.007700145800949e+00
1 26 -1.000281565138885e+00 -1.892512247235231e-03 -9.319898459617082e-04 -1.007700269391091e+00
1 27 -1.000281563288508e+00 -1.892611102216986e-03 -9.318623774710989e-04 -1.007700144853200e+00
1 28 -1.000281592097116e+00 -1.892779980351821e-03 -9.316864020663647e-04 -1.007699777178761e+00
1 29 -1.000281650302919e+00 -1.893012260083454e-03 -9.314689946040103e-04 -1.007699180995889e+00
1 30 -1.000281735511985e+00 -1.893298773606997e-03 -9.312192702187854e-04 -1.007698379926462e+00
1 31 -1.000281844314802e+00 -1.893628197668333e-03 -9.309479133295520e-04 -1.007697405564918e+00
2 0 -1.000282095661533e+00 -1.893870473649978e-03 -9.314336675209232e-04 -1.007696287580054e+00
2 1 -1.000282238298893e+00 -1.894246221605225e-03 -9.311534041336279e-04 -1.007695085102671e+00
2 2 -1.000282389673491e+00 -1.894622688064375e-03 -9.308874131079369e-04 -1.007693838761233e+00
2 3 -1.000282544055056e+00 -1.894985284005887e-03 -9.306465501896694e-04 -1.007692596539162e+00
2 4 -1.000282695642372e+00 -1.895320079607735e-03 -9.304402502172958e-04 -1.007691405952388e+00
2 5 -1.000282838765657e+00 -1.895614337486468e-03 -9.302761420517186e-04 -1.007690312260825e+00
2 6 -1.000282968080317e+00 -1.895856982137610e-03 -9.301598028305714e-04 -1.007689356805757e+00
2 7 -1.000283078748422e+00 -1.896038990505260e-03 -9.300946535630576e-04 -1.007688575525477e+00
2 8 -1.000283166604602e+00 -1.896153693662846e-03 -9.300819841991056e-04 -1.007687997690999e+00
2 9 -1.000283228303048e+00 -1.896196984678478e-03 -9.301210843363596e-04 -1.007687644892947e+00
2 10 -1.000283261441925e+00 -1.896167431906894e-03 -9.302094481172197e-04 -1.007687530301939e+00
2 11 -1.000283264660914e+00 -1.896066299739729e-03 -9.303430198989506e-04 -1.007687658218238e+00
2 12 -1.000283237707131e+00 -1.895897480705509e-03 -9.305164500529810e-04 -1.007688023920962e+00
2 13 -1.000283181464651e+00 -1.895667344295401e-03 -9.307233362525035e-04 -1.007688613821000e+00
2 14 -1.000283097943460e+00 -1.895384508931762e-03 -9.309564343372562e-04 -1.007689405915360e+00
2 15 -1.000282990224810e+00 -1.895059543830756e-03 -9.312078340621556e-04 -1.007690370534706e+00
2 16 -1.000282862361783e+00 -1.894704607499603e-03 -9.314691070628192e-04 -1.007691471369489e+00
2 17 -1.000282719236135e+00 -1.894333030106644e-03 -9.317314442759538e-04 -1.007692666751984e+00
2 18 -1.000282566375239e+00 -1.893958848416662e-03 -9.319858055749962e-04 -1.007693911161273e+00
2 19 -1.000282409735614e+00 -1.893596304133642e-03 -9.322231048744102e-04 -1.007695156907232e+00
2 20 -1.000282255461980e+00 -1.893259318998071e-03 -9.324344494677487e-04 -1.007696355939144e+00
2 21 -1.000282109632731e+00 -1.892960962869934e-03 -9.326114429189569e-04 -1.007697461714685e+00
2 22 -1.000281978004164e+00 -1.892712934231579e-03 -9.327465472774958e-04 -1.007698431055770e+00
2 23 -1.000281865766477e+00 -1.892525075406287e-03 -9.328334852685605e-04 -1.007699225910769e+00
2 24 -1.000281777324258e+00 -1.892404946387300e-03 -9.328676497017583e-04 -1.007699814940141e+00
2 25 -1.000281716112922e+00 -1.892357481013405e-03 -9.328464780472607e-04 -1.007700174845666e+00
2 26 -1.000281684460427e+00 -1.892384747217529e-03 -9.327697462988290e-04 -1.007700291372023e+00
2 27 -1.000281683500794e+00 -1.892485828979012e-03 -9.326397390882207e-04 -1.007700159923778e+00
2 28 -1.000281713142646e+00 -1.892656841116984e-03 -9.324612633541573e-04 -1.007699785761318e+00
2 29 -1.000281772092268e+00 -1.892891079572472e-03 -9.322414895604084e-04 -1.007699183764716e+00
2 30 -1.000281857927283e+00 -1.893179300721615e-03 -9.319896240324841e-04 -1.007698377781139e+00
2 31 -1.000281967214217e+00 -1.893510115027455e-03 -9.317164346317648e-04 -1.007697399595132e+00
3 0 -1.000282242969701e+00 -1.893808492551047e-03 -9.319729570321453e-04 -1.007696171025464e+00
3 1 -1.000282385893014e+00 -1.894185128121467e-03 -9.316916285732408e-04 -1.007694966340302e+00
3 2 -1.000282537376081e+00 -1.894562065675043e-03 -9.314250339830902e-04 -1.007693719145166e+00
3 3 -1.000282691684511e+00 -1.894924698518525e-03 -9.311840531836558e-04 -1.007692477452785e+00
3 4 -1.000282843019776e+00 -1.895259095790349e-03 -9.309781262960964e-04 -1.007691288755930e+00
3 5 -1.000282985721509e+00 -1.895552535757705e-03 -9.308148680073627e-04 -1.007690198240049e+00
3 6 -1.000283114460988e+00 -1.895793974682115e-03 -9.306998222244094e-04 -1.007689247123554e+00
3 7 -1.000283224422080e+00 -1.895974436130133e-03 -9.306363591613128e-04 -1.007688471178182e+00
3 8 -1.000283311466341e+00 -1.896087310781134e-03 -9.306257027211719e-04 -1.007687899471115e+00
3 9 -1.000283372278993e+00 -1.896128561939148e-03 -9.306670639544490e-04 -1.007687553359660e+00
3 10 -1.000283404492135e+00 -1.896096836125735e-03 -9.307578489865098e-04 -1.007687445760357e+00
3 11 -1.000283406781024e+00 -1.895993480898080e-03 -9.308939080735855e-04 -1.007687580707904e+00
3 12 -1.000283378928663e+00 -1.895822473856374e-03 -9.310697951935456e-04 -1.007687953213897e+00
3 13 -1.000283321853954e+00 -1.895590268258879e-03 -9.312790133347775e-04 -1.007688549429507e+00
3 14 -1.000283237599228e+00 -1.895305561747335e-03 -9.315142291806545e-04 -1.007689347109750e+00
3 15 -1.000283129274233e+00 -1.894978995124085e-03 -9.317674521730792e-04 -1.007690316370569e+00
3 16 -1.000283000955535e+00 -1.894622788145485e-03 -9.320301852396284e-04 -1.007691420723342e+00
3 17 -1.000282857542492e+00 -1.894250319676268e-03 -9.322935645709812e-04 -1.007692618363621e+00
3 18 -1.000282704573564e+00 -1.893875660857493e-03 -9.325485112628651e-04 -1.007693863681211e+00
3 19 -1.000282548009413e+00 -1.893513072097588e-03 -9.327859178696000e-04 -1.007695108947908e+00
3 20 -1.000282393991742e+00 -1.893176477333543e-03 -9.329968883637627e-04 -1.007696306128297e+00
3 21 -1.000282248588886e+00 -1.892878931938217e-03 -9.331730408289022e-04 -1.007697408748776e+00
3 22 -1.000282117540490e+00 -1.892632103727287e-03 -9.333068689698424e-04 -1.007698373751082e+00
3 23 -1.000282006014218e+00 -1.892445789264765e-03 -9.333921433299605e-04 -1.007699163250086e+00
3 24 -1.000281918387109e+00 -1.892327489321711e-03 -9.334243193032132e-04 -1.007699746113255e+00
3 25 -1.000281858063058e+00 -1.892282067290590e-03 -9.334009095466164e-04 -1.007700099281861e+00
3 26 -1.000281827335785e+00 -1.892311512270720e-03 -9.333217748910610e-04 -1.007700208762738e+00
3 27 -1.000281827303763e+00 -1.892414824219000e-03 -9.331892911523152e-04 -1.007700070234300e+00
3 28 -1.000281857840140e+00 -1.892588031988722e-03 -9.330083595818208e-04 -1.007699689231451e+00
3 29 -1.000281917617102e+00 -1.892824346786091e-03 -9.327862449150545e-04 -1.007699080898972e+00
3 30 -1.000282004180735e+00 -1.893114444682638e-03 -9.325322442329517e-04 -1.007698269328892e+00
3 31 -1.000282114069764e+00 -1.893446863516191e-03 -9.322572087878755e-04 -1.007697286521015e+00
4 0 -1.000282408595167e+00 -1.893804040580022e-03 -9.322631692101506e-04 -1.007695951155875e+00
4 1 -1.000282551928387e+00 -1.894181809005550e-03 -9.319807663919650e-04 -1.007694743393563e+00
4 2 -1.000282703651765e+00 -1.894559496742362e-03 -9.317135232562093e-04 -1.007693494396145e+00
4 3 -1.000282858021684e+00 -1.894922468853476e-03 -9.314723453328129e-04 -1.007692252241918e+00
4 4 -1.000283009237041e+00 -1.895256781894255e-03 -9.312666805836155e-04 -1.007691064438706e+00
4 5 -1.000283151641692e+00 -1.895549717630035e-03 -9.311041334091238e-04 -1.007689976136341e+00
4 6 -1.000283279917838e+00 -1.895790251705388e-03 -9.309902198975821e-04 -1.007689028468523e+00
4 7 -1.000283389266628e+00 -1.895969442217902e-03 -9.309282661473654e-04 -1.007688257076311e+00
4 8 -1.000283475572688e+00 -1.896080728321613e-03 -9.309194372842861e-04 -1.007687690854732e+00
4 9 -1.000283535549304e+00 -1.896120134019848e-03 -9.309628730715402e-04 -1.007687350953417e+00
4 10 -1.000283566860619e+00 -1.896086376460728e-03 -9.310558987159717e-04 -1.007687250053250e+00
4 11 -1.000283568216670e+00 -1.895980880977661e-03 -9.311942774191305e-04 -1.007687391934169e+00
4 12 -1.000283539436596e+00 -1.895807707078521e-03 -9.313724736422322e-04 -1.007687771343484e+00
4 13 -1.000283481475354e+00 -1.895573390989724e-03 -9.315839018643886e-04 -1.007688374168354e+00
4 14 -1.000283396409785e+00 -1.895286711304065e-03 -9.318211444618166e-04 -1.007689177909893e+00
4 15 -1.000283287381228e+00 -1.894958384692732e-03 -9.320761338075855e-04 -1.007690152449966e+00
4 16 -1.000283158493657e+00 -1.894600698757335e-03 -9.323403058960032e-04 -1.007691261094878e+00
4 17 -1.000283014668563e+00 -1.894227089529234e-03 -9.326047426985181e-04 -1.007692461872288e+00
4 18 -1.000282861460363e+00 -1.893851672387431e-03 -9.328603258073315e-04 -1.007693709048162e+00
4 19 -1.000282704838840e+00 -1.893488737284776e-03 -9.330979242581936e-04 -1.007694954819847e+00
4 20 -1.000282550947627e+00 -1.893152221823072e-03 -9.333086350743529e-04 -1.007696151130222e+00
4 21 -1.000282405849802e+00 -1.892855178622668e-03 -9.334840860588086e-04 -1.007697251537794e+00
4 22 -1.000282275272869e+00 -1.892609256415981e-03 -9.336167970684665e-04 -1.007698213069023e+00
4 23 -1.000282164365984e+00 -1.892424217000843e-03 -9.337005805625593e-04 -1.007698997973020e+00
4 24 -1.000282077482024e+00 -1.892307511935234e-03 -9.337309482425860e-04 -1.007699575296034e+00
4 25 -1.000282017996012e+00 -1.892263942868610e-03 -9.337054812876234e-04 -1.007699922195598e+00
4 26 -1.000281988169294e+00 -1.892295427184451e-03 -9.336241185619703e-04 -1.007700024923147e+00
4 27 -1.000281989065803e+00 -1.892400886084799e-03 -9.334893206043991e-04 -1.007699879419680e+00
4 28 -1.000282020523306e+00 -1.892576265655225e-03 -9.333060772228682e-04 -1.007699491490165e+00
4 29 -1.000282081178992e+00 -1.892814693379606e-03 -9.330817423741272e-04 -1.007698876546742e+00
4 30 -1.000282168545571e+00 -1.893106763844871e-03 -9.328256993867471e-04 -1.007698058935954e+00
4 31 -1.000282279131268e+00 -1.893440938933086e-03 -9.325488790240488e-04 -1.007697070889186e+00
5 0 -1.000282586062137e+00 -1.893857296892427e-03 -9.322924975618606e-04 -1.007695636901432e+00
5 1 -1.000282729912997e+00 -1.894236398477882e-03 -9.320090562295456e-04 -1.007694425315238e+00
5 2 -1.000282881998857e+00 -1.894615085381349e-03 -9.317411476674948e-04 -1.007693173640084e+00
5 3 -1.000283036562118e+00 -1.894978684972752e-03 -9.314997031779070e-04 -1.007691930053552e+00
5 4 -1.000283187793962e+00 -1.895313230161108e-03 -9.312941807529737e-04 -1.007690742116198e+00
5 5 -1.000283330037137e+00 -1.895605993908431e-03 -9.311321789694577e-04 -1.007689654982433e+00
5 6 -1.000283457979432e+00 -1.895845958187216e-03 -9.310191926867656e-04 -1.007688709742366e+00
5 7 -1.000283566834130e+00 -1.896024202368343e-03 -9.309585120819057e-04 -1.007687941946825e+00
5 8 -1.000283652504201e+00 -1.896134201202895e-03 -9.309512527496909e-04 -1.007687380356726e+00
5 9 -1.000283711726951e+00 -1.896172027491772e-03 -9.309964931450930e-04 -1.007687045947801e+00
5 10 -1.000283742195412e+00 -1.896136458620552e-03 -9.310914881001594e-04 -1.007686951193139e+00
5 11 -1.000283742652217e+00 -1.896028989204908e-03 -9.312319245737391e-04 -1.007687099638842e+00
5 12 -1.000283712951447e+00 -1.895853754299820e-03 -9.314121880308321e-04 -1.007687485781562e+00
5 13 -1.000283654083900e+00 -1.895617369085471e-03 -9.316256140115802e-04 -1.007688095250505e+00
5 14 -1.000283568161773e+00 -1.895328691672964e-03 -9.318647087336291e-04 -1.007688905290930e+00
5 15 -1.000283458359913e+00 -1.894998515883994e-03 -9.321213340424263e-04 -1.007689885540400e+00
5 16 -1.000283328812583e+00 -1.894639201050330e-03 -9.323868638491467e-04 -1.007690999082187e+00
5 17 -1.000283184467043e+00 -1.894264246547859e-03 -9.326523288572862e-04 -1.007692203751590e+00
5 18 -1.000283030897880e+00 -1.893887820123649e-03 -9.329085719194947e-04 -1.007693453661124e+00
5 19 -1.000282874088635e+00 -1.893524251044594e-03 -9.331464370570026e-04 -1.007694700900048e+00
5 20 -1.000282720189806e+00 -1.893187501608691e-03 -9.333570109043140e-04 -1.007695897353081e+00
5 21 -1.000282575264233e+00 -1.892890633499830e-03 -9.335319260781236e-04 -1.007696996572967e+00
5 22 -1.000282445032182e+00 -1.892645288524323e-03 -9.336637224514423e-04 -1.007697955632981e+00
5 23 -1.000282334628947e+00 -1.892461205907609e-03 -9.337462469580110e-04 -1.007698736879506e+00
5 24 -1.000282248387538e+00 -1.892345799940376e-03 -9.337750588578465e-04 -1.007699309502422e+00
5 25 -1.000282189657944e+00 -1.892303821765693e-03 -9.337477982245178e-04 -1.007699650843480e+00
5 26 -1.000282160672300e+00 -1.892337126979863e-03 -9.336644721503051e-04 -1.007699747371491e+00
5 27 -1.000282162462311e+00 -1.892444566191905e-03 -9.335276163723794e-04 -1.007699595268982e+00
5 28 -1.000282194831732e+00 -1.892622008958964e-03 -9.333423000119972e-04 -1.007699200596613e+00
5 29 -1.000282256383200e+00 -1.892862503337674e-03 -9.331159572030574e-04 -1.007698579026207e+00
5 30 -1.000282344595570e+00 -1.893156564624695e-03 -9.328580490093705e-04 -1.007697755158107e+00
5 31 -1.000282455945134e+00 -1.893492578540507e-03 -9.325795784552905e-04 -1.007696761462066e+00
6 0 -1.000282768452346e+00 -1.893966165000544e-03 -9.320591804182441e-04 -1.007695241024347e+00
6 1 -1.000282912907834e+00 -1.894346746623378e-03 -9.317747818785782e-04 -1.007694025021261e+00
6 2 -1.000283065463613e+00 -1.894726641255920e-03 -9.315062213755811e-04 -1.007692769902035e+00
6 3 -1.000283220343924e+00 -1.895091130544621e-03 -9.312644551450600e-04 -1.007691523973450e+00
6 4 -1.000283371727405e+00 -1.895426213571721e-03 -9.310589532108038e-04 -1.007690334884445e+00
6 5 -1.000283513950403e+00 -1.895719142579996e-03 -9.308973130102334e-04 -1.007689247833910e+00
6 6 -1.000283641700740e+00 -1.895958892699046e-03 -9.307850151943732e-04 -1.007688303910945e+00
6 7 -1.000283750198262e+00 -1.896136550675067e-03 -9.307253230904860e-04 -1.007687538619637e+00
6 8 -1.000283835358934e+00 -1.896245612758969e-03 -9.307193137292839e-04 -1.007686980629483e+00
6 9 -1.000283893939159e+00 -1.896282186773988e-03 -9.307660168894386e-04 -1.007686650782623e+00
6 10 -1.000283923656511e+00 -1.896245097452884e-03 -9.308626307827423e-04 -1.007686561380694e+00
6 11 -1.000283923282654e+00 -1.896135897301290e-03 -9.310047801697932e-04 -1.007686715766716e+00
6 12 -1.000283892703990e+00 -1.895958787583408e-03 -9.311867850358789e-04 -1.007687108210348e+00
6 13 -1.000283832945627e+00 -1.895720455509356e-03 -9.314019144603956e-04 -1.007687724098514e+00
6 14 -1.000283746154702e+00 -1.895429834342914e-03 -9.316426097106744e-04 -1.007688540428022e+00
6 15 -1.000283635540212e+00 -1.895097793298202e-03 -9.319006717780015e-04 -1.007689526591393e+00
6 16 -1.000283505268339e+00 -1.894736764342757e-03 -9.321674201191149e-04 -1.007690645440110e+00
6 17 -1.000283360314685e+00 -1.894360313781022e-03 -9.324338391824288e-04 -1.007691854600609e+00
6 18 -1.000283206277422e+00 -1.893982667836455e-03 -9.326907352486663e-04 -1.007693108008362e+00
6 19 -1.000283049157991e+00 -1.893618203368818e-03 -9.329289268976663e-04 -1.007694357615017e+00
6 20 -1.000282895118410e+00 -1.893280917384954e-03 -9.331394877600997e-04 -1.007695555213021e+00
6 21 -1.000282750226262e+00 -1.892983891993813e-03 -9.333140506078698e-04 -1.007696654311936e+00
6 22 -1.000282620199711e+00 -1.892738774468286e-03 -9.334451685081369e-04 -1.007697611992236e+00
6 23 -1.000282510165352e+00 -1.892555294543659e-03 -9.335267139050679e-04 -1.007698390656872e+00
6 24 -1.000282424441405e+00 -1.892440842571108e-03 -9.335542829638944e-04 -1.007698959598856e+00
6 25 -1.000282366357598e+00 -1.892400132226771e-03 -9.335255629906163e-04 -1.007699296305380e+00
6 26 -1.000282338121122e+00 -1.892434969530674e-03 -9.334406171034836e-04 -1.007699387427235e+00
6 27 -1.000282340734986e+00 -1.892544145421187e-03 -9.333020436353394e-04 -1.007699229358020e+00
6 28 -1.000282373971612e+00 -1.892723462216995e-03 -9.331149781630136e-04 -1.007698828389690e+00
6 29 -1.000282436400871e+00 -1.892965895942132e-03 -9.328869223807725e-04 -1.007698200436067e+00
6 30 -1.000282525468619e+00 -1.893261887844278e-03 -9.326274034766755e-04 -1.007697370340770e+00
6 31 -1.000282637619060e+00 -1.893599750277612e-03 -9.323474867789191e-04 -1.007696370809195e+00
7 0 -1.000282948685694e+00 -1.894126360646022e-03 -9.315716658781032e-04 -1.007694779524553e+00
7 1 -1.000283093808467e+00 -1.894508509632595e-03 -9.312864345366821e-04 -1.007693558689499e+00
7 2 -1.000283246922499e+00 -1.894889771531684e-03 -9.310172665551667e-04 -1.007692299500202e+00
7 3 -1.000283402230445e+00 -1.895255376034515e-03 -9.307751413835881e-04 -1.007691050417335e+00
7 4 -1.000283553894074e+00 -1.895591279584818e-03 -9.305695425744073e-04 -1.007689859210215e+00
7 5 -1.000283696238276e+00 -1.895884702706706e-03 -9.304080707642603e-04 -1.007688771160184e+00
7 6 -1.000283823945350e+00 -1.896124600885481e-03 -9.302961994693637e-04 -1.007687827397793e+00
7 7 -1.000283932235923e+00 -1.896302054119774e-03 -9.302371750668024e-04 -1.007687063425516e+00
7 8 -1.000284017033161e+00 -1.896410565269451e-03 -9.302320486344698e-04 -1.007686507867395e+00
7 9 -1.000284075106904e+00 -1.896446262061044e-03 -9.302798160352344e-04 -1.007686181477288e+00
7 10 -1.000284104193920e+00 -1.896408001797095e-03 -9.303776348867524e-04 -1.007686096428563e+00
7 11 -1.000284103090142e+00 -1.896297381143625e-03 -9.305210841416364e-04 -1.007686255900187e+00
7 12 -1.000284071710432e+00 -1.896118655642776e-03 -9.307044343503886e-04 -1.007686653967431e+00
7 13 -1.000284011111426e+00 -1.895878574916257e-03 -9.309209033252779e-04 -1.007687275799625e+00
7 14 -1.000283923473489e+00 -1.895586140236318e-03 -9.311628812824328e-04 -1.007688098161681e+00
7 15 -1.000283812039073e+00 -1.895252291567624e-03 -9.314221204345343e-04 -1.007689090209729e+00
7 16 -1.000283681006624e+00 -1.894889531523517e-03 -9.316898954458702e-04 -1.007690214564034e+00
7 17 -1.000283535381515e+00 -1.894511494202763e-03 -9.319571513345518e-04 -1.007691428634222e+00
7 18 -1.000283380787997e+00 -1.894132468018989e-03 -9.322146617207839e-04 -1.007692686162382e+00
7 19 -1.000283223248802e+00 -1.893766883710193e-03 -9.324532208788367e-04 -1.007693938938754e+00
7 20 -1.000283068941608e+00 -1.893428781522759e-03 -9.326638878238193e-04 -1.007695138633346e+00
7 21 -1.000282923943494e+00 -1.893131274529431e-03 -9.328382909683388e-04 -1.007696238676876e+00
7 22 -1.000282793975770e+00 -1.892886027724544e-03 -9.329689891444664e-04 -1.007697196116888e+00
7 23 -1.000282684161884e+00 -1.892702774818724e-03 -9.330498703874477e-04 -1.007697973369923e+00
7 24 -1.000282598810865e+00 -1.892588896299341e-03 -9.330765560235939e-04 -1.007698539788117e+00
7 25 -1.000282541237645e+00 -1.892549082598678e-03 -9.330467674561702e-04 -1.007698872960496e+00
7 26 -1.000282513629612e+00 -1.892585104187996e-03 -9.329606094082089e-04 -1.007698959677801e+00
7 27 -1.000282516965740e+00 -1.892695705705576e-03 -9.328207273234328e-04 -1.007698796505796e+00
7 28 -1.000282550991073e+00 -1.892876634299315e-03 -9.326323074062601e-04 -1.007698389933910e+00
7 29 -1.000282614245802e+00 -1.893120804140525e-03 -9.324029037163966e-04 -1.007697756090811e+00
7 30 -1.000282704144892e+00 -1.893418590405892e-03 -9.321420956697375e-04 -1.007696920043689e+00
7 31 -1.000282817101523e+00 -1.893758237687969e-03 -9.318609985206335e-04 -1.007695914721761e+00
8 0 -1.000283119802934e+00 -1.894331591421471e-03 -9.308483662390784e-04 -1.007694270905786e+00
8 1 -1.000283265628906e+00 -1.894715332147668e-03 -9.305624646633618e-04 -1.007693045017592e+00
8 2 -1.000283419366960e+00 -1.895098065434532e-03 -9.302927634963799e-04 -1.007691781297263e+00
8 3 -1.000283575195646e+00 -1.895464965045399e-03 -9.300502624244991e-04 -1.007690528377355e+00
8 4 -1.000283727256227e+00 -1.895801937795830e-03 -9.298444589860318e-04 -1.007689334174465e+00
8 5 -1.000283869857545e+00 -1.896096162782733e-03 -9.296829608495770e-04 -1.007688244087008e+00
8 6 -1.000283997671077e+00 -1.896336563802332e-03 -9.295712417129198e-04 -1.007687299327775e+00
8 7 -1.000284105912417e+00 -1.896514200199873e-03 -9.295125417778908e-04 -1.007686535442846e+00
8 8 -1.000284190505814e+00 -1.896622566236276e-03 -9.295078999350884e-04 -1.007685981058702e+00
8 9 -1.000284248228319e+00 -1.896657793645314e-03 -9.295562940558837e-04 -1.007685656889752e+00
8 10 -1.000284276829837e+00 -1.896618756367398e-03 -9.296548584170320e-04 -1.007685575028981e+00
8 11 -1.000284275124960e+00 -1.896507079941933e-03 -9.297991441218885e-04 -1.007685738536162e+00
8 12 -1.000284243052111e+00 -1.896327060211893e-03 -9.299833903734114e-04 -1.007686141332022e+00
8 13 -1.000284181695420e+00 -1.896085497110722e-03 -9.302007811655505e-04 -1.007686768401573e+00
8 14 -1.000284093265428e+00 -1.895791450102545e-03 -9.304436715802746e-04 -1.007687596303545e+00
8 15 -1.000283981036053e+00 -1.895455922616662e-03 -9.307037787458989e-04 -1.007688593975314e+00
8 16 -1.000283849237140e+00 -1.895091483301407e-03 -9.309723437141950e-04 -1.007689723815191e+00
8 17 -1.000283702904111e+00 -1.894711832215683e-03 -9.312402806670598e-04 -1.007690943016657e+00
8 18 -1.000283547688674e+00 -1.894331320993073e-03 -9.314983363803841e-04 -1.007692205120357e+00
8 19 -1.000283389637320e+00 -1.893964438194954e-03 -9.317372834578934e-04 -1.007693461738319e+00
8 20 -1.000283234946868e+00 -1.893625274107020e-03 -9.319481654089416e-04 -1.007694664392892e+00
8 21 -1.000283089708315e+00 -1.893326982162421e-03 -9.321226019063630e-04 -1.007695766403174e+00
8 22 -1.000282959651273e+00 -1.893081256613603e-03 -9.322531500930317e-04 -1.007696724744960e+00
8 23 -1.000282849901686e+00 -1.892897848289629e-03 -9.323337035507308e-04 -1.007697501805263e+00
8 24 -1.000282764765282e+00 -1.892784142100813e-03 -9.323598964082577e-04 -1.007698066949505e+00
8 25 -1.000282707548153e+00 -1.892744820290663e-03 -9.323294696408785e-04 -1.007698397821315e+00
8 26 -1.000282680423759e+00 -1.892781633182647e-03 -9.322425532356098e-04 -1.007698481304141e+00
8 27 -1.000282684352620e+00 -1.892893294272658e-03 -9.321018223332378e-04 -1.007698314090448e+00
8 28 -1.000282719057461e+00 -1.893075509751085e-03 -9.319124962097560e-04 -1.007697902825517e+00
8 29 -1.000282783053068e+00 -1.893321144570593e-03 -9.316821643260861e-04 -1.007697263817008e+00
8 30 -1.000282873726828e+00 -1.893620518429665e-03 -9.314204423591285e-04 -1.007696422327056e+00
8 31 -1.000282987463134e+00 -1.893961816364688e-03 -9.311384808627210e-04 -1.007695411488372e+00
9 0 -1.000283275238038e+00 -1.894573819033707e-03 -9.299169994674070e-04 -1.007693735348202e+00
9 1 -1.000283421775209e+00 -1.894959112484272e-03 -9.296306210874070e-04 -1.007692504386475e+00
9 2 -1.000283576178091e+00 -1.895343362219697e-03 -9.293604873847281e-04 -1.007691235855742e+00
9 3 -1.000283732599611e+00 -1.895711684590667e-03 -9.291176137740140e-04 -1.007689978570982e+00
9 4 -1.000283885157747e+00 -1.896049931896766e-03 -9.289115111472876e-04 -1.007688780616784e+00
9 5 -1.000284028141392e+00 -1.896345233688114e-03 -9.287497977886888e-04 -1.007687687538601e+00
9 6 -1.000284156206334e+00 -1.896586471179808e-03 -9.286379552265353e-04 -1.007686740669056e+00
9 7 -1.000284264557489e+00 -1.896764669909643e-03 -9.285792286533406e-04 -1.007685975641452e+00
9 8 -1.000284349113961e+00 -1.896873300634839e-03 -9.285746587867666e-04 -1.007685421132763e+00
9 9 -1.000284406653498e+00 -1.896908483073736e-03 -9.286232217406566e-04 -1.007685097868376e+00
9 10 -1.000284434932666e+00 -1.896869091396299e-03 -9.287220463237342e-04 -1.007685017911322e+00
9 11 -1.000284432778527e+00 -1.896756763858808e-03 -9.288666747100671e-04 -1.007685184250728e+00
9 12 -1.000284400147286e+00 -1.896575821191565e-03 -9.290513340100742e-04 -1.007685590698145e+00
9 13 -1.000284338145394e+00 -1.896333099500564e-03 -9.292691930828232e-04 -1.007686222095028e+00
9 14 -1.000284249009265e+00 -1.896037704233792e-03 -9.295125890385614e-04 -1.007687054828185e+00
9 15 -1.000284136041083e+00 -1.895700692553650e-03 -9.297732189136375e-04 -1.007688057642368e+00
9 16 -1.000284003500068e+00 -1.895334692081740e-03 -9.300423027547273e-04 -1.007689192731431e+00
9 17 -1.000283856450787e+00 -1.894953464439163e-03 -9.303107340148248e-04 -1.007690417081742e+00
9 18 -1.000283700572646e+00 -1.894571422898112e-03 -9.305692397986087e-04 -1.007691684032744e+00
9 19 -1.000283541937363e+00 -1.894203115410627e-03 -9.308085746307739e-04 -1.007692945008808e+00
9 20 -1.000283386763668e+00 -1.893862687142823e-03 -9.310197662297759e-04 -1.007694151365191e+00
9 21 -1.000283241160373e+00 -1.893563339675950e-03 -9.311944216902844e-04 -1.007695256281053e+00
9 22 -1.000283110870174e+00 -1.893316806723855e-03 -9.313250895802138e-04 -1.007696216624944e+00
9 23 -1.000283001026958e+00 -1.893132868489789e-03 -9.314056592354578e-04 -1.007696994713006e+00
9 24 -1.000282915939126e+00 -1.893018928387621e-03 -9.314317647883437e-04 -1.007697559877724e+00
9 25 -1.000282858910255e+00 -1.892979675956460e-03 -9.314011512707752e-04 -1.007697889767721e+00
9 26 -1.000282832106293e+00 -1.893016857559367e-03 -9.313139566102628e-04 -1.007697971308361e+00
9 27 -1.000282836475564e+00 -1.893129171738709e-03 -9.311728675196774e-04 -1.007697801268910e+00
9 28 -1.000282871724354e+00 -1.893312299404962e-03 -9.309831179751533e-04 -1.007697386403090e+00
9 29 -1.000282936347339e+00 -1.893559070955766e-03 -9.307523144840758e-04 -1.007696743154335e+00
9 30 -1.000283027708779e+00 -1.893859763563095e-03 -9.304900911968915e-04 -1.007695896942977e+00
9 31 -1.000283142167652e+00 -1.894202513222132e-03 -9.302076177225676e-04 -1.007694881077077e+00
10 0 -1.000283409069056e+00 -1.894843591255379e-03 -9.288135355895660e-04 -1.007693193836346e+00
10 1 -1.000283556297554e+00 -1.895230337489654e-03 -9.285268952017716e-04 -1.007691957979331e+00
10 2 -1.000283711379840e+00 -1.895616088931971e-03 -9.282564499675741e-04 -1.007690684548301e+00
10 3 -1.000283868442724e+00 -1.895985905330174e-03 -9.280132255233207e-04 -1.007689422544015e+00
10 4 -1.000284021579101e+00 -1.896325581766001e-03 -9.278067449023421e-04 -1.007688220232937e+00
10 5 -1.000284165054834e+00 -1.896622192078458e-03 -9.276446403658718e-04 -1.007687123331520e+00
10 6 -1.000284293505767e+00 -1.896864565659146e-03 -9.275324086833144e-04 -1.007686173325064e+00
10 7 -1.000284402120885e+00 -1.897043682402231e-03 -9.274733107412412e-04 -1.007685405974381e+00
10 8 -1.000284486808132e+00 -1.897152975622573e-03 -9.274684026248137e-04 -1.007684850052966e+00
10 9 -1.000284544339486e+00 -1.897188537568502e-03 -9.275166747755451e-04 -1.007684526346843e+00
10 10 -1.000284572471510e+00 -1.897149226346144e-03 -9.276152685969694e-04 -1.007684446940203e+00
10 11 -1.000284570037073e+00 -1.897036676403528e-03 -9.277597364758044e-04 -1.007684614802383e+00
10 12 -1.000284537003687e+00 -1.896855217084042e-03 -9.279443127608399e-04 -1.007685023685113e+00
10 13 -1.000284474494079e+00 -1.896611705165530e-03 -9.281621700284318e-04 -1.007685658332599e+00
10 14 -1.000284384765221e+00 -1.896315278026904e-03 -9.284056452195069e-04 -1.007686495000843e+00
10 15 -1.000284271143248e+00 -1.895977034616331e-03 -9.286664313978522e-04 -1.007687502275910e+00
10 16 -1.000284137913542e+00 -1.895609652093825e-03 -9.289357413988638e-04 -1.007688642172839e+00
10 17 -1.000283990167768e+00 -1.895226946911239e-03 -9.292044588840941e-04 -1.007689871487812e+00
10 18 -1.000283833612232e+00 -1.894843390152463e-03 -9.294632989662150e-04 -1.007691143366719e+00
10 19 -1.000283674344436e+00 -1.894473588492486e-03 -9.297030022422915e-04 -1.007692409043888e+00
10 20 -1.000283518606923e+00 -1.894131744568128e-03 -9.299145812002794e-04 -1.007693619694877e+00
10 21 -1.000283372529445e+00 -1.893831113783337e-03 -9.300896274521670e-04 -1.007694728336738e+00
10 22 -1.000283241871951e+00 -1.893583477795476e-03 -9.302206747373334e-04 -1.007695691700089e+00
10 23 -1.000283131781365e+00 -1.893398657263647e-03 -9.303015985456222e-04 -1.007696471991802e+00
10 24 -1.000283046574650e+00 -1.893284087523897e-03 -9.303280202074406e-04 -1.007697038466338e+00
10 25 -1.000282989559323e+00 -1.893244480626051e-03 -9.302976733953309e-04 -1.007697368727387e+00
10 26 -1.000282962900540e+00 -1.893281595237407e-03 -9.302106868513199e-04 -1.007697449689876e+00
10 27 -1.000282967541123e+00 -1.893394131616182e-03 -9.300697407102839e-04 -1.007697278147194e+00
10 28 -1.000283003177401e+00 -1.893577762012491e-03 -9.298800647684696e-04 -1.007696860910055e+00
10 29 -1.000283068290002e+00 -1.893825298303565e-03 -9.296492633494025e-04 -1.007696214509240e+00
10 30 -1.000283160225430e+00 -1.894126989776825e-03 -9.293869704303816e-04 -1.007695364480375e+00
10 31 -1.000283275321638e+00 -1.894470935801758e-03 -9.291043578161989e-04 -1.007694344271897e+00
11 0 -1.000283516238067e+00 -1.895130427431798e-03 -9.275807865145678e-04 -1.007692667290334e+00
11 1 -1.000283664111262e+00 -1.895518470538157e-03 -9.272941091972402e-04 -1.007691426904882e+00
11 2 -1.000283819861137e+00 -1.895905650913386e-03 -9.270234862199743e-04 -1.007690148673173e+00
11 3 -1.000283977588856e+00 -1.896276974450825e-03 -9.267799479167677e-04 -1.007688881778573e+00
11 4 -1.000284131361407e+00 -1.896618178470406e-03 -9.265730280730486e-04 -1.007687674676300e+00
11 5 -1.000284275419470e+00 -1.896916277232418e-03 -9.264103756005935e-04 -1.007686573270722e+00
11 6 -1.000284404375485e+00 -1.897160041210436e-03 -9.262975088601121e-04 -1.007685619226446e+00
11 7 -1.000284513397905e+00 -1.897340394655475e-03 -9.262377141099979e-04 -1.007684848466980e+00
11 8 -1.000284598378021e+00 -1.897450721036417e-03 -9.262320755909911e-04 -1.007684289904249e+00
11 9 -1.000284656075867e+00 -1.897487070862727e-03 -9.262796136028242e-04 -1.007683964431707e+00
11 10 -1.000284684241326e+00 -1.897448270562966e-03 -9.263774996401983e-04 -1.007683884204814e+00
11 11 -1.000284681706118e+00 -1.897335934373649e-03 -9.265213147624789e-04 -1.007684052224974e+00
11 12 -1.000284648442127e+00 -1.897154383665388e-03 -9.267053192104027e-04 -1.007684462235809e+00
11 13 -1.000284585581745e+00 -1.896910479706943e-03 -9.269227077359225e-04 -1.007685098933923e+00
11 14 -1.000284495396451e+00 -1.896613376574621e-03 -9.271658349932009e-04 -1.007685938490405e+00
11 15 -1.000284381231015e+00 -1.896274201297847e-03 -9.274264066059814e-04 -1.007686949373081e+00
11 16 -1.000284247392660e+00 -1.895905669050838e-03 -9.276956423519875e-04 -1.007688093451333e+00
11 17 -1.000284098997065e+00 -1.895521642327575e-03 -9.279644271462063e-04 -1.007689327355308e+00
11 18 -1.000283941775725e+00 -1.895136644227996e-03 -9.282234719037232e-04 -1.007690604051632e+00
11 19 -1.000283781851574e+00 -1.894765337348931e-03 -9.284635079681145e-04 -1.007691874589074e+00
11 20 -1.000283625491890e+00 -1.894421981997189e-03 -9.286755340655871e-04 -1.007693089958300e+00
11 21 -1.000283478849544e+00 -1.894119890742720e-03 -9.288511242502906e-04 -1.007694202999187e+00
11 22 -1.000283347705188e+00 -1.893870899772913e-03 -9.289827916409563e-04 -1.007695170279315e+00
11 23 -1.000283237223405e+00 -1.893684879832640e-03 -9.290643886778736e-04 -1.007695953861865e+00
11 24 -1.000283151735315e+00 -1.893569310362504e-03 -9.290915118895121e-04 -1.007696522881175e+00
11 25 -1.000283094558662e+00 -1.893528940106780e-03 -9.290618693160008e-04 -1.007696854848130e+00
11 26 -1.000283067864540e+00 -1.893565555739033e-03 -9.289755642633868e-04 -1.007696936615354e+00
11 27 -1.000283072597207e+00 -1.893677875933696e-03 -9.288352523750237e-04 -1.007696764946413e+00
11 28 -1.000283108449912e+00 -1.893861581304616e-03 -9.286461403156230e-04 -1.007696346655279e+00
11 29 -1.000283173895784e+00 -1.894109481801836e-03 -9.284158111626416e-04 -1.007695698308920e+00
11 30 -1.000283266269548e+00 -1.894411814317806e-03 -9.281538804901681e-04 -1.007694845511640e+00
11 31 -1.000283381893319e+00 -1.894756655426096e-03 -9.278715055954819e-04 -1.007693821811819e+00
12 0 -1.000283592732797e+00 -1.895423239134397e-03 -9.262666978007544e-04 -1.007692175743756e+00
12 1 -1.000283741179417e+00 -1.895812374132385e-03 -9.259802075230190e-04 -1.007690931368638e+00
12 2 -1.000283897559517e+00 -1.896200856378002e-03 -9.257095457590133e-04 -1.007689648618704e+00
12 3 -1.000284055950001e+00 -1.896573642467879e-03 -9.254657424389473e-04 -1.007688376850356e+00
12 4 -1.000284210392059e+00 -1.896916413518409e-03 -9.252583404271962e-04 -1.007687164707575e+00
12 5 -1.000284355099998e+00 -1.897216122726512e-03 -9.250950068874103e-04 -1.007686058292238e+00
12 6 -1.000284484660363e+00 -1.897461476988734e-03 -9.249812867937206e-04 -1.007685099467607e+00
12 7 -1.000284594217353e+00 -1.897643337181070e-03 -9.249205003289388e-04 -1.007684324348347e+00
12 8 -1.000284679640809e+00 -1.897755026524606e-03 -9.249137716595737e-04 -1.007683762020964e+00
12 9 -1.000284737673105e+00 -1.897792541190563e-03 -9.249601652192784e-04 -1.007683433528748e+00
12 10 -1.000284766050988e+00 -1.897754661548964e-03 -9.250568985849911e-04 -1.007683351145873e+00
12 11 -1.000284763598084e+00 -1.897642965954529e-03 -9.251995985609147e-04 -1.007683517956675e+00
12 12 -1.000284730283562e+00 -1.897461751494517e-03 -9.253825689395144e-04 -1.007683927748754e+00
12 13 -1.000284667242538e+00 -1.897217867622469e-03 -9.255990443862983e-04 -1.007684565222313e+00
12 14 -1.000284576754394e+00 -1.896920469322219e-03 -9.258414144165682e-04 -1.007685406512347e+00
12 15 -1.000284462176488e+00 -1.896580696957189e-03 -9.261014129380118e-04 -1.007686420013399e+00
12 16 -1.000284327832705e+00 -1.896211290716720e-03 -9.263702801707793e-04 -1.007687567488082e+00
12 17 -1.000284178858759e+00 -1.895826148590455e-03 -9.266389130757165e-04 -1.007688805431004e+00
12 18 -1.000284021008709e+00 -1.895439837960786e-03 -9.268980263389115e-04 -1.007690086650467e+00
12 19 -1.000283860429593e+00 -1.895067072444873e-03 -9.271383471449575e-04 -1.007691362021094e+00
12 20 -1.000283703413354e+00 -1.894722168004024e-03 -9.273508623958696e-04 -1.007692582350612e+00
12 21 -1.000283556137256e+00 -1.894418495525003e-03 -9.275271270009197e-04 -1.007693700293528e+00
12 22 -1.000283424405324e+00 -1.894167950255157e-03 -9.276596283504686e-04 -1.007694672235463e+00
12 23 -1.000283313403787e+00 -1.893980460735394e-03 -9.277421877109588e-04 -1.007695460066971e+00
12 24 -1.000283227482955e+00 -1.893863560906902e-03 -9.277703662242444e-04 -1.007696032765000e+00
12 25 -1.000283169976646e+00 -1.893822048871610e-03 -9.277418334185258e-04 -1.007696367703613e+00
12 26 -1.000283143068391e+00 -1.893857753936505e-03 -9.276566519753497e-04 -1.007696451623656e+00
12 27 -1.000283147710814e+00 -1.893969429267445e-03 -9.275174359713091e-04 -1.007696281205844e+00
12 28 -1.000283183601089e+00 -1.894152780517603e-03 -9.273293509935523e-04 -1.007695863213640e+00
12 29 -1.000283249211611e+00 -1.894400632158180e-03 -9.270999411003165e-04 -1.007695214198300e+00
12 30 -1.000283341871643e+00 -1.894703224426811e-03 -9.268387863924615e-04 -1.007694359784266e+00
12 31 -1.000283457893210e+00 -1.895048625808798e-03 -9.265570135174464e-04 -1.007693333575697e+00
13 0 -1.000283635724815e+00 -1.895710766680734e-03 -9.249224183226373e-04 -1.007691737603576e+00
13 1 -1.000283784652003e+00 -1.896100748035300e-03 -9.246363275087218e-04 -1.007690489926774e+00
13 2 -1.000283941601171e+00 -1.896490356305228e-03 -9.243657641759810e-04 -1.007689203110941e+00
13 3 -1.000284100627270e+00 -1.896864505241498e-03 -9.241217528576684e-04 -1.007687926669290e+00
13 4 -1.000284255746721e+00 -1.897208823364180e-03 -9.239138433209091e-04 -1.007686709427817e+00
13 5 -1.000284401147242e+00 -1.897510203544903e-03 -9.237497217364074e-04 -1.007685597688434e+00
13 6 -1.000284531388013e+00 -1.897757286895479e-03 -9.236349637158227e-04 -1.007684633524720e+00
13 7 -1.000284641586239e+00 -1.897940865741189e-03 -9.235729307032808e-04 -1.007683853263141e+00
13 8 -1.000284727586339e+00 -1.898054195056265e-03 -9.235647969459132e-04 -1.007683286193943e+00
13 9 -1.000284786107956e+00 -1.898093206154312e-03 -9.236096832867765e-04 -1.007682953547004e+00
13 10 -1.000284814868743e+00 -1.898056620702116e-03 -9.237048673191296e-04 -1.007682867758227e+00
13 11 -1.000284812677652e+00 -1.897945966871813e-03 -9.238460369184854e-04 -1.007683032042489e+00
13 12 -1.000284779494176e+00 -1.897765502068877e-03 -9.240275556704996e-04 -1.007683440281677e+00
13 13 -1.000284716449075e+00 -1.897522048052511e-03 -9.242427144520506e-04 -1.007684077230704e+00
13 14 -1.000284625822713e+00 -1.897224744962879e-03 -9.244839530726196e-04 -1.007684919038542e+00
13 15 -1.000284510978572e+00 -1.896884731450446e-03 -9.247430477071255e-04 -1.007685934073641e+00
13 16 -1.000284376251479e+00 -1.896514758948366e-03 -9.250112713029531e-04 -1.007687084034223e+00
13 17 -1.000284226792451e+00 -1.896128749012268e-03 -9.252795432096426e-04 -1.007688325315066e+00
13 18 -1.000284068374529e+00 -1.895741303715586e-03 -9.255385898407951e-04 -1.007689610593639e+00
13 19 -1.000283907166540e+00 -1.895367180809735e-03 -9.257791392993100e-04 -1.007690890588686e+00
13 20 -1.000283749484141e+00 -1.895020747970855e-03 -9.259921686095691e-04 -1.007692115933405e+00
13 21 -1.000283601529436e+00 -1.894715433555326e-03 -9.261692124341491e-04 -1.007693239095092e+00
13 22 -1.000283469131664e+00 -1.894463194164130e-03 -9.263027285281269e-04 -1.007694216265286e+00
13 23 -1.000283357501821e+00 -1.894274021497984e-03 -9.263865004437708e-04 -1.007695009139900e+00
13 24 -1.000283271013660e+00 -1.894155512248013e-03 -9.264160448050756e-04 -1.007695586507454e+00
13 25 -1.000283213022314e+00 -1.894112524721412e-03 -9.263889809957882e-04 -1.007695925566316e+00
13 26 -1.000283185729787e+00 -1.894146943882285e-03 -9.263053173195694e-04 -1.007696012900397e+00
13 27 -1.000283190103641e+00 -1.894257571999784e-03 -9.261676111239702e-04 -1.007695845058154e+00
13 28 -1.000283225851790e+00 -1.894440155286169e-03 -9.259809711273974e-04 -1.007695428701190e+00
13 29 -1.000283291452645e+00 -1.894687548547426e-03 -9.257528864814182e-04 -1.007694780313896e+00
13 30 -1.000283384236501e+00 -1.894990010995757e-03 -9.254928861329100e-04 -1.007693925491534e+00
13 31 -1.000283500511387e+00 -1.895335618011011e-03 -9.252120510513431e-04 -1.007692897847985e+00
14 0 -1.000283643661369e+00 -1.895982012955304e-03 -9.236002361027672e-04 -1.007691369016265e+00
14 1 -1.000283792958572e+00 -1.896372564550778e-03 -9.233147365773901e-04 -1.007690118846612e+00
14 2 -1.000283950394497e+00 -1.896763081525366e-03 -9.230444007088767e-04 -1.007688828567802e+00
14 3 -1.000284110005331e+00 -1.897138443042754e-03 -9.228002425187472e-04 -1.007687547827230e+00
14 4 -1.000284265784711e+00 -1.897484230613952e-03 -9.225918161760292e-04 -1.007686325619371e+00
14 5 -1.000284411894505e+00 -1.897787279619719e-03 -9.224268272446687e-04 -1.007685208441657e+00
14 6 -1.000284542866043e+00 -1.898036165544605e-03 -9.223108852107297e-04 -1.007684238581996e+00
14 7 -1.000284653787798e+00 -1.898221609627955e-03 -9.222473985564350e-04 -1.007683452591174e+00
14 8 -1.000284740475759e+00 -1.898336793273457e-03 -9.222375995778908e-04 -1.007682879984444e+00
14 9 -1.000284799622645e+00 -1.898377574884073e-03 -9.222806754727331e-04 -1.007682542207970e+00
14 10 -1.000284828921828e+00 -1.898342606966262e-03 -9.223739756093269e-04 -1.007682451896260e+00
14 11 -1.000284827161595e+00 -1.898233355112530e-03 -9.225132621391094e-04 -1.007682612437204e+00
14 12 -1.000284794285176e+00 -1.898054023188411e-03 -9.226929723786528e-04 -1.007683017853561e+00
14 13 -1.000284731412043e+00 -1.897811390472649e-03 -9.229064672205377e-04 -1.007683653003978e+00
14 14 -1.000284640816608e+00 -1.897514567174095e-03 -9.231462498036977e-04 -1.007684494100753e+00
14 15 -1.000284525861870e+00 -1.897174675444447e-03 -9.234041505978577e-04 -1.007685509533801e+00
14 16 -1.000284390887549e+00 -1.896804463946799e-03 -9.236714861874070e-04 -1.007686660981097e+00
14 17 -1.000284241054632e+00 -1.896417865000365e-03 -9.239392077265545e-04 -1.007687904776966e+00
14 18 -1.000284082150746e+00 -1.896029504357051e-03 -9.241980606298086e-04 -1.007689193500940e+00
14 19 -1.000283920363334e+00 -1.895654175317963e-03 -9.244387785601121e-04 -1.007690477740293e+00
14 20 -1.000283762029987e+00 -1.895306291525843e-03 -9.246523306793519e-04 -1.007691707968294e+00
14 21 -1.000283613377269e+00 -1.894999335962878e-03 -9.248302310787116e-04 -1.007692836469648e+00
14 22 -1.000283480260554e+00 -1.894745326597823e-03 -9.249649052878284e-04 -1.007693819236789e+00
14 23 -1.000283367917758e+00 -1.894554321222586e-03 -9.250500940381282e-04 -1.007694617756457e+00
14 24 -1.000283280749436e+00 -1.894433985172289e-03 -9.250812616749077e-04 -1.007695200604869e+00
14 25 -1.000283222136487e+00 -1.894389245576363e-03 -9.250559674144078e-04 -1.007695544772442e+00
14 26 -1.000283194304697e+00 -1.894422053873361e-03 -9.249741536534793e-04 -1.007695636647312e+00
14 27 -1.000283198242482e+00 -1.894531273932953e-03 -9.248383085584531e-04 -1.007695472602042e+00
14 28 -1.000283233674812e+00 -1.894712706335079e-03 -9.246534707935838e-04 -1.007695059149377e+00
14 29 -1.000283299092647e+00 -1.894959250944308e-03 -9.244270608355870e-04 -1.007694412658004e+00
14 30 -1.000283391833827e+00 -1.895261200972571e-03 -9.241685426668429e-04 -1.007693558645424e+00
14 31 -1.000283508208633e+00 -1.895606653309947e-03 -9.238889386017479e-04 -1.007692530689077e+00
15 0 -1.000283616309910e+00 -1.896226657809976e-03 -9.223514744488426e-04 -1.007691083352912e+00
15 1 -1.000283765853397e+00 -1.896617484064015e-03 -9.220667295922668e-04 -1.007689831587293e+00
15 2 -1.000283923676049e+00 -1.897008659886697e-03 -9.217967358967022e-04 -1.007688538574054e+00
15 3 -1.000284083799214e+00 -1.897385039463982e-03 -9.215524921109718e-04 -1.007687254067000e+00
15 4 -1.000284240196630e+00 -1.897732164721232e-03 -9.213435543967589e-04 -1.007686027208893e+00
15 5 -1.000284387006018e+00 -1.898036818524455e-03 -9.211776477593620e-04 -1.007684904680773e+00
15 6 -1.000284518731341e+00 -1.898287513240950e-03 -9.210604177223895e-04 -1.007683928981215e+00
15 7 -1.000284630431619e+00 -1.898474899052215e-03 -9.209953237491178e-04 -1.007683136889839e+00
15 8 -1.000284717892494e+00 -1.898592081208290e-03 -9.209836619058758e-04 -1.007682558159826e+00
15 9 -1.000284777776642e+00 -1.898634839916854e-03 -9.210246933693296e-04 -1.007682214475003e+00
15 10 -1.000284807748905e+00 -1.898601750682100e-03 -9.211158486086826e-04 -1.007682118697723e+00
15 11 -1.000284806571685e+00 -1.898494206490706e-03 -9.212529744352909e-04 -1.007682274424786e+00
15 12 -1.000284774165982e+00 -1.898316345910892e-03 -9.214305926161767e-04 -1.007682675860930e+00
15 13 -1.000284711633536e+00 -1.898074892705080e-03 -9.216421447024149e-04 -1.007683308013265e+00
15 14 -1.000284621236174e+00 -1.897778913318843e-03 -9.218802076050098e-04 -1.007684147203974e+00
15 15 -1.000284506329856e+00 -1.897439499303843e-03 -9.221366761501515e-04 -1.007685161890903e+00
15 16 -1.000284371252951e+00 -1.897069382708203e-03 -9.224029197825732e-04 -1.007686313776445e+00
15 17 -1.000284221170713e+00 -1.896682493536800e-03 -9.226699292698954e-04 -1.007687559175776e+00
15 18 -1.000284061880456e+00 -1.896293469450736e-03 -9.229284750494913e-04 -1.007688850606745e+00
15 19 -1.000283899584391e+00 -1.895917129407896e-03 -9.231693005206543e-04 -1.007690138554489e+00
15 20 -1.000283740639434e+00 -1.895567925479974e-03 -9.233833693596014e-04 -1.007691373353163e+00
15 21 -1.000283591295303e+00 -1.895259390375752e-03 -9.235621755544630e-04 -1.007692507116366e+00
15 22 -1.000283457433466e+00 -1.895003601281353e-03 -9.236981107120991e-04 -1.007693495639495e+00
15 23 -1.000283344319964e+00 -1.894810682701648e-03 -9.237848687577145e-04 -1.007694300192984e+00
15 24 -1.000283256384537e+00 -1.894688371954534e-03 -9.238178557324007e-04 -1.007694889124807e+00
15 25 -1.000283197037296e+00 -1.894641670864633e-03 -9.237945631284030e-04 -1.007695239193446e+00
15 26 -1.000283168532143e+00 -1.894672605469890e-03 -9.237148587594946e-04 -1.007695336560322e+00
15 27 -1.000283171883408e+00 -1.894780111334392e-03 -9.235811519355114e-04 -1.007695177385406e+00
15 28 -1.000283206838763e+00 -1.894960055185494e-03 -9.233984006484761e-04 -1.007694767991237e+00
15 29 -1.000283271907796e+00 -1.895205394991006e-03 -9.231739455145707e-04 -1.007694124586295e+00
15 30 -1.000283364442166e+00 -1.895506471648027e-03 -9.229171745368367e-04 -1.007693272564687e+00
15 31 -1.000283480760564e+00 -1.895851417223912e-03 -9.226390412312931e-04 -1.007692245422807e+00
16 0 -1.000283554755925e+00 -1.896435438603466e-03 -9.212244426653525e-04 -1.007690890816594e+00
16 1 -1.000283704413653e+00 -1.896826236058823e-03 -9.209405809744446e-04 -1.007689638404842e+00
16 2 -1.000283862509306e+00 -1.897217798299197e-03 -9.206710247353667e-04 -1.007688343482375e+00
16 3 -1.000284023053807e+00 -1.897594964906160e-03 -9.204267537239553e-04 -1.007687055878111e+00
16 4 -1.000284180004626e+00 -1.897943247185040e-03 -9.202173239329049e-04 -1.007685824857077e+00
16 5 -1.000284327477977e+00 -1.898249382587556e-03 -9.200504791433283e-04 -1.007684697264611e+00
16 6 -1.000284459951966e+00 -1.898501825244873e-03 -9.199319016720229e-04 -1.007683715798409e+00
16 7 -1.000284572456524e+00 -1.898691156793802e-03 -9.198651041552497e-04 -1.007682917463401e+00
16 8 -1.000284660746145e+00 -1.898810406432922e-03 -9.198514501289518e-04 -1.007682332255128e+00
16 9 -1.000284721451480e+00 -1.898855273805295e-03 -9.198902798910883e-04 -1.007681982107536e+00
16 10 -1.000284752205669e+00 -1.898824252552203e-03 -9.199791112547752e-04 -1.007681880131285e+00
16 11 -1.000284751740992e+00 -1.898718655863981e-03 -9.201138825536092e-04 -1.007682030159915e+00
16 12 -1.000284719951144e+00 -1.898542547822700e-03 -9.202892071883262e-04 -1.007682426614096e+00
16 13 -1.000284657914442e+00 -1.898302585845797e-03 -9.204986148629395e-04 -1.007683054688095e+00
16 14 -1.000284567874010e+00 -1.898007780494689e-03 -9.207347640417852e-04 -1.007683890856086e+00
16 15 -1.000284453172450e+00 -1.897669179763815e-03 -9.209896215930994e-04 -1.007684903687770e+00
16 16 -1.000284318140562e+00 -1.897299485900954e-03 -9.212546167834514e-04 -1.007686054953677e+00
16 17 -1.000284167942074e+00 -1.896912613784276e-03 -9.215207858338479e-04 -1.007687300991382e+00
16 18 -1.000284008378836e+00 -1.896523200992750e-03 -9.217789289677454e-04 -1.007688594294921e+00
16 19 -1.000283845663479e+00 -1.896146081358763e-03 -9.220198031284829e-04 -1.007689885280183e+00
16 20 -1.000283686168859e+00 -1.895795736313932e-03 -9.222343691057894e-04 -1.007691124168539e+00
16 21 -1.000283536165598e+00 -1.895485741488502e-03 -9.224141016618935e-04 -1.007692262920651e+00
16 22 -1.000283401560276e+00 -1.895228229050678e-03 -9.225513574259605e-04 -1.007693257144079e+00
16 23 -1.000283287647276e+00 -1.895033388492667e-03 -9.226397808830259e-04 -1.007694067893527e+00
16 24 -1.000283198886825e+00 -1.894909029710593e-03 -9.226747160670617e-04 -1.007694663281418e+00
16 25 -1.000283138720531e+00 -1.894860232107604e-03 -9.226535821040155e-04 -1.007695019819473e+00
16 26 -1.000283109433633e+00 -1.894889101567718e-03 -9.225761664209372e-04 -1.007695123420202e+00
16 27 -1.000283112070470e+00 -1.894994652859798e-03 -9.224447924564036e-04 -1.007694970002004e+00
16 28 -1.000283146406257e+00 -1.895172828241142e-03 -9.222643297439536e-04 -1.007694565662832e+00
16 29 -1.000283210974589e+00 -1.895416654532896e-03 -9.220420311442340e-04 -1.007693926412770e+00
16 30 -1.000283303146646e+00 -1.895716532008643e-03 -9.217872010971987e-04 -1.007693077482004e+00
16 31 -1.000283419255345e+00 -1.896060640171764e-03 -9.215107171219659e-04 -1.007692052244450e+00
17 0 -1.000283461355874e+00 -1.896600484796741e-03 -9.202625311372988e-04 -1.007690798168614e+00
17 1 -1.000283610992435e+00 -1.896990953460413e-03 -9.199796420066307e-04 -1.007689546078222e+00
17 2 -1.000283769237986e+00 -1.897382617406857e-03 -9.197105959904685e-04 -1.007688250137293e+00
17 3 -1.000283930097712e+00 -1.897760312337502e-03 -9.194663514092862e-04 -1.007686960216331e+00
17 4 -1.000284087516996e+00 -1.898109528992699e-03 -9.192564620501702e-04 -1.007685725672235e+00
17 5 -1.000284235594016e+00 -1.898416968286737e-03 -9.190886889889409e-04 -1.007684593488948e+00
17 6 -1.000284368783586e+00 -1.898671033239977e-03 -9.189687507797548e-04 -1.007683606543973e+00
17 7 -1.000284482088019e+00 -1.898862241955591e-03 -9.189002138156097e-04 -1.007682802055667e+00
17 8 -1.000284571230978e+00 -1.898983550381558e-03 -9.188845106604679e-04 -1.007682210257723e+00
17 9 -1.000284632810246e+00 -1.899030578183139e-03 -9.189210629250471e-04 -1.007681853337591e+00
17 10 -1.000284664425295e+00 -1.899001735459307e-03 -9.190074784105088e-04 -1.007681744665182e+00
17 11 -1.000284664775267e+00 -1.898898251601403e-03 -9.191397901468181e-04 -1.007681888329172e+00
17 12 -1.000284633722579e+00 -1.898724109931309e-03 -9.193127070160069e-04 -1.007682278991548e+00
17 13 -1.000284572317325e+00 -1.898485893181672e-03 -9.195198513559242e-04 -1.007682902065276e+00
17 14 -1.000284482778483e+00 -1.898192545974085e-03 -9.197539679939179e-04 -1.007683734212966e+00
17 15 -1.000284368429480e+00 -1.897855061454432e-03 -9.200071005613056e-04 -1.007684744155864e+00
17 16 -1.000284233587661e+00 -1.897486100097149e-03 -9.202707425070105e-04 -1.007685893773618e+00
17 17 -1.000284083409557e+00 -1.897099549513505e-03 -9.205359794932847e-04 -1.007687139466632e+00
17 18 -1.000283923696291e+00 -1.896710035313496e-03 -9.207936452060731e-04 -1.007688433743538e+00
17 19 -1.000283760666203e+00 -1.896332394985072e-03 -9.210345133280056e-04 -1.007689726986039e+00
17 20 -1.000283600704116e+00 -1.895981129274988e-03 -9.212495440528917e-04 -1.007690969332951e+00
17 21 -1.000283450098534e+00 -1.895669848377655e-03 -9.214301939917721e-04 -1.007692112615858e+00
17 22 -1.000283314779190e+00 -1.895410733090712e-03 -9.215687847839822e-04 -1.007693112271016e+00
17 23 -1.000283200067931e+00 -1.895214033618941e-03 -9.216589107697105e-04 -1.007693929146424e+00
17 24 -1.000283110455598e+00 -1.895087630257835e-03 -9.216958527302438e-04 -1.007694531120606e+00
17 25 -1.000283049416395e+00 -1.895036680027931e-03 -9.216769553692461e-04 -1.007694894452761e+00
17 26 -1.000283019268984e+00 -1.895063371033227e-03 -9.216019225910551e-04 -1.007695004793278e+00
17 27 -1.000283021090738e+00 -1.895166801848233e-03 -9.214729879544308e-04 -1.007694857798880e+00
17 28 -1.000283054688241e+00 -1.895342996750530e-03 -9.212949282212880e-04 -1.007694459317060e+00
17 29 -1.000283118623536e+00 -1.895585059451755e-03 -9.210749042445321e-04 -1.007693825129068e+00
17 30 -1.000283210292230e+00 -1.895883458965146e-03 -9.208221326196176e-04 -1.007692980267109e+00
17 31 -1.000283326046695e+00 -1.896226432681633e-03 -9.205474103902111e-04 -1.007691957945979e+00
18 0 -1.000283339647859e+00 -1.896715596957938e-03 -9.195025315896722e-04 -1.007690808566289e+00
18 1 -1.000283489129338e+00 -1.897105450958869e-03 -9.192206638729156e-04 -1.007689557748011e+00
18 2 -1.000283647396708e+00 -1.897496929818226e-03 -9.189521774019728e-04 -1.007688261713030e+00
18 3 -1.000283808454277e+00 -1.897874876167434e-03 -9.187080074465569e-04 -1.007686970338557e+00
18 4 -1.000283966239895e+00 -1.898224770830152e-03 -9.184977036961087e-04 -1.007685733040133e+00
18 5 -1.000284114837841e+00 -1.898533288268940e-03 -9.183290426144910e-04 -1.007684596909845e+00
18 6 -1.000284248683105e+00 -1.898788789432045e-03 -9.182077774049997e-04 -1.007683604978808e+00
18 7 -1.000284362752928e+00 -1.898981736380387e-03 -9.181375269953107e-04 -1.007682794658548e+00
18 8 -1.000284452741590e+00 -1.899105017408737e-03 -9.181197919026819e-04 -1.007682196407709e+00
18 9 -1.000284515214368e+00 -1.899154175781178e-03 -9.181540739923334e-04 -1.007681832661291e+00
18 10 -1.000284547736409e+00 -1.899127539550963e-03 -9.182380702271209e-04 -1.007681717049570e+00
18 11 -1.000284548972030e+00 -1.899026253564682e-03 -9.183679081357388e-04 -1.007681853924731e+00
18 12 -1.000284518749594e+00 -1.898854217207221e-03 -9.185383926865974e-04 -1.007682238206123e+00
18 13 -1.000284458087191e+00 -1.898617932955326e-03 -9.187432400475489e-04 -1.007682855548844e+00
18 14 -1.000284369175102e+00 -1.898326271878109e-03 -9.189752828644838e-04 -1.007683682833458e+00
18 15 -1.000284255312532e+00 -1.897990163097403e-03 -9.192266431494586e-04 -1.007684688966604e+00
18 16 -1.000284120798069e+00 -1.897622214979515e-03 -9.194888804561810e-04 -1.007685835973724e+00
18 17 -1.000283970775644e+00 -1.897236276743543e-03 -9.197531321710598e-04 -1.007687080356174e+00
18 18 -1.000283811040381e+00 -1.896846950595571e-03 -9.200102678391125e-04 -1.007688374675074e+00
18 19 -1.000283647811442e+00 -1.896469066490976e-03 -9.202510800313204e-04 -1.007689669313824e+00
18 20 -1.000283487481304e+00 -1.896117133984470e-03 -9.204665301247126e-04 -1.007690914361209e+00
18 21 -1.000283336352704e+00 -1.895804788262647e-03 -9.206480581642297e-04 -1.007692061548160e+00
18 22 -1.000283200375636e+00 -1.895544250372421e-03 -9.207879523483384e-04 -1.007693066163201e+00
18 23 -1.000283084897367e+00 -1.895345824444665e-03 -9.208797582370173e-04 -1.007693888865162e+00
18 24 -1.000282994438296e+00 -1.895217456389908e-03 -9.209186941968327e-04 -1.007694497309092e+00
18 25 -1.000282932505181e+00 -1.895164378228635e-03 -9.209020306624629e-04 -1.007694867504707e+00
18 26 -1.000282901451032e+00 -1.895188859732500e-03 -9.208293876871209e-04 -1.007694984836438e+00
18 27 -1.000282902388066e+00 -1.895290084648449e-03 -9.207029084624017e-04 -1.007694844689187e+00
18 28 -1.000282935156839e+00 -1.895464162525348e-03 -9.205272764140969e-04 -1.007694452643858e+00
18 29 -1.000282998351179e+00 -1.895704279084150e-03 -9.203095595418422e-04 -1.007693824231104e+00
18 30 -1.000283089395071e+00 -1.896000978903454e-03 -9.200588852937342e-04 -1.007692984258556e+00
18 31 -1.000283204664803e+00 -1.896342565489293e-03 -9.197859686090787e-04 -1.007691965751522e+00
19 0 -1.000283194223297e+00 -1.896776463005866e-03 -9.189732495161625e-04 -1.007690921503569e+00
19 1 -1.000283343421936e+00 -1.897165440449982e-03 -9.186924124405494e-04 -1.007689672858343e+00
19 2 -1.000283501582503e+00 -1.897556455282241e-03 -9.184245119789149e-04 -1.007688377655215e+00
19 3 -1.000283662713351e+00 -1.897934367627570e-03 -9.181804594921283e-04 -1.007687085742894e+00
19 4 -1.000283820749633e+00 -1.898284659247921e-03 -9.179697990735564e-04 -1.007685846560558e+00
19 5 -1.000283969766312e+00 -1.898593989008799e-03 -9.178003205359912e-04 -1.007684707274540e+00
19 6 -1.000284104182705e+00 -1.898850686326928e-03 -9.176778090697527e-04 -1.007683711037865e+00
19 7 -1.000284218954462e+00 -1.899045166949522e-03 -9.176059327790624e-04 -1.007682895427416e+00
19 8 -1.000284309749107e+00 -1.899170259867467e-03 -9.175862562298557e-04 -1.007682291104538e+00
19 9 -1.000284373101075e+00 -1.899221438506210e-03 -9.176183574703127e-04 -1.007681920736094e+00
19 10 -1.000284406541845e+00 -1.899196953424593e-03 -9.177000187992143e-04 -1.007681798204016e+00
19 11 -1.000284408700490e+00 -1.899097867270238e-03 -9.178274588910591e-04 -1.007681928122695e+00
19 12 -1.000284379369798e+00 -1.898927995434067e-03 -9.179955759187965e-04 -1.007682305675383e+00
19 13 -1.000284319533289e+00 -1.898693757628664e-03 -9.181981774161321e-04 -1.007682916773605e+00
19 14 -1.000284231349126e+00 -1.898403946593518e-03 -9.184281819077937e-04 -1.007683738537022e+00
19 15 -1.000284118088209e+00 -1.898069420676025e-03 -9.186777886190641e-04 -1.007684740084451e+00
19 16 -1.000283984025758e+00 -1.897702727709495e-03 -9.189386229324034e-04 -1.007685883618423e+00
19 17 -1.000283834288140e+00 -1.897317668793174e-03 -9.192018743752790e-04 -1.007687125775736e+00
19 18 -1.000283674659425e+00 -1.896928812216246e-03 -9.194584491358814e-04 -1.007688419205891e+00
19 19 -1.000283511354718e+00 -1.896550969619720e-03 -9.196991597608233e-04 -1.007689714329476e+00
19 20 -1.000283350769614e+00 -1.896198648624848e-03 -9.199149704742775e-04 -1.007690961219311e+00
19 21 -1.000283199216923e+00 -1.895885498884201e-03 -9.200973072063417e-04 -1.007692111537816e+00
19 22 -1.000283062663183e+00 -1.895623771723036e-03 -9.202384277086508e-04 -1.007693120455077e+00
19 23 -1.000282946478039e+00 -1.895423816371648e-03 -9.203318317521100e-04 -1.007693948465521e+00
19 24 -1.000282855209286e+00 -1.895293637199042e-03 -9.203726779778501e-04 -1.007694563019421e+00
19 25 -1.000282792395026e+00 -1.895238535892620e-03 -9.203581651371167e-04 -1.007694939889211e+00
19 26 -1.000282760422289e+00 -1.895260860276461e-03 -9.202878322417022e-04 -1.007695064199446e+00
19 27 -1.000282760438608e+00 -1.895359877367756e-03 -9.201637351089912e-04 -1.007694931063399e+00
19 28 -1.000282792319802e+00 -1.895531781990682e-03 -9.199904666057175e-04 -1.007694545789398e+00
19 29 -1.000282854693592e+00 -1.895769843915738e-03 -9.197750041468971e-04 -1.007693923645257e+00
19 30 -1.000282945015220e+00 -1.896064687236367e-03 -9.195263878867093e-04 -1.007693089196070e+00
19 31 -1.000283059688417e+00 -1.896404687196910e-03 -9.192552523253808e-04 -1.007692075254750e+00
20 0 -1.000283030563394e+00 -1.896780806789132e-03 -9.186944582044035e-04 -1.007691132847140e+00
20 1 -1.000283179362023e+00 -1.897168678717036e-03 -9.184146236630675e-04 -1.007689887194821e+00
20 2 -1.000283337291065e+00 -1.897558967952886e-03 -9.181473142904400e-04 -1.007688593719058e+00
20 3 -1.000283498367754e+00 -1.897936562008766e-03 -9.179034176183559e-04 -1.007687302205816e+00
20 4 -1.000283656529515e+00 -1.898286954394256e-03 -9.176924710986825e-04 -1.007686062081878e+00
20 5 -1.000283805846880e+00 -1.898596799788448e-03 -9.175222754750072e-04 -1.007684920551255e+00
20 6 -1.000283940728142e+00 -1.898854407749817e-03 -9.173986439251355e-04 -1.007683920852980e+00
20 7 -1.000284056111641e+00 -1.899050159201824e-03 -9.173252883213921e-04 -1.007683100695315e+00
20 8 -1.000284147641872e+00 -1.899176834563816e-03 -9.173038309902313e-04 -1.007682490911848e+00
20 9 -1.000284211825353e+00 -1.899229846775060e-03 -9.173339195432394e-04 -1.007682114376171e+00
20 10 -1.000284246161811e+00 -1.899207376358759e-03 -9.174134149511780e-04 -1.007681985203638e+00
20 11 -1.000284249245898e+00 -1.899110409041766e-03 -9.175386203923130e-04 -1.007682108260261e+00
20 12 -1.000284220834599e+00 -1.898942679225015e-03 -9.177045207430139e-04 -1.007682478990265e+00
20 13 -1.000284161875673e+00 -1.898710524540733e-03 -9.179050089013759e-04 -1.007683083566068e+00
20 14 -1.000284074493033e+00 -1.898422657692594e-03 -9.181330842466816e-04 -1.007683899358187e+00
20 15 -1.000283961926252e+00 -1.898089862169879e-03 -9.183810194505857e-04 -1.007684895716394e+00
20 16 -1.000283828423393e+00 -1.897724619051555e-03 -9.186405031400503e-04 -1.007686035045172e+00
20 17 -1.000283679088950e+00 -1.897340673394928e-03 -9.189027753605556e-04 -1.007687274146156e+00
20 18 -1.000283519691338e+00 -1.896952550386134e-03 -9.191587782678252e-04 -1.007688565789617e+00
20 19 -1.000283356436895e+00 -1.896575033209998e-03 -9.193993449137975e-04 -1.007689860467575e+00
20 20 -1.000283195719612e+00 -1.896222616724462e-03 -9.196154442985754e-04 -1.007691108272030e+00
20 21 -1.000283043857780e+00 -1.895908953914516e-03 -9.197984913669963e-04 -1.007692260831773e+00
20 22 -1.000282906830196e+00 -1.895646315445276e-03 -9.199407172817840e-04 -1.007693273231664e+00
20 23 -1.000282790025088e+00 -1.895445085357983e-03 -9.200355803060923e-04 -1.007694105831994e+00
20 24 -1.000282698014480e+00 -1.895313317152962e-03 -9.200781841286473e-04 -1.007694725904630e+00
20 25 -1.000282634365373e+00 -1.895256374054025e-03 -9.200656612300227e-04 -1.007695109006395e+00
20 26 -1.000282601497133e+00 -1.895276675262457e-03 -9.199974754691907e-04 -1.007695240018211e+00
20 27 -1.000282600591741e+00 -1.895373566100617e-03 -9.198756012202875e-04 -1.007695113791989e+00
20 28 -1.000282631560247e+00 -1.895543323565198e-03 -9.197045464718755e-04 -1.007694735367582e+00
20 29 -1.000282693065080e+00 -1.895779300281649e-03 -9.194912035352153e-04 -1.007694119747905e+00
20 30 -1.000282782594395e+00 -1.896072200618472e-03 -9.192445306432448e-04 -1.007693291247189e+00
20 31 -1.000282896581842e+00 -1.896410474375564e-03 -9.189750868526561e-04 -1.007692282451200e+00
21 0 -1.000282854844808e+00 -1.896728465966538e-03 -9.186762249422289e-04 -1.007691434963926e+00
21 1 -1.000283003140957e+00 -1.897115044208003e-03 -9.183973305625419e-04 -1.007690193014644e+00
21 2 -1.000283160722061e+00 -1.897504372572673e-03 -9.181305980685066e-04 -1.007688902100300e+00
21 3 -1.000283321618750e+00 -1.897881374837115e-03 -9.178868922280807e-04 -1.007687611912064e+00
21 4 -1.000283479775624e+00 -1.898231566769473e-03 -9.176757429348401e-04 -1.007686371828278e+00
21 5 -1.000283629263864e+00 -1.898541610593838e-03 -9.175049587007016e-04 -1.007685229052247e+00
21 6 -1.000283764485815e+00 -1.898799808470257e-03 -9.173803754073537e-04 -1.007684226869845e+00
21 7 -1.000283880367441e+00 -1.898996519236939e-03 -9.173057417606865e-04 -1.007683403081952e+00
21 8 -1.000283972534806e+00 -1.899124487277003e-03 -9.172827297463217e-04 -1.007682788657395e+00
21 9 -1.000284037470502e+00 -1.899179076733011e-03 -9.173110475587989e-04 -1.007682406643328e+00
21 10 -1.000284072645606e+00 -1.899158408244084e-03 -9.173886251834963e-04 -1.007682271361379e+00
21 11 -1.000284076622461e+00 -1.899063398768492e-03 -9.175118403170167e-04 -1.007682387909294e+00
21 12 -1.000284049123396e+00 -1.898897707713145e-03 -9.176757547734981e-04 -1.007682751979714e+00
21 13 -1.000283991060585e+00 -1.898667594389965e-03 -9.178743378346595e-04 -1.007683350000621e+00
21 14 -1.000283904522852e+00 -1.898381692812810e-03 -9.181006619125404e-04 -1.007684159595614e+00
21 15 -1.000283792716580e+00 -1.898050710403882e-03 -9.183470666237071e-04 -1.007685150355407e+00
21 16 -1.000283659859927e+00 -1.897687057833812e-03 -9.186052987700013e-04 -1.007686284903550e+00
21 17 -1.000283511032074e+00 -1.897304418326581e-03 -9.188666454815910e-04 -1.007687520229550e+00
21 18 -1.000283351981792e+00 -1.896917266317836e-03 -9.191220833177653e-04 -1.007688809252396e+00
21 19 -1.000283188902187e+00 -1.896540347259903e-03 -9.193624661842946e-04 -1.007690102567667e+00
21 20 -1.000283028180877e+00 -1.896188132708707e-03 -9.195787698683269e-04 -1.007691350321625e+00
21 21 -1.000282876136802e+00 -1.895874267733935e-03 -9.197624016509903e-04 -1.007692504145660e+00
21 22 -1.000282738756364e+00 -1.895611030877158e-03 -9.199055705893248e-04 -1.007693519075244e+00
21 23 -1.000282621441983e+00 -1.895408829554793e-03 -9.200016991845262e-04 -1.007694355371290e+00
21 24 -1.000282528785830e+00 -1.895275755162015e-03 -9.200458432234835e-04 -1.007694980160432e+00
21 25 -1.000282464380163e+00 -1.895217221818929e-03 -9.200350769609424e-04 -1.007695368814262e+00
21 26 -1.000282430673691e+00 -1.895235710638863e-03 -9.199687975987716e-04 -1.007695505995912e+00
21 27 -1.000282428880652e+00 -1.895330637375401e-03 -9.198489066550760e-04 -1.007695386316082e+00
21 28 -1.000282458945974e+00 -1.895498355023735e-03 -9.196798359227195e-04 -1.007695014560386e+00
21 29 -1.000282519566292e+00 -1.895732294650166e-03 -9.194684014311943e-04 -1.007694405474993e+00
21 30 -1.000282608263060e+00 -1.896023238520749e-03 -9.192234881036614e-04 -1.007693583124616e+00
21 31 -1.000282721501188e+00 -1.896359711017905e-03 -9.189555872280323e-04 -1.007692579861550e+00
22 0 -1.000282673719562e+00 -1.896621397691213e-03 -9.189186220513159e-04 -1.007691816939773e+00
22 1 -1.000282821429163e+00 -1.897006541420045e-03 -9.186405749402908e-04 -1.007690579268627e+00
22 2 -1.000282978558425e+00 -1.897394708157032e-03 -9.183743881985250e-04 -1.007689291658555e+00
22 3 -1.000283139155375e+00 -1.897770865571066e-03 -9.181309055414131e-04 -1.007688003677141e+00
22 4 -1.000283297176442e+00 -1.898120561524660e-03 -9.179196482428862e-04 -1.007686764619687e+00
22 5 -1.000283446698585e+00 -1.898430477388523e-03 -9.177484288142209e-04 -1.007685621649943e+00
22 6 -1.000283582123589e+00 -1.898688920765886e-03 -9.176230997275560e-04 -1.007684618059214e+00
22 7 -1.000283698370472e+00 -1.898886241983739e-03 -9.175474384525568e-04 -1.007683791698597e+00
22 8 -1.000283791052097e+00 -1.899015163192250e-03 -9.175231568246140e-04 -1.007683173630390e+00
22 9 -1.000283856631940e+00 -1.899071013193041e-03 -9.175500122424995e-04 -1.007682787035991e+00
22 10 -1.000283892556636e+00 -1.899051865204485e-03 -9.176259911883520e-04 -1.007682646408316e+00
22 11 -1.000283897359650e+00 -1.898958578296428e-03 -9.177475329909590e-04 -1.007682757047739e+00
22 12 -1.000283870731149e+00 -1.898794745760297e-03 -9.179097639472674e-04 -1.007683114873135e+00
22 13 -1.000283813549192e+00 -1.898566555222409e-03 -9.181067181640563e-04 -1.007683706553331e+00
22 14 -1.000283727867932e+00 -1.898282566249111e-03 -9.183315305936440e-04 -1.007684509957997e+00
22 15 -1.000283616859973e+00 -1.897953411924754e-03 -9.185765986371467e-04 -1.007685494919536e+00
22 16 -1.000283484712040e+00 -1.897591431639789e-03 -9.188337200126895e-04 -1.007686624288985e+00
22 17 -1.000283336475553e+00 -1.897210243313057e-03 -9.190942241448684e-04 -1.007687855259592e+00
22 18 -1.000283177876320e+00 -1.896824264712867e-03 -9.193491197703115e-04 -1.007689140921877e+00
22 19 -1.000283015090169e+00 -1.896448195530812e-03 -9.195892815884613e-04 -1.007690432003706e+00
22 20 -1.000282854493777e+00 -1.896096474333146e-03 -9.198056938704606e-04 -1.007691678738794e+00
22 21 -1.000282702401908e+00 -1.895782727366051e-03 -9.199897596735697e-04 -1.007692832797251e+00
22 22 -1.000282564803626e+00 -1.895519229249066e-03 -9.201336713649743e-04 -1.007693849203024e+00
22 23 -1.000282447110582e+00 -1.895316398348954e-03 -9.202308230850769e-04 -1.007694688156417e+00
22 24 -1.000282353930218e+00 -1.895182351237839e-03 -9.202762317014329e-04 -1.007695316677562e+00
22 25 -1.000282288875429e+00 -1.895122540389502e-03 -9.202669232774614e-04 -1.007695709990136e+00
22 26 -1.000282254420124e+00 -1.895139496981552e-03 -9.202022391414853e-04 -1.007695852573801e+00
22 27 -1.000282251807323e+00 -1.895232696493152e-03 -9.200840193862467e-04 -1.007695738827922e+00
22 28 -1.000282281013159e+00 -1.895398558714669e-03 -9.199166314618563e-04 -1.007695373308150e+00
22 29 -1.000282340766674e+00 -1.895630585801234e-03 -9.197068268555562e-04 -1.007694770521603e+00
22 30 -1.000282428621793e+00 -1.895919632773864e-03 -9.194634281276752e-04 -1.007693954293693e+00
22 31 -1.000282541074901e+00 -1.896254295944958e-03 -9.191968684306623e-04 -1.007692956745417e+00
23 0 -1.000282494075015e+00 -1.896463611983700e-03 -9.194118191949928e-04 -1.007692264892129e+00
23 1 -1.000282641135541e+00 -1.896847232863020e-03 -9.191345001710190e-04 -1.007691031917754e+00
23 2 -1.000282797725403e+00 -1.897234079146684e-03 -9.188688132185576e-04 -1.007689748235892e+00
23 3 -1.000282957913385e+00 -1.897609168499298e-03 -9.186255830915039e-04 -1.007688463266145e+00
23 4 -1.000283115671989e+00 -1.897958089580228e-03 -9.184143214325287e-04 -1.007687226189126e+00
23 5 -1.000283265088928e+00 -1.898267553843343e-03 -9.182428408660964e-04 -1.007686084091366e+00
23 6 -1.000283400570917e+00 -1.898525887086280e-03 -9.181170038469721e-04 -1.007685080227404e+00
23 7 -1.000283517035746e+00 -1.898723445139474e-03 -9.180406073734682e-04 -1.007684252453829e+00
23 8 -1.000283610088771e+00 -1.898852942570827e-03 -9.180153914943955e-04 -1.007683631881253e+00
23 9 -1.000283676179852e+00 -1.898909687552746e-03 -9.180411492688313e-04 -1.007683241781368e+00
23 10 -1.000283712736338e+00 -1.898891720128135e-03 -9.181159089602992e-04 -1.007683096776963e+00
23 11 -1.000283718267391e+00 -1.898799854668545e-03 -9.182361564505924e-04 -1.007683202333813e+00
23 12 -1.000283692434755e+00 -1.898637629860407e-03 -9.183970677402648e-04 -1.007683554565830e+00
23 13 -1.000283636085099e+00 -1.898411171007512e-03 -9.185927277271990e-04 -1.007684140358850e+00
23 14 -1.000283551239614e+00 -1.898128970224935e-03 -9.188163210133965e-04 -1.007684937812507e+00
23 15 -1.000283441037855e+00 -1.897801590761804e-03 -9.190602916103884e-04 -1.007685916992549e+00
23 16 -1.000283309634795e+00 -1.897441302539390e-03 -9.193164793697904e-04 -1.007687040977277e+00
23 17 -1.000283162052664e+00 -1.897061657118756e-03 -9.195762500193520e-04 -1.007688267172003e+00
23 18 -1.000283003991809e+00 -1.896677011761695e-03 -9.198306411776077e-04 -1.007689548855356e+00
23 19 -1.000282841607377e+00 -1.896302014102101e-03 -9.200705474260983e-04 -1.007690836911251e+00
23 20 -1.000282681261002e+00 -1.895951061307309e-03 -9.202869629290362e-04 -1.007692081690609e+00
23 21 -1.000282529258587e+00 -1.895637750512604e-03 -9.204712904685449e-04 -1.007693234937167e+00
23 22 -1.000282391586707e+00 -1.895374340518070e-03 -9.206157122626002e-04 -1.007694251702437e+00
23 23 -1.000282273660812e+00 -1.895171247585314e-03 -9.207136028156448e-04 -1.007695092167893e+00
23 24 -1.000282180098123e+00 -1.895036599774501e-03 -9.207599504171256e-04 -1.007695723289989e+00
23 25 -1.000282114526805e+00 -1.894975873991246e-03 -9.207517446439364e-04 -1.007696120187161e+00
23 26 -1.000282079440877e+00 -1.894991637654344e-03 -9.206882840309796e-04 -1.007696267197069e+00
23 27 -1.000282076107497e+00 -1.895083412754397e-03 -9.205713614371240e-04 -1.007696158546325e+00
23 28 -1.000282104530069e+00 -1.895247673997134e-03 -9.204052944586753e-04 -1.007695798594020e+00
23 29 -1.000282163467042e+00 -1.895477984724270e-03 -9.201967838718303e-04 -1.007695201634564e+00
23 30 -1.000282250502853e+00 -1.895765265093354e-03 -9.199546025263966e-04 -1.007694391272604e+00
23 31 -1.000282362164455e+00 -1.896098178102565e-03 -9.196891368319894e-04 -1.007693399408427e+00
24 0 -1.000282322780612e+00 -1.896261034010639e-03 -9.201365392092496e-04 -1.007692762380997e+00
24 1 -1.000282469153503e+00 -1.896643099778049e-03 -9.198598070490039e-04 -1.007691534348820e+00
24 2 -1.000282625136098e+00 -1.897028515001845e-03 -9.195945605943305e-04 -1.007690255075730e+00
24 3 -1.000282784820550e+00 -1.897402351561851e-03 -9.193516082720524e-04 -1.007688973814539e+00
24 4 -1.000282942199119e+00 -1.897750246088034e-03 -9.191404515105657e-04 -1.007687739603726e+00
24 5 -1.000283091374867e+00 -1.898058949974953e-03 -9.189688992285656e-04 -1.007686599417573e+00
24 6 -1.000283226764758e+00 -1.898316819387156e-03 -9.188428167009449e-04 -1.007685596432695e+00
24 7 -1.000283343291150e+00 -1.898514229597647e-03 -9.187660100448458e-04 -1.007684768465885e+00
24 8 -1.000283436557933e+00 -1.898643902633732e-03 -9.187402343894601e-04 -1.007684146628791e+00
24 9 -1.000283503007416e+00 -1.898701141563618e-03 -9.187653034121837e-04 -1.007683754235900e+00
24 10 -1.000283540053529e+00 -1.898683968737624e-03 -9.188392709690705e-04 -1.007683605993603e+00
24 11 -1.000283546186587e+00 -1.898593168732810e-03 -9.189586527154359e-04 -1.007683707489571e+00
24 12 -1.000283521044726e+00 -1.898432239332930e-03 -9.191186575095672e-04 -1.007684054993863e+00
24 13 -1.000283465447212e+00 -1.898207255399634e-03 -9.193134048496857e-04 -1.007684635576757e+00
24 14 -1.000283381385307e+00 -1.897926651181227e-03 -9.195361143201822e-04 -1.007685427542801e+00
24 15 -1.000283271967465e+00 -1.897600927091856e-03 -9.197792640996464e-04 -1.007686401174233e+00
24 16 -1.000283141317702e+00 -1.897242287835857e-03 -9.200347262574169e-04 -1.007687519768371e+00
24 17 -1.000282994428680e+00 -1.896864220034384e-03 -9.202938954666392e-04 -1.007688740943153e+00
24 18 -1.000282836973776e+00 -1.896481019013673e-03 -9.205478335184034e-04 -1.007690018174548e+00
24 19 -1.000282675084910e+00 -1.896107276124180e-03 -9.207874531111613e-04 -1.007691302520066e+00
24 20 -1.000282515105152e+00 -1.895757340215928e-03 -9.210037597564128e-04 -1.007692544473290e+00
24 21 -1.000282363327115e+00 -1.895444769912173e-03 -9.211881605578354e-04 -1.007693695884262e+00
24 22 -1.000282225729708e+00 -1.895181796692245e-03 -9.213328348713562e-04 -1.007694711870742e+00
24 23 -1.000282107726520e+00 -1.894978821615982e-03 -9.214311470595472e-04 -1.007695552638319e+00
24 24 -1.000282013938656e+00 -1.894843970008078e-03 -9.214780683306251e-04 -1.007696185125370e+00
24 25 -1.000281948003598e+00 -1.894782728225460e-03 -9.214705652394907e-04 -1.007696584392098e+00
24 26 -1.000281912429592e+00 -1.894797684613743e-03 -9.214079086750308e-04 -1.007696734681237e+00
24 27 -1.000281908502366e+00 -1.894888392674601e-03 -9.212918603397512e-04 -1.007696630091777e+00
24 28 -1.000281936247625e+00 -1.895051368132895e-03 -9.211267040362163e-04 -1.007696274826969e+00
24 29 -1.000281994449134e+00 -1.895280223369823e-03 -9.209191051961095e-04 -1.007695683002814e+00
24 30 -1.000282080718756e+00 -1.895565933630581e-03 -9.206778013501951e-04 -1.007694878030023e+00
24 31 -1.000282191611977e+00 -1.895897220859167e-03 -9.204131453570735e-04 -1.007693891606987e+00
25 0 -1.000282166429258e+00 -1.896021297890305e-03 -9.210648481309086e-04 -1.007693290921567e+00
25 1 -1.000282312101541e+00 -1.896401834109105e-03 -9.207885436023115e-04 -1.007692067892886e+00
25 2 -1.000282467431430e+00 -1.896785760576700e-03 -9.205236662922042e-04 -1.007690793346049e+00
25 3 -1.000282626536200e+00 -1.897158205481594e-03 -9.202810116770718e-04 -1.007689516354693e+00
25 4 -1.000282783430833e+00 -1.897504858801918e-03 -9.200700708152917e-04 -1.007688285792934e+00
25 5 -1.000282932237764e+00 -1.897812520322877e-03 -9.198986449495834e-04 -1.007687148491765e+00
25 6 -1.000283067389134e+00 -1.898069587682983e-03 -9.197725944301792e-04 -1.007686147511556e+00
25 7 -1.000283183817530e+00 -1.898266468851941e-03 -9.196957233935903e-04 -1.007685320585391e+00
25 8 -1.000283277131558e+00 -1.898395908162794e-03 -9.196697882513625e-04 -1.007684698778206e+00
25 9 -1.000283343772381e+00 -1.898453219418848e-03 -9.196946074816578e-04 -1.007684305397641e+00
25 10 -1.000283381146872e+00 -1.898436423507132e-03 -9.197682432709090e-04 -1.007684155184046e+00
25 11 -1.000283387732622e+00 -1.898346291268747e-03 -9.198872228858045e-04 -1.007684253798942e+00
25 12 -1.000283363149893e+00 -1.898186294903890e-03 -9.200467697082452e-04 -1.007684597623577e+00
25 13 -1.000283308195679e+00 -1.897962472751709e-03 -9.202410203115123e-04 -1.007685173872605e+00
25 14 -1.000283224835531e+00 -1.897683213034798e-03 -9.204632134965362e-04 -1.007685961022322e+00
25 15 -1.000283116149878e+00 -1.897358962622884e-03 -9.207058481247921e-04 -1.007686929546652e+00
25 16 -1.000282986233652e+00 -1.897001867587270e-03 -9.209608173601139e-04 -1.007688042945937e+00
25 17 -1.000282840050662e+00 -1.896625353466122e-03 -9.212195361508648e-04 -1.007689259043431e+00
25 18 -1.000282683246884e+00 -1.896243654648379e-03 -9.214730847142233e-04 -1.007690531513999e+00
25 19 -1.000282521929373e+00 -1.895871304119897e-03 -9.217123916490279e-04 -1.007691811599665e+00
25 20 -1.000282362419757e+00 -1.895522597205318e-03 -9.219284752923724e-04 -1.007693049957038e+00
25 21 -1.000282210993357e+00 -1.895211045945264e-03 -9.221127518176126e-04 -1.007694198571462e+00
25 22 -1.000282073616521e+00 -1.894948843979903e-03 -9.222574052116533e-04 -1.007695212663218e+00
25 23 -1.000281955695378e+00 -1.894746364559018e-03 -9.223557997746973e-04 -1.007696052504307e+00
25 24 -1.000281861848812e+00 -1.894611715914548e-03 -9.224029023222604e-04 -1.007696685062043e+00
25 25 -1.000281795717209e+00 -1.894550378259767e-03 -9.223956713341968e-04 -1.007697085388377e+00
25 26 -1.000281759816599e+00 -1.894564944734163e-03 -9.223333664037615e-04 -1.007697237681851e+00
25 27 -1.000281755445064e+00 -1.894654984369348e-03 -9.222177349517220e-04 -1.007697135963164e+00
25 28 -1.000281782644873e+00 -1.894817038623633e-03 -9.220530439180480e-04 -1.007696784325899e+00
25 29 -1.000281840220042e+00 -1.895044754815985e-03 -9.218459401508634e-04 -1.007696196749033e+00
25 30 -1.000281925805665e+00 -1.895329150925620e-03 -9.216051419791357e-04 -1.007695396484160e+00
25 31 -1.000282035982590e+00 -1.895658997816246e-03 -9.213409833418963e-04 -1.007694415054386e+00
26 0 -1.000282031082387e+00 -1.895753476404387e-03 -9.221612416432163e-04 -1.007693830597753e+00
26 1 -1.000282176067411e+00 -1.896132566152211e-03 -9.218851916271647e-04 -1.007692612445455e+00
26 2 -1.000282330723581e+00 -1.896515001855000e-03 -9.216206014493087e-04 -1.007691342765360e+00
26 3 -1.000282489194099e+00 -1.896885967998328e-03 -9.213782574714976e-04 -1.007690070446193e+00
26 4 -1.000282645518753e+00 -1.897231211295840e-03 -9.211676403145210e-04 -1.007688844181666e+00
26 5 -1.000282793842650e+00 -1.897537586572507e-03 -9.209965394063979e-04 -1.007687710633871e+00
26 6 -1.000282928617483e+00 -1.897793542490997e-03 -9.208708023039718e-04 -1.007686712713032e+00
26 7 -1.000283044791377e+00 -1.897989531735853e-03 -9.207942201253257e-04 -1.007685888027711e+00
26 8 -1.000283137983664e+00 -1.898118334986545e-03 -9.207685368111761e-04 -1.007685267549927e+00
26 9 -1.000283204640826e+00 -1.898175292331437e-03 -9.207935595273338e-04 -1.007684874530663e+00
26 10 -1.000283242169350e+00 -1.898158439644958e-03 -9.208673408404854e-04 -1.007684723692779e+00
26 11 -1.000283249040778e+00 -1.898068550734598e-03 -9.209864006889870e-04 -1.007684820720414e+00
26 12 -1.000283224863953e+00 -1.897909088525493e-03 -9.211459580705765e-04 -1.007685162056711e+00
26 13 -1.000283170419566e+00 -1.897686070099517e-03 -9.213401486453936e-04 -1.007685735015229e+00
26 14 -1.000283087652617e+00 -1.897407851248403e-03 -9.215622139446193e-04 -1.007686518204334e+00
26 15 -1.000282979619644e+00 -1.897084836713300e-03 -9.218046589081586e-04 -1.007687482257385e+00
26 16 -1.000282850389506e+00 -1.896729122832680e-03 -9.220593854899633e-04 -1.007688590853850e+00
26 17 -1.000282704898979e+00 -1.896354080210165e-03 -9.223178194678899e-04 -1.007689802007277e+00
26 18 -1.000282548767213e+00 -1.895973885468522e-03 -9.225710534235115e-04 -1.007691069585806e+00
26 19 -1.000282388075624e+00 -1.895603013242466e-03 -9.228100294001053e-04 -1.007692345020262e+00
26 20 -1.000282229122298e+00 -1.895255702156347e-03 -9.230257795866976e-04 -1.007693579144503e+00
26 21 -1.000282078161956e+00 -1.894945411429416e-03 -9.232097335258720e-04 -1.007694724102838e+00
26 22 -1.000281941144001e+00 -1.894684287749066e-03 -9.233540873465956e-04 -1.007695735250450e+00
26 23 -1.000281823461777e+00 -1.894482664815355e-03 -9.234522159638431e-04 -1.007696572965945e+00
26 24 -1.000281729725844e+00 -1.894348619840105e-03 -9.234990952568734e-04 -1.007697204292124e+00
26 25 -1.000281663572898e+00 -1.894287611456481e-03 -9.234916910546073e-04 -1.007697604323326e+00
26 26 -1.000281627520009e+00 -1.894302221384785e-03 -9.234292681995071e-04 -1.007697757266133e+00
26 27 -1.000281622870992e+00 -1.894392017749915e-03 -9.233135770383786e-04 -1.007697657114886e+00
26 28 -1.000281649678345e+00 -1.894553551485016e-03 -9.231488853617274e-04 -1.007697307903750e+00
26 29 -1.000281706760463e+00 -1.894780489274680e-03 -9.229418392800921e-04 -1.007696723521625e+00
26 30 -1.000281791770496e+00 -1.895063877684683e-03 -9.227011550267524e-04 -1.007695927102393e+00
26 31 -1.000281901310458e+00 -1.895392524536599e-03 -9.224371629384557e-04 -1.007694950027489e+00
27 0 -1.000281922028799e+00 -1.895467753346249e-03 -9.233839843400297e-04 -1.007694360768173e+00
27 1 -1.000282066366079e+00 -1.895845534847948e-03 -9.231080063803925e-04 -1.007693147179122e+00
27 2 -1.000282220353083e+00 -1.896226534319657e-03 -9.228436120421685e-04 -1.007691882321460e+00
27 3 -1.000282378158776e+00 -1.896595990547643e-03 -9.226015823595693e-04 -1.007690614899924e+00
27 4 -1.000282533848883e+00 -1.896939708215339e-03 -9.223913874498558e-04 -1.007689393418719e+00
27 5 -1.000282681593609e+00 -1.897244601640614e-03 -9.222208011149267e-04 -1.007688264352149e+00
27 6 -1.000282815867859e+00 -1.897499178061290e-03 -9.220956508165676e-04 -1.007687270432182e+00
27 7 -1.000282931639999e+00 -1.897693945224910e-03 -9.220197041482607e-04 -1.007686449106674e+00
27 8 -1.000283024545664e+00 -1.897821732880558e-03 -9.219946791503194e-04 -1.007685831211937e+00
27 9 -1.000283091042934e+00 -1.897877922039800e-03 -9.220203557100210e-04 -1.007685439894404e+00
27 10 -1.000283128544700e+00 -1.897860579582302e-03 -9.220947589455937e-04 -1.007685289808101e+00
27 11 -1.000283135523467e+00 -1.897770498994386e-03 -9.222143827384279e-04 -1.007685386607091e+00
27 12 -1.000283111583563e+00 -1.897611150579597e-03 -9.223744230218260e-04 -1.007685726744699e+00
27 13 -1.000283057495858e+00 -1.897388546129026e-03 -9.225689965305083e-04 -1.007686297584597e+00
27 14 -1.000282975190685e+00 -1.897111023824565e-03 -9.227913305607338e-04 -1.007687077822752e+00
27 15 -1.000282867705799e+00 -1.896788959486890e-03 -9.230339207618710e-04 -1.007688038213165e+00
27 16 -1.000282739088082e+00 -1.896434410718941e-03 -9.232886649772153e-04 -1.007689142583042e+00
27 17 -1.000282594250152e+00 -1.896060701412780e-03 -9.235469901721594e-04 -1.007690349113908e+00
27 18 -1.000282438785822e+00 -1.895681955599432e-03 -9.237999951405817e-04 -1.007691611854757e+00
27 19 -1.000282278751004e+00 -1.895312591684629e-03 -9.240386324867386e-04 -1.007692882422686e+00
27 20 -1.000282120419067e+00 -1.894966790653168e-03 -9.242539485421378e-04 -1.007694111836095e+00
27 21 -1.000281970021669e+00 -1.894657954755580e-03 -9.244373899728581e-04 -1.007695252415617e+00
27 22 -1.000281833487546e+00 -1.894398176308305e-03 -9.245811724991646e-04 -1.007696259678773e+00
27 23 -1.000281716192370e+00 -1.894197739072948e-03 -9.246786924173257e-04 -1.007697094147301e+00
27 24 -1.000281622732568e+00 -1.894064676499265e-03 -9.247249478701901e-04 -1.007697722983155e+00
27 25 -1.000281556734730e+00 -1.894004411173547e-03 -9.247169269137206e-04 -1.007698121371734e+00
27 26 -1.000281520710198e+00 -1.894019497672955e-03 -9.246539159148810e-04 -1.007698273579539e+00
27 27 -1.000281515961643e+00 -1.894109486666318e-03 -9.245376856744037e-04 -1.007698173627927e+00
27 28 -1.000281542545007e+00 -1.894270921760899e-03 -9.243725230979508e-04 -1.007697825544616e+00
27 29 -1.000281599286598e+00 -1.894497472654722e-03 -9.241650916549383e-04 -1.007697243178904e+00
27 30 -1.000281683851738e+00 -1.894780199285511e-03 -9.239241225298338e-04 -1.007696449592871e+00
27 31 -1.000281792858575e+00 -1.895107932976292e-03 -9.236599578629280e-04 -1.007695476065669e+00
28 0 -1.000281843567860e+00 -1.895175048046530e-03 -9.246866539851225e-04 -1.007694860846046e+00
28 1 -1.000281987321986e+00 -1.895551710387888e-03 -9.244105611531297e-04 -1.007693651329940e+00
28 2 -1.000282140670165e+00 -1.895931383680295e-03 -9.241462631365444e-04 -1.007692391064120e+00
28 3 -1.000282297806000e+00 -1.896299357012077e-03 -9.239045393325103e-04 -1.007691128577147e+00
28 4 -1.000282452821311e+00 -1.896641492035285e-03 -9.236948496615522e-04 -1.007689912181908e+00
28 5 -1.000282599912865e+00 -1.896944764646490e-03 -9.235249493249283e-04 -1.007688788153382e+00
28 6 -1.000282733581503e+00 -1.897197745912921e-03 -9.234006393084743e-04 -1.007687799024099e+00
28 7 -1.000282848819748e+00 -1.897391006929426e-03 -9.233256538858405e-04 -1.007686982051111e+00
28 8 -1.000282941284516e+00 -1.897517437463463e-03 -9.233016723832820e-04 -1.007686367897232e+00
28 9 -1.000283007451385e+00 -1.897572472607361e-03 -9.233284322837523e-04 -1.007685979560168e+00
28 10 -1.000283044746259e+00 -1.897554225104065e-03 -9.234039145641626e-04 -1.007685831576137e+00
28 11 -1.000283051649600e+00 -1.897463524059260e-03 -9.235245694330396e-04 -1.007685929517471e+00
28 12 -1.000283027768250e+00 -1.897303863504065e-03 -9.236855517883955e-04 -1.007686269795649e+00
28 13 -1.000282973870081e+00 -1.897081266124372e-03 -9.238809416845746e-04 -1.007686839773859e+00
28 14 -1.000282891877202e+00 -1.896804068055682e-03 -9.241039353093017e-04 -1.007687618187767e+00
28 15 -1.000282784814452e+00 -1.896482630607612e-03 -9.243470038352205e-04 -1.007688575868318e+00
28 16 -1.000282656711716e+00 -1.896128985209352e-03 -9.246020283032427e-04 -1.007689676753087e+00
28 17 -1.000282512461247e+00 -1.895756419109630e-03 -9.248604271841495e-04 -1.007690879162598e+00
28 18 -1.000282357633989e+00 -1.895379010976168e-03 -9.251132989195528e-04 -1.007692137307228e+00
28 19 -1.000282198261474e+00 -1.895011127270227e-03 -9.253516032033069e-04 -1.007693402980661e+00
28 20 -1.000282040592147e+00 -1.894666892549987e-03 -9.255664003138878e-04 -1.007694627386202e+00
28 21 -1.000281890833019e+00 -1.894359650034314e-03 -9.257491574106425e-04 -1.007695763031704e+00
28 22 -1.000281754889180e+00 -1.894101432300697e-03 -9.258921166758090e-04 -1.007696765618394e+00
28 23 -1.000281638114432e+00 -1.893902464814491e-03 -9.259887055746445e-04 -1.007697595841904e+00
28 24 -1.000281545085871e+00 -1.893770726392820e-03 -9.260339565497893e-04 -1.007698221021880e+00
28 25 -1.000281479414002e+00 -1.893711590566538e-03 -9.260248938882026e-04 -1.007698616479698e+00
28 26 -1.000281443597883e+00 -1.893727569941176e-03 -9.259608413939580e-04 -1.007698766591717e+00
28 27 -1.000281438932108e+00 -1.893818181601080e-03 -9.258436077143600e-04 -1.007698665459383e+00
28 28 -1.000281465469049e+00 -1.893979945163761e-03 -9.256775167747180e-04 -1.007698317157679e+00
28 29 -1.000281522036135e+00 -1.894206516888671e-03 -9.254692668306107e-04 -1.007697735548335e+00
28 30 -1.000281606304538e+00 -1.894488954394259e-03 -9.252276204521874e-04 -1.007696943670221e+00
28 31 -1.000281714902906e+00 -1.894816098071090e-03 -9.249629467810680e-04 -1.007695972743691e+00
29 0 -1.000281798827516e+00 -1.894886604418902e-03 -9.260198398562629e-04 -1.007695311124245e+00
29 1 -1.000281942086083e+00 -1.895262381345130e-03 -9.257434457005037e-04 -1.007694105029226e+00
29 2 -1.000282094850829e+00 -1.895640890941621e-03 -9.254791373696790e-04 -1.007692848943874e+00
29 3 -1.000282251337889e+00 -1.896007466513374e-03 -9.252376966417669e-04 -1.007691591235586e+00
29 4 -1.000282405664364e+00 -1.896348023490301e-03 -9.250285742424051e-04 -1.007690380031355e+00
29 5 -1.000282552054029e+00 -1.896649599140250e-03 -9.248595046398337e-04 -1.007689261402704e+00
29 6 -1.000282685035367e+00 -1.896900831178979e-03 -9.247362568878182e-04 -1.007688277669220e+00
29 7 -1.000282799628036e+00 -1.897092359882234e-03 -9.246625232212941e-04 -1.007687465874482e+00
29 8 -1.000282891514454e+00 -1.897217143716353e-03 -9.246399327763940e-04 -1.007686856476487e+00
29 9 -1.000282957192990e+00 -1.897270682986065e-03 -9.246681671445825e-04 -1.007686472285497e+00
29 10 -1.000282994108641e+00 -1.897251149343645e-03 -9.247451482528219e-04 -1.007686327675629e+00
29 11 -1.000283000756418e+00 -1.897159421968430e-03 -9.248672666249149e-04 -1.007686428089414e+00
29 12 -1.000282976752586e+00 -1.896999034048739e-03 -9.250296193659075e-04 -1.007686769846152e+00
29 13 -1.000282922869027e+00 -1.896776035082144e-03 -9.252262330677591e-04 -1.007687340257476e+00
29 14 -1.000282841026464e+00 -1.896498774925750e-03 -9.254502569733113e-04 -1.007688118048862e+00
29 15 -1.000282734243152e+00 -1.896177615310959e-03 -9.256941236623435e-04 -1.007689074081602e+00
29 16 -1.000282606537549e+00 -1.895824575010738e-03 -9.259496853354981e-04 -1.007690172362202e+00
29 17 -1.000282462786158e+00 -1.895452916257030e-03 -9.262083422100311e-04 -1.007691371315425e+00
29 18 -1.000282308540531e+00 -1.895076681601667e-03 -9.264611852900195e-04 -1.007692625286504e+00
29 19 -1.000282149809976e+00 -1.894710191939261e-03 -9.266991774718657e-04 -1.007693886228880e+00
29 20 -1.000281992818718e+00 -1.894367518608478e-03 -9.269133925348899e-04 -1.007695105524530e+00
29 21 -1.000281843748380e+00 -1.894061945843365e-03 -9.270953208815172e-04 -1.007696235872771e+00
29 22 -1.000281708478348e+00 -1.893805443549314e-03 -9.272372366593653e-04 -1.007697233172574e+00
29 23 -1.000281592337277e+00 -1.893608173097527e-03 -9.273326065447443e-04 -1.007698058316705e+00
29 24 -1.000281499878557e+00 -1.893478050046476e-03 -9.273765079003610e-04 -1.007698678814544e+00
29 25 -1.000281434691247e+00 -1.893420387598894e-03 -9.273660143491417e-04 -1.007699070163432e+00
29 26 -1.000281399255962e+00 -1.893437642953414e-03 -9.273005021840522e-04 -1.007699216895838e+00
29 27 -1.000281394852549e+00 -1.893529284691582e-03 -9.271818340440029e-04 -1.007699113243552e+00
29 28 -1.000281421522908e+00 -1.893691792696991e-03 -9.270143873313662e-04 -1.007698763380885e+00
29 29 -1.000281478088737e+00 -1.893918793784099e-03 -9.268049113497160e-04 -1.007698181233870e+00
29 30 -1.000281562220511e+00 -1.894201327542588e-03 -9.265622157260170e-04 -1.007697389867901e+00
29 31 -1.000281670551357e+00 -1.894528228633611e-03 -9.262967111321525e-04 -1.007696420490181e+00
30 0 -1.000281789626728e+00 -1.894613559259942e-03 -9.273329424097908e-04 -1.007695693608031e+00
30 1 -1.000281932497272e+00 -1.894988720937144e-03 -9.270560662615337e-04 -1.007694490143538e+00
30 2 -1.000282084757247e+00 -1.895366276331950e-03 -9.267916359677868e-04 -1.007693237659794e+00
30 3 -1.000282240642281e+00 -1.895731594937600e-03 -9.265504401882108e-04 -1.007691984384895e+00
30 4 -1.000282394292938e+00 -1.896070640704158e-03 -9.263419220076441e-04 -1.007690778272509e+00
30 5 -1.000282539959428e+00 -1.896370509835602e-03 -9.261737936546599e-04 -1.007689665194089e+00
30 6 -1.000282672198548e+00 -1.896619907005157e-03 -9.260517878755758e-04 -1.007688687250852e+00
30 7 -1.000282786059062e+00 -1.896809544773776e-03 -9.259795478868441e-04 -1.007687881258537e+00
30 8 -1.000282877252140e+00 -1.896932456255932e-03 -9.259586433214120e-04 -1.007687277446978e+00
30 9 -1.000282942303321e+00 -1.896984215532924e-03 -9.259886885892544e-04 -1.007686898407657e+00
30 10 -1.000282978681949e+00 -1.896963063886464e-03 -9.260675337144099e-04 -1.007686758314898e+00
30 11 -1.000282984903571e+00 -1.896869943053366e-03 -9.261914955120731e-04 -1.007686862438678e+00
30 12 -1.000282960600451e+00 -1.896708439346544e-03 -9.263555985677354e-04 -1.007687206959184e+00
30 13 -1.000282906555430e+00 -1.896484644079892e-03 -9.265538012788919e-04 -1.007687779086841e+00
30 14 -1.000282824694773e+00 -1.896206936145116e-03 -9.267791919850160e-04 -1.007688557487045e+00
30 15 -1.000282718036711e+00 -1.895885692590342e-03 -9.270241519855548e-04 -1.007689513003714e+00
30 16 -1.000282590594270e+00 -1.895532933542624e-03 -9.272804934009176e-04 -1.007690609668227e+00
30 17 -1.000282447233486e+00 -1.895161908955300e-03 -9.275395886863023e-04 -1.007691805970405e+00
30 18 -1.000282293490854e+00 -1.894786636111209e-03 -9.277925142916567e-04 -1.007693056357937e+00
30 19 -1.000282135356512e+00 -1.894421398569953e-03 -9.280302322273550e-04 -1.007694312920725e+00
30 20 -1.000281979032070e+00 -1.894080219698767e-03 -9.282438287360942e-04 -1.007695527206382e+00
30 21 -1.000281830673982e+00 -1.893776327120309e-03 -9.284248189847670e-04 -1.007696652102503e+00
30 22 -1.000281696134906e+00 -1.893521627729467e-03 -9.285655128855084e-04 -1.007697643711777e+00
30 23 -1.000281580716118e+00 -1.893326215615432e-03 -9.286594226787678e-04 -1.007698463139363e+00
30 24 -1.000281488943838e+00 -1.893197936837135e-03 -9.287016798350340e-04 -1.007699078109221e+00
30 25 -1.000281424381082e+00 -1.893142035170370e-03 -9.286894189354415e-04 -1.007699464328255e+00
30 26 -1.000281389484551e+00 -1.893160901058604e-03 -9.286220818842606e-04 -1.007699606525401e+00
30 27 -1.000281385513260e+00 -1.893253941591099e-03 -9.285015992130340e-04 -1.007699499107892e+00
30 28 -1.000281412492172e+00 -1.893417582690221e-03 -9.283324162574292e-04 -1.007699146397686e+00
30 29 -1.000281469230606e+00 -1.893645406703783e-03 -9.281213481452070e-04 -1.007698562434931e+00
30 30 -1.000281553391781e+00 -1.893928420067357e-03 -9.278772659318433e-04 -1.007697770360515e+00
30 31 -1.000281661607094e+00 -1.894255437203756e-03 -9.276106348442178e-04 -1.007696801414412e+00
31 0 -1.000281816390358e+00 -1.894366506400026e-03 -9.285760204006521e-04 -1.007695992811722e+00
31 1 -1.000281958996341e+00 -1.894741349220120e-03 -9.282984936018817e-04 -1.007694791078311e+00
31 2 -1.000282110850648e+00 -1.895118199184447e-03 -9.280338282829880e-04 -1.007693541470948e+00
31 3 -1.000282266204531e+00 -1.895482452455504e-03 -9.277928244862909e-04 -1.007692292105989e+00
31 4 -1.000282419219225e+00 -1.895820114303925e-03 -9.275849194713784e-04 -1.007691090783395e+00
31 5 -1.000282564169781e+00 -1.896118335116174e-03 -9.274178025136694e-04 -1.007689983185877e+00
31 6 -1.000282695640947e+00 -1.896365884241013e-03 -9.272971672215248e-04 -1.007689011199209e+00
31 7 -1.000282808711472e+00 -1.896553546812765e-03 -9.272266030232349e-04 -1.007688211405626e+00
31 8 -1.000282899123358e+00 -1.896674433547165e-03 -9.272076132638993e-04 -1.007687613792582e+00
31 9 -1.000282963432525e+00 -1.896724197865091e-03 -9.272397364144951e-04 -1.007687240710463e+00
31 10 -1.000282999136949e+00 -1.896701158656129e-03 -9.273207402493765e-04 -1.007687106104119e+00
31 11 -1.000283004777948e+00 -1.896606330366923e-03 -9.274468565183442e-04 -1.007687215034653e+00
31 12 -1.000282980009812e+00 -1.896443364451424e-03 -9.276130254491286e-04 -1.007687563501160e+00
31 13 -1.000282925632872e+00 -1.896218407447720e-03 -9.278131253255271e-04 -1.007688138566964e+00
31 14 -1.000282843585647e+00 -1.895939881476280e-03 -9.280401719156763e-04 -1.007688918789720e+00
31 15 -1.000282736892959e+00 -1.895618193297416e-03 -9.282864841611156e-04 -1.007689874948602e+00
31 16 -1.000282609568692e+00 -1.895265378481723e-03 -9.285438240284884e-04 -1.007690971054424e+00
31 17 -1.000282466474139e+00 -1.894894687953219e-03 -9.288035276507268e-04 -1.007692165620246e+00
31 18 -1.000282313135607e+00 -1.894520125518213e-03 -9.290566503533440e-04 -1.007693413160014e+00
31 19 -1.000282155527843e+00 -1.894155947176058e-03 -9.292941489108561e-04 -1.007694665871310e+00
31 20 -1.000281999832393e+00 -1.893816135730936e-03 -9.295071198672227e-04 -1.007695875447103e+00
31 21 -1.000281852181853e+00 -1.893513867049883e-03 -9.296871031564049e-04 -1.007696994951953e+00
31 22 -1.000281718402200e+00 -1.893260987137677e-03 -9.298264468184316e-04 -1.007697980690270e+00
31 23 -1.000281603766104e+00 -1.893067522012901e-03 -9.299187135840074e-04 -1.007698793987213e+00
31 24 -1.000281512770142e+00 -1.892941244548683e-03 -9.299590963242878e-04 -1.007699402798282e+00
31 25 -1.000281448947699e+00 -1.892887322769482e-03 -9.299447996356246e-04 -1.007699783065261e+00
31 26 -1.000281414727057e+00 -1.892908071745014e-03 -9.298753413097715e-04 -1.007699919745950e+00
31 27 -1.000281411341162e+00 -1.893002826450814e-03 -9.297527310855559e-04 -1.007699807461356e+00
31 28 -1.000281438792222e+00 -1.893167946569943e-03 -9.295814944598105e-04 -1.007699450723973e+00
31 29 -1.000281495870993e+00 -1.893396956612136e-03 -9.293685249665383e-04 -1.007698863733568e+00
31 30 -1.000281580227148e+00 -1.893680816075052e-03 -9.291227671137558e-04 -1.007698069752412e+00
31 31 -1.000281688484186e+00 -1.894008305461443e-03 -9.288547514954633e-04 -1.007697100097893e+00
