7.080235546972916e-07
1.000000000000000e-12
1.000000000000000e-17
3.539387830257553e-01
1.942660788047707e-01
-2.333676268861454e-02
-1.500017464083440e+00
1.901109735892602e-07
32
32
-4.682213077274804e-03
1
0 0 -1.000281264532796e+00 -1.893377015087074e-03 -9.317995266635797e-04 -1.007698748605723e+00
0 1 -1.000281475917389e+00 -1.893936253759574e-03 -9.313764915052800e-04 -1.007696959236741e+00
0 2 -1.000281700818410e+00 -1.894497454604005e-03 -9.309755106503882e-04 -1.007695100276899e+00
0 3 -1.000281930793415e+00 -1.895038780067348e-03 -9.306133974938998e-04 -1.007693243361644e+00
0 4 -1.000282157308376e+00 -1.895539442573199e-03 -9.303044468791937e-04 -1.007691459340893e+00
0 5 -1.000282372017718e+00 -1.895980496805590e-03 -9.300598430776403e-04 -1.007689815645374e+00
0 6 -1.000282567029094e+00 -1.896345521343153e-03 -9.298873417133386e-04 -1.007688373871533e+00
0 7 -1.000282735151538e+00 -1.896621170706856e-03 -9.297912190396119e-04 -1.007687187650481e+00
0 8 -1.000282870125862e+00 -1.896797587874777e-03 -9.297724541464024e-04 -1.007686300849011e+00
0 9 -1.000282966835267e+00 -1.896868675345647e-03 -9.298290881112963e-04 -1.007685746135303e+00
0 10 -1.000283021492486e+00 -1.896832229343779e-03 -9.299566912939675e-04 -1.007685543929222e+00
0 11 -1.000283031797520e+00 -1.896689946295028e-03 -9.301488666142796e-04 -1.007685701747921e+00
0 12 -1.000282997057754e+00 -1.896447312894578e-03 -9.303977221997419e-04 -1.007686213952666e+00
0 13 -1.000282918260501e+00 -1.896113390917570e-03 -9.306942606541383e-04 -1.007687061901705e+00
0 14 -1.000282798087796e+00 -1.895700506048800e-03 -9.310286536132136e-04 -1.007688214513587e+00
0 15 -1.000282640864745e+00 -1.895223847615493e-03 -9.313903968983264e-04 -1.007689629242263e+00
0 16 -1.000282452435952e+00 -1.894700984339400e-03 -9.317683691568781e-04 -1.007691253457714e+00
0 17 -1.000282239968918e+00 -1.894151300739582e-03 -9.321508404300774e-04 -1.007693026213849e+00
0 18 -1.000282011688510e+00 -1.893595359875380e-03 -9.325254925041644e-04 -1.007694880370356e+00
0 19 -1.000281776551799e+00 -1.893054200894260e-03 -9.328795172274490e-04 -1.007696745018072e+00
0 20 -1.000281543877247e+00 -1.892548584473289e-03 -9.331998503133477e-04 -1.007698548138904e+00
0 21 -1.000281322946036e+00 -1.892098205566328e-03 -9.334735764472583e-04 -1.007700219412037e+00
0 22 -1.000281122596069e+00 -1.891720900295368e-03 -9.336885096672935e-04 -1.007701693058838e+00
0 23 -1.000280950830839e+00 -1.891431881358966e-03 -9.338339165910331e-04 -1.007702910601248e+00
0 24 -1.000280814465492e+00 -1.891243042648983e-03 -9.339013157555409e-04 -1.007703823395429e+00
0 25 -1.000280718830804e+00 -1.891162377255281e-03 -9.338852603632356e-04 -1.007704394798153e+00
0 26 -1.000280667552160e+00 -1.891193552059799e-03 -9.337839993728644e-04 -1.007704601832059e+00
0 27 -1.000280662415407e+00 -1.891335675613071e-03 -9.335999167649863e-04 -1.007704436239368e+00
0 28 -1.000280703324873e+00 -1.891583284026508e-03 -9.333396713485815e-04 -1.007703904851316e+00
0 29 -1.000280788351718e+00 -1.891926553528235e-03 -9.330139958743395e-04 -1.007703029248494e+00
0 30 -1.000280913863827e+00 -1.892351730347524e-03 -9.326371576480353e-04 -1.007701844739162e+00
0 31 -1.000281074723089e+00 -1.892841751366786e-03 -9.322261258336792e-04 -1.007700398730659e+00
1 0 -1.000281410172620e+00 -1.893132494048656e-03 -9.332432037062928e-04 -1.007698874425077e+00
1 1 -1.000281621574586e+00 -1.893692413782019e-03 -9.328180896233816e-04 -1.007697084544807e+00
1 2 -1.000281846101146e+00 -1.894253304622981e-03 -9.324161183838767e-04 -1.007695228157501e+00
1 3 -1.000282075324361e+00 -1.894793340932259e-03 -9.320541471553135e-04 -1.007693376791328e+00
1 4 -1.000282300739370e+00 -1.895291786078421e-03 -9.317464690921118e-04 -1.007691601071671e+00
1 5 -1.000282514043235e+00 -1.895729782417593e-03 -9.315042209452633e-04 -1.007689968098217e+00
1 6 -1.000282707398042e+00 -1.896091029210834e-03 -9.313350667314198e-04 -1.007688539044238e+00
1 7 -1.000282873676912e+00 -1.896362329634260e-03 -9.312431507179273e-04 -1.007687367043212e+00
1 8 -1.000283006691822e+00 -1.896533996988923e-03 -9.312292852104992e-04 -1.007686495410549e+00
1 9 -1.000283101401377e+00 -1.896600118602714e-03 -9.312913168779429e-04 -1.007685956231690e+00
1 10 -1.000283154095062e+00 -1.896558682634118e-03 -9.314246023344012e-04 -1.007685769334546e+00
1 11 -1.000283162548173e+00 -1.896411577217613e-03 -9.316225204387273e-04 -1.007685941656291e+00
1 12 -1.000283126139093e+00 -1.896164473226386e-03 -9.318769544600118e-04 -1.007686467011016e+00
1 13 -1.000283045919041e+00 -1.895826601939165e-03 -9.321786908908715e-04 -1.007687326262915e+00
1 14 -1.000282924624325e+00 -1.895410437473008e-03 -9.325177027401089e-04 -1.007688487907721e+00
1 15 -1.000282766622688e+00 -1.894931291414974e-03 -9.328833119529840e-04 -1.007689909062073e+00
1 16 -1.000282577788268e+00 -1.894406824737036e-03 -9.332642538694613e-04 -1.007691536854700e+00
1 17 -1.000282365303986e+00 -1.893856481249307e-03 -9.336486905217517e-04 -1.007693310202425e+00
1 18 -1.000282137395379e+00 -1.893300848238219e-03 -9.340242345453779e-04 -1.007695161937742e+00
1 19 -1.000281903005354e+00 -1.892760953146394e-03 -9.343780493254518e-04 -1.007697021236197e+00
1 20 -1.000281671423954e+00 -1.892257509606370e-03 -9.346970826940869e-04 -1.007698816273769e+00
1 21 -1.000281451890822e+00 -1.891810131939498e-03 -9.349684706076905e-04 -1.007700477026780e+00
1 22 -1.000281253190720e+00 -1.891436544579937e-03 -9.351801155042890e-04 -1.007701938107818e+00
1 23 -1.000281083264231e+00 -1.891151820895870e-03 -9.353214068526859e-04 -1.007703141512102e+00
1 24 -1.000280948856086e+00 -1.890967692490685e-03 -9.353840165085487e-04 -1.007704039134881e+00
1 25 -1.000280855221826e+00 -1.890891973209553e-03 -9.353626759602745e-04 -1.007704594917339e+00
1 26 -1.000280805909765e+00 -1.890928140597200e-03 -9.352558310232909e-04 -1.007704786488551e+00
1 27 -1.000280802629890e+00 -1.891075111013643e-03 -9.350660744930314e-04 -1.007704606194695e+00
1 28 -1.000280845214871e+00 -1.891327232942527e-03 -9.348002791113778e-04 -1.007704061443648e+00
1 29 -1.000280931671212e+00 -1.891674506979157e-03 -9.344693892252142e-04 -1.007703174341140e+00
1 30 -1.000281058311645e+00 -1.892103022762707e-03 -9.340878733896258e-04 -1.007701980647195e+00
1 31 -1.000281219954475e+00 -1.892595585863991e-03 -9.336728837162691e-04 -1.007700528129415e+00
2 0 -1.000281599522414e+00 -1.892963835182057e-03 -9.343907889643746e-04 -1.007698835777929e+00
2 1 -1.000281811263101e+00 -1.893525127790780e-03 -9.339633706187812e-04 -1.007697043096884e+00
2 2 -1.000282035723816e+00 -1.894086403333728e-03 -9.335601907426051e-04 -1.007695187049533e+00
2 3 -1.000282264479146e+00 -1.894625822000743e-03 -9.331981574570535e-04 -1.007693339141261e+00
2 4 -1.000282489042156e+00 -1.895122672470561e-03 -9.328915687972410e-04 -1.007691569853621e+00
2 5 -1.000282701142570e+00 -1.895558160557017e-03 -9.326515200681376e-04 -1.007689946028807e+00
2 6 -1.000282892988579e+00 -1.895916084247484e-03 -9.324855893938682e-04 -1.007688528480641e+00
2 7 -1.000283057511023e+00 -1.896183376553963e-03 -9.323977941827175e-04 -1.007687369896383e+00
2 8 -1.000283188589008e+00 -1.896350506478261e-03 -9.323887839163460e-04 -1.007686513076195e+00
2 9 -1.000283281255219e+00 -1.896411736767535e-03 -9.324562132017928e-04 -1.007685989540655e+00
2 10 -1.000283331877483e+00 -1.896365243895781e-03 -9.325952256666916e-04 -1.007685818523747e+00
2 11 -1.000283338310750e+00 -1.896213109943055e-03 -9.327989754909532e-04 -1.007686006361129e+00
2 12 -1.000283300011248e+00 -1.895961197880767e-03 -9.330591189633869e-04 -1.007686546279881e+00
2 13 -1.000283218103118e+00 -1.895618921864067e-03 -9.333662223823473e-04 -1.007687418593548e+00
2 14 -1.000283095387769e+00 -1.895198922806084e-03 -9.337100538832386e-04 -1.007688591303866e+00
2 15 -1.000282936287716e+00 -1.894716657020480e-03 -9.340797535503266e-04 -1.007690021107804e+00
2 16 -1.000282746719457e+00 -1.894189903142515e-03 -9.344639043852960e-04 -1.007691654803518e+00
2 17 -1.000282533894247e+00 -1.893638191536029e-03 -9.348505507117117e-04 -1.007693431078304e+00
2 18 -1.000282306050827e+00 -1.893082161829971e-03 -9.352272257168382e-04 -1.007695282645242e+00
2 19 -1.000282072129659e+00 -1.892542857577618e-03 -9.355810537529706e-04 -1.007697138676271e+00
2 20 -1.000281841402765e+00 -1.892040971500359e-03 -9.358989847940985e-04 -1.007698927461348e+00
2 21 -1.000281623076883e+00 -1.891596060467768e-03 -9.361681976552658e-04 -1.007700579205926e+00
2 22 -1.000281425890230e+00 -1.891225756668137e-03 -9.363766767978691e-04 -1.007702028860049e+00
2 23 -1.000281257724990e+00 -1.890945009499349e-03 -9.365139301293615e-04 -1.007703218853329e+00
2 24 -1.000281125257893e+00 -1.890765399316921e-03 -9.365717802374342e-04 -1.007704101596391e+00
2 25 -1.000281033669573e+00 -1.890694567140593e-03 -9.365451362631931e-04 -1.007704641606749e+00
2 26 -1.000280986429496e+00 -1.890735802744996e-03 -9.364326424213024e-04 -1.007704817127662e+00
2 27 -1.000280985167971e+00 -1.890887827002764e-03 -9.362371040026386e-04 -1.007704621132330e+00
2 28 -1.000281029640223e+00 -1.891144792777623e-03 -9.359656131030818e-04 -1.007704061642774e+00
2 29 -1.000281117780456e+00 -1.891496512625274e-03 -9.356293322600299e-04 -1.007703161340784e+00
2 30 -1.000281245836964e+00 -1.891928903222883e-03 -9.352429385388459e-04 -1.007701956500917e+00
2 31 -1.000281408573911e+00 -1.892424619151092e-03 -9.348237745952378e-04 -1.007700495323151e+00
3 0 -1.000281825107017e+00 -1.892877762018203e-03 -9.351972947818568e-04 -1.007698633940312e+00
3 1 -1.000282037495485e+00 -1.893441067616416e-03 -9.347674338831873e-04 -1.007696836273460e+00
3 2 -1.000282262202527e+00 -1.894003409823502e-03 -9.343628686852955e-04 -1.007694978314240e+00
3 3 -1.000282490793193e+00 -1.894542909038987e-03 -9.340005636080686e-04 -1.007693131630766e+00
3 4 -1.000282714786476e+00 -1.895038852317174e-03 -9.336948286625227e-04 -1.007691366647784e+00
3 5 -1.000282925933391e+00 -1.895472481939622e-03 -9.334567262429407e-04 -1.007689750034386e+00
3 6 -1.000283116477976e+00 -1.895827668709592e-03 -9.332937580908429e-04 -1.007688342323170e+00
3 7 -1.000283279400099e+00 -1.896091451655952e-03 -9.332098248469295e-04 -1.007687195824093e+00
3 8 -1.000283408639376e+00 -1.896254434893956e-03 -9.332054234976146e-04 -1.007686352878087e+00
3 9 -1.000283499298462e+00 -1.896311040416535e-03 -9.332780267937010e-04 -1.007685844480410e+00
3 10 -1.000283547822117e+00 -1.896259622062072e-03 -9.334225750739715e-04 -1.007685689292104e+00
3 11 -1.000283552146171e+00 -1.896102450429504e-03 -9.336320065458864e-04 -1.007685893049552e+00
3 12 -1.000283511808426e+00 -1.895845580818497e-03 -9.338977575689863e-04 -1.007686448376691e+00
3 13 -1.000283428012074e+00 -1.895498616332567e-03 -9.342101789743567e-04 -1.007687335001993e+00
3 14 -1.000283303631986e+00 -1.895074376528617e-03 -9.345588361269064e-04 -1.007688520381315e+00
3 15 -1.000283143155557e+00 -1.894588479388997e-03 -9.349326868738761e-04 -1.007689960725467e+00
3 16 -1.000282952552876e+00 -1.894058842152095e-03 -9.353201592125978e-04 -1.007691602425086e+00
3 17 -1.000282739075354e+00 -1.893505105681012e-03 -9.357091747190763e-04 -1.007693383854192e+00
3 18 -1.000282510986992e+00 -1.892947988089927e-03 -9.360871796854695e-04 -1.007695237518673e+00
3 19 -1.000282277237681e+00 -1.892408576334051e-03 -9.364412501470659e-04 -1.007697092498349e+00
3 20 -1.000282047092571e+00 -1.891907569220308e-03 -9.367583281809587e-04 -1.007698877112409e+00
3 21 -1.000281829735375e+00 -1.891464491535176e-03 -9.370256254761562e-04 -1.007700521718574e+00
3 22 -1.000281633866126e+00 -1.891096906249925e-03 -9.372311986537151e-04 -1.007701961537469e+00
3 23 -1.000281467315400e+00 -1.890819659187018e-03 -9.373646641495289e-04 -1.007703139376819e+00
3 24 -1.000281336697101e+00 -1.890644196736954e-03 -9.374179857058204e-04 -1.007704008117954e+00
3 25 -1.000281247120284e+00 -1.890578000481310e-03 -9.373862417476120e-04 -1.007704532823563e+00
3 26 -1.000281201976877e+00 -1.890624181301488e-03 -9.372682682936531e-04 -1.007704692334888e+00
3 27 -1.000281202816738e+00 -1.890781268811167e-03 -9.370670781318634e-04 -1.007704480251045e+00
3 28 -1.000281249314835e+00 -1.891043219894853e-03 -9.367899788930487e-04 -1.007703905221852e+00
3 29 -1.000281339328254e+00 -1.891399654049403e-03 -9.364483486663754e-04 -1.007702990533597e+00
3 30 -1.000281469034078e+00 -1.891836305286919e-03 -9.360570718935515e-04 -1.007701773018316e+00
3 31 -1.000281633133840e+00 -1.892335663206364e-03 -9.356336822001874e-04 -1.007700301364082e+00
4 0 -1.000282078014548e+00 -1.892877723599195e-03 -9.356304548717357e-04 -1.007698277143931e+00
4 1 -1.000282291334459e+00 -1.893443602956957e-03 -9.351981132983056e-04 -1.007696472503955e+00
4 2 -1.000282516590264e+00 -1.894007651463541e-03 -9.347920422618179e-04 -1.007694610458620e+00
4 3 -1.000282745325844e+00 -1.894547925724368e-03 -9.344292657555822e-04 -1.007692762721431e+00
4 4 -1.000282969053916e+00 -1.895043684319213e-03 -9.341241126755124e-04 -1.007690999749290e+00
4 5 -1.000283179534482e+00 -1.895476177472913e-03 -9.338876225572353e-04 -1.007689388129716e+00
4 6 -1.000283369035665e+00 -1.895829319970780e-03 -9.337272333093663e-04 -1.007687988203731e+00
4 7 -1.000283530575799e+00 -1.896090229044761e-03 -9.336467434694625e-04 -1.007686851987288e+00
4 8 -1.000283658146155e+00 -1.896249618319933e-03 -9.336465140638918e-04 -1.007686021435134e+00
4 9 -1.000283746912567e+00 -1.896302046710012e-03 -9.337238538532050e-04 -1.007685527076930e+00
4 10 -1.000283793392228e+00 -1.896246027343900e-03 -9.338735180904775e-04 -1.007685387044801e+00
4 11 -1.000283795599823e+00 -1.896084006353842e-03 -9.340882464156172e-04 -1.007685606502284e+00
4 12 -1.000283753155289e+00 -1.895822224088913e-03 -9.343592709871505e-04 -1.007686177477726e+00
4 13 -1.000283667344016e+00 -1.895470471354848e-03 -9.346767406614890e-04 -1.007687079102814e+00
4 14 -1.000283541119838e+00 -1.895041751137752e-03 -9.350300288099560e-04 -1.007688278257253e+00
4 15 -1.000283379042563e+00 -1.894551853583111e-03 -9.354079185377709e-04 -1.007689730618627e+00
4 16 -1.000283187145041e+00 -1.894018850127276e-03 -9.357986865467772e-04 -1.007691382108758e+00
4 17 -1.000282972729223e+00 -1.893462511985289e-03 -9.361901314529769e-04 -1.007693170716011e+00
4 18 -1.000282744095510e+00 -1.892903658857823e-03 -9.365696088740103e-04 -1.007695028659128e+00
4 19 -1.000282510214644e+00 -1.892363446371339e-03 -9.369241398012974e-04 -1.007696884841842e+00
4 20 -1.000282280356154e+00 -1.891862605820346e-03 -9.372406492549119e-04 -1.007698667527820e+00
4 21 -1.000282063691462e+00 -1.891420656532783e-03 -9.375063704615485e-04 -1.007700307144293e+00
4 22 -1.000281868892348e+00 -1.891055118306188e-03 -9.377094189067720e-04 -1.007701739104084e+00
4 23 -1.000281703746677e+00 -1.890780758061526e-03 -9.378395048060173e-04 -1.007702906521276e+00
4 24 -1.000281574813135e+00 -1.890608910707126e-03 -9.378887176723624e-04 -1.007703762684961e+00
4 25 -1.000281487135267e+00 -1.890546917886044e-03 -9.378522899768870e-04 -1.007704273150902e+00
4 26 -1.000281444031744e+00 -1.890597727447160e-03 -9.377292348603952e-04 -1.007704417318819e+00
4 27 -1.000281446974292e+00 -1.890759689476828e-03 -9.375227586154394e-04 -1.007704189388275e+00
4 28 -1.000281495557886e+00 -1.891026572103317e-03 -9.372403713591704e-04 -1.007703598626481e+00
4 29 -1.000281587560647e+00 -1.891387804186471e-03 -9.368936551698646e-04 -1.007702668929482e+00
4 30 -1.000281719084527e+00 -1.891828934558173e-03 -9.364976923187169e-04 -1.007701437707663e+00
4 31 -1.000281884762481e+00 -1.892332280469541e-03 -9.360702000303252e-04 -1.007699954173078e+00
5 0 -1.000282348275408e+00 -1.892963739466670e-03 -9.356721603470432e-04 -1.007697780190059e+00
5 1 -1.000282562772957e+00 -1.893532649689998e-03 -9.352374083136104e-04 -1.007695966872309e+00
5 2 -1.000282788857393e+00 -1.894098974104071e-03 -9.348297791518675e-04 -1.007694098737179e+00
5 3 -1.000283018040655e+00 -1.894640684136241e-03 -9.344663573195054e-04 -1.007692247720053e+00
5 4 -1.000283241817256e+00 -1.895136984458426e-03 -9.341614963332875e-04 -1.007690484396837e+00
5 5 -1.000283451943563e+00 -1.895569104589999e-03 -9.339262233573455e-04 -1.007688875367739e+00
5 6 -1.000283640699121e+00 -1.895920972787221e-03 -9.337679274191527e-04 -1.007687480879195e+00
5 7 -1.000283801128735e+00 -1.896179753716833e-03 -9.336903238842564e-04 -1.007686352747429e+00
5 8 -1.000283927264539e+00 -1.896336240818404e-03 -9.336936600398440e-04 -1.007685532628407e+00
5 9 -1.000284014326264e+00 -1.896385102306114e-03 -9.337751051861830e-04 -1.007685050664020e+00
5 10 -1.000284058896097e+00 -1.896324986141864e-03 -9.339292550608338e-04 -1.007684924522896e+00
5 11 -1.000284059062425e+00 -1.896158494000734e-03 -9.341486760539560e-04 -1.007685158845152e+00
5 12 -1.000284014524763e+00 -1.895892036832055e-03 -9.344244201630432e-04 -1.007685745094179e+00
5 13 -1.000283926650707e+00 -1.895535584690557e-03 -9.347464562020451e-04 -1.007686661816056e+00
5 14 -1.000283798475449e+00 -1.895102321575001e-03 -9.351039844215347e-04 -1.007687875306797e+00
5 15 -1.000283634635852e+00 -1.894608213425466e-03 -9.354856279337282e-04 -1.007689340685105e+00
5 16 -1.000283441234283e+00 -1.894071495429445e-03 -9.358795220832996e-04 -1.007691003361051e+00
5 17 -1.000283225631757e+00 -1.893512083965121e-03 -9.362733476858023e-04 -1.007692800879645e+00
5 18 -1.000282996174800e+00 -1.892950919265569e-03 -9.366543704541919e-04 -1.007694665104049e+00
5 19 -1.000282761865425e+00 -1.892409247736655e-03 -9.370095528198946e-04 -1.007696524686203e+00
5 20 -1.000282531988429e+00 -1.891907857915120e-03 -9.373257947313057e-04 -1.007698307752962e+00
5 21 -1.000282315714130e+00 -1.891466290565697e-03 -9.375903385586041e-04 -1.007699944715556e+00
5 22 -1.000282121697208e+00 -1.891102050330183e-03 -9.377913427340372e-04 -1.007701371092236e+00
5 23 -1.000281957693424e+00 -1.890829853033998e-03 -9.379185929539968e-04 -1.007702530219418e+00
5 24 -1.000281830215899e+00 -1.890660948663083e-03 -9.379642845368779e-04 -1.007703375715786e+00
5 25 -1.000281744251140e+00 -1.890602563632963e-03 -9.379237826232773e-04 -1.007703873559588e+00
5 26 -1.000281703051633e+00 -1.890657504979323e-03 -9.377962551086105e-04 -1.007704003647896e+00
5 27 -1.000281708016324e+00 -1.890823962041215e-03 -9.375850793605655e-04 -1.007703760731908e+00
5 28 -1.000281758663516e+00 -1.891095528654904e-03 -9.372979465315710e-04 -1.007703154662289e+00
5 29 -1.000281852693575e+00 -1.891461452797659e-03 -9.369466228394048e-04 -1.007702209926655e+00
5 30 -1.000281986132393e+00 -1.891907103054876e-03 -9.365463704160439e-04 -1.007700964511322e+00
5 31 -1.000282153541252e+00 -1.892414624146965e-03 -9.361150744403692e-04 -1.007699468166302e+00
6 0 -1.000282625282922e+00 -1.893132394784220e-03 -9.353193806379223e-04 -1.007697163718233e+00
6 1 -1.000282841156370e+00 -1.893704669449308e-03 -9.348823992259325e-04 -1.007695340373263e+00
6 2 -1.000283068314934e+00 -1.894273744984984e-03 -9.344732360018097e-04 -1.007693464399700e+00
6 3 -1.000283298229060e+00 -1.894817489711370e-03 -9.341090339185577e-04 -1.007691608022364e+00
6 4 -1.000283522363912e+00 -1.895315031371695e-03 -9.338041751595161e-04 -1.007689842017593e+00
6 5 -1.000283732459908e+00 -1.895747551342396e-03 -9.335696849114081e-04 -1.007688233090783e+00
6 6 -1.000283920795065e+00 -1.896098960616050e-03 -9.334129200399747e-04 -1.007686841493265e+00
6 7 -1.000284080427697e+00 -1.896356438759759e-03 -9.333375350725026e-04 -1.007685718943121e+00
6 8 -1.000284205418350e+00 -1.896510826168214e-03 -9.333436902965104e-04 -1.007684906896771e+00
6 9 -1.000284291029199e+00 -1.896556868453740e-03 -9.334284453901468e-04 -1.007684435201547e+00
6 10 -1.000284333897469e+00 -1.896493318755927e-03 -9.335862682848741e-04 -1.007684321146039e+00
6 11 -1.000284332177271e+00 -1.896322908287027e-03 -9.338095844643722e-04 -1.007684568916674e+00
6 12 -1.000284285642030e+00 -1.896052197482118e-03 -9.340892973699190e-04 -1.007685169464602e+00
6 13 -1.000284195738321e+00 -1.895691320200199e-03 -9.344152251572280e-04 -1.007686100784390e+00
6 14 -1.000284065581932e+00 -1.895253632049953e-03 -9.347764207360755e-04 -1.007687328603451e+00
6 15 -1.000283899888468e+00 -1.894755271587517e-03 -9.351613684080195e-04 -1.007688807477654e+00
6 16 -1.000283704833874e+00 -1.894214640761672e-03 -9.355580782811031e-04 -1.007690482282794e+00
6 17 -1.000283487844372e+00 -1.893651809889027e-03 -9.359541242747091e-04 -1.007692290081185e+00
6 18 -1.000283257320399e+00 -1.893087853581031e-03 -9.363366876258890e-04 -1.007694162326990e+00
6 19 -1.000283022304347e+00 -1.892544127350089e-03 -9.366926716913377e-04 -1.007696027355164e+00
6 20 -1.000282792106521e+00 -1.892041499394917e-03 -9.370089446511670e-04 -1.007697813080111e+00
6 21 -1.000282575907337e+00 -1.891599557864089e-03 -9.372727456239588e-04 -1.007699449812545e+00
6 22 -1.000282382356127e+00 -1.891235820663765e-03 -9.374722589630336e-04 -1.007700873085779e+00
6 23 -1.000282219188318e+00 -1.890964982119250e-03 -9.375973251533770e-04 -1.007702026366358e+00
6 24 -1.000282092882799e+00 -1.890798237002259e-03 -9.376402214243370e-04 -1.007702863511912e+00
6 25 -1.000282008379634e+00 -1.890742725542973e-03 -9.375964188516096e-04 -1.007703350836624e+00
6 26 -1.000281968874676e+00 -1.890801141473968e-03 -9.374652113812961e-04 -1.007703468655147e+00
6 27 -1.000281975702206e+00 -1.890971538267294e-03 -9.372501181101773e-04 -1.007703212200625e+00
6 28 -1.000282028310163e+00 -1.891247356722513e-03 -9.369589823686902e-04 -1.007702591850527e+00
6 29 -1.000282124325431e+00 -1.891617680945876e-03 -9.366037267541724e-04 -1.007701632642207e+00
6 30 -1.000282259699969e+00 -1.892067711561928e-03 -9.361997671562127e-04 -1.007700373112173e+00
6 31 -1.000282428923203e+00 -1.892579427605301e-03 -9.357651333708216e-04 -1.007698863540585e+00
7 0 -1.000282898233901e+00 -1.893376986860419e-03 -9.345844992087827e-04 -1.007696453181378e+00
7 1 -1.000283115625261e+00 -1.893952821752197e-03 -9.341455762929029e-04 -1.007694618871094e+00
7 2 -1.000283344058820e+00 -1.894525009402887e-03 -9.337349821681456e-04 -1.007692733637599e+00
7 3 -1.000283574955674e+00 -1.895071301288550e-03 -9.333699132183350e-04 -1.007690870051023e+00
7 4 -1.000283799741740e+00 -1.895570728392177e-03 -9.330647827291128e-04 -1.007689099161152e+00
7 5 -1.000284010129988e+00 -1.896004398811063e-03 -9.328306240406524e-04 -1.007687487865413e+00
7 6 -1.000284198384227e+00 -1.896356176686983e-03 -9.326747794558299e-04 -1.007686096517622e+00
7 7 -1.000284357562807e+00 -1.896613223529005e-03 -9.326008669665825e-04 -1.007684976842613e+00
7 8 -1.000284481741035e+00 -1.896766391842897e-03 -9.326089896621156e-04 -1.007684170204897e+00
7 9 -1.000284566210390e+00 -1.896810469642070e-03 -9.326961315269779e-04 -1.007683706262263e+00
7 10 -1.000284607651119e+00 -1.896744281689878e-03 -9.328566693838958e-04 -1.007683602020907e+00
7 11 -1.000284604272578e+00 -1.896570657924272e-03 -9.330829258154878e-04 -1.007683861300231e+00
7 12 -1.000284555913505e+00 -1.896296281362517e-03 -9.333656932824218e-04 -1.007684474611859e+00
7 13 -1.000284464093100e+00 -1.895931427791730e-03 -9.336946745904787e-04 -1.007685419454746e+00
7 14 -1.000284332003893e+00 -1.895489608415041e-03 -9.340588068972711e-04 -1.007686661024696e+00
7 15 -1.000284164438956e+00 -1.894987124550100e-03 -9.344464627285769e-04 -1.007688153332419e+00
7 16 -1.000283967648937e+00 -1.894442541133995e-03 -9.348455488807619e-04 -1.007689840718572e+00
7 17 -1.000283749128631e+00 -1.893876084655488e-03 -9.352435484449475e-04 -1.007691659744097e+00
7 18 -1.000283517337912e+00 -1.893308972364310e-03 -9.356275675205125e-04 -1.007693541417965e+00
7 19 -1.000283281367103e+00 -1.892762682979351e-03 -9.359844525464389e-04 -1.007695413705224e+00
7 20 -1.000283050561352e+00 -1.892258183692920e-03 -9.363010351751860e-04 -1.007697204240201e+00
7 21 -1.000282834121875e+00 -1.891815133753782e-03 -9.365645402260119e-04 -1.007698843153429e+00
7 22 -1.000282640704368e+00 -1.891451091629432e-03 -9.367631611208614e-04 -1.007700265904103e+00
7 23 -1.000282478036293e+00 -1.891180760220665e-03 -9.368867708279525e-04 -1.007701415992717e+00
7 24 -1.000282352574924e+00 -1.891015310898793e-03 -9.369277013867998e-04 -1.007702247416067e+00
7 25 -1.000282269226247e+00 -1.890961829992039e-03 -9.368814990461311e-04 -1.007702726724998e+00
7 26 -1.000282231141115e+00 -1.891022929497904e-03 -9.367475506194221e-04 -1.007702834556789e+00
7 27 -1.000282239599666e+00 -1.891196556949563e-03 -9.365294822770436e-04 -1.007702566538811e+00
7 28 -1.000282293988554e+00 -1.891476027530336e-03 -9.362352541802327e-04 -1.007701933497570e+00
7 29 -1.000282391868455e+00 -1.891850285315686e-03 -9.358769103373108e-04 -1.007700960955657e+00
7 30 -1.000282529122493e+00 -1.892304382027620e-03 -9.354699873394749e-04 -1.007699687952017e+00
7 31 -1.000282700170869e+00 -1.892820144272549e-03 -9.350326301249966e-04 -1.007698165268659e+00
8 0 -1.000283156567284e+00 -1.893687815448108e-03 -9.334950171881653e-04 -1.007695677601500e+00
8 1 -1.000283375556624e+00 -1.894267260878691e-03 -9.330545358357752e-04 -1.007693831835675e+00
8 2 -1.000283605413315e+00 -1.894842793126290e-03 -9.326426896038376e-04 -1.007691936304066e+00
8 3 -1.000283837503362e+00 -1.895392037941730e-03 -9.322767203972797e-04 -1.007690063963513e+00
8 4 -1.000284063205222e+00 -1.895893913699477e-03 -9.319710734728155e-04 -1.007688286198721e+00
8 5 -1.000284274194132e+00 -1.896329433215501e-03 -9.317367997580953e-04 -1.007686670177464e+00
8 6 -1.000284462707644e+00 -1.896682386350253e-03 -9.315812444927280e-04 -1.007685276448580e+00
8 7 -1.000284621790737e+00 -1.896939884512658e-03 -9.315080141182826e-04 -1.007684156847701e+00
8 8 -1.000284745519273e+00 -1.897092757038555e-03 -9.315171861100216e-04 -1.007683352758546e+00
8 9 -1.000284829199772e+00 -1.897135797705461e-03 -9.316057055427113e-04 -1.007682893761677e+00
8 10 -1.000284869541824e+00 -1.897067866707368e-03 -9.317678983353613e-04 -1.007682796689030e+00
8 11 -1.000284864797425e+00 -1.896891858310629e-03 -9.319960259248257e-04 -1.007683065093240e+00
8 12 -1.000284814859514e+00 -1.896614546653044e-03 -9.322808113040472e-04 -1.007683689135721e+00
8 13 -1.000284721310766e+00 -1.896246322124711e-03 -9.326118815795903e-04 -1.007684645894819e+00
8 14 -1.000284587413648e+00 -1.895800829382725e-03 -9.329780945885504e-04 -1.007685900092536e+00
8 15 -1.000284418034345e+00 -1.895294516112884e-03 -9.333677431484802e-04 -1.007687405233840e+00
8 16 -1.000284219496289e+00 -1.894746099825266e-03 -9.337686573073304e-04 -1.007689105145217e+00
8 17 -1.000283999363394e+00 -1.894175959069756e-03 -9.341682492335670e-04 -1.007690935888179e+00
8 18 -1.000283766158113e+00 -1.893605456326247e-03 -9.345535623512649e-04 -1.007692828008252e+00
8 19 -1.000283529024430e+00 -1.893056202787062e-03 -9.349113911298978e-04 -1.007694709062167e+00
8 20 -1.000283297350294e+00 -1.892549279929189e-03 -9.352285285126500e-04 -1.007696506347735e+00
8 21 -1.000283080367490e+00 -1.892104438601414e-03 -9.354921759124616e-04 -1.007698149743727e+00
8 22 -1.000282886749324e+00 -1.891739302999394e-03 -9.356905196773327e-04 -1.007699574550483e+00
8 23 -1.000282724227788e+00 -1.891468613918671e-03 -9.358134422838605e-04 -1.007700724206315e+00
8 24 -1.000282599251889e+00 -1.891303551792952e-03 -9.358533018181546e-04 -1.007701552742864e+00
8 25 -1.000282516707149e+00 -1.891251183210292e-03 -9.358056866434225e-04 -1.007702026839807e+00
8 26 -1.000282479712723e+00 -1.891314073000101e-03 -9.356700401984559e-04 -1.007702127350035e+00
8 27 -1.000282489507191e+00 -1.891490096809036e-03 -9.354500569200280e-04 -1.007701850192085e+00
8 28 -1.000282545427440e+00 -1.891772476729841e-03 -9.351537733406236e-04 -1.007701206545680e+00
8 29 -1.000282644977878e+00 -1.892150046310608e-03 -9.347933145481851e-04 -1.007700222334638e+00
8 30 -1.000282783980615e+00 -1.892607733224055e-03 -9.343842998062777e-04 -1.007698937033002e+00
8 31 -1.000282956791928e+00 -1.893127230723762e-03 -9.339449551311538e-04 -1.007697401877123e+00
9 0 -1.000283390380580e+00 -1.894052600968292e-03 -9.320926083679837e-04 -1.007694868193897e+00
9 1 -1.000283610983288e+00 -1.894635561105378e-03 -9.316510280179180e-04 -1.007693010945262e+00
9 2 -1.000283842353070e+00 -1.895214533905364e-03 -9.312381745948285e-04 -1.007691104497896e+00
9 3 -1.000284075797474e+00 -1.895767015824666e-03 -9.308713252330419e-04 -1.007689222220191e+00
9 4 -1.000284302641310e+00 -1.896271801498085e-03 -9.305649561215463e-04 -1.007687435878984e+00
9 5 -1.000284514513294e+00 -1.896709790260287e-03 -9.303301438260869e-04 -1.007685812979932e+00
9 6 -1.000284703613707e+00 -1.897064673157073e-03 -9.301742532588049e-04 -1.007684414351925e+00
9 7 -1.000284862961360e+00 -1.897323481580425e-03 -9.301009042222237e-04 -1.007683292040531e+00
9 8 -1.000284986618589e+00 -1.897476987648265e-03 -9.301101807855581e-04 -1.007682487557873e+00
9 9 -1.000285069892165e+00 -1.897519954292145e-03 -9.301990270988890e-04 -1.007682030521737e+00
9 10 -1.000285109506172e+00 -1.897451239667140e-03 -9.303617599342681e-04 -1.007681937704473e+00
9 11 -1.000285103740982e+00 -1.897273765611739e-03 -9.305906231219272e-04 -1.007682212502222e+00
9 12 -1.000285052530624e+00 -1.896994362651136e-03 -9.308763138886810e-04 -1.007682844828247e+00
9 13 -1.000284957509721e+00 -1.896623504168478e-03 -9.312084261386814e-04 -1.007683811431018e+00
9 14 -1.000284822001078e+00 -1.896174940792154e-03 -9.315757782074211e-04 -1.007685076635452e+00
9 15 -1.000284650936620e+00 -1.895665244169876e-03 -9.319666186608540e-04 -1.007686593501012e+00
9 16 -1.000284450707696e+00 -1.895113267895266e-03 -9.323687303277074e-04 -1.007688305381612e+00
9 17 -1.000284228945227e+00 -1.894539532638781e-03 -9.327694770443685e-04 -1.007690147860545e+00
9 18 -1.000283994234990e+00 -1.893965543052779e-03 -9.331558548340464e-04 -1.007692051019683e+00
9 19 -1.000283755778174e+00 -1.893413046634575e-03 -9.335146140712930e-04 -1.007693941985740e+00
9 20 -1.000283523011687e+00 -1.892903249606268e-03 -9.338325093113946e-04 -1.007695747677781e+00
9 21 -1.000283305206369e+00 -1.892456011087149e-03 -9.340967111173572e-04 -1.007697397661716e+00
9 22 -1.000283111063645e+00 -1.892089043360562e-03 -9.342953836163383e-04 -1.007698827001118e+00
9 23 -1.000282948332228e+00 -1.891817152503114e-03 -9.344183965030767e-04 -1.007699978979729e+00
9 24 -1.000282823466329e+00 -1.891651559560108e-03 -9.344581053759710e-04 -1.007700807560068e+00
9 25 -1.000282741345264e+00 -1.891599346030989e-03 -9.344101068471901e-04 -1.007701279438675e+00
9 26 -1.000282705071026e+00 -1.891663066120103e-03 -9.342738626538313e-04 -1.007701375568248e+00
9 27 -1.000282715854911e+00 -1.891840560667449e-03 -9.340530938365175e-04 -1.007701092043441e+00
9 28 -1.000282772997489e+00 -1.892124994780291e-03 -9.337558699370247e-04 -1.007700440287756e+00
9 29 -1.000282873958976e+00 -1.892505125024505e-03 -9.333943540253761e-04 -1.007699446527335e+00
9 30 -1.000283014510615e+00 -1.892965784552536e-03 -9.329842070163289e-04 -1.007698150587423e+00
9 31 -1.000283188952556e+00 -1.893488557615868e-03 -9.325436984669330e-04 -1.007696604093353e+00
10 0 -1.000283590806713e+00 -1.894457007829929e-03 -9.304315450485783e-04 -1.007694056951925e+00
10 1 -1.000283812973817e+00 -1.895043246829179e-03 -9.299893772650371e-04 -1.007692188649717e+00
10 2 -1.000284045885899e+00 -1.895625618180953e-03 -9.295758130312544e-04 -1.007690271106140e+00
10 3 -1.000284280791087e+00 -1.896181490850307e-03 -9.292081524456271e-04 -1.007688378108825e+00
10 4 -1.000284508956560e+00 -1.896689529692430e-03 -9.289008994861758e-04 -1.007686581838286e+00
10 5 -1.000284721957565e+00 -1.897130506755975e-03 -9.286651626866523e-04 -1.007684950192580e+00
10 6 -1.000284911947544e+00 -1.897487993441358e-03 -9.285083422582648e-04 -1.007683544355226e+00
10 7 -1.000285071907421e+00 -1.897748914428106e-03 -9.284340955182082e-04 -1.007682416672274e+00
10 8 -1.000285195872598e+00 -1.897903953215015e-03 -9.284425446036528e-04 -1.007681608887019e+00
10 9 -1.000285279135420e+00 -1.897947806907071e-03 -9.285306700248082e-04 -1.007681150766094e+00
10 10 -1.000285318419107e+00 -1.897879294435044e-03 -9.286928207814102e-04 -1.007681059138609e+00
10 11 -1.000285312017074e+00 -1.897701327448710e-03 -9.289212668129247e-04 -1.007681337360277e+00
10 12 -1.000285259889781e+00 -1.897420756024589e-03 -9.292067240285160e-04 -1.007681975207497e+00
10 13 -1.000285163710256e+00 -1.897048101777112e-03 -9.295387967496592e-04 -1.007682949202138e+00
10 14 -1.000285026849597e+00 -1.896597189672925e-03 -9.299063048708765e-04 -1.007684223364449e+00
10 15 -1.000284854295433e+00 -1.896084688054562e-03 -9.302974894205378e-04 -1.007685750386381e+00
10 16 -1.000284652499543e+00 -1.895529564913787e-03 -9.307001170045532e-04 -1.007687473209123e+00
10 17 -1.000284429155217e+00 -1.894952467710939e-03 -9.311015276938266e-04 -1.007689326977037e+00
10 18 -1.000284192909847e+00 -1.894375034604844e-03 -9.314886878259622e-04 -1.007691241326207e+00
10 19 -1.000283953023017e+00 -1.893819147604271e-03 -9.318483139412936e-04 -1.007693142949301e+00
10 20 -1.000283718984694e+00 -1.893306142984096e-03 -9.321671243757556e-04 -1.007694958360201e+00
10 21 -1.000283500111701e+00 -1.892856000473755e-03 -9.324322528345008e-04 -1.007696616763521e+00
10 22 -1.000283305143011e+00 -1.892486539239242e-03 -9.326318276353597e-04 -1.007698052917710e+00
10 23 -1.000283141855524e+00 -1.892212655105832e-03 -9.327556851902868e-04 -1.007699209866544e+00
10 24 -1.000283016721744e+00 -1.892045639246984e-03 -9.327961514484254e-04 -1.007700041403423e+00
10 25 -1.000282934629183e+00 -1.891992621985486e-03 -9.327487976905345e-04 -1.007700514129664e+00
10 26 -1.000282898677899e+00 -1.892056184006754e-03 -9.326130649946188e-04 -1.007700608977721e+00
10 27 -1.000282910067282e+00 -1.892234169836759e-03 -9.323926586054664e-04 -1.007700322096254e+00
10 28 -1.000282968076382e+00 -1.892519725625582e-03 -9.320956372702312e-04 -1.007699665034397e+00
10 29 -1.000283070134856e+00 -1.892901567092898e-03 -9.317341583208695e-04 -1.007698664211119e+00
10 30 -1.000283211975112e+00 -1.893364465951294e-03 -9.313238818681416e-04 -1.007697359705810e+00
10 31 -1.000283387851178e+00 -1.893889926203868e-03 -9.308830813315436e-04 -1.007695803452014e+00
11 0 -1.000283750337368e+00 -1.894885244762495e-03 -9.285765521523417e-04 -1.007693275279574e+00
11 1 -1.000283973958753e+00 -1.895474399077647e-03 -9.281343331920581e-04 -1.007691396782857e+00
11 2 -1.000284208381789e+00 -1.896059993915486e-03 -9.277203873533211e-04 -1.007689468396374e+00
11 3 -1.000284444796538e+00 -1.896619277560606e-03 -9.273520240373723e-04 -1.007687564318421e+00
11 4 -1.000284674410810e+00 -1.897130784088458e-03 -9.270437702825478e-04 -1.007685757158750e+00
11 5 -1.000284888741571e+00 -1.897575149383235e-03 -9.268067713914579e-04 -1.007684115247086e+00
11 6 -1.000285079887722e+00 -1.897935809034630e-03 -9.266484769477532e-04 -1.007682700182227e+00
11 7 -1.000285240782085e+00 -1.898199558565264e-03 -9.265726041046247e-04 -1.007681564689266e+00
11 8 -1.000285365420820e+00 -1.898356965138260e-03 -9.265793423652564e-04 -1.007680750835758e+00
11 9 -1.000285449067883e+00 -1.898402627962376e-03 -9.266657436597429e-04 -1.007680288641834e+00
11 10 -1.000285488430478e+00 -1.898335291393465e-03 -9.268262287479508e-04 -1.007680195106286e+00
11 11 -1.000285481799293e+00 -1.898157819621951e-03 -9.270531361137519e-04 -1.007680473661517e+00
11 12 -1.000285429145444e+00 -1.897877044574821e-03 -9.273372438600654e-04 -1.007681114063940e+00
11 13 -1.000285332165208e+00 -1.897503499393058e-03 -9.276682094257995e-04 -1.007682092721244e+00
11 14 -1.000285194264050e+00 -1.897051049029542e-03 -9.280348944193791e-04 -1.007683373452923e+00
11 15 -1.000285020473208e+00 -1.896536427834927e-03 -9.284255685493968e-04 -1.007684908674775e+00
11 16 -1.000284817295131e+00 -1.895978692320318e-03 -9.288280134955981e-04 -1.007686640990376e+00
11 17 -1.000284592478430e+00 -1.895398596507270e-03 -9.292295711664870e-04 -1.007688505161321e+00
11 18 -1.000284354727965e+00 -1.894817898106778e-03 -9.296171972615127e-04 -1.007690430413261e+00
11 19 -1.000284113360605e+00 -1.894258606523056e-03 -9.299775860583428e-04 -1.007692343017925e+00
11 20 -1.000283877921394e+00 -1.893742188237643e-03 -9.302974232484037e-04 -1.007694169073750e+00
11 21 -1.000283657778220e+00 -1.893288751067657e-03 -9.305638014477518e-04 -1.007695837390364e+00
11 22 -1.000283461715501e+00 -1.892916235501376e-03 -9.307648016745849e-04 -1.007697282365268e+00
11 23 -1.000283297548661e+00 -1.892639647998179e-03 -9.308902085767545e-04 -1.007698446726410e+00
11 24 -1.000283171780912e+00 -1.892470376674142e-03 -9.309322929548246e-04 -1.007699284004493e+00
11 25 -1.000283089322049e+00 -1.892415632661600e-03 -9.308865686509754e-04 -1.007699760597302e+00
11 26 -1.000283053285452e+00 -1.892478058981295e-03 -9.307524187459203e-04 -1.007699857298410e+00
11 27 -1.000283064874340e+00 -1.892655541844799e-03 -9.305334920326622e-04 -1.007699570187221e+00
11 28 -1.000283123361758e+00 -1.892941246920924e-03 -9.302377940856427e-04 -1.007698910816265e+00
11 29 -1.000283226161524e+00 -1.893323886664217e-03 -9.298774335104072e-04 -1.007697905680898e+00
11 30 -1.000283368980682e+00 -1.893788206754489e-03 -9.294680272942578e-04 -1.007696595008157e+00
11 31 -1.000283546038910e+00 -1.894315662768279e-03 -9.290278129717748e-04 -1.007695030947372e+00
12 0 -1.000283863082794e+00 -1.895320711130174e-03 -9.266001823088073e-04 -1.007692552746410e+00
12 1 -1.000284087992947e+00 -1.895912307100362e-03 -9.261584443893693e-04 -1.007690665299721e+00
12 2 -1.000284323837745e+00 -1.896500827724028e-03 -9.257444579316565e-04 -1.007688726736177e+00
12 3 -1.000284561752685e+00 -1.897063411828405e-03 -9.253755276218317e-04 -1.007686811641257e+00
12 4 -1.000284792886729e+00 -1.897578466541974e-03 -9.250661981494817e-04 -1.007684993053632e+00
12 5 -1.000285008696042e+00 -1.898026488023271e-03 -9.248276550341282e-04 -1.007683339757009e+00
12 6 -1.000285201219473e+00 -1.898390765370479e-03 -9.246674090597726e-04 -1.007681913809295e+00
12 7 -1.000285363333427e+00 -1.898657947645822e-03 -9.245892565958219e-04 -1.007680768378156e+00
12 8 -1.000285488984068e+00 -1.898818462483070e-03 -9.245934805951372e-04 -1.007679945935928e+00
12 9 -1.000285573394196e+00 -1.898866783003068e-03 -9.246772362957185e-04 -1.007679476850639e+00
12 10 -1.000285613240602e+00 -1.898801546729858e-03 -9.248350527075279e-04 -1.007679378396185e+00
12 11 -1.000285606795621e+00 -1.898625535095198e-03 -9.250593763193265e-04 -1.007679654195220e+00
12 12 -1.000285554024754e+00 -1.898345524842072e-03 -9.253410879781223e-04 -1.007680294101993e+00
12 13 -1.000285456631400e+00 -1.897972023481225e-03 -9.256699381055048e-04 -1.007681274527009e+00
12 14 -1.000285318040210e+00 -1.897518900291424e-03 -9.260348677838570e-04 -1.007682559199972e+00
12 15 -1.000285143312387e+00 -1.897002922775433e-03 -9.264242099568585e-04 -1.007684100361267e+00
12 16 -1.000284938989415e+00 -1.896443206927186e-03 -9.268257917176899e-04 -1.007685840364133e+00
12 17 -1.000284712866016e+00 -1.895860589077468e-03 -9.272269818787498e-04 -1.007687713658086e+00
12 18 -1.000284473698154e+00 -1.895276928001574e-03 -9.276147443304263e-04 -1.007689649109391e+00
12 19 -1.000284230856732e+00 -1.894714348564912e-03 -9.279757630740616e-04 -1.007691572597904e+00
12 20 -1.000283993941781e+00 -1.894194442526153e-03 -9.282966960951351e-04 -1.007693409812566e+00
12 21 -1.000283772375275e+00 -1.893737448087158e-03 -9.285645927508909e-04 -1.007695089150360e+00
12 22 -1.000283574993129e+00 -1.893361436695002e-03 -9.287674773590607e-04 -1.007696544606477e+00
12 23 -1.000283409658195e+00 -1.893081542273294e-03 -9.288950661597575e-04 -1.007697718528844e+00
12 24 -1.000283282915765e+00 -1.892909273250305e-03 -9.289395513938501e-04 -1.007698564101115e+00
12 25 -1.000283199711214e+00 -1.892851950353168e-03 -9.288963603203900e-04 -1.007699047417147e+00
12 26 -1.000283163185856e+00 -1.892912311873613e-03 -9.287647843594358e-04 -1.007699149019713e+00
12 27 -1.000283174562139e+00 -1.893088321594120e-03 -9.285483787015698e-04 -1.007698864799810e+00
12 28 -1.000283233122745e+00 -1.893373202271554e-03 -9.282550560828646e-04 -1.007698206191556e+00
12 29 -1.000283336280960e+00 -1.893755700846768e-03 -9.278968355463370e-04 -1.007697199647363e+00
12 30 -1.000283479732880e+00 -1.894220573286509e-03 -9.274892507893518e-04 -1.007695885430124e+00
12 31 -1.000283657676865e+00 -1.894749260195303e-03 -9.270504658918611e-04 -1.007694315804874e+00
13 0 -1.000283924962092e+00 -1.895746657915455e-03 -9.245798340645379e-04 -1.007691916019957e+00
13 1 -1.000284150947937e+00 -1.896340133398200e-03 -9.241390772911666e-04 -1.007690021194923e+00
13 2 -1.000284388072345e+00 -1.896931174377181e-03 -9.237253817852784e-04 -1.007688073496552e+00
13 3 -1.000284627421741e+00 -1.897496825259104e-03 -9.233560343409507e-04 -1.007686147860345e+00
13 4 -1.000284860088934e+00 -1.898015374731243e-03 -9.230455917107015e-04 -1.007684317737760e+00
13 5 -1.000285077469104e+00 -1.898467181112934e-03 -9.228052815203206e-04 -1.007682652371216e+00
13 6 -1.000285271537916e+00 -1.898835382173659e-03 -9.226426848185557e-04 -1.007681214303321e+00
13 7 -1.000285435109304e+00 -1.899106468963345e-03 -9.225616931341041e-04 -1.007680057190370e+00
13 8 -1.000285562070662e+00 -1.899270711705477e-03 -9.225627052297952e-04 -1.007679223974434e+00
13 9 -1.000285647592440e+00 -1.899322433965588e-03 -9.226430075478764e-04 -1.007678745452736e+00
13 10 -1.000285688307753e+00 -1.899260138240556e-03 -9.227972694453460e-04 -1.007678639269241e+00
13 11 -1.000285682455670e+00 -1.899086491189441e-03 -9.230180801401323e-04 -1.007678909342784e+00
13 12 -1.000285629980100e+00 -1.898808179679712e-03 -9.232964590570233e-04 -1.007679545738792e+00
13 13 -1.000285532575270e+00 -1.898435649669438e-03 -9.236222852427416e-04 -1.007680524986629e+00
13 14 -1.000285393669160e+00 -1.897982739138645e-03 -9.239846135460145e-04 -1.007681810839870e+00
13 15 -1.000285218338186e+00 -1.897466214777908e-03 -9.243718718750712e-04 -1.007683355470321e+00
13 16 -1.000285013149765e+00 -1.896905220958792e-03 -9.247719606172356e-04 -1.007685101077045e+00
13 17 -1.000284785933837e+00 -1.896320649219149e-03 -9.251722984551810e-04 -1.007686981879288e+00
13 18 -1.000284545489238e+00 -1.895734437335710e-03 -9.255598749755505e-04 -1.007688926448005e+00
13 19 -1.000284301235621e+00 -1.895168809410827e-03 -9.259213757813494e-04 -1.007690860314986e+00
13 20 -1.000284062825798e+00 -1.894645472714134e-03 -9.262434371149200e-04 -1.007692708781424e+00
13 21 -1.000283839736764e+00 -1.894184793118143e-03 -9.265130644922755e-04 -1.007694399829880e+00
13 22 -1.000283640860052e+00 -1.893804977819087e-03 -9.267182178909277e-04 -1.007695867026898e+00
13 23 -1.000283474113121e+00 -1.893521300418475e-03 -9.268485306998862e-04 -1.007697052290114e+00
13 24 -1.000283346093199e+00 -1.893345408514001e-03 -9.268960963687376e-04 -1.007697908384767e+00
13 25 -1.000283261793155e+00 -1.893284756812383e-03 -9.268562306204724e-04 -1.007698401012449e+00
13 26 -1.000283224395699e+00 -1.893342207809838e-03 -9.267281041230587e-04 -1.007698510363713e+00
13 27 -1.000283235157051e+00 -1.893515835495283e-03 -9.265151456460722e-04 -1.007698232030105e+00
13 28 -1.000283293384724e+00 -1.893798954940563e-03 -9.262251395016039e-04 -1.007697577210704e+00
13 29 -1.000283396506766e+00 -1.894180383863542e-03 -9.258699784945210e-04 -1.007696572197762e+00
13 30 -1.000283540223111e+00 -1.894644924264702e-03 -9.254650770798237e-04 -1.007695257177284e+00
13 31 -1.000283718724579e+00 -1.895174035644994e-03 -9.250284920469889e-04 -1.007693684425858e+00
14 0 -1.000283933822014e+00 -1.896146834171349e-03 -9.225945572678755e-04 -1.007691388006815e+00
14 1 -1.000284160632264e+00 -1.896741562705363e-03 -9.221552247433806e-04 -1.007689487634048e+00
14 2 -1.000284398847871e+00 -1.897334629132232e-03 -9.217421234688230e-04 -1.007687532171271e+00
14 3 -1.000284639513408e+00 -1.897903001743430e-03 -9.213725107271371e-04 -1.007685596854457e+00
14 4 -1.000284873670281e+00 -1.898424863715338e-03 -9.210609495636582e-04 -1.007683755516413e+00
14 5 -1.000285092654780e+00 -1.898880442664572e-03 -9.208187098782898e-04 -1.007682077845783e+00
14 6 -1.000285288378696e+00 -1.899252725962051e-03 -9.206534493265329e-04 -1.007680626877027e+00
14 7 -1.000285453589925e+00 -1.899528041130199e-03 -9.205691671312683e-04 -1.007679456782200e+00
14 8 -1.000285582110597e+00 -1.899696489077927e-03 -9.205663960706394e-04 -1.007678611019964e+00
14 9 -1.000285669049538e+00 -1.899752225904324e-03 -9.206425766672778e-04 -1.007678120882138e+00
14 10 -1.000285710984480e+00 -1.899693595855715e-03 -9.207925449930281e-04 -1.007678004464372e+00
14 11 -1.000285706107604e+00 -1.899523123221296e-03 -9.210090617234752e-04 -1.007678266076271e+00
14 12 -1.000285654326266e+00 -1.899247374074012e-03 -9.212833149186075e-04 -1.007678896098479e+00
14 13 -1.000285557309777e+00 -1.898876699664834e-03 -9.216053426212526e-04 -1.007679871289154e+00
14 14 -1.000285418473533e+00 -1.898424872477636e-03 -9.219643429952459e-04 -1.007681155537637e+00
14 15 -1.000285242893808e+00 -1.897908624543502e-03 -9.223488663570492e-04 -1.007682701056314e+00
14 16 -1.000285037149921e+00 -1.897347096597968e-03 -9.227469105336172e-04 -1.007684449991564e+00
14 17 -1.000284809094912e+00 -1.896761206500785e-03 -9.231459641689341e-04 -1.007686336421977e+00
14 18 -1.000284567560708e+00 -1.896172946253202e-03 -9.235330582927548e-04 -1.007688288697743e+00
14 19 -1.000284322008578e+00 -1.895604619374248e-03 -9.238948912674257e-04 -1.007690232059296e+00
14 20 -1.000284082139914e+00 -1.895078034703815e-03 -9.242180835855666e-04 -1.007692091456107e+00
14 21 -1.000283857485706e+00 -1.894613678586312e-03 -9.244895970732868e-04 -1.007693794469231e+00
14 22 -1.000283656995282e+00 -1.894229893931825e-03 -9.246973215125015e-04 -1.007695274225522e+00
14 23 -1.000283488645891e+00 -1.893942100959047e-03 -9.248307961294198e-04 -1.007696472178294e+00
14 24 -1.000283359094498e+00 -1.893762099783933e-03 -9.248819995681075e-04 -1.007697340619564e+00
14 25 -1.000283273391525e+00 -1.893697498220862e-03 -9.248461157090490e-04 -1.007697844785717e+00
14 26 -1.000283234772961e+00 -1.893751307201208e-03 -9.247221700946016e-04 -1.007697964427027e+00
14 27 -1.000283244542082e+00 -1.893921739347036e-03 -9.245134372887309e-04 -1.007697694736084e+00
14 28 -1.000283302045424e+00 -1.894202233497463e-03 -9.242275432580505e-04 -1.007697046570060e+00
14 29 -1.000283404740412e+00 -1.894581711374754e-03 -9.238762239046516e-04 -1.007696045950917e+00
14 30 -1.000283548345382e+00 -1.895045054807935e-03 -9.234747440826349e-04 -1.007694732878366e+00
14 31 -1.000283727057617e+00 -1.895573775303049e-03 -9.230410241416160e-04 -1.007693159536049e+00
15 0 -1.000283889485505e+00 -1.896506093518813e-03 -9.207218021076834e-04 -1.007690987210405e+00
15 1 -1.000284116840973e+00 -1.897101409557126e-03 -9.202842606055255e-04 -1.007689083305699e+00
15 2 -1.000284355921124e+00 -1.897695937579630e-03 -9.198720137049348e-04 -1.007687121719827e+00
15 3 -1.000284597737340e+00 -1.898266590739852e-03 -9.195022792589070e-04 -1.007685177929020e+00
15 4 -1.000284833286222e+00 -1.898791463510331e-03 -9.191896208054487e-04 -1.007683326102079e+00
15 5 -1.000285053849450e+00 -1.899250664720006e-03 -9.189453493595595e-04 -1.007681636345092e+00
15 6 -1.000285251276647e+00 -1.899627037765405e-03 -9.187772031490407e-04 -1.007680172173435e+00
15 7 -1.000285418248582e+00 -1.899906747191224e-03 -9.186892980879408e-04 -1.007678988282771e+00
15 8 -1.000285548518083e+00 -1.900079719049598e-03 -9.186823143320768e-04 -1.007678128675726e+00
15 9 -1.000285637125383e+00 -1.900139930348894e-03 -9.187538634099253e-04 -1.007677625185613e+00
15 10 -1.000285680583217e+00 -1.900085549787896e-03 -9.188989679434167e-04 -1.007677496424556e+00
15 11 -1.000285677025099e+00 -1.899918937113102e-03 -9.191105821883722e-04 -1.007677747172592e+00
15 12 -1.000285626308378e+00 -1.899646511473437e-03 -9.193800864275691e-04 -1.007678368216875e+00
15 13 -1.000285530062787e+00 -1.899278500187608e-03 -9.196977017210762e-04 -1.007679336644393e+00
15 14 -1.000285391675832e+00 -1.898828578868554e-03 -9.200527929583733e-04 -1.007680616585837e+00
15 15 -1.000285216208402e+00 -1.898313412607456e-03 -9.204340547855879e-04 -1.007682160400981e+00
15 16 -1.000285010237297e+00 -1.897752106776130e-03 -9.208296022172331e-04 -1.007683910286549e+00
15 17 -1.000284781625690e+00 -1.897165575760852e-03 -9.212270108440593e-04 -1.007685800275156e+00
15 18 -1.000284539227567e+00 -1.896575839107898e-03 -9.216133667469124e-04 -1.007687758578762e+00
15 19 -1.000284292537149e+00 -1.896005257295764e-03 -9.219753906384130e-04 -1.007689710213270e+00
15 20 -1.000284051298535e+00 -1.895475723541466e-03 -9.222996923714532e-04 -1.007691579824203e+00
15 21 -1.000283825093856e+00 -1.895007833466016e-03 -9.225731906539382e-04 -1.007693294617641e+00
15 22 -1.000283622930370e+00 -1.894620060748933e-03 -9.227837013999331e-04 -1.007694787285581e+00
15 23 -1.000283452848023e+00 -1.894327973484135e-03 -9.229206620293959e-04 -1.007695998800866e+00
15 24 -1.000283321568992e+00 -1.894143531690301e-03 -9.229759247603048e-04 -1.007696880946015e+00
15 25 -1.000283234209100e+00 -1.894074509638512e-03 -9.229445260035761e-04 -1.007697398437018e+00
15 26 -1.000283194067536e+00 -1.894124085460010e-03 -9.228253269999146e-04 -1.007697530512210e+00
15 27 -1.000283202506178e+00 -1.894290633608208e-03 -9.226214264151809e-04 -1.007697271880750e+00
15 28 -1.000283258923276e+00 -1.894567743248690e-03 -9.223402687564250e-04 -1.007696632964435e+00
15 29 -1.000283360819048e+00 -1.894944469129752e-03 -9.219934091805340e-04 -1.007695639415675e+00
15 30 -1.000283503943994e+00 -1.895405803490441e-03 -9.215959388756685e-04 -1.007694330946079e+00
15 31 -1.000283682515515e+00 -1.895933340769024e-03 -9.211656183743964e-04 -1.007692759546035e+00
16 0 -1.000283793733310e+00 -1.896810940053380e-03 -9.190342691590050e-04 -1.007690727293766e+00
16 1 -1.000284021337638e+00 -1.897406164197090e-03 -9.185987964032351e-04 -1.007688821981771e+00
16 2 -1.000284261026301e+00 -1.898001542855727e-03 -9.181876106856023e-04 -1.007686856121575e+00
16 3 -1.000284503787281e+00 -1.898573956956478e-03 -9.178178823551959e-04 -1.007684905360982e+00
16 4 -1.000284740580583e+00 -1.899101432169246e-03 -9.175041702385733e-04 -1.007683044147465e+00
16 5 -1.000284962639532e+00 -1.899563974621125e-03 -9.172578246360416e-04 -1.007681342960764e+00
16 6 -1.000285161755524e+00 -1.899944295297083e-03 -9.170866660397756e-04 -1.007679865768912e+00
16 7 -1.000285330543508e+00 -1.900228402224367e-03 -9.169949320213113e-04 -1.007678667780167e+00
16 8 -1.000285462685515e+00 -1.900406047519619e-03 -9.169834579956761e-04 -1.007677793548580e+00
16 9 -1.000285553148871e+00 -1.900471024253618e-03 -9.170500370587018e-04 -1.007677275475305e+00
16 10 -1.000285598374289e+00 -1.900421315026062e-03 -9.171898914248452e-04 -1.007677132733645e+00
16 11 -1.000285596427133e+00 -1.900259099168193e-03 -9.173961840118376e-04 -1.007677370635565e+00
16 12 -1.000285547103174e+00 -1.899990628355753e-03 -9.176605036616236e-04 -1.007677980450591e+00
16 13 -1.000285451979455e+00 -1.899625981552191e-03 -9.179732711653817e-04 -1.007678939681807e+00
16 14 -1.000285314401508e+00 -1.899178710090271e-03 -9.183240346118877e-04 -1.007680212796666e+00
16 15 -1.000285139400367e+00 -1.898665382708899e-03 -9.187016488968853e-04 -1.007681752402380e+00
16 16 -1.000284933536041e+00 -1.898105039168191e-03 -9.190943612343807e-04 -1.007683500846691e+00
16 17 -1.000284704668421e+00 -1.897518560708407e-03 -9.194898475381663e-04 -1.007685392212798e+00
16 18 -1.000284461661677e+00 -1.896927966859647e-03 -9.198752597155607e-04 -1.007687354661823e+00
16 19 -1.000284214033252e+00 -1.896355650965151e-03 -9.202373483387463e-04 -1.007689313058958e+00
16 20 -1.000283971562706e+00 -1.895823570892846e-03 -9.205627168530644e-04 -1.007691191803119e+00
16 21 -1.000283743878683e+00 -1.895352416644395e-03 -9.208382421862269e-04 -1.007692917764881e+00
16 22 -1.000283540044340e+00 -1.894960782895941e-03 -9.210516650119388e-04 -1.007694423222357e+00
16 23 -1.000283368162857e+00 -1.894664381303663e-03 -9.211923166127331e-04 -1.007695648669902e+00
16 24 -1.000283235024671e+00 -1.894475333226472e-03 -9.212519152007143e-04 -1.007696545363365e+00
16 25 -1.000283145816424e+00 -1.894401586561187e-03 -9.212253390717482e-04 -1.007697077462718e+00
16 26 -1.000283103908053e+00 -1.894446499104136e-03 -9.211112721231684e-04 -1.007697223642113e+00
16 27 -1.000283110729377e+00 -1.894608624209707e-03 -9.209126223868238e-04 -1.007696978061029e+00
16 28 -1.000283165741121e+00 -1.894881722297902e-03 -9.206366369074925e-04 -1.007696350628519e+00
16 29 -1.000283266498098e+00 -1.895255005145397e-03 -9.202946731910285e-04 -1.007695366542051e+00
16 30 -1.000283408795428e+00 -1.895713601554542e-03 -9.199016316377513e-04 -1.007694065135004e+00
16 31 -1.000283586883346e+00 -1.896239216146950e-03 -9.194750966269970e-04 -1.007692498113111e+00
17 0 -1.000283650223207e+00 -1.897049998336279e-03 -9.175970069420274e-04 -1.007690616822457e+00
17 1 -1.000283877773637e+00 -1.897644461851954e-03 -9.171637851652846e-04 -1.007688712260203e+00
17 2 -1.000284117794763e+00 -1.898240055390551e-03 -9.167538086826195e-04 -1.007686744114854e+00
17 3 -1.000284361261797e+00 -1.898813651638725e-03 -9.163841946191806e-04 -1.007684788131018e+00
17 4 -1.000284599107645e+00 -1.899343229672673e-03 -9.160694930433162e-04 -1.007682918967651e+00
17 5 -1.000284822525220e+00 -1.899808712534700e-03 -9.158210912249456e-04 -1.007681207421076e+00
17 6 -1.000285023253643e+00 -1.900192695020228e-03 -9.156468911166111e-04 -1.007679717867716e+00
17 7 -1.000285193845673e+00 -1.900481040705897e-03 -9.155512525774827e-04 -1.007678505999265e+00
17 8 -1.000285327913670e+00 -1.900663335081440e-03 -9.155351685538790e-04 -1.007677616908586e+00
17 9 -1.000285420350566e+00 -1.900733189406714e-03 -9.155966178609958e-04 -1.007677083569426e+00
17 10 -1.000285467520887e+00 -1.900688396833027e-03 -9.157310282886846e-04 -1.007676925739001e+00
17 11 -1.000285467414997e+00 -1.900530947352481e-03 -9.159317788502335e-04 -1.007677149302067e+00
17 12 -1.000285419757867e+00 -1.900266910937659e-03 -9.161906753524632e-04 -1.007677746068222e+00
17 13 -1.000285326062740e+00 -1.899906199318434e-03 -9.164983473735461e-04 -1.007678694028421e+00
17 14 -1.000285189620760e+00 -1.899462216856948e-03 -9.168445357749627e-04 -1.007679958069408e+00
17 15 -1.000285015419849e+00 -1.898951410294450e-03 -9.172182656227951e-04 -1.007681491136046e+00
17 16 -1.000284809989630e+00 -1.898392726189233e-03 -9.176079261307015e-04 -1.007683235821533e+00
17 17 -1.000284581173454e+00 -1.897806984455923e-03 -9.180013024703978e-04 -1.007685126353704e+00
17 18 -1.000284337833539e+00 -1.897216177390482e-03 -9.183856197818598e-04 -1.007687090931187e+00
17 19 -1.000284089500112e+00 -1.896642706249751e-03 -9.187476641354837e-04 -1.007689054346727e+00
17 20 -1.000283845979755e+00 -1.896108571680851e-03 -9.190740365527700e-04 -1.007690940818287e+00
17 21 -1.000283616941271e+00 -1.895634539794289e-03 -9.193515745627105e-04 -1.007692676932544e+00
17 22 -1.000283411499584e+00 -1.895239312131553e-03 -9.195679441459672e-04 -1.007694194589880e+00
17 23 -1.000283237819315e+00 -1.894938734480803e-03 -9.197123689037292e-04 -1.007695433825549e+00
17 24 -1.000283102759737e+00 -1.894745085154810e-03 -9.197764295055012e-04 -1.007696345370820e+00
17 25 -1.000283011581115e+00 -1.894666486371666e-03 -9.197548410104198e-04 -1.007696892814859e+00
17 26 -1.000282967729001e+00 -1.894706481244967e-03 -9.196461035622894e-04 -1.007697054236792e+00
17 27 -1.000282972707932e+00 -1.894863812415876e-03 -9.194529268635297e-04 -1.007696823200663e+00
17 28 -1.000283026049557e+00 -1.895132426206429e-03 -9.191823515847153e-04 -1.007696209044181e+00
17 29 -1.000283125373062e+00 -1.895501709525694e-03 -9.188455279970736e-04 -1.007695236441505e+00
17 30 -1.000283266528887e+00 -1.895956948391617e-03 -9.184571563123796e-04 -1.007693944272901e+00
17 31 -1.000283443811389e+00 -1.896479980121391e-03 -9.180346360929394e-04 -1.007692383880404e+00
18 0 -1.000283464351976e+00 -1.897214397315563e-03 -9.164648835518572e-04 -1.007690659155807e+00
18 1 -1.000283691549901e+00 -1.897807465301086e-03 -9.160339986873148e-04 -1.007688757458018e+00
18 2 -1.000283931617087e+00 -1.898402635285327e-03 -9.156253201924688e-04 -1.007686789088100e+00
18 3 -1.000284175527054e+00 -1.898976795857409e-03 -9.152559090668434e-04 -1.007684829809225e+00
18 4 -1.000284414196036e+00 -1.899507903272852e-03 -9.149403036723098e-04 -1.007682954417080e+00
18 5 -1.000284638785835e+00 -1.899975819973757e-03 -9.146899250740280e-04 -1.007681233956415e+00
18 6 -1.000284840991063e+00 -1.900363044862384e-03 -9.145127532323242e-04 -1.007679733153418e+00
18 7 -1.000285013308186e+00 -1.900655314329804e-03 -9.144132668189530e-04 -1.007678508136638e+00
18 8 -1.000285149283626e+00 -1.900842060717908e-03 -9.143926132326757e-04 -1.007677604505181e+00
18 9 -1.000285243737252e+00 -1.900916722480988e-03 -9.144489546358721e-04 -1.007677055788525e+00
18 10 -1.000285292956131e+00 -1.900876907227106e-03 -9.145779228391164e-04 -1.007676882328247e+00
18 11 -1.000285294851711e+00 -1.900724413954447e-03 -9.147731122766170e-04 -1.007677090600705e+00
18 12 -1.000285249071705e+00 -1.900465123596473e-03 -9.150265461018273e-04 -1.007677672992654e+00
18 13 -1.000285157056889e+00 -1.900108767938964e-03 -9.153290643339859e-04 -1.007678608036625e+00
18 14 -1.000285022033561e+00 -1.899668586967949e-03 -9.156706035222838e-04 -1.007679861106210e+00
18 15 -1.000284848934829e+00 -1.899160884259647e-03 -9.160403626989858e-04 -1.007681385561874e+00
18 16 -1.000284644247558e+00 -1.898604489327117e-03 -9.164268772139201e-04 -1.007683124326807e+00
18 17 -1.000284415786153e+00 -1.898020135389397e-03 -9.168180456485016e-04 -1.007685011860524e+00
18 18 -1.000284172399010e+00 -1.897429761731001e-03 -9.172011705450804e-04 -1.007686976484737e+00
18 19 -1.000283923618285e+00 -1.896855752372771e-03 -9.175630776937490e-04 -1.007688943000340e+00
18 20 -1.000283679268071e+00 -1.896320127181930e-03 -9.178903696910238e-04 -1.007690835516989e+00
18 21 -1.000283449049456e+00 -1.895843707301639e-03 -9.181698479391096e-04 -1.007692580399638e+00
18 22 -1.000283242123098e+00 -1.895445283288514e-03 -9.183891059780201e-04 -1.007694109220630e+00
18 23 -1.000283066711048e+00 -1.895140820947657e-03 -9.185372611364341e-04 -1.007695361591963e+00
18 24 -1.000282929739450e+00 -1.894942745484613e-03 -9.186057574745857e-04 -1.007696287741611e+00
18 25 -1.000282836542260e+00 -1.894859347695267e-03 -9.185891473553504e-04 -1.007696850694252e+00
18 26 -1.000282790642704e+00 -1.894894354815439e-03 -9.184857470467433e-04 -1.007697027925133e+00
18 27 -1.000282793624029e+00 -1.895046702153865e-03 -9.182980669503195e-04 -1.007696812379245e+00
18 28 -1.000282845094592e+00 -1.895310529561613e-03 -9.180329398120097e-04 -1.007696212785992e+00
18 29 -1.000282942745269e+00 -1.895675410376971e-03 -9.177013070760467e-04 -1.007695253248125e+00
18 30 -1.000283082490361e+00 -1.896126802280350e-03 -9.173176673941722e-04 -1.007693972135647e+00
18 31 -1.000283258677875e+00 -1.896646692582469e-03 -9.168992341083072e-04 -1.007692420362130e+00
19 0 -1.000283243065392e+00 -1.897298062180701e-03 -9.156805331907294e-04 -1.007690852455473e+00
19 1 -1.000283469626486e+00 -1.897889154748892e-03 -9.152519792434639e-04 -1.007688955623407e+00
19 2 -1.000283709452723e+00 -1.898483281466264e-03 -9.148446322045224e-04 -1.007686989091314e+00
19 3 -1.000283953527006e+00 -1.899057370198260e-03 -9.144754967343908e-04 -1.007685028562266e+00
19 4 -1.000284192759843e+00 -1.899589378876707e-03 -9.141590972227999e-04 -1.007683148889208e+00
19 5 -1.000284418292303e+00 -1.900059133971816e-03 -9.139068842126316e-04 -1.007681421288388e+00
19 6 -1.000284621783900e+00 -1.900449062278391e-03 -9.137269096765165e-04 -1.007679910764368e+00
19 7 -1.000284795682825e+00 -1.900744794996230e-03 -9.136237638261447e-04 -1.007678673819542e+00
19 8 -1.000284933475766e+00 -1.900935630552004e-03 -9.135987402112961e-04 -1.007677756507576e+00
19 9 -1.000285029913543e+00 -1.901014850096469e-03 -9.136501752886143e-04 -1.007677192876093e+00
19 10 -1.000285081207397e+00 -1.900979886587098e-03 -9.137738956462472e-04 -1.007677003829706e+00
19 11 -1.000285085188986e+00 -1.900832353596035e-03 -9.139637025267533e-04 -1.007677196432856e+00
19 12 -1.000285041425321e+00 -1.900577942788810e-03 -9.142118292047929e-04 -1.007677763664651e+00
19 13 -1.000284951278752e+00 -1.900226199916228e-03 -9.145093206540199e-04 -1.007678684632894e+00
19 14 -1.000284817902606e+00 -1.899790189127013e-03 -9.148463052438295e-04 -1.007679925248130e+00
19 15 -1.000284646165470e+00 -1.899286054953938e-03 -9.152121534042709e-04 -1.007681439349244e+00
19 16 -1.000284442500813e+00 -1.898732490618919e-03 -9.155955452127657e-04 -1.007683170260933e+00
19 17 -1.000284214682992e+00 -1.898150120877271e-03 -9.159844925817034e-04 -1.007685052751467e+00
19 18 -1.000283971535360e+00 -1.897560808419955e-03 -9.163663769095243e-04 -1.007687015345782e+00
19 19 -1.000283722581036e+00 -1.896986895498687e-03 -9.167280665395969e-04 -1.007688982933282e+00
19 20 -1.000283477651378e+00 -1.896450396823208e-03 -9.170561693313803e-04 -1.007690879592428e+00
19 21 -1.000283246470638e+00 -1.895972165443813e-03 -9.173374546317245e-04 -1.007692631537040e+00
19 22 -1.000283038237508e+00 -1.895571059869614e-03 -9.175594479503847e-04 -1.007694170073161e+00
19 23 -1.000282861225313e+00 -1.895263147468220e-03 -9.177111653168572e-04 -1.007695434440892e+00
19 24 -1.000282722422604e+00 -1.895060984976556e-03 -9.177839197323796e-04 -1.007696374404529e+00
19 25 -1.000282627234375e+00 -1.894973019981898e-03 -9.177721066494913e-04 -1.007696952450942e+00
19 26 -1.000282579260741e+00 -1.895003155961108e-03 -9.176738641796991e-04 -1.007697145464683e+00
19 27 -1.000282580164715e+00 -1.895150516998326e-03 -9.174915091862733e-04 -1.007696945771508e+00
19 28 -1.000282629634182e+00 -1.895409436527148e-03 -9.172316726031006e-04 -1.007696361479399e+00
19 29 -1.000282725436211e+00 -1.895769678307664e-03 -9.169050934475956e-04 -1.007695416093966e+00
19 30 -1.000282863555063e+00 -1.896216879634609e-03 -9.165260748985211e-04 -1.007694147437052e+00
19 31 -1.000283038399948e+00 -1.896733189634355e-03 -9.161116491749577e-04 -1.007692605944607e+00
20 0 -1.000282994621175e+00 -1.897297910785071e-03 -9.152728488316327e-04 -1.007691189788635e+00
20 1 -1.000283220284880e+00 -1.897886521827294e-03 -9.148465365104011e-04 -1.007689299643772e+00
20 2 -1.000283459592140e+00 -1.898479024538977e-03 -9.144405063534518e-04 -1.007687336945023e+00
20 3 -1.000283703545861e+00 -1.899052407794966e-03 -9.140717085748728e-04 -1.007685377259422e+00
20 4 -1.000283943061931e+00 -1.899584655491822e-03 -9.137546518422553e-04 -1.007683495416042e+00
20 5 -1.000284169271859e+00 -1.900055584114793e-03 -9.135008108738315e-04 -1.007681762719244e+00
20 6 -1.000284373810854e+00 -1.900447575013049e-03 -9.133183012098314e-04 -1.007680244369539e+00
20 7 -1.000284549088709e+00 -1.900746180329360e-03 -9.132118134063040e-04 -1.007678997165463e+00
20 8 -1.000284688540811e+00 -1.900940588914314e-03 -9.131827735409521e-04 -1.007678067546229e+00
20 9 -1.000284786855526e+00 -1.901023945983422e-03 -9.132296768806206e-04 -1.007677490020739e+00
20 10 -1.000284840172730e+00 -1.900993527201127e-03 -9.133485284878785e-04 -1.007677286014561e+00
20 11 -1.000284846246394e+00 -1.900850773130746e-03 -9.135333205571535e-04 -1.007677463155062e+00
20 12 -1.000284804562376e+00 -1.900601192928338e-03 -9.137764820185507e-04 -1.007678015007098e+00
20 13 -1.000284716401568e+00 -1.900254147139975e-03 -9.140692500964192e-04 -1.007678921266097e+00
20 14 -1.000284584838973e+00 -1.899822519267499e-03 -9.144019341300424e-04 -1.007680148409427e+00
20 15 -1.000284414671471e+00 -1.899322284995630e-03 -9.147640671880611e-04 -1.007681650798941e+00
20 16 -1.000284212270582e+00 -1.898771987138660e-03 -9.151444678166746e-04 -1.007683372217139e+00
20 17 -1.000283985361031e+00 -1.898192124177252e-03 -9.155312577293406e-04 -1.007685247806691e+00
20 18 -1.000283742730820e+00 -1.897604461392901e-03 -9.159118962088781e-04 -1.007687206368474e+00
20 19 -1.000283493883386e+00 -1.897031276314413e-03 -9.162732953806593e-04 -1.007689172957445e+00
20 20 -1.000283248646818e+00 -1.896494554361671e-03 -9.166020716019627e-04 -1.007691071699133e+00
20 21 -1.000283016758520e+00 -1.896015156103838e-03 -9.168849674080872e-04 -1.007692828732772e+00
20 22 -1.000282807446006e+00 -1.895611984237101e-03 -9.171094474427905e-04 -1.007694375170309e+00
20 23 -1.000282629025746e+00 -1.895301185407799e-03 -9.172644351556061e-04 -1.007695649945307e+00
20 24 -1.000282488541905e+00 -1.895095427816733e-03 -9.173411223088402e-04 -1.007696602414778e+00
20 25 -1.000282391465250e+00 -1.895003298458376e-03 -9.173337581544771e-04 -1.007697194573892e+00
20 26 -1.000282341469144e+00 -1.895028862604839e-03 -9.172403143289406e-04 -1.007697402751745e+00
20 27 -1.000282340294358e+00 -1.895171421905195e-03 -9.170629268646559e-04 -1.007697218678648e+00
20 28 -1.000282387708030e+00 -1.895425495890887e-03 -9.168080382929894e-04 -1.007696649852262e+00
20 29 -1.000282481554993e+00 -1.895781035522548e-03 -9.164861986006802e-04 -1.007695719178109e+00
20 30 -1.000282617892960e+00 -1.896223859072004e-03 -9.161115280920444e-04 -1.007694463912238e+00
20 31 -1.000282791197703e+00 -1.896736283449387e-03 -9.157008891265446e-04 -1.007692933981029e+00
21 0 -1.000282728309474e+00 -1.897213952636998e-03 -9.152560600778998e-04 -1.007691659316909e+00
21 1 -1.000282952847659e+00 -1.897799666019790e-03 -9.148318278319079e-04 -1.007689777440495e+00
21 2 -1.000283191376095e+00 -1.898390021748130e-03 -9.144270604324862e-04 -1.007687820437500e+00
21 3 -1.000283434927553e+00 -1.898962089088427e-03 -9.140586571986038e-04 -1.007685863668354e+00
21 4 -1.000283674434220e+00 -1.899493901180851e-03 -9.137411099104927e-04 -1.007683981858047e+00
21 5 -1.000283901029664e+00 -1.899965291049664e-03 -9.134859113533095e-04 -1.007682246311693e+00
21 6 -1.000284106336573e+00 -1.900358623292954e-03 -9.133012296526020e-04 -1.007680722334938e+00
21 7 -1.000284282737722e+00 -1.900659400406040e-03 -9.131918403775969e-04 -1.007679466932803e+00
21 8 -1.000284423627607e+00 -1.900856730268948e-03 -9.131592833434127e-04 -1.007678526846133e+00
21 9 -1.000284523641114e+00 -1.900943648612868e-03 -9.132021914595950e-04 -1.007677936970857e+00
21 10 -1.000284578853869e+00 -1.900917296911167e-03 -9.133167258913158e-04 -1.007677719192260e+00
21 11 -1.000284586947046e+00 -1.900778961407138e-03 -9.134970473527902e-04 -1.007677881655193e+00
21 12 -1.000284547327819e+00 -1.900533982232418e-03 -9.137357588913489e-04 -1.007678418482394e+00
21 13 -1.000284461195678e+00 -1.900191542627202e-03 -9.140242700944284e-04 -1.007679309947076e+00
21 14 -1.000284331545088e+00 -1.899764347693579e-03 -9.143530537877229e-04 -1.007680523101093e+00
21 15 -1.000284163096892e+00 -1.899268200938790e-03 -9.147117914107397e-04 -1.007682012853551e+00
21 16 -1.000283962154405e+00 -1.898721486099571e-03 -9.150894294863135e-04 -1.007683723484337e+00
21 17 -1.000283736384848e+00 -1.898144561922322e-03 -9.154741927999206e-04 -1.007685590563293e+00
21 18 -1.000283494531781e+00 -1.897559078853640e-03 -9.158536151726999e-04 -1.007687543230444e+00
21 19 -1.000283246069054e+00 -1.896987229126815e-03 -9.162146523771218e-04 -1.007689506777264e+00
21 20 -1.000283000811097e+00 -1.896450945820239e-03 -9.165439325609699e-04 -1.007691405452894e+00
21 21 -1.000282768497873e+00 -1.895971072206793e-03 -9.168281782684735e-04 -1.007693165401750e+00
21 22 -1.000282558375314e+00 -1.895566529569723e-03 -9.170548031269080e-04 -1.007694717621666e+00
21 23 -1.000282378793222e+00 -1.895253518527031e-03 -9.172126500703338e-04 -1.007696000816668e+00
21 24 -1.000282236842486e+00 -1.895044794523931e-03 -9.172928034915200e-04 -1.007696964008118e+00
21 25 -1.000282138051891e+00 -1.894949061267047e-03 -9.172893822698857e-04 -1.007697568764372e+00
21 26 -1.000282086161543e+00 -1.894970525086641e-03 -9.172002094245585e-04 -1.007697790915885e+00
21 27 -1.000282082984948e+00 -1.895108647156822e-03 -9.170272594494060e-04 -1.007697621644182e+00
21 28 -1.000282128365201e+00 -1.895358118679027e-03 -9.167768061725270e-04 -1.007697067870611e+00
21 29 -1.000282220223581e+00 -1.895709067736296e-03 -9.164592298569639e-04 -1.007696151919907e+00
21 30 -1.000282354692047e+00 -1.896147488286151e-03 -9.160884864461914e-04 -1.007694910485658e+00
21 31 -1.000282526315875e+00 -1.896655864790920e-03 -9.156812856978924e-04 -1.007693392971429e+00
22 0 -1.000282454135669e+00 -1.897049289252384e-03 -9.156294034144832e-04 -1.007692244576668e+00
22 1 -1.000282677360333e+00 -1.897631792402747e-03 -9.152070288501041e-04 -1.007690372255979e+00
22 2 -1.000282914877017e+00 -1.898219553089893e-03 -9.148034386200401e-04 -1.007688422615302e+00
22 3 -1.000283157757214e+00 -1.898789737511008e-03 -9.144354861860334e-04 -1.007686470745047e+00
22 4 -1.000283396959849e+00 -1.899320449751043e-03 -9.141176456551115e-04 -1.007684591188851e+00
22 5 -1.000283623632167e+00 -1.899791565567730e-03 -9.138614207658886e-04 -1.007682855164209e+00
22 6 -1.000283829396650e+00 -1.900185462374160e-03 -9.136750187633524e-04 -1.007681327986404e+00
22 7 -1.000284006621512e+00 -1.900487624510625e-03 -9.135632812036960e-04 -1.007680066768910e+00
22 8 -1.000284148672415e+00 -1.900687110736929e-03 -9.135278384056338e-04 -1.007679118458296e+00
22 9 -1.000284250141805e+00 -1.900776877951841e-03 -9.135674348443102e-04 -1.007678518248343e+00
22 10 -1.000284307050515e+00 -1.900753961481375e-03 -9.136783599690256e-04 -1.007678288405832e+00
22 11 -1.000284317014426e+00 -1.900619517583527e-03 -9.138549144504200e-04 -1.007678437528872e+00
22 12 -1.000284279367423e+00 -1.900378737231881e-03 -9.140898473081308e-04 -1.007678960249442e+00
22 13 -1.000284195230821e+00 -1.900040641165535e-03 -9.143747141402729e-04 -1.007679837386372e+00
22 14 -1.000284067519506e+00 -1.899617765252558e-03 -9.147001280418026e-04 -1.007681036551335e+00
22 15 -1.000283900876847e+00 -1.899125743923617e-03 -9.150558997143619e-04 -1.007682513204361e+00
22 16 -1.000283701534186e+00 -1.898582798886858e-03 -9.154310890883418e-04 -1.007684212144366e+00
22 17 -1.000283477095411e+00 -1.898009140644240e-03 -9.158140140278382e-04 -1.007686069406089e+00
22 18 -1.000283236252143e+00 -1.897426291415732e-03 -9.161922774563760e-04 -1.007688014520064e+00
22 19 -1.000282988439776e+00 -1.896856340464963e-03 -9.165528780183175e-04 -1.007689973077248e+00
22 20 -1.000282743449097e+00 -1.896321147159922e-03 -9.168824595647040e-04 -1.007691869523014e+00
22 21 -1.000282511011869e+00 -1.895841513189919e-03 -9.171677329016454e-04 -1.007693630086810e+00
22 22 -1.000282300381314e+00 -1.895436352149244e-03 -9.173960725792802e-04 -1.007695185736516e+00
22 23 -1.000282119929467e+00 -1.895121891206843e-03 -9.175562561252107e-04 -1.007696475032476e+00
22 24 -1.000281976783183e+00 -1.894910945174598e-03 -9.176392787125787e-04 -1.007697446745791e+00
22 25 -1.000281876519112e+00 -1.894812306885096e-03 -9.176391499588498e-04 -1.007698062100513e+00
22 26 -1.000281822934936e+00 -1.894830297419580e-03 -9.175535677675608e-04 -1.007698296504950e+00
22 27 -1.000281817909087e+00 -1.894964513539870e-03 -9.173843699121199e-04 -1.007698140658990e+00
22 28 -1.000281861354517e+00 -1.895209797484684e-03 -9.171376866300567e-04 -1.007697600962727e+00
22 29 -1.000281951264820e+00 -1.895556437871190e-03 -9.168237532901313e-04 -1.007696699200840e+00
22 30 -1.000282083844259e+00 -1.895990592495754e-03 -9.164563855816023e-04 -1.007695471528752e+00
22 31 -1.000282253708010e+00 -1.896494906937843e-03 -9.160521631688808e-04 -1.007693966833252e+00
23 0 -1.000282182471401e+00 -1.896810015367363e-03 -9.163773644798513e-04 -1.007692924867782e+00
23 1 -1.000282404241343e+00 -1.897389110085936e-03 -9.159565750158092e-04 -1.007691063050126e+00
23 2 -1.000282640548482e+00 -1.897973918050693e-03 -9.155540516463816e-04 -1.007689122183721e+00
23 3 -1.000282882510633e+00 -1.898541715715141e-03 -9.151866081962589e-04 -1.007687177034214e+00
23 4 -1.000283121123070e+00 -1.899070697669951e-03 -9.148687001745826e-04 -1.007685301891784e+00
23 5 -1.000283347557930e+00 -1.899540807326242e-03 -9.146118339455649e-04 -1.007683567800234e+00
23 6 -1.000283553449861e+00 -1.899934464088745e-03 -9.144242404651548e-04 -1.007682039988269e+00
23 7 -1.000283731165602e+00 -1.900237166379843e-03 -9.143108056324071e-04 -1.007680775575344e+00
23 8 -1.000283874055180e+00 -1.900437957705898e-03 -9.142732235688420e-04 -1.007679821609491e+00
23 9 -1.000283976681248e+00 -1.900529749945664e-03 -9.143103198450239e-04 -1.007679213481481e+00
23 10 -1.000284035021351e+00 -1.900509504445350e-03 -9.144184792336786e-04 -1.007678973746801e+00
23 11 -1.000284046636072e+00 -1.900378276834473e-03 -9.145921082644102e-04 -1.007679111375214e+00
23 12 -1.000284010794270e+00 -1.900141134609585e-03 -9.148240682582084e-04 -1.007679621439486e+00
23 13 -1.000283928545349e+00 -1.899806957095914e-03 -9.151060292531707e-04 -1.007680485250827e+00
23 14 -1.000283802728532e+00 -1.899388126445710e-03 -9.154287165734017e-04 -1.007681670945101e+00
23 15 -1.000283637911108e+00 -1.898900117317845e-03 -9.157820466114936e-04 -1.007683134516777e+00
23 16 -1.000283440251337e+00 -1.898360992392603e-03 -9.161551741854506e-04 -1.007684821286402e+00
23 17 -1.000283217286340e+00 -1.897790810856096e-03 -9.165364972781407e-04 -1.007686667774258e+00
23 18 -1.000282977650176e+00 -1.897210957830703e-03 -9.169136809255925e-04 -1.007688603938959e+00
23 19 -1.000282730732190e+00 -1.896643405332657e-03 -9.172737656142995e-04 -1.007690555724025e+00
23 20 -1.000282486290274e+00 -1.896109920042487e-03 -9.176034153053541e-04 -1.007692447837376e+00
23 21 -1.000282254037504e+00 -1.895631239254527e-03 -9.178893382799677e-04 -1.007694206670298e+00
23 22 -1.000282043223020e+00 -1.895226242883765e-03 -9.181188837529481e-04 -1.007695763245906e+00
23 23 -1.000281862229077e+00 -1.894911155934398e-03 -9.182807820968370e-04 -1.007697056072920e+00
23 24 -1.000281718206138e+00 -1.894698821858479e-03 -9.183659617215693e-04 -1.007698033768789e+00
23 25 -1.000281616766517e+00 -1.894598091132543e-03 -9.183683487685893e-04 -1.007698657310432e+00
23 26 -1.000281561753999e+00 -1.894613368814440e-03 -9.182855440294073e-04 -1.007698901777057e+00
23 27 -1.000281555101684e+00 -1.894744358349284e-03 -9.181192779189096e-04 -1.007698757472018e+00
23 28 -1.000281596783699e+00 -1.894986026815885e-03 -9.178755672096935e-04 -1.007698230348509e+00
23 29 -1.000281684859138e+00 -1.895328800765328e-03 -9.175645325172853e-04 -1.007697341711965e+00
23 30 -1.000281815599949e+00 -1.895758983902847e-03 -9.171998782769872e-04 -1.007696127223807e+00
23 31 -1.000281983689003e+00 -1.896259370598610e-03 -9.167980805689361e-04 -1.007694635279108e+00
24 0 -1.000281923681706e+00 -1.896505021340605e-03 -9.174704511065429e-04 -1.007693675773757e+00
24 1 -1.000282143908014e+00 -1.897080631579596e-03 -9.170509335469179e-04 -1.007691825029373e+00
24 2 -1.000282378850466e+00 -1.897662233096737e-03 -9.166493467512749e-04 -1.007689894040696e+00
24 3 -1.000282619679240e+00 -1.898227222283805e-03 -9.162824717303999e-04 -1.007687957204491e+00
24 4 -1.000282857434390e+00 -1.898753900854481e-03 -9.159647441234860e-04 -1.007686088493499e+00
24 5 -1.000283083323361e+00 -1.899222302518298e-03 -9.157076637375405e-04 -1.007684358697399e+00
24 6 -1.000283289005000e+00 -1.899614916377928e-03 -9.155194686890549e-04 -1.007682832864814e+00
24 7 -1.000283466857747e+00 -1.899917286690287e-03 -9.154050658848898e-04 -1.007681568018121e+00
24 8 -1.000283610229765e+00 -1.900118476220911e-03 -9.153661838802629e-04 -1.007680611198533e+00
24 9 -1.000283713667676e+00 -1.900211387535891e-03 -9.154016951429347e-04 -1.007679997885124e+00
24 10 -1.000283773118978e+00 -1.900192943338349e-03 -9.155080424346360e-04 -1.007679750817420e+00
24 11 -1.000283786101239e+00 -1.900064132226780e-03 -9.156796996019020e-04 -1.007679879239792e+00
24 12 -1.000283751829153e+00 -1.899829928828019e-03 -9.159096023743247e-04 -1.007680378579698e+00
24 13 -1.000283671289152e+00 -1.899499097451357e-03 -9.161894995745616e-04 -1.007681230568941e+00
24 14 -1.000283547251445e+00 -1.899083887683633e-03 -9.165101966212829e-04 -1.007682403812842e+00
24 15 -1.000283384211425e+00 -1.898599629647677e-03 -9.168616880858248e-04 -1.007683854804172e+00
24 16 -1.000283188255928e+00 -1.898064235965748e-03 -9.172332018369696e-04 -1.007685529368193e+00
24 17 -1.000282966854371e+00 -1.897497617003690e-03 -9.176132007070826e-04 -1.007687364513436e+00
24 18 -1.000282728579715e+00 -1.896921016778301e-03 -9.179894035165975e-04 -1.007689290648893e+00
24 19 -1.000282482769258e+00 -1.896356279883272e-03 -9.183488908946434e-04 -1.007691234111384e+00
24 20 -1.000282239139917e+00 -1.895825064617000e-03 -9.186783512255573e-04 -1.007693119928396e+00
24 21 -1.000282007376268e+00 -1.895348023272593e-03 -9.189645002681868e-04 -1.007694874724324e+00
24 22 -1.000281796712056e+00 -1.894943976958989e-03 -9.191946776319788e-04 -1.007696429661702e+00
24 23 -1.000281615527168e+00 -1.894629119348996e-03 -9.193575878005066e-04 -1.007697723293107e+00
24 24 -1.000281470982231e+00 -1.894416290308900e-03 -9.194441183245389e-04 -1.007698704185964e+00
24 25 -1.000281368711539e+00 -1.894314364102540e-03 -9.194481411183180e-04 -1.007699333177238e+00
24 26 -1.000281312591687e+00 -1.894327795704841e-03 -9.193671914746560e-04 -1.007699585123013e+00
24 27 -1.000281304598069e+00 -1.894456362153271e-03 -9.192029259041395e-04 -1.007699450030779e+00
24 28 -1.000281344754948e+00 -1.894695124340011e-03 -9.189612823374942e-04 -1.007698933498375e+00
24 29 -1.000281431177657e+00 -1.895034619011710e-03 -9.186523011136343e-04 -1.007698056430582e+00
24 30 -1.000281560198692e+00 -1.895461272536897e-03 -9.182896080896959e-04 -1.007696854057036e+00
24 31 -1.000281726563890e+00 -1.895958010241587e-03 -9.178896053068701e-04 -1.007695374324571e+00
25 0 -1.000281687738467e+00 -1.896145698377187e-03 -9.188664412652512e-04 -1.007694469835906e+00
25 1 -1.000281906388554e+00 -1.896717874720180e-03 -9.184478500222252e-04 -1.007692630331149e+00
25 2 -1.000282139860321e+00 -1.897296131253623e-03 -9.180470517060125e-04 -1.007690709968190e+00
25 3 -1.000282379380498e+00 -1.897857989796559e-03 -9.176808015668041e-04 -1.007688782743813e+00
25 4 -1.000282616040781e+00 -1.898381871932610e-03 -9.173635141914306e-04 -1.007686922260682e+00
25 5 -1.000282841093183e+00 -1.898847921088081e-03 -9.171066735548886e-04 -1.007685198982686e+00
25 6 -1.000283046231996e+00 -1.899238721396133e-03 -9.169185077971578e-04 -1.007683677690671e+00
25 7 -1.000283223860133e+00 -1.899539893150050e-03 -9.168039202172684e-04 -1.007682415210004e+00
25 8 -1.000283367337702e+00 -1.899740552207999e-03 -9.167646425030351e-04 -1.007681458467010e+00
25 9 -1.000283471209711e+00 -1.899833628026432e-03 -9.167995573889511e-04 -1.007680842916651e+00
25 10 -1.000283531408166e+00 -1.899816041891846e-03 -9.169051255081940e-04 -1.007680591369480e+00
25 11 -1.000283545421723e+00 -1.899688752028930e-03 -9.170758464788773e-04 -1.007680713235326e+00
25 12 -1.000283512423869e+00 -1.899456674573680e-03 -9.173046894098700e-04 -1.007681204195991e+00
25 13 -1.000283433349321e+00 -1.899128489498443e-03 -9.175834430304813e-04 -1.007682046316421e+00
25 14 -1.000283310908480e+00 -1.898716339860038e-03 -9.179029575330719e-04 -1.007683208599381e+00
25 15 -1.000283149531734e+00 -1.898235431932238e-03 -9.182532752668577e-04 -1.007684647981100e+00
25 16 -1.000282955238828e+00 -1.897703542901541e-03 -9.186236729393427e-04 -1.007686310755712e+00
25 17 -1.000282735433017e+00 -1.897140442291437e-03 -9.190026610410557e-04 -1.007688134404738e+00
25 18 -1.000282498624858e+00 -1.896567234203053e-03 -9.193780021873343e-04 -1.007690049793246e+00
25 19 -1.000282254095608e+00 -1.896005630440056e-03 -9.197368141639394e-04 -1.007691983677204e+00
25 20 -1.000282011514705e+00 -1.895477169234006e-03 -9.200658136919738e-04 -1.007693861448789e+00
25 21 -1.000281780529371e+00 -1.895002400020614e-03 -9.203517348659164e-04 -1.007695610029264e+00
25 22 -1.000281570346963e+00 -1.894600061464902e-03 -9.205819252352690e-04 -1.007697160801624e+00
25 23 -1.000281389332288e+00 -1.894286287394061e-03 -9.207450867510928e-04 -1.007698452457700e+00
25 24 -1.000281244642245e+00 -1.894073881906389e-03 -9.208320940876335e-04 -1.007699433620704e+00
25 25 -1.000281141918606e+00 -1.893971708341059e-03 -9.208367966079701e-04 -1.007700065099981e+00
25 26 -1.000281085056180e+00 -1.893984235431610e-03 -9.207566988549598e-04 -1.007700321643487e+00
25 27 -1.000281076058539e+00 -1.894111277539380e-03 -9.205934204443252e-04 -1.007700193075821e+00
25 28 -1.000281114987054e+00 -1.894347954598161e-03 -9.203528583832997e-04 -1.007699684745085e+00
25 29 -1.000281200001888e+00 -1.894684881745328e-03 -9.200450099603482e-04 -1.007698817248990e+00
25 30 -1.000281327486686e+00 -1.895108580230368e-03 -9.196834576498371e-04 -1.007697625463799e+00
25 31 -1.000281492243127e+00 -1.895602083450299e-03 -9.192845615826719e-04 -1.007696156948909e+00
26 0 -1.000281483833042e+00 -1.895745550511747e-03 -9.205120404758935e-04 -1.007695277396556e+00
26 1 -1.000281700932938e+00 -1.896314471022849e-03 -9.200940042357206e-04 -1.007693448879131e+00
26 2 -1.000281932882258e+00 -1.896889367337290e-03 -9.196938282068475e-04 -1.007691539497377e+00
26 3 -1.000282170966377e+00 -1.897447887481472e-03 -9.193282493695957e-04 -1.007689622832099e+00
26 4 -1.000282406333612e+00 -1.897968581086021e-03 -9.190116607318741e-04 -1.007687772077182e+00
26 5 -1.000282630288201e+00 -1.898431716678377e-03 -9.187555215478203e-04 -1.007686057310810e+00
26 6 -1.000282834569884e+00 -1.898819995440635e-03 -9.185680325606204e-04 -1.007684542967610e+00
26 7 -1.000283011617969e+00 -1.899119141300866e-03 -9.184540680576920e-04 -1.007683285582754e+00
26 8 -1.000283154817950e+00 -1.899318355210948e-03 -9.184153307203279e-04 -1.007682331863437e+00
26 9 -1.000283258727812e+00 -1.899410628874161e-03 -9.184506761832010e-04 -1.007681717128287e+00
26 10 -1.000283319279325e+00 -1.899392919699064e-03 -9.185565418954752e-04 -1.007681464142153e+00
26 11 -1.000283333947474e+00 -1.899266193635871e-03 -9.187274102145537e-04 -1.007681582363966e+00
26 12 -1.000283301879070e+00 -1.899035345134900e-03 -9.189562405980657e-04 -1.007682067619338e+00
26 13 -1.000283223970347e+00 -1.898709003804214e-03 -9.192348206746514e-04 -1.007682902206028e+00
26 14 -1.000283102883401e+00 -1.898299236268017e-03 -9.195540081811982e-04 -1.007684055437043e+00
26 15 -1.000282942992976e+00 -1.897821150310636e-03 -9.199038611618193e-04 -1.007685484620463e+00
26 16 -1.000282750258529e+00 -1.897292407405350e-03 -9.202736792240729e-04 -1.007687136465910e+00
26 17 -1.000282532021141e+00 -1.896732649589701e-03 -9.206520013802519e-04 -1.007688948894767e+00
26 18 -1.000282296730076e+00 -1.896162847687604e-03 -9.210266221274711e-04 -1.007690853216195e+00
26 19 -1.000282053608773e+00 -1.895604580471331e-03 -9.213846920787348e-04 -1.007692776614896e+00
26 20 -1.000281812274483e+00 -1.895079258772273e-03 -9.217129598317944e-04 -1.007694644879506e+00
26 21 -1.000281582329452e+00 -1.894607314697058e-03 -9.219981891043451e-04 -1.007696385282173e+00
26 22 -1.000281372944437e+00 -1.894207383408230e-03 -9.222277536436452e-04 -1.007697929500742e+00
26 23 -1.000281192456888e+00 -1.893895512350649e-03 -9.223903769617553e-04 -1.007699216457373e+00
26 24 -1.000281048006240e+00 -1.893684438966193e-03 -9.224769498870324e-04 -1.007700194934957e+00
26 25 -1.000280945226967e+00 -1.893582981292621e-03 -9.224813326461524e-04 -1.007700825828721e+00
26 26 -1.000280888016759e+00 -1.893595584928560e-03 -9.224010360628977e-04 -1.007701083898017e+00
26 27 -1.000280878392074e+00 -1.893722063643057e-03 -9.222376820749399e-04 -1.007700958905029e+00
26 28 -1.000280916436859e+00 -1.893957559255550e-03 -9.219971664293048e-04 -1.007700456063741e+00
26 29 -1.000281000342925e+00 -1.894292730384000e-03 -9.216894821262231e-04 -1.007699595770709e+00
26 30 -1.000281126533644e+00 -1.894714161573581e-03 -9.213282052202108e-04 -1.007698412641489e+00
26 31 -1.000281289857252e+00 -1.895204967149101e-03 -9.209296879792753e-04 -1.007696953924047e+00
27 0 -1.000281320003560e+00 -1.895319720816422e-03 -9.223448785824713e-04 -1.007696067611171e+00
27 1 -1.000281535638202e+00 -1.895885687727138e-03 -9.219270060910659e-04 -1.007694249409464e+00
27 2 -1.000281766070873e+00 -1.896457335978261e-03 -9.215272665650031e-04 -1.007692350947845e+00
27 3 -1.000282002645442e+00 -1.897012435617580e-03 -9.211623870290711e-04 -1.007690445391392e+00
27 4 -1.000282236569653e+00 -1.897529667592441e-03 -9.208467391236673e-04 -1.007688605502172e+00
27 5 -1.000282459205639e+00 -1.897989436227359e-03 -9.205917489408964e-04 -1.007686900927319e+00
27 6 -1.000282662346895e+00 -1.898374577432762e-03 -9.204055726976494e-04 -1.007685395689734e+00
27 7 -1.000282838479778e+00 -1.898670942639699e-03 -9.202930306639246e-04 -1.007684145951583e+00
27 8 -1.000282981027832e+00 -1.898867846991379e-03 -9.202557650011730e-04 -1.007683198103825e+00
27 9 -1.000283084576248e+00 -1.898958377716268e-03 -9.202925676052919e-04 -1.007682587220583e+00
27 10 -1.000283145071829e+00 -1.898939564587136e-03 -9.203998122323872e-04 -1.007682335905628e+00
27 11 -1.000283159991605e+00 -1.898812419043698e-03 -9.205719210809330e-04 -1.007682453548867e+00
27 12 -1.000283128471258e+00 -1.898581851561887e-03 -9.208018006511422e-04 -1.007682936003477e+00
27 13 -1.000283051383325e+00 -1.898256477514126e-03 -9.210811959696436e-04 -1.007683765690088e+00
27 14 -1.000282931354990e+00 -1.897848320289458e-03 -9.214009344757148e-04 -1.007684912132307e+00
27 15 -1.000282772716799e+00 -1.897372418334241e-03 -9.217510569231983e-04 -1.007686332924218e+00
27 16 -1.000282581376997e+00 -1.896846341608510e-03 -9.221208584827947e-04 -1.007687975121629e+00
27 17 -1.000282364620922e+00 -1.896289623124398e-03 -9.224988858175395e-04 -1.007689777035254e+00
27 18 -1.000282130840098e+00 -1.895723112390442e-03 -9.228729518382795e-04 -1.007691670388725e+00
27 19 -1.000281889200584e+00 -1.895168259928573e-03 -9.232302346350086e-04 -1.007693582788806e+00
27 20 -1.000281649264604e+00 -1.894646346382381e-03 -9.235575175551848e-04 -1.007695440438160e+00
27 21 -1.000281420583420e+00 -1.894177676276294e-03 -9.238416045179535e-04 -1.007697171001292e+00
27 22 -1.000281212282327e+00 -1.893780764105154e-03 -9.240699129739247e-04 -1.007698706514319e+00
27 23 -1.000281032660213e+00 -1.893471547625389e-03 -9.242312117429078e-04 -1.007699986212278e+00
27 24 -1.000280888825912e+00 -1.893262669011652e-03 -9.243164371821035e-04 -1.007700959136283e+00
27 25 -1.000280786392039e+00 -1.893162868049312e-03 -9.243194945271773e-04 -1.007701586378424e+00
27 26 -1.000280729243691e+00 -1.893176531113560e-03 -9.242379385055779e-04 -1.007701842828612e+00
27 27 -1.000280719394454e+00 -1.893303433545240e-03 -9.240734329585729e-04 -1.007701718309232e+00
27 28 -1.000280756935398e+00 -1.893538700895860e-03 -9.238319125539652e-04 -1.007701218021421e+00
27 29 -1.000280840075423e+00 -1.893872998225635e-03 -9.235234056629340e-04 -1.007700362275714e+00
27 30 -1.000280965264512e+00 -1.894292938963758e-03 -9.231615198439655e-04 -1.007699185530969e+00
27 31 -1.000281127386341e+00 -1.894781688126111e-03 -9.227626340988859e-04 -1.007697734811763e+00
28 0 -1.000281202794408e+00 -1.894884443653342e-03 -9.242957758789246e-04 -1.007696809608771e+00
28 1 -1.000281417105768e+00 -1.895447875292584e-03 -9.238776625005288e-04 -1.007695000647096e+00
28 2 -1.000281646086380e+00 -1.896016514314906e-03 -9.234781531817826e-04 -1.007693112619441e+00
28 3 -1.000281881136149e+00 -1.896568243732028e-03 -9.231139740331655e-04 -1.007691218291848e+00
28 4 -1.000282113522711e+00 -1.897081874023935e-03 -9.227994760676160e-04 -1.007689389988377e+00
28 5 -1.000282334669493e+00 -1.897537950791535e-03 -9.225460444931404e-04 -1.007687696896622e+00
28 6 -1.000282536430001e+00 -1.897919457134770e-03 -9.223617752470071e-04 -1.007686202578271e+00
28 7 -1.000282711346597e+00 -1.898212391054951e-03 -9.222514115208943e-04 -1.007684962753503e+00
28 8 -1.000282852892225e+00 -1.898406206925398e-03 -9.222165054787345e-04 -1.007684023410832e+00
28 9 -1.000282955692574e+00 -1.898494117436560e-03 -9.222557505113322e-04 -1.007683419279992e+00
28 10 -1.000283015724186e+00 -1.898473258236991e-03 -9.223654180298964e-04 -1.007683172694288e+00
28 11 -1.000283030481735e+00 -1.898344722100268e-03 -9.225398291520564e-04 -1.007683292859550e+00
28 12 -1.000282999105757e+00 -1.898113472545907e-03 -9.227717959735045e-04 -1.007683775539332e+00
28 13 -1.000282922460817e+00 -1.897788147568688e-03 -9.230529807023425e-04 -1.007684603161881e+00
28 14 -1.000282803153944e+00 -1.897380762498119e-03 -9.233741430687422e-04 -1.007685745352814e+00
28 15 -1.000282645484664e+00 -1.896906318549952e-03 -9.237252732112115e-04 -1.007687159894589e+00
28 16 -1.000282455321147e+00 -1.896382322143693e-03 -9.240956337480233e-04 -1.007688794105819e+00
28 17 -1.000282239901682e+00 -1.895828220136678e-03 -9.244737572414024e-04 -1.007690586620352e+00
28 18 -1.000282007565862e+00 -1.895264757417469e-03 -9.248474606785467e-04 -1.007692469530528e+00
28 19 -1.000281767424906e+00 -1.894713265843886e-03 -9.252039432307548e-04 -1.007694370842775e+00
28 20 -1.000281528985195e+00 -1.894194897962238e-03 -9.255300243886729e-04 -1.007696217175976e+00
28 21 -1.000281301742966e+00 -1.893729825455954e-03 -9.258125570092764e-04 -1.007697936613252e+00
28 22 -1.000281094771086e+00 -1.893336429835704e-03 -9.260390180279266e-04 -1.007699461598053e+00
28 23 -1.000280916320190e+00 -1.893030520094182e-03 -9.261982441212882e-04 -1.007700731748726e+00
28 24 -1.000280773456494e+00 -1.892824617923171e-03 -9.262812457196082e-04 -1.007701696453937e+00
28 25 -1.000280671756922e+00 -1.892727354643545e-03 -9.262820062283339e-04 -1.007702317106811e+00
28 26 -1.000280615078994e+00 -1.892743023548601e-03 -9.261981606125099e-04 -1.007702568842114e+00
28 27 -1.000280605417803e+00 -1.892871325191193e-03 -9.260314530877645e-04 -1.007702441662728e+00
28 28 -1.000280642855766e+00 -1.893107331063474e-03 -9.257878969537256e-04 -1.007701940879420e+00
28 29 -1.000280725603480e+00 -1.893441674915614e-03 -9.254775955224530e-04 -1.007701086836459e+00
28 30 -1.000280850123249e+00 -1.893860963254599e-03 -9.251142253623979e-04 -1.007699913946956e+00
28 31 -1.000281011321658e+00 -1.894348379674699e-03 -9.247142258516746e-04 -1.007698469108747e+00
29 0 -1.000281136966173e+00 -1.894456439347412e-03 -9.262912112373568e-04 -1.007697473758232e+00
29 1 -1.000281350149103e+00 -1.895017857024628e-03 -9.258724477243189e-04 -1.007695672588956e+00
29 2 -1.000281577799887e+00 -1.895583846322308e-03 -9.254729426828428e-04 -1.007693794092824e+00
29 3 -1.000281811369760e+00 -1.896132389653146e-03 -9.251094305288275e-04 -1.007691910669488e+00
29 4 -1.000282042184343e+00 -1.896642420121035e-03 -9.247962430460473e-04 -1.007690094216288e+00
29 5 -1.000282261729355e+00 -1.897094624509768e-03 -9.245447183854937e-04 -1.007688413451032e+00
29 6 -1.000282461922257e+00 -1.897472139819392e-03 -9.243628789665704e-04 -1.007686931442673e+00
29 7 -1.000282635368223e+00 -1.897761124052215e-03 -9.242553709257192e-04 -1.007685703417266e+00
29 8 -1.000282775599083e+00 -1.897951190577120e-03 -9.242236301450551e-04 -1.007684774889799e+00
29 9 -1.000282877292813e+00 -1.898035702761105e-03 -9.242662199760867e-04 -1.007684180158590e+00
29 10 -1.000282936469318e+00 -1.898011931607717e-03 -9.243792743415469e-04 -1.007683941187256e+00
29 11 -1.000282950655874e+00 -1.897881083872609e-03 -9.245569761603549e-04 -1.007684066889602e+00
29 12 -1.000282919013639e+00 -1.897648211003580e-03 -9.247920052746243e-04 -1.007684552825984e+00
29 13 -1.000282842415196e+00 -1.897322009678849e-03 -9.250759035666319e-04 -1.007685381316537e+00
29 14 -1.000282723463019e+00 -1.896914523010851e-03 -9.253993272166957e-04 -1.007686521975372e+00
29 15 -1.000282566440146e+00 -1.896440749035377e-03 -9.257521832003888e-04 -1.007687932666871e+00
29 16 -1.000282377187519e+00 -1.895918161424536e-03 -9.261236739106620e-04 -1.007689560877675e+00
29 17 -1.000282162906929e+00 -1.895366147156081e-03 -9.265022961928856e-04 -1.007691345485763e+00
29 18 -1.000281931893777e+00 -1.894805367169890e-03 -9.268758562283881e-04 -1.007693218892489e+00
29 19 -1.000281693209057e+00 -1.894257048879222e-03 -9.272315664029756e-04 -1.007695109466225e+00
29 20 -1.000281456304685e+00 -1.893742224005743e-03 -9.275562815878814e-04 -1.007696944227743e+00
29 21 -1.000281230620099e+00 -1.893280931532279e-03 -9.278369099709092e-04 -1.007698651688155e+00
29 22 -1.000281025170874e+00 -1.892891412967742e-03 -9.280610014713570e-04 -1.007700164731062e+00
29 23 -1.000280848151631e+00 -1.892589334513744e-03 -9.282174807960009e-04 -1.007701423413445e+00
29 24 -1.000280706575602e+00 -1.892387076861635e-03 -9.282974583188192e-04 -1.007702377547268e+00
29 25 -1.000280605971573e+00 -1.892293136804772e-03 -9.282950259373224e-04 -1.007702988919404e+00
29 26 -1.000280550155513e+00 -1.892311684073407e-03 -9.282079325798270e-04 -1.007703233015040e+00
29 27 -1.000280541089041e+00 -1.892442310622752e-03 -9.280380391519598e-04 -1.007703100131906e+00
29 28 -1.000280578830396e+00 -1.892679997921590e-03 -9.277914754008224e-04 -1.007702595809334e+00
29 29 -1.000280661576371e+00 -1.893015311795169e-03 -9.274784571676205e-04 -1.007701740543886e+00
29 30 -1.000280785786795e+00 -1.893434816291344e-03 -9.271127654340409e-04 -1.007700568815606e+00
29 31 -1.000280946377706e+00 -1.893921680633585e-03 -9.267109317550418e-04 -1.007699127497521e+00
30 0 -1.000281125273270e+00 -1.894052272049700e-03 -9.282559266474080e-04 -1.007698032978559e+00
30 1 -1.000281337568995e+00 -1.894612282090835e-03 -9.278361103635422e-04 -1.007696237831061e+00
30 2 -1.000281564066139e+00 -1.895176090379802e-03 -9.274363671559636e-04 -1.007694367575073e+00
30 3 -1.000281796260491e+00 -1.895721761173388e-03 -9.270734487913799e-04 -1.007692494291313e+00
30 4 -1.000282025531452e+00 -1.896228338313405e-03 -9.267616703830476e-04 -1.007690689478894e+00
30 5 -1.000282243425594e+00 -1.896676644023203e-03 -9.265123192354287e-04 -1.007689021394204e+00
30 6 -1.000282441925775e+00 -1.897049969913370e-03 -9.263333341859367e-04 -1.007687552601086e+00
30 7 -1.000282613704329e+00 -1.897334641195743e-03 -9.262292480715410e-04 -1.007686337798601e+00
30 8 -1.000282752359128e+00 -1.897520443691375e-03 -9.262013585652925e-04 -1.007685421975930e+00
30 9 -1.000282852630205e+00 -1.897600910634019e-03 -9.262480724491116e-04 -1.007684838930119e+00
30 10 -1.000282910592814e+00 -1.897573472577420e-03 -9.263653563749690e-04 -1.007684610170152e+00
30 11 -1.000282923820579e+00 -1.897439478606752e-03 -9.265472231636824e-04 -1.007684744220741e+00
30 12 -1.000282891510249e+00 -1.897204099711884e-03 -9.267861872086118e-04 -1.007685236332933e+00
30 13 -1.000282814558145e+00 -1.896876125175637e-03 -9.270736364800301e-04 -1.007686068606817e+00
30 14 -1.000282695578063e+00 -1.896467660905101e-03 -9.274000909968114e-04 -1.007687210531106e+00
30 15 -1.000282538851891e+00 -1.895993736289120e-03 -9.277553446123189e-04 -1.007688619941227e+00
30 16 -1.000282350207327e+00 -1.895471824600153e-03 -9.281285136338196e-04 -1.007690244389581e+00
30 17 -1.000282136821603e+00 -1.894921281638003e-03 -9.285080383055896e-04 -1.007692022909519e+00
30 18 -1.000281906955351e+00 -1.894362708405958e-03 -9.288816985890770e-04 -1.007693888139668e+00
30 19 -1.000281669625973e+00 -1.893817246409003e-03 -9.292367106336802e-04 -1.007695768758031e+00
30 20 -1.000281434234567e+00 -1.893305818885419e-03 -9.295599617511923e-04 -1.007697592156374e+00
30 21 -1.000281210164296e+00 -1.892848337683924e-03 -9.298384193118245e-04 -1.007699287265801e+00
30 22 -1.000281006370860e+00 -1.892462902874730e-03 -9.300597166153843e-04 -1.007700787425354e+00
30 23 -1.000280830987334e+00 -1.892165029578470e-03 -9.302128827049567e-04 -1.007702033168389e+00
30 24 -1.000280690965777e+00 -1.891966942699141e-03 -9.302891494411087e-04 -1.007702974788765e+00
30 25 -1.000280591776317e+00 -1.891876983707533e-03 -9.302827434020733e-04 -1.007703574544428e+00
30 26 -1.000280537180928e+00 -1.891899172752583e-03 -9.301915575614048e-04 -1.007703808363955e+00
30 27 -1.000280529093905e+00 -1.892032963161776e-03 -9.300176023010149e-04 -1.007703666944163e+00
30 28 -1.000280567534648e+00 -1.892273213798466e-03 -9.297671577515166e-04 -1.007703156163391e+00
30 29 -1.000280650671263e+00 -1.892610388796387e-03 -9.294505858343976e-04 -1.007702296782478e+00
30 30 -1.000280774946486e+00 -1.893030975940577e-03 -9.290818039024506e-04 -1.007701123458032e+00
30 31 -1.000280935271914e+00 -1.893518097335290e-03 -9.286774651034233e-04 -1.007699683141963e+00
31 0 -1.000281168323875e+00 -1.893687695572534e-03 -9.301156015046762e-04 -1.007698464016398e+00
31 1 -1.000281380011218e+00 -1.894246967026795e-03 -9.296943496657999e-04 -1.007696672861998e+00
31 2 -1.000281605578682e+00 -1.894809155507487e-03 -9.292941150922080e-04 -1.007694809211576e+00
31 3 -1.000281836558013e+00 -1.895352386170151e-03 -9.289316758798238e-04 -1.007692944887488e+00
31 4 -1.000282064376043e+00 -1.895855797226108e-03 -9.286213344482522e-04 -1.007691151034992e+00
31 5 -1.000282280636347e+00 -1.896300335183682e-03 -9.283743260339501e-04 -1.007689495475675e+00
31 6 -1.000282477386029e+00 -1.896669440860985e-03 -9.281984992780866e-04 -1.007688040275851e+00
31 7 -1.000282647366284e+00 -1.896949607251846e-03 -9.280982619280247e-04 -1.007686839595667e+00
31 8 -1.000282784245581e+00 -1.897130799122583e-03 -9.280747571727041e-04 -1.007685937867432e+00
31 9 -1.000282882833292e+00 -1.897206731845403e-03 -9.281262152672425e-04 -1.007685368337429e+00
31 10 -1.000282939269816e+00 -1.897175013374539e-03 -9.282484125430425e-04 -1.007685151993165e+00
31 11 -1.000282951187085e+00 -1.897037158117649e-03 -9.284351660614039e-04 -1.007685296887806e+00
31 12 -1.000282917831171e+00 -1.896798483947070e-03 -9.286787972438793e-04 -1.007685797867845e+00
31 13 -1.000282840137080e+00 -1.896467903359334e-03 -9.289705119508819e-04 -1.007686636708887e+00
31 14 -1.000282720745472e+00 -1.896057617696290e-03 -9.293006665326563e-04 -1.007687782664787e+00
31 15 -1.000282563952467e+00 -1.895582721001577e-03 -9.296589160470184e-04 -1.007689193432198e+00
31 16 -1.000282375587006e+00 -1.895060718632849e-03 -9.300342676775219e-04 -1.007690816524117e+00
31 17 -1.000282162814696e+00 -1.894510965435734e-03 -9.304150853594092e-04 -1.007692591033656e+00
31 18 -1.000281933872291e+00 -1.893954029199330e-03 -9.307891072916453e-04 -1.007694449754720e+00
31 19 -1.000281697742057e+00 -1.893410987732154e-03 -9.311435428983440e-04 -1.007696321609665e+00
31 20 -1.000281463780002e+00 -1.892902672642318e-03 -9.314653070773817e-04 -1.007698134315122e+00
31 21 -1.000281241315813e+00 -1.892448879467198e-03 -9.317414272104332e-04 -1.007699817197008e+00
31 22 -1.000281039245139e+00 -1.892067571235490e-03 -9.319596261987415e-04 -1.007701304046494e+00
31 23 -1.000280865636480e+00 -1.891774109849095e-03 -9.321090487905688e-04 -1.007702535891823e+00
31 24 -1.000280727375000e+00 -1.891580555827765e-03 -9.321810647498078e-04 -1.007703463548283e+00
31 25 -1.000280629863961e+00 -1.891495080533215e-03 -9.321700564832597e-04 -1.007704049803989e+00
31 26 -1.000280576800950e+00 -1.891521534213285e-03 -9.320740859568316e-04 -1.007704271106965e+00
31 27 -1.000280570040862e+00 -1.891659206845832e-03 -9.318953403249016e-04 -1.007704118642136e+00
31 28 -1.000280609551107e+00 -1.891902806889799e-03 -9.316402783408332e-04 -1.007703598724159e+00
31 29 -1.000280693457379e+00 -1.892242667009666e-03 -9.313194362440798e-04 -1.007702732479706e+00
31 30 -1.000280818171406e+00 -1.892665167773620e-03 -9.309468953218444e-04 -1.007701554844790e+00
31 31 -1.000280978586535e+00 -1.893153352892722e-03 -9.305394562849713e-04 -1.007700112951565e+00
