1.124757291104200e-06
1.000000000000000e-12
1.000000000000000e-17
3.539500103677501e-01
1.942885041368611e-01
-7.145463006426167e-02
-1.500017464083440e+00
1.901109735892602e-07
32
32
-1.123920946454007e-03
1
0 0 -1.000281932937827e+00 -1.894224834159927e-03 -9.295137360981174e-04 -1.007695968493187e+00
0 1 -1.000282069167683e+00 -1.894583059438033e-03 -9.292481862272747e-04 -1.007694820596583e+00
0 2 -1.000282214085094e+00 -1.894942825050664e-03 -9.289952389248882e-04 -1.007693628171195e+00
0 3 -1.000282362200313e+00 -1.895290194333293e-03 -9.287651911489798e-04 -1.007692437125266e+00
0 4 -1.000282507941155e+00 -1.895611821130633e-03 -9.285670458483562e-04 -1.007691293034232e+00
0 5 -1.000282645848363e+00 -1.895895461145424e-03 -9.284081446758965e-04 -1.007690239422238e+00
0 6 -1.000282770763586e+00 -1.896130424485736e-03 -9.282939292136317e-04 -1.007689316158060e+00
0 7 -1.000282878006023e+00 -1.896307954721558e-03 -9.282278327262806e-04 -1.007688558016898e+00
0 8 -1.000282963534135e+00 -1.896421524639017e-03 -9.282112909230261e-04 -1.007687993449438e+00
0 9 -1.000283024088967e+00 -1.896467043340788e-03 -9.282438503677823e-04 -1.007687643589835e+00
0 10 -1.000283057315513e+00 -1.896442972984652e-03 -9.283233473356461e-04 -1.007687521526008e+00
0 11 -1.000283061857971e+00 -1.896350356384633e-03 -9.284461274078726e-04 -1.007687631848805e+00
0 12 -1.000283037424248e+00 -1.896192759019875e-03 -9.286072772082062e-04 -1.007687970490154e+00
0 13 -1.000282984815152e+00 -1.895976130528561e-03 -9.288008451459174e-04 -1.007688524854242e+00
0 14 -1.000282905914445e+00 -1.895708591449977e-03 -9.290200371485719e-04 -1.007689274240044e+00
0 15 -1.000282803637098e+00 -1.895400151243635e-03 -9.292573838837863e-04 -1.007690190547834e+00
0 16 -1.000282681834693e+00 -1.895062364069951e-03 -9.295048858634076e-04 -1.007691239255507e+00
0 17 -1.000282545158983e+00 -1.894707929733470e-03 -9.297541511212161e-04 -1.007692380642120e+00
0 18 -1.000282398887221e+00 -1.894350248526479e-03 -9.299965457436810e-04 -1.007693571226469e+00
0 19 -1.000282248715564e+00 -1.894002940525729e-03 -9.302233784992712e-04 -1.007694765378474e+00
0 20 -1.000282100529121e+00 -1.893679342362247e-03 -9.304261359739147e-04 -1.007695917050898e+00
0 21 -1.000281960159022e+00 -1.893391997456698e-03 -9.305967750750432e-04 -1.007696981569040e+00
0 22 -1.000281833138119e+00 -1.893152158588665e-03 -9.307280679211912e-04 -1.007697917407624e+00
0 23 -1.000281724467640e+00 -1.892969323851704e-03 -9.308139816487418e-04 -1.007698687878765e+00
0 24 -1.000281638406778e+00 -1.892850828289527e-03 -9.308500635172878e-04 -1.007699262653215e+00
0 25 -1.000281578296040e+00 -1.892801513586550e-03 -9.308337920198548e-04 -1.007699619039446e+00
0 26 -1.000281546423175e+00 -1.892823496493019e-03 -9.307648508956510e-04 -1.007699742952562e+00
0 27 -1.000281543937969e+00 -1.892916052565833e-03 -9.306452869836551e-04 -1.007699629518722e+00
0 28 -1.000281570819113e+00 -1.893075625408035e-03 -9.304795234576433e-04 -1.007699283280707e+00
0 29 -1.000281625892859e+00 -1.893295963849688e-03 -9.302742142569743e-04 -1.007698717993835e+00
0 30 -1.000281706899915e+00 -1.893568381500021e-03 -9.300379417066984e-04 -1.007697956025376e+00
0 31 -1.000281810604491e+00 -1.893882125452826e-03 -9.297807765913718e-04 -1.007697027392574e+00
1 0 -1.000282022796534e+00 -1.894064415804077e-03 -9.304357108055494e-04 -1.007696065028178e+00
1 1 -1.000282159036182e+00 -1.894422920235383e-03 -9.301693181392352e-04 -1.007694916900472e+00
1 2 -1.000282303806065e+00 -1.894782568429464e-03 -9.299159621505897e-04 -1.007693725478124e+00
1 3 -1.000282451622073e+00 -1.895129428007656e-03 -9.296859574028066e-04 -1.007692536629220e+00
1 4 -1.000282596923520e+00 -1.895450172635121e-03 -9.294883062562324e-04 -1.007691395842277e+00
1 5 -1.000282734268104e+00 -1.895732592604396e-03 -9.293303315056728e-04 -1.007690346511345e+00
1 6 -1.000282858519212e+00 -1.895966045857817e-03 -9.292174385584659e-04 -1.007689428337577e+00
1 7 -1.000282965021704e+00 -1.896141834983649e-03 -9.291530088310359e-04 -1.007688675898065e+00
1 8 -1.000283049762606e+00 -1.896253500566308e-03 -9.291384126226149e-04 -1.007688117422836e+00
1 9 -1.000283109513300e+00 -1.896297025587414e-03 -9.291731200806593e-04 -1.007687773811504e+00
1 10 -1.000283141949690e+00 -1.896270949197011e-03 -9.292548831282653e-04 -1.007687657912839e+00
1 11 -1.000283145746268e+00 -1.896176391233588e-03 -9.293799586466452e-04 -1.007687774083168e+00
1 12 -1.000283120639497e+00 -1.896016991274437e-03 -9.295433440666213e-04 -1.007688118033099e+00
1 13 -1.000283067455945e+00 -1.895798767444316e-03 -9.297390017625063e-04 -1.007688676966338e+00
1 14 -1.000282988101350e+00 -1.895529900746128e-03 -9.299600578946842e-04 -1.007689430009147e+00
1 15 -1.000282885508047e+00 -1.895220450899811e-03 -9.301989723254694e-04 -1.007690348923123e+00
1 16 -1.000282763539720e+00 -1.894882010218498e-03 -9.304476863546147e-04 -1.007691399086839e+00
1 17 -1.000282626854509e+00 -1.894527303067892e-03 -9.306977629170874e-04 -1.007692540723290e+00
1 18 -1.000282480730050e+00 -1.894169739801088e-03 -9.309405389140942e-04 -1.007693730340734e+00
1 19 -1.000282330856809e+00 -1.893822935789468e-03 -9.311673104343002e-04 -1.007694922344573e+00
1 20 -1.000282183108371e+00 -1.893500208515665e-03 -9.313695675775433e-04 -1.007696070767773e+00
1 21 -1.000282043299044e+00 -1.893214068589700e-03 -9.315392865107931e-04 -1.007697131057534e+00
1 22 -1.000281916940279e+00 -1.892975723452834e-03 -9.316692740147823e-04 -1.007698061847810e+00
1 23 -1.000281809008066e+00 -1.892794614829101e-03 -9.317535464670263e-04 -1.007698826641842e+00
1 24 -1.000281723733373e+00 -1.892678012302323e-03 -9.317877130720643e-04 -1.007699395326838e+00
1 25 -1.000281664426524e+00 -1.892630685408445e-03 -9.317693243210314e-04 -1.007699745445163e+00
1 26 -1.000281633344342e+00 -1.892654674794988e-03 -9.316981433543058e-04 -1.007699863154132e+00
1 27 -1.000281631606197e+00 -1.892749178847182e-03 -9.315763014149662e-04 -1.007699743820767e+00
1 28 -1.000281659162023e+00 -1.892910565870259e-03 -9.314083084061239e-04 -1.007699392217725e+00
1 29 -1.000281714812036e+00 -1.893132514249144e-03 -9.312009039243788e-04 -1.007698822309920e+00
1 30 -1.000281796274655e+00 -1.893406274907357e-03 -9.309627511461769e-04 -1.007698056645204e+00
1 31 -1.000281900296480e+00 -1.893721042596233e-03 -9.307039936391143e-04 -1.007697125384807e+00
2 0 -1.000282140248103e+00 -1.893952202572120e-03 -9.311686036274303e-04 -1.007696058306924e+00
2 1 -1.000282276625780e+00 -1.894311262290036e-03 -9.309012861956541e-04 -1.007694909033738e+00
2 2 -1.000282421370833e+00 -1.894671069603263e-03 -9.306474420795399e-04 -1.007693717725612e+00
2 3 -1.000282568999995e+00 -1.895017685954915e-03 -9.304174059002571e-04 -1.007692530244466e+00
2 4 -1.000282713959755e+00 -1.895337794787486e-03 -9.302201816481963e-04 -1.007691392023413e+00
2 5 -1.000282850821007e+00 -1.895619211563948e-03 -9.300630756635356e-04 -1.007690346354683e+00
2 6 -1.000282974465725e+00 -1.895851333516409e-03 -9.299514596981604e-04 -1.007689432796194e+00
2 7 -1.000283080261997e+00 -1.896025515016489e-03 -9.298886653696325e-04 -1.007688685746395e+00
2 8 -1.000283164223902e+00 -1.896135358987671e-03 -9.298759986910234e-04 -1.007688133227911e+00
2 9 -1.000283223152729e+00 -1.896176918861014e-03 -9.299128537878030e-04 -1.007687795912045e+00
2 10 -1.000283254755952e+00 -1.896148809420738e-03 -9.299968984292406e-04 -1.007687686407413e+00
2 11 -1.000283257740024e+00 -1.896052228293514e-03 -9.301243008868628e-04 -1.007687808827636e+00
2 12 -1.000283231872562e+00 -1.895890892184356e-03 -9.302899688210019e-04 -1.007688158646617e+00
2 13 -1.000283178009376e+00 -1.895670893026726e-03 -9.304877768077709e-04 -1.007688722845319e+00
2 14 -1.000283098082443e+00 -1.895400479594602e-03 -9.307107685112173e-04 -1.007689480349233e+00
2 15 -1.000282995046248e+00 -1.895089770624792e-03 -9.309513300202457e-04 -1.007690402749134e+00
2 16 -1.000282872781607e+00 -1.894750406333947e-03 -9.312013405916996e-04 -1.007691455289652e+00
2 17 -1.000282735958085e+00 -1.894395146139734e-03 -9.314523150437041e-04 -1.007692598101835e+00
2 18 -1.000282589858613e+00 -1.894037421437391e-03 -9.316955574658102e-04 -1.007693787647327e+00
2 19 -1.000282440172637e+00 -1.893690853911389e-03 -9.319223472519354e-04 -1.007694978332115e+00
2 20 -1.000282292766471e+00 -1.893368752353572e-03 -9.321241743821033e-04 -1.007696124237231e+00
2 21 -1.000282153441241e+00 -1.893083603942959e-03 -9.322930315818989e-04 -1.007697180903868e+00
2 22 -1.000282027689808e+00 -1.892846578755579e-03 -9.324217584043284e-04 -1.007698107102650e+00
2 23 -1.000281920464831e+00 -1.892667068497371e-03 -9.325044189594678e-04 -1.007698866511527e+00
2 24 -1.000281835970034e+00 -1.892552281837963e-03 -9.325366831733626e-04 -1.007699429224330e+00
2 25 -1.000281777485665e+00 -1.892506918771703e-03 -9.325161729557881e-04 -1.007699773014092e+00
2 26 -1.000281747236882e+00 -1.892532944473219e-03 -9.324427312650196e-04 -1.007699884283525e+00
2 27 -1.000281746311044e+00 -1.892629478848947e-03 -9.323185750783082e-04 -1.007699758649829e+00
2 28 -1.000281774626896e+00 -1.892792811744527e-03 -9.321483028365182e-04 -1.007699401130715e+00
2 29 -1.000281830955448e+00 -1.893016546205521e-03 -9.319387417351806e-04 -1.007698825921214e+00
2 30 -1.000281912989072e+00 -1.893291864000443e-03 -9.316986379180192e-04 -1.007698055774841e+00
2 31 -1.000282017452554e+00 -1.893607899654226e-03 -9.314382103046265e-04 -1.007697121025692e+00
3 0 -1.000282280700003e+00 -1.893892607840321e-03 -9.316838803473600e-04 -1.007695948493034e+00
3 1 -1.000282417338700e+00 -1.894252477493249e-03 -9.314155920803262e-04 -1.007694797204288e+00
3 2 -1.000282562182752e+00 -1.894612714618023e-03 -9.311611981788757e-04 -1.007693605116279e+00
3 3 -1.000282709745002e+00 -1.894959364388491e-03 -9.309310550106890e-04 -1.007692418118507e+00
3 4 -1.000282854474472e+00 -1.895279109436912e-03 -9.307341709494401e-04 -1.007691281622704e+00
3 5 -1.000282990950847e+00 -1.895559779746485e-03 -9.305778394074358e-04 -1.007690238852244e+00
3 6 -1.000283114070724e+00 -1.895790801683879e-03 -9.304674022131708e-04 -1.007689329252162e+00
3 7 -1.000283219222089e+00 -1.895963572212154e-03 -9.304061448455455e-04 -1.007688587068643e+00
3 8 -1.000283302443553e+00 -1.896071748681281e-03 -9.303953127675179e-04 -1.007688040138312e+00
3 9 -1.000283360564717e+00 -1.896111448631536e-03 -9.304342280610004e-04 -1.007687708919633e+00
3 10 -1.000283391324019e+00 -1.896081358082566e-03 -9.305204783176446e-04 -1.007687605789614e+00
3 11 -1.000283393460301e+00 -1.895982750335737e-03 -9.306501465832183e-04 -1.007687734620043e+00
3 12 -1.000283366773791e+00 -1.895819419519300e-03 -9.308180531069761e-04 -1.007688090641269e+00
3 13 -1.000283312151970e+00 -1.895597533928201e-03 -9.310179860957222e-04 -1.007688660597596e+00
3 14 -1.000283231556303e+00 -1.895325414635588e-03 -9.312429076217769e-04 -1.007689423193783e+00
3 15 -1.000283127967305e+00 -1.895013245665117e-03 -9.314851305205833e-04 -1.007690349824749e+00
3 16 -1.000283005287225e+00 -1.894672722994863e-03 -9.317364717566370e-04 -1.007691405571948e+00
3 17 -1.000282868201636e+00 -1.894316650347132e-03 -9.319883965236651e-04 -1.007692550441991e+00
3 18 -1.000282722003529e+00 -1.893958490451228e-03 -9.322321733766432e-04 -1.007693740815332e+00
3 19 -1.000282572386114e+00 -1.893611882117635e-03 -9.324590617170164e-04 -1.007694931063347e+00
3 20 -1.000282425213025e+00 -1.893290136222421e-03 -9.326605481423649e-04 -1.007696075280961e+00
3 21 -1.000282286276313e+00 -1.893005726786917e-03 -9.328286387205117e-04 -1.007697129071797e+00
3 22 -1.000282161053736e+00 -1.892769795961919e-03 -9.329562022242656e-04 -1.007698051315418e+00
3 23 -1.000282054477410e+00 -1.892591693771308e-03 -9.330373465416382e-04 -1.007698805841358e+00
3 24 -1.000281970725903e+00 -1.892478574920517e-03 -9.330677984903830e-04 -1.007699362932129e+00
3 25 -1.000281913050700e+00 -1.892435075165255e-03 -9.330452482769656e-04 -1.007699700579158e+00
3 26 -1.000281883645752e+00 -1.892463087724090e-03 -9.329696162535990e-04 -1.007699805424263e+00
3 27 -1.000281883565986e+00 -1.892561655757261e-03 -9.328432029113469e-04 -1.007699673334532e+00
3 28 -1.000281912697730e+00 -1.892726990618754e-03 -9.326706929737534e-04 -1.007699309578266e+00
3 29 -1.000281969780817e+00 -1.892952618135594e-03 -9.324589993688056e-04 -1.007698728591913e+00
3 30 -1.000282052478886e+00 -1.893229647077076e-03 -9.322169503484570e-04 -1.007697953351770e+00
3 31 -1.000282157491493e+00 -1.893547145986665e-03 -9.319548404043948e-04 -1.007697014387443e+00
4 0 -1.000282438657242e+00 -1.893887980248288e-03 -9.319612166131908e-04 -1.007695739993094e+00
4 1 -1.000282575669659e+00 -1.894248882646436e-03 -9.316919504342752e-04 -1.007694585898490e+00
4 2 -1.000282720732639e+00 -1.894609803405756e-03 -9.314369666992537e-04 -1.007693392167680e+00
4 3 -1.000282868350603e+00 -1.894956761962081e-03 -9.312066448505377e-04 -1.007692204750178e+00
4 4 -1.000283012970278e+00 -1.895276429504709e-03 -9.310100004804542e-04 -1.007691069071391e+00
4 5 -1.000283149175287e+00 -1.895556639257289e-03 -9.308543178571880e-04 -1.007690028321915e+00
4 6 -1.000283271872270e+00 -1.895786835413087e-03 -9.307449134150496e-04 -1.007689121868940e+00
4 7 -1.000283376465060e+00 -1.895958446653290e-03 -9.306850320191614e-04 -1.007688383838757e+00
4 8 -1.000283459013363e+00 -1.896065174644184e-03 -9.306758652285909e-04 -1.007687841910663e+00
4 9 -1.000283516372356e+00 -1.896103192124135e-03 -9.307166703511321e-04 -1.007687516354140e+00
4 10 -1.000283546309600e+00 -1.896071249228631e-03 -9.308049618170944e-04 -1.007687419332064e+00
4 11 -1.000283547595539e+00 -1.895970690059671e-03 -9.309367436759352e-04 -1.007687554484266e+00
4 12 -1.000283520063310e+00 -1.895805383591037e-03 -9.311067543373222e-04 -1.007687916799740e+00
4 13 -1.000283464633298e+00 -1.895581573991872e-03 -9.313087008724547e-04 -1.007688492781472e+00
4 14 -1.000283383298492e+00 -1.895307656152049e-03 -9.315354684928180e-04 -1.007689260902596e+00
4 15 -1.000283279068201e+00 -1.894993883038733e-03 -9.317793003140795e-04 -1.007690192345082e+00
4 16 -1.000283155869581e+00 -1.894652012240567e-03 -9.320319527672896e-04 -1.007691252004074e+00
4 17 -1.000283018408286e+00 -1.894294899522623e-03 -9.322848414970435e-04 -1.007692399733553e+00
4 18 -1.000282871991824e+00 -1.893936048027691e-03 -9.325291984746750e-04 -1.007693591801174e+00
4 19 -1.000282722321798e+00 -1.893589123639444e-03 -9.327562612765071e-04 -1.007694782510205e+00
4 20 -1.000282575263738e+00 -1.893267449835353e-03 -9.329575102975172e-04 -1.007695925935251e+00
4 21 -1.000282436605016e+00 -1.892983498265705e-03 -9.331249608086678e-04 -1.007696977708582e+00
4 22 -1.000282311812348e+00 -1.892748393770572e-03 -9.332515055050411e-04 -1.007697896786673e+00
4 23 -1.000282205800947e+00 -1.892571454655061e-03 -9.333312902825441e-04 -1.007698647121612e+00
4 24 -1.000282122727306e+00 -1.892459790631390e-03 -9.333600932055481e-04 -1.007699199159358e+00
4 25 -1.000282065816563e+00 -1.892417981002934e-03 -9.333356672500814e-04 -1.007699531088896e+00
4 26 -1.000282037233103e+00 -1.892447853463454e-03 -9.332580043635557e-04 -1.007699629775297e+00
4 27 -1.000282038000284e+00 -1.892548379277163e-03 -9.331294824104495e-04 -1.007699491325284e+00
4 28 -1.000282067972090e+00 -1.892715694327365e-03 -9.329548664906872e-04 -1.007699121253532e+00
4 29 -1.000282125856445e+00 -1.892943248211898e-03 -9.327411503497578e-04 -1.007698534240056e+00
4 30 -1.000282209286632e+00 -1.893222075561653e-03 -9.324972406531128e-04 -1.007697753492678e+00
4 31 -1.000282314934478e+00 -1.893541175737450e-03 -9.322335045913860e-04 -1.007696809751718e+00
5 0 -1.000282607948376e+00 -1.893938504636912e-03 -9.319893583819049e-04 -1.007695441258713e+00
5 1 -1.000282745432433e+00 -1.894300621809929e-03 -9.317191477127354e-04 -1.007694283679357e+00
5 2 -1.000282890825527e+00 -1.894662452785349e-03 -9.314635592274907e-04 -1.007693087509013e+00
5 3 -1.000283038619402e+00 -1.895009982715109e-03 -9.312329960146252e-04 -1.007691898787436e+00
5 4 -1.000283183253758e+00 -1.895329861254159e-03 -9.310364830030940e-04 -1.007690762988056e+00
5 5 -1.000283319311173e+00 -1.895609913590634e-03 -9.308812990028758e-04 -1.007689723305806e+00
5 6 -1.000283441703399e+00 -1.895839589731217e-03 -9.307727406559505e-04 -1.007688819068138e+00
5 7 -1.000283545845427e+00 -1.896010337855466e-03 -9.307140197892778e-04 -1.007688084318717e+00
5 8 -1.000283627813769e+00 -1.896115892099750e-03 -9.307062830225611e-04 -1.007687546614300e+00
5 9 -1.000283684485463e+00 -1.896152469512058e-03 -9.307487323603034e-04 -1.007687226066153e+00
5 10 -1.000283713654279e+00 -1.896118874920858e-03 -9.308388185028524e-04 -1.007687134648342e+00
5 11 -1.000283714120310e+00 -1.896016515603284e-03 -9.309724758763760e-04 -1.007687275787573e+00
5 12 -1.000283685748608e+00 -1.895849329700551e-03 -9.311443704234375e-04 -1.007687644243488e+00
5 13 -1.000283629492353e+00 -1.895623633637703e-03 -9.313481370508436e-04 -1.007688226282961e+00
5 14 -1.000283547376795e+00 -1.895347894771519e-03 -9.315765918506638e-04 -1.007689000145744e+00
5 15 -1.000283442441693e+00 -1.895032436149086e-03 -9.318219140605888e-04 -1.007689936791772e+00
5 16 -1.000283318641697e+00 -1.894689080573240e-03 -9.320758034811017e-04 -1.007691000913571e+00
5 17 -1.000283180705919e+00 -1.894330741578071e-03 -9.323296285646268e-04 -1.007692152190032e+00
5 18 -1.000283033960286e+00 -1.893970970113334e-03 -9.325745856971343e-04 -1.007693346748943e+00
5 19 -1.000282884119003e+00 -1.893623467889611e-03 -9.328018899448138e-04 -1.007694538795040e+00
5 20 -1.000282737053912e+00 -1.893301580917860e-03 -9.330030127093471e-04 -1.007695682349656e+00
5 21 -1.000282598552233e+00 -1.893017789292329e-03 -9.331699736796359e-04 -1.007696733039168e+00
5 22 -1.000282474074148e+00 -1.892783211745030e-03 -9.332956833811717e-04 -1.007697649862183e+00
5 23 -1.000282368522246e+00 -1.892607145959195e-03 -9.333743189469832e-04 -1.007698396859680e+00
5 24 -1.000282286034855e+00 -1.892496667349940e-03 -9.334017022709548e-04 -1.007698944609475e+00
5 25 -1.000282229814185e+00 -1.892456308870299e-03 -9.333756407252131e-04 -1.007699271469291e+00
5 26 -1.000282201997918e+00 -1.892487841857790e-03 -9.332961886030720e-04 -1.007699364502445e+00
5 27 -1.000282203580007e+00 -1.892590173398825e-03 -9.331657917610339e-04 -1.007699220035450e+00
5 28 -1.000282234383441e+00 -1.892759369727581e-03 -9.329892870083822e-04 -1.007698843815802e+00
5 29 -1.000282293084659e+00 -1.892988807968971e-03 -9.327737412045491e-04 -1.007698250760292e+00
5 30 -1.000282377286065e+00 -1.893269450334897e-03 -9.325281323824477e-04 -1.007697464308252e+00
5 31 -1.000282483630328e+00 -1.893590226689417e-03 -9.322628939070847e-04 -1.007696515417392e+00
6 0 -1.000282781977985e+00 -1.894042193776006e-03 -9.317666452603005e-04 -1.007695064395207e+00
6 1 -1.000282920012920e+00 -1.894405659517201e-03 -9.314955643014788e-04 -1.007693902790884e+00
6 2 -1.000283065834038e+00 -1.894768590731540e-03 -9.312393837857290e-04 -1.007692703482754e+00
6 3 -1.000283213916604e+00 -1.895116931044223e-03 -9.310085296166610e-04 -1.007691512627785e+00
6 4 -1.000283358688892e+00 -1.895437299402871e-03 -9.308120373782680e-04 -1.007690375779705e+00
6 5 -1.000283494727619e+00 -1.895717502107928e-03 -9.306571843840136e-04 -1.007689336174231e+00
6 6 -1.000283616944565e+00 -1.895946982789335e-03 -9.305492542312246e-04 -1.007688433138390e+00
6 7 -1.000283720760711e+00 -1.896117196180158e-03 -9.304914346449520e-04 -1.007687700673610e+00
6 8 -1.000283802264408e+00 -1.896221895921600e-03 -9.304848375262558e-04 -1.007687166253419e+00
6 9 -1.000283858350070e+00 -1.896257330993089e-03 -9.305286206065333e-04 -1.007686849867216e+00
6 10 -1.000283886833841e+00 -1.896222349468832e-03 -9.306201827631461e-04 -1.007686763332500e+00
6 11 -1.000283886542344e+00 -1.896118411538989e-03 -9.307554015383027e-04 -1.007686909890322e+00
6 12 -1.000283857370185e+00 -1.895949515847583e-03 -9.309288832457692e-04 -1.007687284092754e+00
6 13 -1.000283800301848e+00 -1.895722044557189e-03 -9.311342024087123e-04 -1.007687871985413e+00
6 14 -1.000283717394371e+00 -1.895444533519256e-03 -9.313641159569915e-04 -1.007688651581613e+00
6 15 -1.000283611718563e+00 -1.895127374484858e-03 -9.316107473843386e-04 -1.007689593618161e+00
6 16 -1.000283487258148e+00 -1.894782456504560e-03 -9.318657464475476e-04 -1.007690662576435e+00
6 17 -1.000283348768097e+00 -1.894422754151832e-03 -9.321204392937998e-04 -1.007691817945026e+00
6 18 -1.000283201595850e+00 -1.894061871602787e-03 -9.323659892964792e-04 -1.007693015690627e+00
6 19 -1.000283051471904e+00 -1.893713553809663e-03 -9.325935888435534e-04 -1.007694209892904e+00
6 20 -1.000282904278592e+00 -1.893391178388666e-03 -9.327946976852227e-04 -1.007695354489132e+00
6 21 -1.000282765807510e+00 -1.893107244174825e-03 -9.329613354273181e-04 -1.007696405065962e+00
6 22 -1.000282641516992e+00 -1.892872874965289e-03 -9.330864244358185e-04 -1.007697320628329e+00
6 23 -1.000282536301702e+00 -1.892697359634102e-03 -9.331641654188141e-04 -1.007698065269193e+00
6 24 -1.000282454286403e+00 -1.892587751473139e-03 -9.331904145372369e-04 -1.007698609661184e+00
6 25 -1.000282398654751e+00 -1.892548549156665e-03 -9.331630224427461e-04 -1.007698932294991e+00
6 26 -1.000282371521683e+00 -1.892581479024555e-03 -9.330820940156105e-04 -1.007699020399381e+00
6 27 -1.000282373855064e+00 -1.892685394061341e-03 -9.329501315379172e-04 -1.007698870492485e+00
6 28 -1.000282405449384e+00 -1.892856299277962e-03 -9.327720323802390e-04 -1.007698488532262e+00
6 29 -1.000282464951182e+00 -1.893087505933660e-03 -9.325549255962375e-04 -1.007697889656376e+00
6 30 -1.000282549932658e+00 -1.893369908490796e-03 -9.323078499758400e-04 -1.007697097526504e+00
6 31 -1.000282657007106e+00 -1.893692369839056e-03 -9.320412954763005e-04 -1.007696143315638e+00
7 0 -1.000282953993555e+00 -1.894194971240202e-03 -9.313011632760635e-04 -1.007694624602362e+00
7 1 -1.000283092636678e+00 -1.894559865516548e-03 -9.310293252681316e-04 -1.007693458593474e+00
7 2 -1.000283238966462e+00 -1.894924042685380e-03 -9.307725934869910e-04 -1.007692255575969e+00
7 3 -1.000283387438546e+00 -1.895273399225175e-03 -9.305414145149611e-04 -1.007691061846549e+00
7 4 -1.000283532465876e+00 -1.895594515330460e-03 -9.303448356600577e-04 -1.007689923068472e+00
7 5 -1.000283668614771e+00 -1.895875168308926e-03 -9.301901370839276e-04 -1.007688882552816e+00
7 6 -1.000283790791986e+00 -1.896104783656528e-03 -9.300825964629011e-04 -1.007687979664869e+00
7 7 -1.000283894419141e+00 -1.896274809732319e-03 -9.300253866741126e-04 -1.007687248405162e+00
7 8 -1.000283975591064e+00 -1.896379006154626e-03 -9.300195959432900e-04 -1.007686716206044e+00
7 9 -1.000284031214444e+00 -1.896413640245813e-03 -9.300643505374817e-04 -1.007686402975956e+00
7 10 -1.000284059123095e+00 -1.896377590094307e-03 -9.301570119220952e-04 -1.007686320414322e+00
7 11 -1.000284058165928e+00 -1.896272356350752e-03 -9.302934160397255e-04 -1.007686471611619e+00
7 12 -1.000284028263498e+00 -1.896101987094476e-03 -9.304681245679529e-04 -1.007686850942566e+00
7 13 -1.000283970428890e+00 -1.895872921228467e-03 -9.306746653843098e-04 -1.007687444254963e+00
7 14 -1.000283886749322e+00 -1.895593756585736e-03 -9.309057484484986e-04 -1.007688229351060e+00
7 15 -1.000283780326128e+00 -1.895274949589518e-03 -9.311534522649239e-04 -1.007689176751855e+00
7 16 -1.000283655172516e+00 -1.894928453852887e-03 -9.314093856594221e-04 -1.007690250727519e+00
7 17 -1.000283516070595e+00 -1.894567305711488e-03 -9.316648391867310e-04 -1.007691410569129e+00
7 18 -1.000283368391500e+00 -1.894205165862552e-03 -9.319109468169768e-04 -1.007692612067669e+00
7 19 -1.000283217885096e+00 -1.893855828267352e-03 -9.321388788272487e-04 -1.007693809156073e+00
7 20 -1.000283070448026e+00 -1.893532709947188e-03 -9.323400815164147e-04 -1.007694955660070e+00
7 21 -1.000282931880578e+00 -1.893248337877770e-03 -9.325065706462901e-04 -1.007696007094643e+00
7 22 -1.000282807643914e+00 -1.893013851766988e-03 -9.326312743684603e-04 -1.007696922435348e+00
7 23 -1.000282702629759e+00 -1.892838543884538e-03 -9.327084081409275e-04 -1.007697665788133e+00
7 24 -1.000282620954484e+00 -1.892729458552448e-03 -9.327338510840442e-04 -1.007698207879444e+00
7 25 -1.000282565788321e+00 -1.892691073522605e-03 -9.327054844157417e-04 -1.007698527292069e+00
7 26 -1.000282539228248e+00 -1.892725083002465e-03 -9.326234504465461e-04 -1.007698611381581e+00
7 27 -1.000282542220275e+00 -1.892830297865046e-03 -9.324902944621396e-04 -1.007698456822646e+00
7 28 -1.000282574533944e+00 -1.893002672777924e-03 -9.323109604918293e-04 -1.007698069753113e+00
7 29 -1.000282634788686e+00 -1.893235462538596e-03 -9.320926256764607e-04 -1.007697465506539e+00
7 30 -1.000282720528437e+00 -1.893519501296257e-03 -9.318443762466053e-04 -1.007696667948770e+00
7 31 -1.000282828338090e+00 -1.893843590035513e-03 -9.315767472750357e-04 -1.007695708457552e+00
8 0 -1.000283117354544e+00 -1.894390841539612e-03 -9.306105068824287e-04 -1.007694139482362e+00
8 1 -1.000283256638883e+00 -1.894757187272913e-03 -9.303380595039867e-04 -1.007692968865077e+00
8 2 -1.000283403537501e+00 -1.895122706019027e-03 -9.300808434912933e-04 -1.007691761715944e+00
8 3 -1.000283552484081e+00 -1.895473243324921e-03 -9.298493233151560e-04 -1.007690564488400e+00
8 4 -1.000283697872908e+00 -1.895795334042987e-03 -9.296525589249233e-04 -1.007689422980239e+00
8 5 -1.000283834255741e+00 -1.896076717566392e-03 -9.294978373600763e-04 -1.007688380609409e+00
8 6 -1.000283956529500e+00 -1.896306790434839e-03 -9.293904369988916e-04 -1.007687476816089e+00
8 7 -1.000284060111200e+00 -1.896476982211445e-03 -9.293335251354453e-04 -1.007686745640488e+00
8 8 -1.000284141096637e+00 -1.896581044800768e-03 -9.293281784343727e-04 -1.007686214517026e+00
8 9 -1.000284196399176e+00 -1.896615249423487e-03 -9.293735063070925e-04 -1.007685903317471e+00
8 10 -1.000284223864795e+00 -1.896578489645622e-03 -9.294668488807344e-04 -1.007685823666707e+00
8 11 -1.000284222359528e+00 -1.896472292622939e-03 -9.296040169138788e-04 -1.007685978545629e+00
8 12 -1.000284191825321e+00 -1.896300743101818e-03 -9.297795435342236e-04 -1.007686362188266e+00
8 13 -1.000284133300145e+00 -1.896070325652599e-03 -9.299869254608673e-04 -1.007686960275290e+00
8 14 -1.000284048898652e+00 -1.895789691081076e-03 -9.302188402531877e-04 -1.007687750421510e+00
8 15 -1.000283941750912e+00 -1.895469353762510e-03 -9.304673344347617e-04 -1.007688702948245e+00
8 16 -1.000283815898804e+00 -1.895121327600346e-03 -9.307239865514329e-04 -1.007689781922955e+00
8 17 -1.000283676151771e+00 -1.894758709029292e-03 -9.309800593200416e-04 -1.007690946439788e+00
8 18 -1.000283527905918e+00 -1.894395216312529e-03 -9.312266621087418e-04 -1.007692152106432e+00
8 19 -1.000283376932789e+00 -1.894044696101360e-03 -9.314549451609785e-04 -1.007693352693520e+00
8 20 -1.000283229146535e+00 -1.893720610931544e-03 -9.316563407544767e-04 -1.007694501892423e+00
8 21 -1.000283090360085e+00 -1.893435524262770e-03 -9.318228573169859e-04 -1.007695555117210e+00
8 22 -1.000282966042039e+00 -1.893200602129519e-03 -9.319474220893983e-04 -1.007696471279051e+00
8 23 -1.000282861086345e+00 -1.893025152372661e-03 -9.320242556198293e-04 -1.007697214457121e+00
8 24 -1.000282779606489e+00 -1.892916223695842e-03 -9.320492481936673e-04 -1.007697755388922e+00
8 25 -1.000282724764837e+00 -1.892878286781296e-03 -9.320202984762847e-04 -1.007698072705704e+00
8 26 -1.000282698645753e+00 -1.892913017577957e-03 -9.319375719907258e-04 -1.007698153847026e+00
8 27 -1.000282702178385e+00 -1.893019198460940e-03 -9.318036415864126e-04 -1.007697995603197e+00
8 28 -1.000282735111872e+00 -1.893192746736278e-03 -9.316234816127926e-04 -1.007697604254162e+00
8 29 -1.000282796042470e+00 -1.893426872460444e-03 -9.314043011429831e-04 -1.007696995296404e+00
8 30 -1.000282882488950e+00 -1.893712359248625e-03 -9.311552190753450e-04 -1.007696192773594e+00
8 31 -1.000282991009871e+00 -1.894037953592417e-03 -9.308868027218556e-04 -1.007695228249756e+00
9 0 -1.000283265792050e+00 -1.894622139302765e-03 -9.297211473175186e-04 -1.007693628256990e+00
9 1 -1.000283405725126e+00 -1.894989901729227e-03 -9.294482656562900e-04 -1.007692453010525e+00
9 2 -1.000283553230014e+00 -1.895356803971441e-03 -9.291906555153192e-04 -1.007691241472917e+00
9 3 -1.000283702716974e+00 -1.895708638899277e-03 -9.289587959698130e-04 -1.007690040264938e+00
9 4 -1.000283848559032e+00 -1.896031891371544e-03 -9.287617597099190e-04 -1.007688895338238e+00
9 5 -1.000283985289790e+00 -1.896314255593899e-03 -9.286068437085468e-04 -1.007687850244666e+00
9 6 -1.000284107791967e+00 -1.896545089528394e-03 -9.284993331843646e-04 -1.007686944532852e+00
9 7 -1.000284211472966e+00 -1.896715792224765e-03 -9.284423994896903e-04 -1.007686212321613e+00
9 8 -1.000284292424027e+00 -1.896820094404576e-03 -9.284371207480107e-04 -1.007685681090585e+00
9 9 -1.000284347559266e+00 -1.896854256525324e-03 -9.284826048934002e-04 -1.007685370720736e+00
9 10 -1.000284374730791e+00 -1.896817172525579e-03 -9.285761871520697e-04 -1.007685292808968e+00
9 11 -1.000284372815973e+00 -1.896710381254797e-03 -9.287136698683606e-04 -1.007685450271526e+00
9 12 -1.000284341772886e+00 -1.896537990146622e-03 -9.288895746267613e-04 -1.007685837243164e+00
9 13 -1.000284282659782e+00 -1.896306516658313e-03 -9.290973840197674e-04 -1.007686439274186e+00
9 14 -1.000284197614849e+00 -1.896024653375341e-03 -9.293297593830391e-04 -1.007687233823148e+00
9 15 -1.000284089793873e+00 -1.895702963507550e-03 -9.295787293943677e-04 -1.007688191036176e+00
9 16 -1.000283963265444e+00 -1.895353514634227e-03 -9.298358537348481e-04 -1.007689274794597e+00
9 17 -1.000283822865550e+00 -1.894989459353048e-03 -9.300923760518606e-04 -1.007690444003697e+00
9 18 -1.000283674015596e+00 -1.894624572215155e-03 -9.303393874529172e-04 -1.007691654087473e+00
9 19 -1.000283522510187e+00 -1.894272753965576e-03 -9.305680217620610e-04 -1.007692858645532e+00
9 20 -1.000283374283411e+00 -1.893947516885909e-03 -9.307696974113456e-04 -1.007694011217667e+00
9 21 -1.000283235164325e+00 -1.893661468016176e-03 -9.309364118535231e-04 -1.007695067091333e+00
9 22 -1.000283110633405e+00 -1.893425809349450e-03 -9.310610843971446e-04 -1.007695985080130e+00
9 23 -1.000283005591949e+00 -1.893249875837463e-03 -9.311379311740948e-04 -1.007696729197715e+00
9 24 -1.000282924156081e+00 -1.893140733422892e-03 -9.311628422352579e-04 -1.007697270150308e+00
9 25 -1.000282869485997e+00 -1.893102859546537e-03 -9.311337203903583e-04 -1.007697586573044e+00
9 26 -1.000282843659202e+00 -1.893137926445134e-03 -9.310507390412527e-04 -1.007697665943698e+00
9 27 -1.000282847593655e+00 -1.893244702824042e-03 -9.309164816733979e-04 -1.007697505122685e+00
9 28 -1.000282881023473e+00 -1.893419083062771e-03 -9.307359355144534e-04 -1.007697110488711e+00
9 29 -1.000282942526566e+00 -1.893654245808780e-03 -9.305163247243680e-04 -1.007696497662071e+00
9 30 -1.000283029600582e+00 -1.893940935820810e-03 -9.302667851720075e-04 -1.007695690831073e+00
9 31 -1.000283138780828e+00 -1.894267854717834e-03 -9.299979019663290e-04 -1.007694721720076e+00
10 0 -1.000283393648460e+00 -1.894879845065649e-03 -9.286674250964245e-04 -1.007693110940335e+00
10 1 -1.000283534212245e+00 -1.895248933570492e-03 -9.283943033722292e-04 -1.007691931226194e+00
10 2 -1.000283682336831e+00 -1.895617206286170e-03 -9.281364079444477e-04 -1.007690715217281e+00
10 3 -1.000283832408524e+00 -1.895970403897979e-03 -9.279042282166791e-04 -1.007689509705296e+00
10 4 -1.000283978777396e+00 -1.896294958852133e-03 -9.277068484780281e-04 -1.007688360808344e+00
10 5 -1.000284115956093e+00 -1.896578514780675e-03 -9.275515779859919e-04 -1.007687312233622e+00
10 6 -1.000284238809318e+00 -1.896810382821772e-03 -9.274437150180880e-04 -1.007686403667786e+00
10 7 -1.000284342730172e+00 -1.896981920769276e-03 -9.273864449114074e-04 -1.007685669344642e+00
10 8 -1.000284423799900e+00 -1.897086825439886e-03 -9.273808600880495e-04 -1.007685136830710e+00
10 9 -1.000284478927415e+00 -1.897121332386900e-03 -9.274260817861951e-04 -1.007684826061574e+00
10 10 -1.000284505964751e+00 -1.897084320959203e-03 -9.275194564205177e-04 -1.007684748653424e+00
10 11 -1.000284503794489e+00 -1.896977326536026e-03 -9.276567950461309e-04 -1.007684907504840e+00
10 12 -1.000284472384993e+00 -1.896804464420275e-03 -9.278326255017631e-04 -1.007685296696207e+00
10 13 -1.000284412809366e+00 -1.896572270926967e-03 -9.280404339009268e-04 -1.007685901689102e+00
10 14 -1.000284327224472e+00 -1.896289467631592e-03 -9.282728817638316e-04 -1.007686699823158e+00
10 15 -1.000284218807773e+00 -1.895966655567384e-03 -9.285219943071751e-04 -1.007687661100759e+00
10 16 -1.000284091651600e+00 -1.895615947257341e-03 -9.287793245147404e-04 -1.007688749241014e+00
10 17 -1.000283950616685e+00 -1.895250545290316e-03 -9.290361069431549e-04 -1.007689922975761e+00
10 18 -1.000283801149059e+00 -1.894884277003094e-03 -9.292834218926832e-04 -1.007691137552072e+00
10 19 -1.000283649066831e+00 -1.894531096556022e-03 -9.295123909450391e-04 -1.007692346396484e+00
10 20 -1.000283500325686e+00 -1.894204568347634e-03 -9.297144190341771e-04 -1.007693502885790e+00
10 21 -1.000283360773732e+00 -1.893917348444074e-03 -9.298814893444625e-04 -1.007694562159903e+00
10 22 -1.000283235907324e+00 -1.893680682945922e-03 -9.300065070281874e-04 -1.007695482905552e+00
10 23 -1.000283130639883e+00 -1.893503944201266e-03 -9.300836751453176e-04 -1.007696229035176e+00
10 24 -1.000283049095459e+00 -1.893394227413977e-03 -9.301088723770798e-04 -1.007696771183195e+00
10 25 -1.000282994437800e+00 -1.893356030343145e-03 -9.300799919414050e-04 -1.007697087944160e+00
10 26 -1.000282968743617e+00 -1.893391036291261e-03 -9.299971992372572e-04 -1.007697166786663e+00
10 27 -1.000282972925850e+00 -1.893498015649187e-03 -9.298630713736942e-04 -1.007697004592863e+00
10 28 -1.000283006709535e+00 -1.893672855039417e-03 -9.296825912381770e-04 -1.007696607793305e+00
10 29 -1.000283068659694e+00 -1.893908716093744e-03 -9.294629810540741e-04 -1.007695992088582e+00
10 30 -1.000283156257657e+00 -1.894196317897299e-03 -9.292133770234266e-04 -1.007695181772963e+00
10 31 -1.000283266019508e+00 -1.894524328659173e-03 -9.289443663829962e-04 -1.007694208698842e+00
11 0 -1.000283496087930e+00 -1.895153951986647e-03 -9.274902049012839e-04 -1.007692607513168e+00
11 1 -1.000283637239863e+00 -1.895524224310373e-03 -9.272170474187933e-04 -1.007691423666522e+00
11 2 -1.000283785973335e+00 -1.895893800869069e-03 -9.269589883687915e-04 -1.007690203278084e+00
11 3 -1.000283936651157e+00 -1.896248372897779e-03 -9.267265221050632e-04 -1.007688993306940e+00
11 4 -1.000284083599734e+00 -1.896574320133161e-03 -9.265287426908689e-04 -1.007687840043496e+00
11 5 -1.000284221308819e+00 -1.896859232131701e-03 -9.263729739831218e-04 -1.007686787365724e+00
11 6 -1.000284344621941e+00 -1.897092366639373e-03 -9.262645335302472e-04 -1.007685875122773e+00
11 7 -1.000284448913660e+00 -1.897265030977197e-03 -9.262066299089679e-04 -1.007685137695689e+00
11 8 -1.000284530250137e+00 -1.897370876686185e-03 -9.262003814153441e-04 -1.007684602776367e+00
11 9 -1.000284585529370e+00 -1.897406101343862e-03 -9.262449362661243e-04 -1.007684290398141e+00
11 10 -1.000284612597226e+00 -1.897369555397299e-03 -9.263376677497848e-04 -1.007684212242595e+00
11 11 -1.000284610335201e+00 -1.897262755740569e-03 -9.264744128034312e-04 -1.007684371237985e+00
11 12 -1.000284578715676e+00 -1.897089810410192e-03 -9.266497231460730e-04 -1.007684761457258e+00
11 13 -1.000284518820561e+00 -1.896857259866989e-03 -9.268571054450878e-04 -1.007685368318330e+00
11 14 -1.000284432819851e+00 -1.896573840876181e-03 -9.270892372553335e-04 -1.007686169083623e+00
11 15 -1.000284323907873e+00 -1.896250179881950e-03 -9.273381548191620e-04 -1.007687133648546e+00
11 16 -1.000284196196818e+00 -1.895898423815497e-03 -9.275954172967215e-04 -1.007688225600210e+00
11 17 -1.000284054569336e+00 -1.895531817066340e-03 -9.278522607608355e-04 -1.007689403519353e+00
11 18 -1.000283904494417e+00 -1.895164234293574e-03 -9.280997622141038e-04 -1.007690622489670e+00
11 19 -1.000283751813281e+00 -1.894809680567732e-03 -9.283290349735599e-04 -1.007691835768736e+00
11 20 -1.000283602504139e+00 -1.894481772897195e-03 -9.285314711465693e-04 -1.007692996564807e+00
11 21 -1.000283462436324e+00 -1.894193219743448e-03 -9.286990375028019e-04 -1.007694059855386e+00
11 22 -1.000283337125327e+00 -1.893955317382439e-03 -9.288246201957785e-04 -1.007694984176930e+00
11 23 -1.000283231500846e+00 -1.893777484173104e-03 -9.289024013436945e-04 -1.007695733309633e+00
11 24 -1.000283149699826e+00 -1.893666855557363e-03 -9.289282371921159e-04 -1.007696277778332e+00
11 25 -1.000283094895243e+00 -1.893627962587779e-03 -9.288999976715602e-04 -1.007696596093596e+00
11 26 -1.000283069169184e+00 -1.893662514021963e-03 -9.288178249280071e-04 -1.007696675667569e+00
11 27 -1.000283073435918e+00 -1.893769297085808e-03 -9.286842736837596e-04 -1.007696513355156e+00
11 28 -1.000283107417630e+00 -1.893944205996068e-03 -9.285043058704436e-04 -1.007696115590076e+00
11 29 -1.000283169672374e+00 -1.894180400431816e-03 -9.282851246110951e-04 -1.007695498106662e+00
11 30 -1.000283257670609e+00 -1.894468588002411e-03 -9.280358494173736e-04 -1.007694685262469e+00
11 31 -1.000283367913954e+00 -1.894797416158169e-03 -9.277670540217819e-04 -1.007693709001029e+00
12 0 -1.000283569270505e+00 -1.895433866247930e-03 -9.262352486855009e-04 -1.007692137139571e+00
12 1 -1.000283710945502e+00 -1.895805134979189e-03 -9.259622598210101e-04 -1.007690949653207e+00
12 2 -1.000283860253651e+00 -1.896175898947418e-03 -9.257041642310052e-04 -1.007689725144446e+00
12 3 -1.000284011535702e+00 -1.896531804604141e-03 -9.254714556106277e-04 -1.007688510729642e+00
12 4 -1.000284159094577e+00 -1.896859180521086e-03 -9.252732361038680e-04 -1.007687352871121e+00
12 5 -1.000284297396016e+00 -1.897145560579052e-03 -9.251168463555756e-04 -1.007686295626898e+00
12 6 -1.000284421259998e+00 -1.897380144635761e-03 -9.250076284649445e-04 -1.007685379026833e+00
12 7 -1.000284526039039e+00 -1.897554182416550e-03 -9.249488219784296e-04 -1.007684637625535e+00
12 8 -1.000284607779755e+00 -1.897661270663015e-03 -9.249415812409360e-04 -1.007684099273743e+00
12 9 -1.000284663363985e+00 -1.897697557367286e-03 -9.249850942189180e-04 -1.007683784141809e+00
12 10 -1.000284690625574e+00 -1.897661850856411e-03 -9.250767760164337e-04 -1.007683704020162e+00
12 11 -1.000284688438662e+00 -1.897555635263855e-03 -9.252125055217181e-04 -1.007683861912773e+00
12 12 -1.000284656773186e+00 -1.897382996551352e-03 -9.253868745146579e-04 -1.007684251932343e+00
12 13 -1.000284596713515e+00 -1.897150464484062e-03 -9.255934260216964e-04 -1.007684859499857e+00
12 14 -1.000284510436784e+00 -1.896866776656916e-03 -9.258248689145073e-04 -1.007685661845039e+00
12 15 -1.000284401148769e+00 -1.896542571573379e-03 -9.260732648547798e-04 -1.007686628796886e+00
12 16 -1.000284272976846e+00 -1.896190018763057e-03 -9.263301918698973e-04 -1.007687723845609e+00
12 17 -1.000284130821868e+00 -1.895822394694702e-03 -9.265868976222027e-04 -1.007688905448975e+00
12 18 -1.000283980173272e+00 -1.895453614201435e-03 -9.268344628006627e-04 -1.007690128546923e+00
12 19 -1.000283826894204e+00 -1.895097728945188e-03 -9.270639964965336e-04 -1.007691346238241e+00
12 20 -1.000283676985514e+00 -1.894768407023975e-03 -9.272668794618679e-04 -1.007692511563396e+00
12 21 -1.000283536339026e+00 -1.894478410452996e-03 -9.274350610082549e-04 -1.007693579329389e+00
12 22 -1.000283410491720e+00 -1.894239089560160e-03 -9.275614043301934e-04 -1.007694507905711e+00
12 23 -1.000283304393046e+00 -1.894059915455911e-03 -9.276400633585279e-04 -1.007695260914852e+00
12 24 -1.000283222197396e+00 -1.893948073340969e-03 -9.276668616280809e-04 -1.007695808738209e+00
12 25 -1.000283167092400e+00 -1.893908139362809e-03 -9.276396333346930e-04 -1.007696129761705e+00
12 26 -1.000283141171486e+00 -1.893941861126459e-03 -9.275584835505698e-04 -1.007696211295833e+00
12 27 -1.000283145356486e+00 -1.894048057130276e-03 -9.274259296627378e-04 -1.007696050120499e+00
12 28 -1.000283179373064e+00 -1.894222644267275e-03 -9.272468965893497e-04 -1.007695652623851e+00
12 29 -1.000283241778532e+00 -1.894458795458565e-03 -9.270285517118075e-04 -1.007695034526002e+00
12 30 -1.000283330038358e+00 -1.894747221394099e-03 -9.267799817858419e-04 -1.007694220202896e+00
12 31 -1.000283440644935e+00 -1.895076561989361e-03 -9.265117326108035e-04 -1.007693241649413e+00
13 0 -1.000283610485043e+00 -1.895708823588908e-03 -9.249513774355512e-04 -1.007691717457672e+00
13 1 -1.000283752598408e+00 -1.896080864539590e-03 -9.246787511996043e-04 -1.007690526959645e+00
13 2 -1.000283902425453e+00 -1.896452655393733e-03 -9.244207440417606e-04 -1.007689298743535e+00
13 3 -1.000284054287100e+00 -1.896809803977500e-03 -9.241878441404719e-04 -1.007688080067307e+00
13 4 -1.000284202463771e+00 -1.897138590982516e-03 -9.239891601526318e-04 -1.007686917558847e+00
13 5 -1.000284341396907e+00 -1.897426495081843e-03 -9.238320507718181e-04 -1.007685855458962e+00
13 6 -1.000284465881476e+00 -1.897662656059696e-03 -9.237218863607232e-04 -1.007684933989448e+00
13 7 -1.000284571245387e+00 -1.897838261261720e-03 -9.236619437265534e-04 -1.007684187897762e+00
13 8 -1.000284653512082e+00 -1.897946845277832e-03 -9.236534223790559e-04 -1.007683645220439e+00
13 9 -1.000284709542628e+00 -1.897984496823376e-03 -9.236955616605312e-04 -1.007683326298609e+00
13 10 -1.000284737153415e+00 -1.897949970528412e-03 -9.237858316872980e-04 -1.007683243070725e+00
13 11 -1.000284735205210e+00 -1.897844704795883e-03 -9.239201671660754e-04 -1.007683398659626e+00
13 12 -1.000284703659182e+00 -1.897672749569244e-03 -9.240932141496624e-04 -1.007683787263459e+00
13 13 -1.000284643595748e+00 -1.897440609441788e-03 -9.242985665516555e-04 -1.007684394352943e+00
13 14 -1.000284557192928e+00 -1.897157008404277e-03 -9.245289789866210e-04 -1.007685197170816e+00
13 15 -1.000284447662060e+00 -1.896832583278144e-03 -9.247765518841584e-04 -1.007686165522532e+00
13 16 -1.000284319140464e+00 -1.896479513722321e-03 -9.250328934542467e-04 -1.007687262839760e+00
13 17 -1.000284176542860e+00 -1.896111097548079e-03 -9.252892718842869e-04 -1.007688447489624e+00
13 18 -1.000284025375913e+00 -1.895741281140984e-03 -9.255367782694920e-04 -1.007689674293176e+00
13 19 -1.000283871522679e+00 -1.895384156553745e-03 -9.257665220683439e-04 -1.007690896206776e+00
13 20 -1.000283721005806e+00 -1.895053439379293e-03 -9.259698748377137e-04 -1.007692066110593e+00
13 21 -1.000283579739939e+00 -1.894761944289950e-03 -9.261387677351971e-04 -1.007693138639781e+00
13 22 -1.000283453285084e+00 -1.894521077556879e-03 -9.262660373596547e-04 -1.007694071986572e+00
13 23 -1.000283346613224e+00 -1.894340367799226e-03 -9.263458032095762e-04 -1.007694829596239e+00
13 24 -1.000283263900131e+00 -1.894227057516392e-03 -9.263738476743617e-04 -1.007695381678365e+00
13 25 -1.000283208352930e+00 -1.894185777930103e-03 -9.263479587945238e-04 -1.007695706458377e+00
13 26 -1.000283182081886e+00 -1.894218327405868e-03 -9.262681922294487e-04 -1.007695791103788e+00
13 27 -1.000283186022343e+00 -1.894323569051451e-03 -9.261370140602719e-04 -1.007695632274519e+00
13 28 -1.000283219909675e+00 -1.894497456691805e-03 -9.259592973132904e-04 -1.007695236266126e+00
13 29 -1.000283282306732e+00 -1.894733191073583e-03 -9.257421587988965e-04 -1.007694618737317e+00
13 30 -1.000283370679999e+00 -1.895021500238461e-03 -9.254946384615158e-04 -1.007693804037201e+00
13 31 -1.000283481518151e+00 -1.895351030010642e-03 -9.252272411410625e-04 -1.007692824170499e+00
14 0 -1.000283618238156e+00 -1.895968304601178e-03 -9.236885041197750e-04 -1.007691363967239e+00
14 1 -1.000283760689224e+00 -1.896340866270206e-03 -9.234164149356358e-04 -1.007690171194230e+00
14 2 -1.000283910960337e+00 -1.896713486312093e-03 -9.231586128972790e-04 -1.007688939819235e+00
14 3 -1.000284063355452e+00 -1.897071741283129e-03 -9.229255765981197e-04 -1.007687717221560e+00
14 4 -1.000284212134258e+00 -1.897401869066002e-03 -9.227264191809346e-04 -1.007686550182260e+00
14 5 -1.000284351714547e+00 -1.897691295777239e-03 -9.225685174095386e-04 -1.007685483120693e+00
14 6 -1.000284476865803e+00 -1.897929101239418e-03 -9.224572724185087e-04 -1.007684556454538e+00
14 7 -1.000284582889727e+00 -1.898106407958122e-03 -9.223960035729619e-04 -1.007683805136040e+00
14 8 -1.000284665783866e+00 -1.898216683420559e-03 -9.223859633274308e-04 -1.007683257407086e+00
14 9 -1.000284722384717e+00 -1.898255949783908e-03 -9.224264519072586e-04 -1.007682933806300e+00
14 10 -1.000284750486476e+00 -1.898222898580626e-03 -9.225150050397080e-04 -1.007682846453394e+00
14 11 -1.000284748931072e+00 -1.898118911248143e-03 -9.226476247444506e-04 -1.007682998628784e+00
14 12 -1.000284717664911e+00 -1.897947989043104e-03 -9.228190237101168e-04 -1.007683384658745e+00
14 13 -1.000284657758181e+00 -1.897716597814311e-03 -9.230228595870602e-04 -1.007683990108565e+00
14 14 -1.000284571383454e+00 -1.897433434090873e-03 -9.232519451973330e-04 -1.007684792279091e+00
14 15 -1.000284461751546e+00 -1.897109119490516e-03 -9.234984309186674e-04 -1.007685760995717e+00
14 16 -1.000284333004172e+00 -1.896755831136788e-03 -9.237539646749808e-04 -1.007686859671695e+00
14 17 -1.000284190065158e+00 -1.896386876763330e-03 -9.240098432248791e-04 -1.007688046618784e+00
14 18 -1.000284038454548e+00 -1.896016224465096e-03 -9.242571747198992e-04 -1.007689276568379e+00
14 19 -1.000283884072451e+00 -1.895657998805735e-03 -9.244870737803722e-04 -1.007690502356539e+00
14 20 -1.000283732961554e+00 -1.895325957384279e-03 -9.246909049807626e-04 -1.007691676717150e+00
14 21 -1.000283591058807e+00 -1.895032964748118e-03 -9.248605806967505e-04 -1.007692754118597e+00
14 22 -1.000283463948026e+00 -1.894790483116936e-03 -9.249889079338963e-04 -1.007693692571622e+00
14 23 -1.000283356625746e+00 -1.894608101317209e-03 -9.250699670075666e-04 -1.007694455330993e+00
14 24 -1.000283273292210e+00 -1.894493124425983e-03 -9.250994927112196e-04 -1.007695012412746e+00
14 25 -1.000283217178057e+00 -1.894450246490468e-03 -9.250752183659843e-04 -1.007695341852481e+00
14 26 -1.000283190415221e+00 -1.894481326606362e-03 -9.249971394705051e-04 -1.007695430638976e+00
14 27 -1.000283193958045e+00 -1.894585284175016e-03 -9.248676586276825e-04 -1.007695275271651e+00
14 28 -1.000283227557490e+00 -1.894758122722926e-03 -9.246915844807772e-04 -1.007694881910141e+00
14 29 -1.000283289787927e+00 -1.894993084153241e-03 -9.244759710588899e-04 -1.007694266107412e+00
14 30 -1.000283378122752e+00 -1.895280927389414e-03 -9.242297995088681e-04 -1.007693452141828e+00
14 31 -1.000283489052578e+00 -1.895610317522949e-03 -9.239635219361762e-04 -1.007692471985777e+00
15 0 -1.000283592298016e+00 -1.896202432183496e-03 -9.224956280228183e-04 -1.007691089528625e+00
15 1 -1.000283734974190e+00 -1.896575245590594e-03 -9.222242239535543e-04 -1.007689895296959e+00
15 2 -1.000283885598489e+00 -1.896948467679311e-03 -9.219667307878468e-04 -1.007688661425359e+00
15 3 -1.000284038461305e+00 -1.897307652157815e-03 -9.217336137018779e-04 -1.007687435390161e+00
15 4 -1.000284187804160e+00 -1.897639000840324e-03 -9.215339878090786e-04 -1.007686264107397e+00
15 5 -1.000284328022813e+00 -1.897929891978316e-03 -9.213752473822137e-04 -1.007685192163770e+00
15 6 -1.000284453861766e+00 -1.898169347749345e-03 -9.212628262183080e-04 -1.007684260169411e+00
15 7 -1.000284560595840e+00 -1.898348425718473e-03 -9.212000903216208e-04 -1.007683503285732e+00
15 8 -1.000284644194906e+00 -1.898460523887852e-03 -9.211883506644054e-04 -1.007682949971716e+00
15 9 -1.000284701468090e+00 -1.898501593233289e-03 -9.212269750567809e-04 -1.007682620982371e+00
15 10 -1.000284730183600e+00 -1.898470255260280e-03 -9.213135728228518e-04 -1.007682528644751e+00
15 11 -1.000284729159794e+00 -1.898367825308001e-03 -9.214442226482950e-04 -1.007682676429617e+00
15 12 -1.000284698322841e+00 -1.898198245050504e-03 -9.216137140645965e-04 -1.007683058829341e+00
15 13 -1.000284638726760e+00 -1.897967929552878e-03 -9.218157786280109e-04 -1.007683661544944e+00
15 14 -1.000284552532576e+00 -1.897685535246633e-03 -9.220432968666070e-04 -1.007684461977943e+00
15 15 -1.000284442944585e+00 -1.897361655740945e-03 -9.222884778368753e-04 -1.007685430016078e+00
15 16 -1.000284314103251e+00 -1.897008453073299e-03 -9.225430172517288e-04 -1.007686529094840e+00
15 17 -1.000284170936406e+00 -1.896639233066047e-03 -9.227982477172351e-04 -1.007687717507914e+00
15 18 -1.000284018973069e+00 -1.896267974855668e-03 -9.230453004192847e-04 -1.007688949929612e+00
15 19 -1.000283864126861e+00 -1.895908826441481e-03 -9.232752992588798e-04 -1.007690179102412e+00
15 20 -1.000283712458018e+00 -1.895575580391050e-03 -9.234796038223417e-04 -1.007691357633502e+00
15 21 -1.000283569924508e+00 -1.895281146527137e-03 -9.236501077002876e-04 -1.007692439835646e+00
15 22 -1.000283442133935e+00 -1.895037041049226e-03 -9.237795865864115e-04 -1.007693383540144e+00
15 23 -1.000283334108512e+00 -1.894852913596272e-03 -9.238620782745711e-04 -1.007694151804556e+00
15 24 -1.000283250075099e+00 -1.894736134854326e-03 -9.238932648480132e-04 -1.007694714436746e+00
15 25 -1.000283193290959e+00 -1.894691467050699e-03 -9.238708179517114e-04 -1.007695049260602e+00
15 26 -1.000283165913709e+00 -1.894720837542877e-03 -9.237946645129206e-04 -1.007695143057616e+00
15 27 -1.000283168921434e+00 -1.894823231394487e-03 -9.236671345055223e-04 -1.007694992132655e+00
15 28 -1.000283202085899e+00 -1.894994712570991e-03 -9.234929627776144e-04 -1.007694602471584e+00
15 29 -1.000283263998465e+00 -1.895228575852883e-03 -9.232791308708031e-04 -1.007693989481545e+00
15 30 -1.000283352145047e+00 -1.895515623468502e-03 -9.230345510463666e-04 -1.007693177328914e+00
15 31 -1.000283463023861e+00 -1.895844552494367e-03 -9.227696127129546e-04 -1.007692197912541e+00
16 0 -1.000283533693169e+00 -1.896402336505864e-03 -9.214188814216539e-04 -1.007690903979092e+00
16 1 -1.000283676474146e+00 -1.896775125150641e-03 -9.211482795184459e-04 -1.007689709154393e+00
16 2 -1.000283827348082e+00 -1.897148701196433e-03 -9.208911822278927e-04 -1.007688473537612e+00
16 3 -1.000283980595718e+00 -1.897508604798267e-03 -9.206580377155828e-04 -1.007687244674268e+00
16 4 -1.000284130443684e+00 -1.897841009747830e-03 -9.204579607919360e-04 -1.007686069592197e+00
16 5 -1.000284271268155e+00 -1.898133252862658e-03 -9.202983627267801e-04 -1.007684993027903e+00
16 6 -1.000284397790072e+00 -1.898374303168712e-03 -9.201847110644560e-04 -1.007684055773133e+00
16 7 -1.000284505257693e+00 -1.898555155681720e-03 -9.201204205882899e-04 -1.007683293194894e+00
16 8 -1.000284589612477e+00 -1.898669139143055e-03 -9.201068637643649e-04 -1.007682733973015e+00
16 9 -1.000284647634422e+00 -1.898712131312903e-03 -9.201434801406026e-04 -1.007682399089940e+00
16 10 -1.000284677062948e+00 -1.898682679290913e-03 -9.202279582872831e-04 -1.007682301098474e+00
16 11 -1.000284676689001e+00 -1.898582025695295e-03 -9.203564603491813e-04 -1.007682443685161e+00
16 12 -1.000284646413797e+00 -1.898414044110540e-03 -9.205238597737625e-04 -1.007682821539818e+00
16 13 -1.000284587269891e+00 -1.898185088883580e-03 -9.207239687939806e-04 -1.007683420534838e+00
16 14 -1.000284501401173e+00 -1.897903765355229e-03 -9.209497422178535e-04 -1.007684218210826e+00
16 15 -1.000284391999740e+00 -1.897580627387381e-03 -9.211934544697525e-04 -1.007685184557755e+00
16 16 -1.000284263199193e+00 -1.897227809871610e-03 -9.214468556690855e-04 -1.007686283073243e+00
16 17 -1.000284119926041e+00 -1.896858604903875e-03 -9.217013201153588e-04 -1.007687472071042e+00
16 18 -1.000283967713512e+00 -1.896486991640709e-03 -9.219480065353981e-04 -1.007688706203106e+00
16 19 -1.000283812484750e+00 -1.896127131707005e-03 -9.221780512785659e-04 -1.007689938148298e+00
16 20 -1.000283660314478e+00 -1.895792844400022e-03 -9.223828110457953e-04 -1.007691120411073e+00
16 21 -1.000283517179666e+00 -1.895497078547709e-03 -9.225541616557668e-04 -1.007692207165278e+00
16 22 -1.000283388710771e+00 -1.895251400374511e-03 -9.226848470019214e-04 -1.007693156071330e+00
16 23 -1.000283279955842e+00 -1.895065518803746e-03 -9.227688600524937e-04 -1.007693929989941e+00
16 24 -1.000283195169562e+00 -1.894946870883174e-03 -9.228018262817953e-04 -1.007694498513648e+00
16 25 -1.000283137637965e+00 -1.894900289838312e-03 -9.227813507913508e-04 -1.007694839240713e+00
16 26 -1.000283109547354e+00 -1.894927776052257e-03 -9.227072865946327e-04 -1.007694938725126e+00
16 27 -1.000283111903298e+00 -1.895028386899129e-03 -9.225818852280149e-04 -1.007694793051139e+00
16 28 -1.000283144502714e+00 -1.895198255166930e-03 -9.224098011901602e-04 -1.007694407999840e+00
16 29 -1.000283205958787e+00 -1.895430738329349e-03 -9.221979361962682e-04 -1.007693798797819e+00
16 30 -1.000283293775161e+00 -1.895716692750262e-03 -9.219551260091165e-04 -1.007692989462320e+00
16 31 -1.000283404463031e+00 -1.896044858856482e-03 -9.216916902566730e-04 -1.007692011780471e+00
17 0 -1.000283444667909e+00 -1.896560475801179e-03 -9.204997136721692e-04 -1.007690813864359e+00
17 1 -1.000283587430054e+00 -1.896932965746593e-03 -9.202299965319405e-04 -1.007689619330089e+00
17 2 -1.000283738441219e+00 -1.897306635852871e-03 -9.199733623416982e-04 -1.007688382781265e+00
17 3 -1.000283891976809e+00 -1.897667022525987e-03 -9.197402395993739e-04 -1.007687151802047e+00
17 4 -1.000284042252365e+00 -1.898000280526140e-03 -9.195397412254155e-04 -1.007685973504861e+00
17 5 -1.000284183627596e+00 -1.898293713170477e-03 -9.193792947250388e-04 -1.007684892752953e+00
17 6 -1.000284310802194e+00 -1.898536242916951e-03 -9.192644010285508e-04 -1.007683950501778e+00
17 7 -1.000284418999240e+00 -1.898718807069923e-03 -9.191985237191164e-04 -1.007683182312394e+00
17 8 -1.000284504132128e+00 -1.898834667838819e-03 -9.191830976099931e-04 -1.007682617081198e+00
17 9 -1.000284562950992e+00 -1.898879630235007e-03 -9.192176360261166e-04 -1.007682276021290e+00
17 10 -1.000284593164646e+00 -1.898852165229204e-03 -9.192999097711253e-04 -1.007682171921622e+00
17 11 -1.000284593533808e+00 -1.898753438957689e-03 -9.194261677675167e-04 -1.007682308701589e+00
17 12 -1.000284563931067e+00 -1.898587251232318e-03 -9.195913707029424e-04 -1.007682681271663e+00
17 13 -1.000284505363147e+00 -1.898359888188594e-03 -9.197894150673515e-04 -1.007683275704275e+00
17 14 -1.000284419951914e+00 -1.898079894990271e-03 -9.200133341476152e-04 -1.007684069712158e+00
17 15 -1.000284310872021e+00 -1.897757775446863e-03 -9.202554723983681e-04 -1.007685033423578e+00
17 16 -1.000284182244811e+00 -1.897405626269269e-03 -9.205076388025053e-04 -1.007686130435823e+00
17 17 -1.000284038990188e+00 -1.897036714584195e-03 -9.207612530574893e-04 -1.007687319120113e+00
17 18 -1.000283886640695e+00 -1.896665008607825e-03 -9.210075044287109e-04 -1.007688554141609e+00
17 19 -1.000283731124715e+00 -1.896304673351699e-03 -9.212375443708802e-04 -1.007689788147659e+00
17 20 -1.000283578527915e+00 -1.895969545731054e-03 -9.214427290496422e-04 -1.007690973567286e+00
17 21 -1.000283434843541e+00 -1.895672605982058e-03 -9.216149180533595e-04 -1.007692064456867e+00
17 22 -1.000283305723102e+00 -1.895425464595923e-03 -9.217468236777257e-04 -1.007693018320778e+00
17 23 -1.000283196239686e+00 -1.895237886027976e-03 -9.218323929653536e-04 -1.007693797830748e+00
17 24 -1.000283110675980e+00 -1.895117371920741e-03 -9.218671929484566e-04 -1.007694372365006e+00
17 25 -1.000283052347869e+00 -1.895068826619319e-03 -9.218487601032773e-04 -1.007694719290742e+00
17 26 -1.000283023472212e+00 -1.895094325521622e-03 -9.217768711316288e-04 -1.007694824922873e+00
17 27 -1.000283025084696e+00 -1.895193002229963e-03 -9.216536960135464e-04 -1.007694685107487e+00
17 28 -1.000283057010787e+00 -1.895361064171108e-03 -9.214838049295042e-04 -1.007694305397694e+00
17 29 -1.000283117889575e+00 -1.895591938964387e-03 -9.212740153760553e-04 -1.007693700811560e+00
17 30 -1.000283205246981e+00 -1.895876545775963e-03 -9.210330824135738e-04 -1.007692895185807e+00
17 31 -1.000283315611987e+00 -1.896203677880529e-03 -9.207712521064733e-04 -1.007691920162388e+00
18 0 -1.000283328596903e+00 -1.896670904209923e-03 -9.197732879721197e-04 -1.007690822277762e+00
18 1 -1.000283471217745e+00 -1.897042834037135e-03 -9.195045016007220e-04 -1.007689628903266e+00
18 2 -1.000283622248992e+00 -1.897416335917984e-03 -9.192483765254760e-04 -1.007688392267872e+00
18 3 -1.000283775965236e+00 -1.897776952430928e-03 -9.190153202231245e-04 -1.007687159962222e+00
18 4 -1.000283926575092e+00 -1.898110829035427e-03 -9.188144423739747e-04 -1.007685979152840e+00
18 5 -1.000284068425514e+00 -1.898405244787879e-03 -9.186531850462888e-04 -1.007684894801891e+00
18 6 -1.000284196198091e+00 -1.898649083924666e-03 -9.185370807065393e-04 -1.007683948004530e+00
18 7 -1.000284305093105e+00 -1.898833232982564e-03 -9.184696402258227e-04 -1.007683174497108e+00
18 8 -1.000284390997273e+00 -1.898950892746490e-03 -9.184523599143813e-04 -1.007682603380394e+00
18 9 -1.000284450631153e+00 -1.898997798579966e-03 -9.184848264754474e-04 -1.007682256093045e+00
18 10 -1.000284481672211e+00 -1.898972346466290e-03 -9.185648925647779e-04 -1.007682145661899e+00
18 11 -1.000284482849293e+00 -1.898875625273320e-03 -9.186888934605837e-04 -1.007682276247371e+00
18 12 -1.000284454003870e+00 -1.898711358225915e-03 -9.188518770920796e-04 -1.007682642995139e+00
18 13 -1.000284396113516e+00 -1.898485758329388e-03 -9.190478251031532e-04 -1.007683232198541e+00
18 14 -1.000284311274005e+00 -1.898207303710155e-03 -9.192698509666477e-04 -1.007684021768961e+00
18 15 -1.000284202637920e+00 -1.897886439722759e-03 -9.195103711176409e-04 -1.007684982003773e+00
18 16 -1.000284074309432e+00 -1.897535215397116e-03 -9.197612551730075e-04 -1.007686076633569e+00
18 17 -1.000283931196877e+00 -1.897166862675196e-03 -9.200139699424149e-04 -1.007687264122094e+00
18 18 -1.000283778827296e+00 -1.896795328306064e-03 -9.202597372468050e-04 -1.007688499182683e+00
18 19 -1.000283623129828e+00 -1.896434770357169e-03 -9.204897259538946e-04 -1.007689734464295e+00
18 20 -1.000283470197126e+00 -1.896099033738330e-03 -9.206952937961970e-04 -1.007690922350227e+00
18 21 -1.000283326035403e+00 -1.895801121520800e-03 -9.208682855800465e-04 -1.007692016804759e+00
18 22 -1.000283196314668e+00 -1.895552681100745e-03 -9.210013828941042e-04 -1.007692975196858e+00
18 23 -1.000283086131286e+00 -1.895363526453206e-03 -9.210884876527728e-04 -1.007693760024759e+00
18 24 -1.000282999795014e+00 -1.895241219382083e-03 -9.211251093520821e-04 -1.007694340462047e+00
18 25 -1.000282940651485e+00 -1.895190732747960e-03 -9.211087165086119e-04 -1.007694693648186e+00
18 26 -1.000282910948838e+00 -1.895214216314479e-03 -9.210390094563117e-04 -1.007694805656004e+00
18 27 -1.000282911754451e+00 -1.895310881174421e-03 -9.209180758308035e-04 -1.007694672084390e+00
18 28 -1.000282942924724e+00 -1.895477012426747e-03 -9.207504004804110e-04 -1.007694298243809e+00
18 29 -1.000283003127740e+00 -1.895706112483706e-03 -9.205427158975679e-04 -1.007693698924004e+00
18 30 -1.000283089915332e+00 -1.895989169421648e-03 -9.203036957935908e-04 -1.007692897756979e+00
18 31 -1.000283199838315e+00 -1.896315036767663e-03 -9.200435116896104e-04 -1.007691926211868e+00
19 0 -1.000283189862415e+00 -1.896729480009713e-03 -9.192671539902535e-04 -1.007690928798488e+00
19 1 -1.000283332225103e+00 -1.897100610119451e-03 -9.189993078369217e-04 -1.007689737407871e+00
19 2 -1.000283483158777e+00 -1.897473688397446e-03 -9.187437171344305e-04 -1.007688501533456e+00
19 3 -1.000283636941744e+00 -1.897834273337992e-03 -9.185107678230623e-04 -1.007687268739746e+00
19 4 -1.000283787780154e+00 -1.898168511322040e-03 -9.183095646822563e-04 -1.007686086214474e+00
19 5 -1.000283930012443e+00 -1.898463667329322e-03 -9.181475618370399e-04 -1.007684998987151e+00
19 6 -1.000284058305905e+00 -1.898708596997237e-03 -9.180303205749058e-04 -1.007684048263810e+00
19 7 -1.000284167841192e+00 -1.898894144755230e-03 -9.179613963901434e-04 -1.007683269931236e+00
19 8 -1.000284254480681e+00 -1.899013457372376e-03 -9.179423441654710e-04 -1.007682693274724e+00
19 9 -1.000284314916768e+00 -1.899062206458608e-03 -9.179728204776806e-04 -1.007682339944536e+00
19 10 -1.000284346796072e+00 -1.899038717117707e-03 -9.180507559978971e-04 -1.007682223197852e+00
19 11 -1.000284348815166e+00 -1.898944003033139e-03 -9.181725688811477e-04 -1.007682347435259e+00
19 12 -1.000284320783081e+00 -1.898781710765306e-03 -9.183333916589053e-04 -1.007682708043592e+00
19 13 -1.000284263645983e+00 -1.898557977948403e-03 -9.185272892332352e-04 -1.007683291549770e+00
19 14 -1.000284179470448e+00 -1.898281211393413e-03 -9.187474537480285e-04 -1.007684076082759e+00
19 15 -1.000284071383239e+00 -1.897961791899935e-03 -9.189863724069528e-04 -1.007685032133337e+00
19 16 -1.000283943467162e+00 -1.897611713164029e-03 -9.192359748746919e-04 -1.007686123593882e+00
19 17 -1.000283800614502e+00 -1.897244163070225e-03 -9.194877754151071e-04 -1.007687309052066e+00
19 18 -1.000283648342197e+00 -1.896873057240685e-03 -9.197330295391213e-04 -1.007688543302272e+00
19 19 -1.000283492575624e+00 -1.896512536852838e-03 -9.199629249739457e-04 -1.007689779027808e+00
19 20 -1.000283339410203e+00 -1.896176445013151e-03 -9.201688224583153e-04 -1.007690968597434e+00
19 21 -1.000283194861359e+00 -1.895877798232182e-03 -9.203425536274940e-04 -1.007692065912153e+00
19 22 -1.000283064614345e+00 -1.895628271962303e-03 -9.204767715815130e-04 -1.007693028231532e+00
19 23 -1.000282953786102e+00 -1.895437721640910e-03 -9.205653360465846e-04 -1.007693817902805e+00
19 24 -1.000282866711400e+00 -1.895313762401428e-03 -9.206037021781289e-04 -1.007694403912729e+00
19 25 -1.000282806764356e+00 -1.895261430458603e-03 -9.205892733404887e-04 -1.007694763185008e+00
19 26 -1.000282776224017e+00 -1.895282946644543e-03 -9.205216757418566e-04 -1.007694881556101e+00
19 27 -1.000282776189931e+00 -1.895377598017916e-03 -9.204029167729377e-04 -1.007694754377494e+00
19 28 -1.000282806550677e+00 -1.895541747452177e-03 -9.202373983619492e-04 -1.007694386711348e+00
19 29 -1.000282866005261e+00 -1.895768973883425e-03 -9.200317706020043e-04 -1.007693793108115e+00
19 30 -1.000282952134013e+00 -1.896050337746886e-03 -9.197946280522188e-04 -1.007692996978888e+00
19 31 -1.000283061512775e+00 -1.896374757962259e-03 -9.195360690751972e-04 -1.007692029598986e+00
20 0 -1.000283033697827e+00 -1.896734009219061e-03 -9.190002445793593e-04 -1.007691129522668e+00
20 1 -1.000283175695278e+00 -1.897104130117480e-03 -9.187333137594202e-04 -1.007689940865710e+00
20 2 -1.000283326417382e+00 -1.897476545311134e-03 -9.184782633747893e-04 -1.007688706571666e+00
20 3 -1.000283480150570e+00 -1.897836838466937e-03 -9.182454576670107e-04 -1.007687474147011e+00
20 4 -1.000283631103143e+00 -1.898171167102793e-03 -9.180439948241512e-04 -1.007686290766904e+00
20 5 -1.000283773609587e+00 -1.898466792716148e-03 -9.178813383927554e-04 -1.007685201494315e+00
20 6 -1.000283902327181e+00 -1.898712552861432e-03 -9.177630751950344e-04 -1.007684247613615e+00
20 7 -1.000284012420745e+00 -1.898899260032940e-03 -9.176928011162401e-04 -1.007683465131817e+00
20 8 -1.000284099731558e+00 -1.899020016553557e-03 -9.176721240821611e-04 -1.007682883491757e+00
20 9 -1.000284160926443e+00 -1.899070438796810e-03 -9.177007640286130e-04 -1.007682524532745e+00
20 10 -1.000284193622962e+00 -1.899048787878570e-03 -9.177767230599637e-04 -1.007682401725587e+00
20 11 -1.000284196486248e+00 -1.898956007142000e-03 -9.178964962595204e-04 -1.007682519701153e+00
20 12 -1.000284169292701e+00 -1.898795669160342e-03 -9.180552953857418e-04 -1.007682874084664e+00
20 13 -1.000284112955937e+00 -1.898573836758653e-03 -9.182472634087941e-04 -1.007683451640754e+00
20 14 -1.000284029511359e+00 -1.898298843897834e-03 -9.184656662425039e-04 -1.007684230726705e+00
20 15 -1.000283922057206e+00 -1.897981003181570e-03 -9.187030579473028e-04 -1.007685182043653e+00
20 16 -1.000283794651549e+00 -1.897632247366354e-03 -9.189514258681690e-04 -1.007686269668170e+00
20 17 -1.000283652166736e+00 -1.897265713079965e-03 -9.192023307146866e-04 -1.007687452338457e+00
20 18 -1.000283500105383e+00 -1.896895276475267e-03 -9.194470614349231e-04 -1.007688684959329e+00
20 19 -1.000283344384776e+00 -1.896535052688587e-03 -9.196768248877596e-04 -1.007689920279472e+00
20 20 -1.000283191098814e+00 -1.896198873270528e-03 -9.198829860015823e-04 -1.007691110684950e+00
20 21 -1.000283046267988e+00 -1.895899758052164e-03 -9.200573657821326e-04 -1.007692210045291e+00
20 22 -1.000282915588876e+00 -1.895649400434117e-03 -9.201925926390432e-04 -1.007693175541349e+00
20 23 -1.000282804195436e+00 -1.895457687690840e-03 -9.202824885753435e-04 -1.007693969397639e+00
20 24 -1.000282716444461e+00 -1.895332279576914e-03 -9.203224590328750e-04 -1.007694560438715e+00
20 25 -1.000282655736264e+00 -1.895278268182432e-03 -9.203098469714563e-04 -1.007694925392543e+00
20 26 -1.000282624379291e+00 -1.895297939355293e-03 -9.202442095766664e-04 -1.007695049873987e+00
20 27 -1.000282623504519e+00 -1.895390651626509e-03 -9.201274795095049e-04 -1.007694928996365e+00
20 28 -1.000282653032703e+00 -1.895552842824913e-03 -9.199639813810593e-04 -1.007694567577078e+00
20 29 -1.000282711694522e+00 -1.895778167370808e-03 -9.197602880972408e-04 -1.007693979925092e+00
20 30 -1.000282797100321e+00 -1.896057758860814e-03 -9.195249196321748e-04 -1.007693189222668e+00
20 31 -1.000282905853256e+00 -1.896380604245079e-03 -9.192679051924170e-04 -1.007692226537798e+00
21 0 -1.000282866001534e+00 -1.896684321356892e-03 -9.189822269288792e-04 -1.007691417184111e+00
21 1 -1.000283007540181e+00 -1.897053260901795e-03 -9.187161554035547e-04 -1.007690231909766e+00
21 2 -1.000283157944423e+00 -1.897424797958669e-03 -9.184616334202607e-04 -1.007688999957873e+00
21 3 -1.000283311512980e+00 -1.897784549681880e-03 -9.182290039896822e-04 -1.007687768747173e+00
21 4 -1.000283462460824e+00 -1.898118694347317e-03 -9.180273576761650e-04 -1.007686585407336e+00
21 5 -1.000283605123137e+00 -1.898414500526668e-03 -9.178641649246715e-04 -1.007685495000021e+00
21 6 -1.000283734151763e+00 -1.898660798896166e-03 -9.177450337804981e-04 -1.007684538852476e+00
21 7 -1.000283844700102e+00 -1.898848381540620e-03 -9.176735942594870e-04 -1.007683753056918e+00
21 8 -1.000283932592442e+00 -1.898970317714137e-03 -9.176514994889177e-04 -1.007683167180465e+00
21 9 -1.000283994473678e+00 -1.899022179190824e-03 -9.176785241261122e-04 -1.007682803221519e+00
21 10 -1.000284027935238e+00 -1.899002172411257e-03 -9.177527329539732e-04 -1.007682674839478e+00
21 11 -1.000284031612824e+00 -1.898911177932115e-03 -9.178706893131032e-04 -1.007682786876707e+00
21 12 -1.000284005251234e+00 -1.898752699884884e-03 -9.180276755391382e-04 -1.007683135184973e+00
21 13 -1.000283949731625e+00 -1.898532729677140e-03 -9.182179042632547e-04 -1.007683706761941e+00
21 14 -1.000283867057443e+00 -1.898259529545871e-03 -9.184347076880139e-04 -1.007684480195620e+00
21 15 -1.000283760296752e+00 -1.897943342729760e-03 -9.186707008424666e-04 -1.007685426406753e+00
21 16 -1.000283633480424e+00 -1.897596037729965e-03 -9.189179245440376e-04 -1.007686509671583e+00
21 17 -1.000283491457720e+00 -1.897230694750685e-03 -9.191679830261192e-04 -1.007687688899529e+00
21 18 -1.000283339713300e+00 -1.896861143724389e-03 -9.194121968427458e-04 -1.007688919130790e+00
21 19 -1.000283184152388e+00 -1.896501465543980e-03 -9.196417916311928e-04 -1.007690153208007e+00
21 20 -1.000283030863118e+00 -1.896165470683127e-03 -9.198481381500807e-04 -1.007691343566215e+00
21 21 -1.000282885866589e+00 -1.895866171808405e-03 -9.200230503293135e-04 -1.007692444077152e+00
21 22 -1.000282754866251e+00 -1.895615269402728e-03 -9.201591366436150e-04 -1.007693411876957e+00
21 23 -1.000282643008900e+00 -1.895422671884311e-03 -9.202501867224895e-04 -1.007694209100076e+00
21 24 -1.000282554669613e+00 -1.895296073417838e-03 -9.202915622985740e-04 -1.007694804439134e+00
21 25 -1.000282493271682e+00 -1.895240612395594e-03 -9.202805529913087e-04 -1.007695174453657e+00
21 26 -1.000282461150275e+00 -1.895258631003804e-03 -9.202166550668805e-04 -1.007695304560485e+00
21 27 -1.000282459465759e+00 -1.895349551892560e-03 -9.201017349335670e-04 -1.007695189653439e+00
21 28 -1.000282488169815e+00 -1.895509882208690e-03 -9.199400480050639e-04 -1.007694834317976e+00
21 29 -1.000282546024394e+00 -1.895733348091739e-03 -9.197380975665217e-04 -1.007694252628209e+00
21 30 -1.000282630670314e+00 -1.896011154399966e-03 -9.195043362348690e-04 -1.007693467538114e+00
21 31 -1.000282738739299e+00 -1.896332356137626e-03 -9.192487309388679e-04 -1.007692509902720e+00
22 0 -1.000282693126091e+00 -1.896582275880302e-03 -9.192132204451159e-04 -1.007691781364285e+00
22 1 -1.000282834129222e+00 -1.896949905457181e-03 -9.189479241335744e-04 -1.007690599997183e+00
22 2 -1.000282984120886e+00 -1.897320381490111e-03 -9.186939022823310e-04 -1.007689371064028e+00
22 3 -1.000283137415779e+00 -1.897679361517858e-03 -9.184614782866614e-04 -1.007688141869777e+00
22 4 -1.000283288239725e+00 -1.898013053250323e-03 -9.182597347224319e-04 -1.007686959467836e+00
22 5 -1.000283430933151e+00 -1.898308742635534e-03 -9.180961459939670e-04 -1.007685868883884e+00
22 6 -1.000283560147302e+00 -1.898555265130031e-03 -9.179763356690506e-04 -1.007684911450515e+00
22 7 -1.000283671029109e+00 -1.898743404899378e-03 -9.179039599892832e-04 -1.007684123306318e+00
22 8 -1.000283759390708e+00 -1.898866210787729e-03 -9.178807080125469e-04 -1.007683534104446e+00
22 9 -1.000283821859509e+00 -1.898919222213674e-03 -9.179063989400521e-04 -1.007683165966470e+00
22 10 -1.000283856004673e+00 -1.898900602321215e-03 -9.179791491848866e-04 -1.007683032708226e+00
22 11 -1.000283860435612e+00 -1.898811178955379e-03 -9.180955785961409e-04 -1.007683139356498e+00
22 12 -1.000283834867828e+00 -1.898654396087435e-03 -9.182510283347884e-04 -1.007683481968890e+00
22 13 -1.000283780151388e+00 -1.898436179783697e-03 -9.184397698768403e-04 -1.007684047762628e+00
22 14 -1.000283698258161e+00 -1.898164724258958e-03 -9.186551924038812e-04 -1.007684815550459e+00
22 15 -1.000283592225446e+00 -1.897850204776634e-03 -9.188899641121288e-04 -1.007685756473890e+00
22 16 -1.000283466055441e+00 -1.897504424778250e-03 -9.191361728444097e-04 -1.007686835016628e+00
22 17 -1.000283324572089e+00 -1.897140405083552e-03 -9.193854614619209e-04 -1.007688010273406e+00
22 18 -1.000283173239180e+00 -1.896771924283595e-03 -9.196291793283890e-04 -1.007689237439903e+00
22 19 -1.000283017946316e+00 -1.896413021847506e-03 -9.198585705679020e-04 -1.007690469478394e+00
22 20 -1.000282864771723e+00 -1.896077478232433e-03 -9.200650138215724e-04 -1.007691658903275e+00
22 21 -1.000282719732569e+00 -1.895778288705211e-03 -9.202403197474543e-04 -1.007692759622256e+00
22 22 -1.000282588534480e+00 -1.895527149796751e-03 -9.203770819715103e-04 -1.007693728762301e+00
22 23 -1.000282476332481e+00 -1.895333979639431e-03 -9.204690641335026e-04 -1.007694528403667e+00
22 24 -1.000282387515543e+00 -1.895206495271291e-03 -9.205115922010590e-04 -1.007695127142229e+00
22 25 -1.000282325525820e+00 -1.895149870016208e-03 -9.205019119029204e-04 -1.007695501402760e+00
22 26 -1.000282292721442e+00 -1.895166491572541e-03 -9.204394689469308e-04 -1.007695636435219e+00
22 27 -1.000282290288966e+00 -1.895255836905152e-03 -9.203260740291570e-04 -1.007695526941165e+00
22 28 -1.000282318208553e+00 -1.895414474134389e-03 -9.201659237539460e-04 -1.007695177296095e+00
22 29 -1.000282375271863e+00 -1.895636194527095e-03 -9.199654620791410e-04 -1.007694601355096e+00
22 30 -1.000282459149488e+00 -1.895912269568952e-03 -9.197330843488906e-04 -1.007693821853032e+00
22 31 -1.000282566501904e+00 -1.896231819880814e-03 -9.194787044210943e-04 -1.007692869433974e+00
23 0 -1.000282521648336e+00 -1.896431699028322e-03 -9.196838783709458e-04 -1.007692208794120e+00
23 1 -1.000282662058984e+00 -1.896797938339814e-03 -9.194192484201722e-04 -1.007691031715000e+00
23 2 -1.000282811558414e+00 -1.897167209154432e-03 -9.191656841342083e-04 -1.007689806367486e+00
23 3 -1.000282964480308e+00 -1.897525214637489e-03 -9.189334918445709e-04 -1.007688579921329e+00
23 4 -1.000283115065083e+00 -1.897858199571402e-03 -9.187317457496463e-04 -1.007687399325653e+00
23 5 -1.000283257662832e+00 -1.898153477151343e-03 -9.185679205027669e-04 -1.007686309536315e+00
23 6 -1.000283386929171e+00 -1.898399899288081e-03 -9.184476485753516e-04 -1.007685351852924e+00
23 7 -1.000283498009853e+00 -1.898588255085702e-03 -9.183746037368669e-04 -1.007684562419468e+00
23 8 -1.000283586710157e+00 -1.898711586402118e-03 -9.183505006883848e-04 -1.007683970933461e+00
23 9 -1.000283649645076e+00 -1.898765413784066e-03 -9.183751912663039e-04 -1.007683599599019e+00
23 10 -1.000283684366180e+00 -1.898747870154517e-03 -9.184468300546273e-04 -1.007683462350332e+00
23 11 -1.000283689460765e+00 -1.898659742760138e-03 -9.185620791684816e-04 -1.007683564364561e+00
23 12 -1.000283664618503e+00 -1.898504425960961e-03 -9.187163247738287e-04 -1.007683901876626e+00
23 13 -1.000283610660927e+00 -1.898287789014049e-03 -9.189038846130665e-04 -1.007684462301484e+00
23 14 -1.000283529529868e+00 -1.898017964439804e-03 -9.191181935932041e-04 -1.007685224661969e+00
23 15 -1.000283424232413e+00 -1.897705063602815e-03 -9.193519630354042e-04 -1.007686160312920e+00
23 16 -1.000283298741744e+00 -1.897360826594213e-03 -9.195973193587684e-04 -1.007687233945370e+00
23 17 -1.000283157855228e+00 -1.896998213997186e-03 -9.198459380069017e-04 -1.007688404846773e+00
23 18 -1.000283007013588e+00 -1.896630949587776e-03 -9.200891940295777e-04 -1.007689628383278e+00
23 19 -1.000282852087706e+00 -1.896273025546679e-03 -9.203183496184073e-04 -1.007690857658696e+00
23 20 -1.000282699142065e+00 -1.895938184473254e-03 -9.205247929990597e-04 -1.007692045294402e+00
23 21 -1.000282554185551e+00 -1.895639394783701e-03 -9.207003351127893e-04 -1.007693145266193e+00
23 22 -1.000282422921277e+00 -1.895388338246225e-03 -9.208375603516390e-04 -1.007694114727475e+00
23 23 -1.000282310507592e+00 -1.895194930811200e-03 -9.209302142400353e-04 -1.007694915742389e+00
23 24 -1.000282221342365e+00 -1.895066899830428e-03 -9.209735968287392e-04 -1.007695516849273e+00
23 25 -1.000282158881696e+00 -1.895009440837588e-03 -9.209649210939082e-04 -1.007695894377018e+00
23 26 -1.000282125502051e+00 -1.895024974590010e-03 -9.209035940271397e-04 -1.007696033445972e+00
23 27 -1.000282122412014e+00 -1.895113020528821e-03 -9.207913829643736e-04 -1.007695928599990e+00
23 28 -1.000282149616680e+00 -1.895270196920185e-03 -9.206324385246156e-04 -1.007695584035113e+00
23 29 -1.000282205934640e+00 -1.895490350873138e-03 -9.204331582780797e-04 -1.007695013412216e+00
23 30 -1.000282289064383e+00 -1.895764813320038e-03 -9.202018925282406e-04 -1.007694239264582e+00
23 31 -1.000282395694284e+00 -1.896082765808038e-03 -9.199485126858488e-04 -1.007693292034664e+00
24 0 -1.000282358127061e+00 -1.896238251779734e-03 -9.203758178109359e-04 -1.007692683752130e+00
24 1 -1.000282497910223e+00 -1.896603071891133e-03 -9.201117246084859e-04 -1.007691511183283e+00
24 2 -1.000282646855750e+00 -1.896971037165410e-03 -9.198585633000730e-04 -1.007690289857861e+00
24 3 -1.000282799318573e+00 -1.897327900000691e-03 -9.196266258724410e-04 -1.007689066793968e+00
24 4 -1.000282949556994e+00 -1.897659948726538e-03 -9.194249773964727e-04 -1.007687888811731e+00
24 5 -1.000283091934972e+00 -1.897954532851797e-03 -9.192610887626848e-04 -1.007686800765230e+00
24 6 -1.000283221117394e+00 -1.898200531887084e-03 -9.191405945838256e-04 -1.007685843883566e+00
24 7 -1.000283332254155e+00 -1.898388752559843e-03 -9.190671769802525e-04 -1.007685054274791e+00
24 8 -1.000283421149207e+00 -1.898512243490774e-03 -9.190425647518702e-04 -1.007684461637302e+00
24 9 -1.000283484410674e+00 -1.898566520664945e-03 -9.190666286408469e-04 -1.007684088213809e+00
24 10 -1.000283519577927e+00 -1.898549701034013e-03 -9.191375462258969e-04 -1.007683948014285e+00
24 11 -1.000283525221135e+00 -1.898462544780626e-03 -9.192520063655509e-04 -1.007684046326829e+00
24 12 -1.000283501008521e+00 -1.898308408961271e-03 -9.194054251785347e-04 -1.007684379528735e+00
24 13 -1.000283447736690e+00 -1.898093116777593e-03 -9.195921523382306e-04 -1.007684935203168e+00
24 14 -1.000283367320171e+00 -1.897824747961585e-03 -9.198056549966345e-04 -1.007685692559799e+00
24 15 -1.000283262737653e+00 -1.897513356641655e-03 -9.200386755954817e-04 -1.007686623150794e+00
24 16 -1.000283137934085e+00 -1.897170623563948e-03 -9.202833695820613e-04 -1.007687691866707e+00
24 17 -1.000282997679931e+00 -1.896809450217571e-03 -9.205314384865799e-04 -1.007688858188560e+00
24 18 -1.000282847391387e+00 -1.896443503952000e-03 -9.207742794076387e-04 -1.007690077662189e+00
24 19 -1.000282692918146e+00 -1.896086725577653e-03 -9.210031713183330e-04 -1.007691303549705e+00
24 20 -1.000282540307668e+00 -1.895752813520412e-03 -9.212095130168400e-04 -1.007692488602889e+00
24 21 -1.000282395556598e+00 -1.895454700927086e-03 -9.213851194014134e-04 -1.007693586895027e+00
24 22 -1.000282264360967e+00 -1.895204044448801e-03 -9.215225722322260e-04 -1.007694555640666e+00
24 23 -1.000282151877343e+00 -1.895010745915174e-03 -9.216156080352640e-04 -1.007695356926787e+00
24 24 -1.000282062507069e+00 -1.894882529975812e-03 -9.216595117996253e-04 -1.007695959275856e+00
24 25 -1.000281999714709e+00 -1.894824600783832e-03 -9.216514758453167e-04 -1.007696338963604e+00
24 26 -1.000281965889766e+00 -1.894839398394562e-03 -9.215908817324254e-04 -1.007696481023133e+00
24 27 -1.000281962257861e+00 -1.894926471180904e-03 -9.214794678355450e-04 -1.007696379881312e+00
24 28 -1.000281988844491e+00 -1.895082474748720e-03 -9.213213537417048e-04 -1.007696039592257e+00
24 29 -1.000282044491298e+00 -1.895301300653253e-03 -9.211229051944871e-04 -1.007695473654924e+00
24 30 -1.000282126921734e+00 -1.895574329923756e-03 -9.208924407993253e-04 -1.007694704426109e+00
24 31 -1.000282232850230e+00 -1.895890798110664e-03 -9.206398012751773e-04 -1.007693762163419e+00
25 0 -1.000282208855743e+00 -1.896009231295499e-03 -9.212623717155264e-04 -1.007693188561707e+00
25 1 -1.000282347999768e+00 -1.896372655900991e-03 -9.209986693285785e-04 -1.007692020557832e+00
25 2 -1.000282496350048e+00 -1.896739263145890e-03 -9.207458459492944e-04 -1.007690803543456e+00
25 3 -1.000282648284316e+00 -1.897094856642008e-03 -9.205141818329099e-04 -1.007689584373717e+00
25 4 -1.000282798081499e+00 -1.897425773262142e-03 -9.203127322853773e-04 -1.007688409719317e+00
25 5 -1.000282940123187e+00 -1.897719406593834e-03 -9.201489607633098e-04 -1.007687324304031e+00
25 6 -1.000283069088078e+00 -1.897964673900385e-03 -9.200284972806450e-04 -1.007686369251314e+00
25 7 -1.000283180135354e+00 -1.898152411640462e-03 -9.199550224262689e-04 -1.007685580593136e+00
25 8 -1.000283269073240e+00 -1.898275688792406e-03 -9.199302663736887e-04 -1.007684987985119e+00
25 9 -1.000283332508862e+00 -1.898330031298473e-03 -9.199541040155170e-04 -1.007684613663107e+00
25 10 -1.000283367975251e+00 -1.898313554931399e-03 -9.200247201382636e-04 -1.007684471667512e+00
25 11 -1.000283374031029e+00 -1.898227007283883e-03 -9.201388142132876e-04 -1.007684567353919e+00
25 12 -1.000283350328089e+00 -1.898073721846341e-03 -9.202918160967526e-04 -1.007684897201652e+00
25 13 -1.000283297642675e+00 -1.897859488412843e-03 -9.204780913623897e-04 -1.007685448925838e+00
25 14 -1.000283217865899e+00 -1.897592344983687e-03 -9.206911243321682e-04 -1.007686201892168e+00
25 15 -1.000283113951023e+00 -1.897282297272382e-03 -9.209236755885455e-04 -1.007687127826520e+00
25 16 -1.000282989816589e+00 -1.896940972771175e-03 -9.211679195154955e-04 -1.007688191803950e+00
25 17 -1.000282850206738e+00 -1.896581217128357e-03 -9.214155765158945e-04 -1.007689353492995e+00
25 18 -1.000282700512560e+00 -1.896216641839222e-03 -9.216580609978704e-04 -1.007690568621632e+00
25 19 -1.000282546560942e+00 -1.895861134339149e-03 -9.218866664525406e-04 -1.007691790620786e+00
25 20 -1.000282394379743e+00 -1.895528344252186e-03 -9.220928030184373e-04 -1.007692972391041e+00
25 21 -1.000282249949854e+00 -1.895231162224432e-03 -9.222682937519676e-04 -1.007694068129158e+00
25 22 -1.000282118955840e+00 -1.894981210237206e-03 -9.224057250384494e-04 -1.007695035143551e+00
25 23 -1.000282006547401e+00 -1.894788364571179e-03 -9.224988338666163e-04 -1.007695835582232e+00
25 24 -1.000281917123787e+00 -1.894660334263772e-03 -9.225429013369014e-04 -1.007696437994182e+00
25 25 -1.000281854152221e+00 -1.894602318025556e-03 -9.225351121064512e-04 -1.007696818647213e+00
25 26 -1.000281820029387e+00 -1.894616760452235e-03 -9.224748371605120e-04 -1.007696962533587e+00
25 27 -1.000281815992244e+00 -1.894703224066485e-03 -9.223638019460717e-04 -1.007696864008703e+00
25 28 -1.000281842081359e+00 -1.894858387731279e-03 -9.222061110459882e-04 -1.007696527027260e+00
25 29 -1.000281897156744e+00 -1.895076174630312e-03 -9.220081135440594e-04 -1.007695964964054e+00
25 30 -1.000281978962986e+00 -1.895348004724777e-03 -9.217781104909651e-04 -1.007695200031010e+00
25 31 -1.000282084237740e+00 -1.895663158399252e-03 -9.215259250619267e-04 -1.007694262325217e+00
26 0 -1.000282079619047e+00 -1.895753310762081e-03 -9.223096264869491e-04 -1.007693704184357e+00
26 1 -1.000282218136230e+00 -1.896115415841491e-03 -9.220461567162622e-04 -1.007692540628724e+00
26 2 -1.000282365872053e+00 -1.896480663136592e-03 -9.217935964189787e-04 -1.007691328053688e+00
26 3 -1.000282517227868e+00 -1.896834907663002e-03 -9.215622171023604e-04 -1.007690113145715e+00
26 4 -1.000282666505223e+00 -1.897164538029890e-03 -9.213610642565239e-04 -1.007688942411073e+00
26 5 -1.000282808106386e+00 -1.897456997990965e-03 -9.211975905490285e-04 -1.007687860419601e+00
26 6 -1.000282936727866e+00 -1.897701251336424e-03 -9.210774144208673e-04 -1.007686908157885e+00
26 7 -1.000283047542964e+00 -1.897888175330096e-03 -9.210042045505121e-04 -1.007686121544345e+00
26 8 -1.000283136369674e+00 -1.898010872155996e-03 -9.209796795137206e-04 -1.007685530149736e+00
26 9 -1.000283199820030e+00 -1.898064891786590e-03 -9.210037036868897e-04 -1.007685156157968e+00
26 10 -1.000283235426784e+00 -1.898048363616742e-03 -9.210744532137444e-04 -1.007685013593451e+00
26 11 -1.000283241743008e+00 -1.897962037717906e-03 -9.211886213754265e-04 -1.007685107832938e+00
26 12 -1.000283218410057e+00 -1.897809238850674e-03 -9.213416344590576e-04 -1.007685435413029e+00
26 13 -1.000283166189231e+00 -1.897595737407330e-03 -9.215278570472536e-04 -1.007685984139245e+00
26 14 -1.000283086953018e+00 -1.897329542177658e-03 -9.217407752285288e-04 -1.007686733496760e+00
26 15 -1.000282983633125e+00 -1.897020620934114e-03 -9.219731545080612e-04 -1.007687655355393e+00
26 16 -1.000282860124446e+00 -1.896680556000791e-03 -9.222171773448947e-04 -1.007688714952824e+00
26 17 -1.000282721146401e+00 -1.896322142733033e-03 -9.224645745304325e-04 -1.007689872131576e+00
26 18 -1.000282572065437e+00 -1.895958939660911e-03 -9.227067719839796e-04 -1.007691082796803e+00
26 19 -1.000282418684958e+00 -1.895604780898685e-03 -9.229350751566819e-04 -1.007692300552143e+00
26 20 -1.000282267011367e+00 -1.895273264374396e-03 -9.231409065234400e-04 -1.007693478459941e+00
26 21 -1.000282123006791e+00 -1.894977232504793e-03 -9.233161015785374e-04 -1.007694570862053e+00
26 22 -1.000281992340316e+00 -1.894728264347303e-03 -9.234532582908014e-04 -1.007695535190085e+00
26 23 -1.000281880149949e+00 -1.894536200161322e-03 -9.235461233770984e-04 -1.007696333689085e+00
26 24 -1.000281790827382e+00 -1.894408720911832e-03 -9.235899856660956e-04 -1.007696934976307e+00
26 25 -1.000281727836538e+00 -1.894351005756298e-03 -9.235820361187381e-04 -1.007697315357888e+00
26 26 -1.000281693575049e+00 -1.894365488710857e-03 -9.235216508709646e-04 -1.007697459833833e+00
26 27 -1.000281689285013e+00 -1.894451731155457e-03 -9.234105588424198e-04 -1.007697362736338e+00
26 28 -1.000281715016232e+00 -1.894606420439160e-03 -9.232528657872792e-04 -1.007697027966425e+00
26 29 -1.000281769641817e+00 -1.894823497504320e-03 -9.230549198108186e-04 -1.007696468816638e+00
26 30 -1.000281850922901e+00 -1.895094408538334e-03 -9.228250196100958e-04 -1.007695707391188e+00
26 31 -1.000281955616539e+00 -1.895408467664238e-03 -9.225729851254004e-04 -1.007694773657735e+00
27 0 -1.000281975462919e+00 -1.895480225129239e-03 -9.234777021827631e-04 -1.007694210897599e+00
27 1 -1.000282113389368e+00 -1.895841136964583e-03 -9.232142982461540e-04 -1.007693051503768e+00
27 2 -1.000282260514855e+00 -1.896205074103796e-03 -9.229619170472713e-04 -1.007691843327488e+00
27 3 -1.000282411264283e+00 -1.896557941180490e-03 -9.227308249955939e-04 -1.007690632887200e+00
27 4 -1.000282559962911e+00 -1.896886179781209e-03 -9.225300580719279e-04 -1.007689466515943e+00
27 5 -1.000282701035902e+00 -1.897177288021329e-03 -9.223670547785843e-04 -1.007688388611943e+00
27 6 -1.000282829200897e+00 -1.897420283197032e-03 -9.222474150394278e-04 -1.007687439999043e+00
27 7 -1.000282939649652e+00 -1.897606092835209e-03 -9.221747857130461e-04 -1.007686656449083e+00
27 8 -1.000283028215060e+00 -1.897727863848520e-03 -9.221508615843047e-04 -1.007686067409138e+00
27 9 -1.000283091519745e+00 -1.897781183403041e-03 -9.221754823913032e-04 -1.007685694968046e+00
27 10 -1.000283127102228e+00 -1.897764208928913e-03 -9.222467997230035e-04 -1.007685553088079e+00
27 11 -1.000283133516329e+00 -1.897677708179066e-03 -9.223614834282342e-04 -1.007685647119374e+00
27 12 -1.000283110399196e+00 -1.897525012522673e-03 -9.225149387021639e-04 -1.007685973608269e+00
27 13 -1.000283058503220e+00 -1.897311887651562e-03 -9.227015125271627e-04 -1.007686520405636e+00
27 14 -1.000282979687661e+00 -1.897046326573326e-03 -9.229146777117643e-04 -1.007687267075612e+00
27 15 -1.000282876867231e+00 -1.896738270918095e-03 -9.231471912318781e-04 -1.007688185597176e+00
27 16 -1.000282753916829e+00 -1.896399267777508e-03 -9.233912318473143e-04 -1.007689241342352e+00
27 17 -1.000282615533821e+00 -1.896042069930443e-03 -9.236385313156851e-04 -1.007690394306786e+00
27 18 -1.000282467061530e+00 -1.895680187968294e-03 -9.238805209296910e-04 -1.007691600560596e+00
27 19 -1.000282314280098e+00 -1.895327404700036e-03 -9.241085156305073e-04 -1.007692813877487e+00
27 20 -1.000282163173359e+00 -1.894997265360081e-03 -9.243139510260502e-04 -1.007693987488546e+00
27 21 -1.000282019682346e+00 -1.894702560295089e-03 -9.244886785654959e-04 -1.007695075896814e+00
27 22 -1.000281889457254e+00 -1.894454819061853e-03 -9.246253140102878e-04 -1.007696036681738e+00
27 23 -1.000281777620028e+00 -1.894263836644080e-03 -9.247176230215720e-04 -1.007696832218155e+00
27 24 -1.000281688549554e+00 -1.894137254258155e-03 -9.247609142878755e-04 -1.007697431231492e+00
27 25 -1.000281625700540e+00 -1.894080217996399e-03 -9.247523993005904e-04 -1.007697810111410e+00
27 26 -1.000281591465268e+00 -1.894095136688964e-03 -9.246914746324382e-04 -1.007697953913758e+00
27 27 -1.000281587084632e+00 -1.894181555494441e-03 -9.245798884520652e-04 -1.007697856996307e+00
27 28 -1.000281612611538e+00 -1.894336155130755e-03 -9.244217638736560e-04 -1.007697523254189e+00
27 29 -1.000281666926423e+00 -1.894552879545694e-03 -9.242234644510804e-04 -1.007696965943125e+00
27 30 -1.000281747801673e+00 -1.894823187285962e-03 -9.239933024821720e-04 -1.007696207101214e+00
27 31 -1.000281852009113e+00 -1.895136413856723e-03 -9.237411091031589e-04 -1.007695276602746e+00
28 0 -1.000281900488484e+00 -1.895200412176481e-03 -9.247222293806474e-04 -1.007694689038788e+00
28 1 -1.000282037883188e+00 -1.895560303470247e-03 -9.244587200821958e-04 -1.007693533358640e+00
28 2 -1.000282184426111e+00 -1.895923031085008e-03 -9.242064262462515e-04 -1.007692329369893e+00
28 3 -1.000282334564659e+00 -1.896274545527209e-03 -9.239756130360633e-04 -1.007691123430279e+00
28 4 -1.000282482647951e+00 -1.896601340590037e-03 -9.237753071939711e-04 -1.007689961697561e+00
28 5 -1.000282623125399e+00 -1.896890970836073e-03 -9.236129299350798e-04 -1.007688888387404e+00
28 6 -1.000282750738299e+00 -1.897132511853262e-03 -9.234940566323509e-04 -1.007687944141638e+00
28 7 -1.000282860700450e+00 -1.897316948804129e-03 -9.234223036986578e-04 -1.007687164558459e+00
28 8 -1.000282948864147e+00 -1.897437483122349e-03 -9.233993309682557e-04 -1.007686578927212e+00
28 9 -1.000283011867881e+00 -1.897489751066909e-03 -9.234249399412345e-04 -1.007686209201762e+00
28 10 -1.000283047261869e+00 -1.897471951658701e-03 -9.234972420968384e-04 -1.007686069237842e+00
28 11 -1.000283053607071e+00 -1.897384884979458e-03 -9.236128672766794e-04 -1.007686164311709e+00
28 12 -1.000283030542977e+00 -1.897231904077401e-03 -9.237671830423958e-04 -1.007686490931370e+00
28 13 -1.000282978819391e+00 -1.897018784756666e-03 -9.239545029764021e-04 -1.007687036946438e+00
28 14 -1.000282900288161e+00 -1.896753518268614e-03 -9.241682717858091e-04 -1.007687781956645e+00
28 15 -1.000282797852194e+00 -1.896446032992993e-03 -9.244012242378257e-04 -1.007688698011104e+00
28 16 -1.000282675370878e+00 -1.896107852192943e-03 -9.246455234382818e-04 -1.007689750582432e+00
28 17 -1.000282537523103e+00 -1.895751695469095e-03 -9.248928928070632e-04 -1.007690899792385e+00
28 18 -1.000282389631479e+00 -1.895391032320476e-03 -9.251347629760516e-04 -1.007692101857430e+00
28 19 -1.000282237453958e+00 -1.895039598244362e-03 -9.253624555003256e-04 -1.007693310712138e+00
28 20 -1.000282086951556e+00 -1.894710886894005e-03 -9.255674189720368e-04 -1.007694479756690e+00
28 21 -1.000281944042744e+00 -1.894417634770265e-03 -9.257415233705566e-04 -1.007695563665072e+00
28 22 -1.000281814356176e+00 -1.894171317156553e-03 -9.258774080202601e-04 -1.007696520183816e+00
28 23 -1.000281702993899e+00 -1.893981676019044e-03 -9.259688666477258e-04 -1.007697311845967e+00
28 24 -1.000281614317145e+00 -1.893856302546081e-03 -9.260112395403511e-04 -1.007697907521304e+00
28 25 -1.000281551765819e+00 -1.893800297645059e-03 -9.260017719361727e-04 -1.007698283724722e+00
28 26 -1.000281517720864e+00 -1.893816031554063e-03 -9.259398949504659e-04 -1.007698425613196e+00
28 27 -1.000281513415767e+00 -1.893903018792798e-03 -9.258273911428881e-04 -1.007698327617662e+00
28 28 -1.000281538900238e+00 -1.894057918324407e-03 -9.256684172152557e-04 -1.007697993676025e+00
28 29 -1.000281593055848e+00 -1.894274661909392e-03 -9.254693687024905e-04 -1.007697437054957e+00
28 30 -1.000281673660415e+00 -1.894544706027028e-03 -9.252385870431681e-04 -1.007696679770920e+00
28 31 -1.000281777495378e+00 -1.894857394563713e-03 -9.249859282110300e-04 -1.007695751644061e+00
29 0 -1.000281857679471e+00 -1.894924620090666e-03 -9.259959752147356e-04 -1.007695119789163e+00
29 1 -1.000281994622411e+00 -1.895283704102564e-03 -9.257321899831561e-04 -1.007693967227698e+00
29 2 -1.000282140633463e+00 -1.895645370643433e-03 -9.254798858490340e-04 -1.007692767050114e+00
29 3 -1.000282290180563e+00 -1.895995610568122e-03 -9.252493302667161e-04 -1.007691565467174e+00
29 4 -1.000282437635919e+00 -1.896320966987674e-03 -9.250495412552979e-04 -1.007690408466443e+00
29 5 -1.000282577473626e+00 -1.896609050653082e-03 -9.248879206641024e-04 -1.007689340077528e+00
29 6 -1.000282704460212e+00 -1.896848997849287e-03 -9.247700147189862e-04 -1.007688400748291e+00
29 7 -1.000282813834187e+00 -1.897031856504869e-03 -9.246994020013275e-04 -1.007687625883033e+00
29 8 -1.000282901470984e+00 -1.897150890362891e-03 -9.246776971487355e-04 -1.007687044585214e+00
29 9 -1.000282964029715e+00 -1.897201794924787e-03 -9.247046508335823e-04 -1.007686678638593e+00
29 10 -1.000282999077880e+00 -1.897182822833793e-03 -9.247783203860427e-04 -1.007686541751641e+00
29 11 -1.000283005189733e+00 -1.897094819867237e-03 -9.248952809189720e-04 -1.007686639082220e+00
29 12 -1.000282982013496e+00 -1.896941174919240e-03 -9.250508473695288e-04 -1.007686967053592e+00
29 13 -1.000282930302743e+00 -1.896727688372889e-03 -9.252392849405743e-04 -1.007687513467578e+00
29 14 -1.000282851908060e+00 -1.896462364006185e-03 -9.254539957690807e-04 -1.007688257914362e+00
29 15 -1.000282749726304e+00 -1.896155130538263e-03 -9.256876792438050e-04 -1.007689172470897e+00
29 16 -1.000282627606480e+00 -1.895817499750080e-03 -9.259324717227755e-04 -1.007690222672573e+00
29 17 -1.000282490213237e+00 -1.895462168640267e-03 -9.261800796668274e-04 -1.007691368735599e+00
29 18 -1.000282342851598e+00 -1.895102574014587e-03 -9.264219268788074e-04 -1.007692566998697e+00
29 19 -1.000282191259262e+00 -1.894752409996102e-03 -9.266493377541416e-04 -1.007693771541681e+00
29 20 -1.000282041375149e+00 -1.894425121872990e-03 -9.268537727699208e-04 -1.007694935927340e+00
29 21 -1.000281899094620e+00 -1.894133392532344e-03 -9.270271225050314e-04 -1.007696015003895e+00
29 22 -1.000281770022906e+00 -1.893888640122849e-03 -9.271620552267309e-04 -1.007696966698242e+00
29 23 -1.000281659239024e+00 -1.893700547855688e-03 -9.272524008683303e-04 -1.007697753724150e+00
29 24 -1.000281571082384e+00 -1.893576648745811e-03 -9.272935413626600e-04 -1.007698345125917e+00
29 25 -1.000281508973187e+00 -1.893521988387371e-03 -9.272827671930469e-04 -1.007698717579846e+00
29 26 -1.000281475275570e+00 -1.893538886535623e-03 -9.272195570675922e-04 -1.007698856385153e+00
29 27 -1.000281471209668e+00 -1.893626813623044e-03 -9.271057425563528e-04 -1.007698756091130e+00
29 28 -1.000281496815713e+00 -1.893782392340432e-03 -9.269455294558470e-04 -1.007698420726157e+00
29 29 -1.000281550970055e+00 -1.893999527456481e-03 -9.267453605131806e-04 -1.007697863615663e+00
29 30 -1.000281631449906e+00 -1.894269659064027e-03 -9.265136204032271e-04 -1.007697106799899e+00
29 31 -1.000281735040855e+00 -1.894582126116460e-03 -9.262602026898558e-04 -1.007696180086113e+00
30 0 -1.000281848771915e+00 -1.894663495009639e-03 -9.272505684637194e-04 -1.007695485964783e+00
30 1 -1.000281985361196e+00 -1.895022017982328e-03 -9.269863426995379e-04 -1.007694335801165e+00
30 2 -1.000282130912241e+00 -1.895382814703097e-03 -9.267339265616658e-04 -1.007693138905827e+00
30 3 -1.000282279910758e+00 -1.895731909225507e-03 -9.265035932725359e-04 -1.007691941362193e+00
30 4 -1.000282426750350e+00 -1.896055888942481e-03 -9.263043535257755e-04 -1.007690788999904e+00
30 5 -1.000282565929204e+00 -1.896342418170665e-03 -9.261435890336721e-04 -1.007689725666707e+00
30 6 -1.000282692239631e+00 -1.896580693981859e-03 -9.260268134057453e-04 -1.007688791612036e+00
30 7 -1.000282800946580e+00 -1.896761829945392e-03 -9.259575609781859e-04 -1.007688022033178e+00
30 8 -1.000282887951548e+00 -1.896879157596788e-03 -9.259373923201695e-04 -1.007687445826453e+00
30 9 -1.000282949938282e+00 -1.896928439492123e-03 -9.259659968060427e-04 -1.007687084576894e+00
30 10 -1.000282984496501e+00 -1.896907991743869e-03 -9.260413661038691e-04 -1.007686951810819e+00
30 11 -1.000282990219315e+00 -1.896818717365200e-03 -9.261600081224388e-04 -1.007687052527939e+00
30 12 -1.000282966769655e+00 -1.896664053914295e-03 -9.263171718102681e-04 -1.007687383023709e+00
30 13 -1.000282914911112e+00 -1.896449839987978e-03 -9.265070602866257e-04 -1.007687931007246e+00
30 14 -1.000282836499311e+00 -1.896184105840186e-03 -9.267230200234547e-04 -1.007688676013888e+00
30 15 -1.000282734431153e+00 -1.895876794220802e-03 -9.269577033695120e-04 -1.007689590104526e+00
30 16 -1.000282612550783e+00 -1.895539418259981e-03 -9.272032100183452e-04 -1.007690638836880e+00
30 17 -1.000282475513327e+00 -1.895184663813601e-03 -9.274512212438865e-04 -1.007691782486396e+00
30 18 -1.000282328610013e+00 -1.894825944697648e-03 -9.276931475477267e-04 -1.007692977485260e+00
30 19 -1.000282177561059e+00 -1.894476921243159e-03 -9.279203119188959e-04 -1.007694178037179e+00
30 20 -1.000282028284905e+00 -1.894150995418774e-03 -9.281241853005557e-04 -1.007695337854824e+00
30 21 -1.000281886654092e+00 -1.893860798694612e-03 -9.282966804623527e-04 -1.007696411957491e+00
30 22 -1.000281758249402e+00 -1.893617691434374e-03 -9.284304987806280e-04 -1.007697358458824e+00
30 23 -1.000281648124619e+00 -1.893431294860232e-03 -9.285195125259304e-04 -1.007698140268283e+00
30 24 -1.000281560594159e+00 -1.893309078223441e-03 -9.285591531810951e-04 -1.007698726627188e+00
30 25 -1.000281499054479e+00 -1.893256023900776e-03 -9.285467663890164e-04 -1.007699094402777e+00
30 26 -1.000281465848059e+00 -1.893274391023791e-03 -9.284818903920927e-04 -1.007699229072560e+00
30 27 -1.000281462176136e+00 -1.893363593964032e-03 -9.283664190392255e-04 -1.007699125345458e+00
30 28 -1.000281488063470e+00 -1.893520206018796e-03 -9.282046207213055e-04 -1.007698787384699e+00
30 29 -1.000281542375091e+00 -1.893738091342111e-03 -9.280029984200998e-04 -1.007698228619765e+00
30 30 -1.000281622881626e+00 -1.894008659959372e-03 -9.277699925260514e-04 -1.007697471159226e+00
30 31 -1.000281726367165e+00 -1.894321232559871e-03 -9.275155461145092e-04 -1.007696544839684e+00
31 0 -1.000281874173485e+00 -1.894427164458959e-03 -9.284382703803465e-04 -1.007695772773497e+00
31 1 -1.000282010521676e+00 -1.894785396631458e-03 -9.281734507310408e-04 -1.007694624187501e+00
31 2 -1.000282155703127e+00 -1.895145550673393e-03 -9.279208193570321e-04 -1.007693429912175e+00
31 3 -1.000282304217871e+00 -1.895493675192308e-03 -9.276906592205806e-04 -1.007692235928581e+00
31 4 -1.000282450478298e+00 -1.895816394951106e-03 -9.274919759508566e-04 -1.007691087927236e+00
31 5 -1.000282589005093e+00 -1.896101423147413e-03 -9.273321310909462e-04 -1.007690029585351e+00
31 6 -1.000282714615910e+00 -1.896338015528439e-03 -9.272166029538719e-04 -1.007689100956880e+00
31 7 -1.000282822602938e+00 -1.896517351765189e-03 -9.271488766524543e-04 -1.007688337026624e+00
31 8 -1.000282908895719e+00 -1.896632834023761e-03 -9.271304521648597e-04 -1.007687766470393e+00
31 9 -1.000282970205695e+00 -1.896680296997048e-03 -9.271609499395470e-04 -1.007687410653809e+00
31 10 -1.000283004148769e+00 -1.896658127541925e-03 -9.272382871319863e-04 -1.007687282893581e+00
31 11 -1.000283009341671e+00 -1.896567295221072e-03 -9.273588942178032e-04 -1.007687387997870e+00
31 12 -1.000282985467474e+00 -1.896411297250222e-03 -9.275179429543483e-04 -1.007687722096170e+00
31 13 -1.000282933305706e+00 -1.896196022643038e-03 -9.277095630917479e-04 -1.007688272763337e+00
31 14 -1.000282854723208e+00 -1.895929541072599e-03 -9.279270348066729e-04 -1.007689019436414e+00
31 15 -1.000282752622999e+00 -1.895621822523482e-03 -9.281629536219901e-04 -1.007689934116690e+00
31 16 -1.000282630850084e+00 -1.895284394396479e-03 -9.284093735643413e-04 -1.007690982342575e+00
31 17 -1.000282494055196e+00 -1.894929943461733e-03 -9.286579427580318e-04 -1.007692124410865e+00
31 18 -1.000282347520168e+00 -1.894571871196809e-03 -9.289000521563735e-04 -1.007693316814623e+00
31 19 -1.000282196951204e+00 -1.894223812935575e-03 -9.291270194187090e-04 -1.007694513855495e+00
31 20 -1.000282048248590e+00 -1.893899133933745e-03 -9.293303244129150e-04 -1.007695669377847e+00
31 21 -1.000281907263167e+00 -1.893610418489148e-03 -9.295019025431507e-04 -1.007696738562255e+00
31 22 -1.000281779551226e+00 -1.893368971031945e-03 -9.296344904209189e-04 -1.007697679707636e+00
31 23 -1.000281670140249e+00 -1.893184350242728e-03 -9.297220066114470e-04 -1.007698455925653e+00
31 24 -1.000281583317574e+00 -1.893063958565045e-03 -9.297599382899312e-04 -1.007699036669082e+00
31 25 -1.000281522452780e+00 -1.893012709564296e-03 -9.297456945742445e-04 -1.007699399018474e+00
31 26 -1.000281489862562e+00 -1.893032793802152e-03 -9.296788831121850e-04 -1.007699528659300e+00
31 27 -1.000281486724379e+00 -1.893123559789772e-03 -9.295614706070632e-04 -1.007699420495400e+00
31 28 -1.000281513042187e+00 -1.893281520337068e-03 -9.293977988047913e-04 -1.007699078863763e+00
31 29 -1.000281567664097e+00 -1.893500486982251e-03 -9.291944417936805e-04 -1.007698517338971e+00
31 30 -1.000281648348439e+00 -1.893771827069125e-03 -9.289599065833491e-04 -1.007697758139954e+00
31 31 -1.000281751872099e+00 -1.894084830246258e-03 -9.287041961723422e-04 -1.007696831174250e+00
