1.214670749577108e-06
1.000000000000000e-12
1.000000000000000e-17
3.539510448964209e-01
1.942905704896107e-01
-7.588838770739470e-02
-1.500017464083440e+00
1.901109735892602e-07
32
32
-7.016583137746700e-04
1
0 0 -1.000282015251467e+00 -1.894329664110954e-03 -9.292314777673040e-04 -1.007695626127892e+00
0 1 -1.000282142071830e+00 -1.894662900538438e-03 -9.289850705485945e-04 -1.007694558112761e+00
0 2 -1.000282276976083e+00 -1.894997600393751e-03 -9.287502146377842e-04 -1.007693448686353e+00
0 3 -1.000282414848092e+00 -1.895320804752970e-03 -9.285364348613247e-04 -1.007692340557836e+00
0 4 -1.000282550492656e+00 -1.895620095463220e-03 -9.283520877611816e-04 -1.007691276143594e+00
0 5 -1.000282678819036e+00 -1.895884071015223e-03 -9.282040218613307e-04 -1.007690295965830e+00
0 6 -1.000282795017620e+00 -1.896102768659369e-03 -9.280973525006333e-04 -1.007689437156018e+00
0 7 -1.000282894725986e+00 -1.896268019572992e-03 -9.280353527053265e-04 -1.007688732109789e+00
0 8 -1.000282974180957e+00 -1.896373727784765e-03 -9.280194505630332e-04 -1.007688207332306e+00
0 9 -1.000283030353061e+00 -1.896416066927147e-03 -9.280493157475415e-04 -1.007687882506274e+00
0 10 -1.000283061059631e+00 -1.896393592306234e-03 -9.281230121771433e-04 -1.007687769806836e+00
0 11 -1.000283065052646e+00 -1.896307269084248e-03 -9.282371906104933e-04 -1.007687873479221e+00
0 12 -1.000283042077297e+00 -1.896160419771593e-03 -9.283872959542255e-04 -1.007688189688102e+00
0 13 -1.000282992897356e+00 -1.895958595449602e-03 -9.285677694125707e-04 -1.007688706642630e+00
0 14 -1.000282919283875e+00 -1.895709375794181e-03 -9.287722333768502e-04 -1.007689404996146e+00
0 15 -1.000282823964892e+00 -1.895422103682230e-03 -9.289936552232770e-04 -1.007690258513188e+00
0 16 -1.000282710535501e+00 -1.895107560991165e-03 -9.292244945156336e-04 -1.007691234988864e+00
0 17 -1.000282583329631e+00 -1.894777593055198e-03 -9.294568458694489e-04 -1.007692297397732e+00
0 18 -1.000282447257139e+00 -1.894444690414825e-03 -9.296825946526269e-04 -1.007693405240866e+00
0 19 -1.000282307611941e+00 -1.894121538323780e-03 -9.298936025860463e-04 -1.007694516050595e+00
0 20 -1.000282169859060e+00 -1.893820546771342e-03 -9.300819355131191e-04 -1.007695587003209e+00
0 21 -1.000282039410086e+00 -1.893553376077300e-03 -9.302401381752483e-04 -1.007696576581775e+00
0 22 -1.000281921397704e+00 -1.893330475314183e-03 -9.303615516831961e-04 -1.007697446224245e+00
0 23 -1.000281820460448e+00 -1.893160652958316e-03 -9.304406582264279e-04 -1.007698161886480e+00
0 24 -1.000281740548646e+00 -1.893050700696809e-03 -9.304734258503555e-04 -1.007698695447314e+00
0 25 -1.000281684761474e+00 -1.893005091090951e-03 -9.304576179167165e-04 -1.007699025885857e+00
0 26 -1.000281655223170e+00 -1.893025767253125e-03 -9.303930304145129e-04 -1.007699140170603e+00
0 27 -1.000281653003956e+00 -1.893112038419899e-03 -9.302816249834804e-04 -1.007699033813635e+00
0 28 -1.000281678088462e+00 -1.893260590119716e-03 -9.301275336525184e-04 -1.007698711059581e+00
0 29 -1.000281729391569e+00 -1.893465611555704e-03 -9.299369220459193e-04 -1.007698184698003e+00
0 30 -1.000281804818822e+00 -1.893719035573896e-03 -9.297177121346241e-04 -1.007697475509795e+00
0 31 -1.000281901366082e+00 -1.894010878915128e-03 -9.294791823809945e-04 -1.007696611380117e+00
1 0 -1.000282098456400e+00 -1.894180008860334e-03 -9.300888295478615e-04 -1.007695717720508e+00
1 1 -1.000282225285450e+00 -1.894513486395424e-03 -9.298416946568608e-04 -1.007694649504248e+00
1 2 -1.000282360062530e+00 -1.894848085036424e-03 -9.296064856441043e-04 -1.007693540942092e+00
1 3 -1.000282497676431e+00 -1.895170849850495e-03 -9.293927421017871e-04 -1.007692434707913e+00
1 4 -1.000282632941903e+00 -1.895469379918494e-03 -9.292088198090734e-04 -1.007691373142862e+00
1 5 -1.000282760782848e+00 -1.895732303475630e-03 -9.290615510526621e-04 -1.007690396657187e+00
1 6 -1.000282876408430e+00 -1.895949698859114e-03 -9.289560202468968e-04 -1.007689542238093e+00
1 7 -1.000282975478374e+00 -1.896113447999284e-03 -9.288954561123317e-04 -1.007688842110584e+00
1 8 -1.000283054254062e+00 -1.896217513231633e-03 -9.288812306781028e-04 -1.007688322590002e+00
1 9 -1.000283109732064e+00 -1.896258131740237e-03 -9.289129478190385e-04 -1.007688003157440e+00
1 10 -1.000283139756363e+00 -1.896233925246947e-03 -9.289885985835895e-04 -1.007687895781780e+00
1 11 -1.000283143105237e+00 -1.896145925643637e-03 -9.291047571333587e-04 -1.007688004504789e+00
1 12 -1.000283119548711e+00 -1.895997519743047e-03 -9.292567915341525e-04 -1.007688325298622e+00
1 13 -1.000283069872810e+00 -1.895794317869695e-03 -9.294390688890167e-04 -1.007688846198784e+00
1 14 -1.000282995867426e+00 -1.895543951730596e-03 -9.296451426742574e-04 -1.007689547710131e+00
1 15 -1.000282900275479e+00 -1.895255807368566e-03 -9.298679189556118e-04 -1.007690403478362e+00
1 16 -1.000282786702517e+00 -1.894940699538940e-03 -9.300998061789156e-04 -1.007691381213094e+00
1 17 -1.000282659488036e+00 -1.894610494883520e-03 -9.303328602210303e-04 -1.007692443840211e+00
1 18 -1.000282523542227e+00 -1.894277692801009e-03 -9.305589412175118e-04 -1.007693550851345e+00
1 19 -1.000282384154127e+00 -1.893954974710538e-03 -9.307698993898318e-04 -1.007694659809040e+00
1 20 -1.000282246778951e+00 -1.893654734333444e-03 -9.309578029125518e-04 -1.007695727958140e+00
1 21 -1.000282116813929e+00 -1.893388603793488e-03 -9.311152129510673e-04 -1.007696713886434e+00
1 22 -1.000281999373261e+00 -1.893166992841168e-03 -9.312355009465560e-04 -1.007697579169752e+00
1 23 -1.000281899073506e+00 -1.892998660890870e-03 -9.313131920386762e-04 -1.007698289930222e+00
1 24 -1.000281819840446e+00 -1.892890342836912e-03 -9.313443077108306e-04 -1.007698818234599e+00
1 25 -1.000281764747188e+00 -1.892846448992295e-03 -9.313266731249720e-04 -1.007699143263875e+00
1 26 -1.000281735891380e+00 -1.892868856985741e-03 -9.312601526597479e-04 -1.007699252194841e+00
1 27 -1.000281734317055e+00 -1.892956809576299e-03 -9.311467810025073e-04 -1.007699140746803e+00
1 28 -1.000281759984018e+00 -1.893106927318419e-03 -9.309907652418408e-04 -1.007698813362497e+00
1 29 -1.000281811784683e+00 -1.893313338630933e-03 -9.307983448986817e-04 -1.007698283012145e+00
1 30 -1.000281887605390e+00 -1.893567922280224e-03 -9.305775116406655e-04 -1.007697570632291e+00
1 31 -1.000281984426798e+00 -1.893860649741533e-03 -9.303376068792243e-04 -1.007696704232612e+00
2 0 -1.000282207283297e+00 -1.894075151375068e-03 -9.307703521106482e-04 -1.007695713500057e+00
2 1 -1.000282334231505e+00 -1.894409107885666e-03 -9.305224199836097e-04 -1.007694644295015e+00
2 2 -1.000282468987155e+00 -1.894743843813367e-03 -9.302867900123945e-04 -1.007693535830682e+00
2 3 -1.000282606439879e+00 -1.895066399173553e-03 -9.300730186531759e-04 -1.007692430774909e+00
2 4 -1.000282741410624e+00 -1.895364381396271e-03 -9.298894632304528e-04 -1.007691371421388e+00
2 5 -1.000282868834581e+00 -1.895626440092692e-03 -9.297429422752473e-04 -1.007690398093561e+00
2 6 -1.000282983936881e+00 -1.895842687227624e-03 -9.296385114302115e-04 -1.007689547655839e+00
2 7 -1.000283082397289e+00 -1.896005049331520e-03 -9.295793564801003e-04 -1.007688852179285e+00
2 8 -1.000283160500547e+00 -1.896107542509258e-03 -9.295667940524475e-04 -1.007688337800346e+00
2 9 -1.000283215269020e+00 -1.896146464696980e-03 -9.296003626301918e-04 -1.007688023803206e+00
2 10 -1.000283244573959e+00 -1.896120502945727e-03 -9.296779808148699e-04 -1.007687921949167e+00
2 11 -1.000283247221325e+00 -1.896030756514074e-03 -9.297961463215796e-04 -1.007688036069508e+00
2 12 -1.000283223008123e+00 -1.895880679019164e-03 -9.299501497162640e-04 -1.007688361931054e+00
2 13 -1.000283172745593e+00 -1.895675944500593e-03 -9.301342823595138e-04 -1.007688887376916e+00
2 14 -1.000283098246154e+00 -1.895424242957788e-03 -9.303420265762426e-04 -1.007689592739398e+00
2 15 -1.000283002271756e+00 -1.895135011195249e-03 -9.305662247830364e-04 -1.007690451517486e+00
2 16 -1.000282888442742e+00 -1.894819105329835e-03 -9.307992319223807e-04 -1.007691431305274e+00
2 17 -1.000282761108523e+00 -1.894488422426947e-03 -9.310330623660601e-04 -1.007692494948867e+00
2 18 -1.000282625183925e+00 -1.894155480270677e-03 -9.312595477301498e-04 -1.007693601899129e+00
2 19 -1.000282485957188e+00 -1.893832965951004e-03 -9.314705233588630e-04 -1.007694709718566e+00
2 20 -1.000282348877363e+00 -1.893533265817243e-03 -9.316580569463481e-04 -1.007695775693126e+00
2 21 -1.000282219330332e+00 -1.893267991658344e-03 -9.318147240584661e-04 -1.007696758491994e+00
2 22 -1.000282102414128e+00 -1.893047520616723e-03 -9.319339248672098e-04 -1.007697619810073e+00
2 23 -1.000282002724979e+00 -1.892880568591778e-03 -9.320102259050456e-04 -1.007698325921528e+00
2 24 -1.000281924165081e+00 -1.892773817860946e-03 -9.320397007592295e-04 -1.007698849071772e+00
2 25 -1.000281869781691e+00 -1.892731618950355e-03 -9.320202358777243e-04 -1.007699168640134e+00
2 26 -1.000281841645260e+00 -1.892755784558704e-03 -9.319517646432489e-04 -1.007699272014244e+00
2 27 -1.000281840772212e+00 -1.892845489711233e-03 -9.318363961677765e-04 -1.007699155128953e+00
2 28 -1.000281867095365e+00 -1.892997287151213e-03 -9.316784141047654e-04 -1.007698822638548e+00
2 29 -1.000281919481896e+00 -1.893205240247422e-03 -9.314841332917230e-04 -1.007698287711871e+00
2 30 -1.000281995795679e+00 -1.893461168068390e-03 -9.312616167682088e-04 -1.007697571463033e+00
2 31 -1.000282092998513e+00 -1.893754989990587e-03 -9.310202711729586e-04 -1.007696702051330e+00
3 0 -1.000282337482012e+00 -1.894019208915356e-03 -9.312495346763968e-04 -1.007695613545736e+00
3 1 -1.000282464655368e+00 -1.894353864078892e-03 -9.310007662603277e-04 -1.007694542601531e+00
3 2 -1.000282599496359e+00 -1.894688970998477e-03 -9.307646624637443e-04 -1.007693433463383e+00
3 3 -1.000282736891363e+00 -1.895011555704584e-03 -9.305507984931246e-04 -1.007692328822741e+00
3 4 -1.000282871663458e+00 -1.895309224653456e-03 -9.303675359207588e-04 -1.007691270955687e+00
3 5 -1.000282998755274e+00 -1.895570639624318e-03 -9.302216824899542e-04 -1.007690300127489e+00
3 6 -1.000283113404457e+00 -1.895785937535401e-03 -9.301182679320000e-04 -1.007689453105924e+00
3 7 -1.000283211307974e+00 -1.895947081689744e-03 -9.300604379656459e-04 -1.007688761830703e+00
3 8 -1.000283288771842e+00 -1.896048135265169e-03 -9.300494570245375e-04 -1.007688252277309e+00
3 9 -1.000283342842950e+00 -1.896085451648899e-03 -9.300848017645756e-04 -1.007687943545571e+00
3 10 -1.000283371419320e+00 -1.896057779520266e-03 -9.301643218084827e-04 -1.007687847196160e+00
3 11 -1.000283373334878e+00 -1.895966283570673e-03 -9.302844412427544e-04 -1.007687966851074e+00
3 12 -1.000283348414760e+00 -1.895814484222917e-03 -9.304403751302766e-04 -1.007688298066859e+00
3 13 -1.000283297497487e+00 -1.895608121266440e-03 -9.306263405087744e-04 -1.007688828482778e+00
3 14 -1.000283222420849e+00 -1.895354946963151e-03 -9.308357495969946e-04 -1.007689538241080e+00
3 15 -1.000283125969208e+00 -1.895064454499404e-03 -9.310613816144122e-04 -1.007690400671785e+00
3 16 -1.000283011781425e+00 -1.894747548309504e-03 -9.312955374227931e-04 -1.007691383227823e+00
3 17 -1.000282884220817e+00 -1.894416163913456e-03 -9.315301882073369e-04 -1.007692448647414e+00
3 18 -1.000282748210995e+00 -1.894082846279638e-03 -9.317571347806370e-04 -1.007693556310947e+00
3 19 -1.000282609043518e+00 -1.893760297301007e-03 -9.319681953098972e-04 -1.007694663750936e+00
3 20 -1.000282472165092e+00 -1.893460904988527e-03 -9.321554347329028e-04 -1.007695728265752e+00
3 21 -1.000282342953650e+00 -1.893196269481960e-03 -9.323114402980993e-04 -1.007696708579479e+00
3 22 -1.000282226494049e+00 -1.892976743517973e-03 -9.324296374889473e-04 -1.007697566482152e+00
3 23 -1.000282127364744e+00 -1.892811006925302e-03 -9.325046305488803e-04 -1.007698268379191e+00
3 24 -1.000282049446294e+00 -1.892705695580984e-03 -9.325325419819161e-04 -1.007698786678304e+00
3 25 -1.000281995761264e+00 -1.892665104827094e-03 -9.325113171079641e-04 -1.007699100946328e+00
3 26 -1.000281968353241e+00 -1.892690985373265e-03 -9.324409562623796e-04 -1.007699198776594e+00
3 27 -1.000281968210647e+00 -1.892782445950035e-03 -9.323236408280337e-04 -1.007699076319483e+00
3 28 -1.000281995238274e+00 -1.892935971459652e-03 -9.321637289047644e-04 -1.007698738445666e+00
3 29 -1.000282048276349e+00 -1.893145558554506e-03 -9.319676091573138e-04 -1.007698198532545e+00
3 30 -1.000282125163887e+00 -1.893402963207395e-03 -9.317434154611607e-04 -1.007697477886896e+00
3 31 -1.000282222840826e+00 -1.893698047754816e-03 -9.315006197915975e-04 -1.007696604837222e+00
4 0 -1.000282483965004e+00 -1.894014382348345e-03 -9.315075096713636e-04 -1.007695421858156e+00
4 1 -1.000282611460774e+00 -1.894349928702333e-03 -9.312578991562280e-04 -1.007694348492123e+00
4 2 -1.000282746490595e+00 -1.894685625793624e-03 -9.310212875124639e-04 -1.007693237935138e+00
4 3 -1.000282883933588e+00 -1.895008477277313e-03 -9.308072700597764e-04 -1.007692132930910e+00
4 4 -1.000283018610781e+00 -1.895306079453505e-03 -9.306242148670988e-04 -1.007691075768249e+00
4 5 -1.000283145468112e+00 -1.895567096702663e-03 -9.304789218165018e-04 -1.007690106684924e+00
4 6 -1.000283259751877e+00 -1.895781681310979e-03 -9.303763985089384e-04 -1.007689262381802e+00
4 7 -1.000283357172782e+00 -1.895941824074664e-03 -9.303197554572710e-04 -1.007688574694813e+00
4 8 -1.000283434055179e+00 -1.896041626611218e-03 -9.303102106894316e-04 -1.007688069462842e+00
4 9 -1.000283487468146e+00 -1.896077490167701e-03 -9.303471851773932e-04 -1.007687765621549e+00
4 10 -1.000283515334885e+00 -1.896048218911877e-03 -9.304284654481106e-04 -1.007687674546030e+00
4 11 -1.000283516516555e+00 -1.895955038595462e-03 -9.305504073417174e-04 -1.007687799658130e+00
4 12 -1.000283490866607e+00 -1.895801533996460e-03 -9.307081554343085e-04 -1.007688136306830e+00
4 13 -1.000283439251876e+00 -1.895593510162087e-03 -9.308958571614070e-04 -1.007688671923798e+00
4 14 -1.000283363537317e+00 -1.895338783087239e-03 -9.311068586890055e-04 -1.007689386451324e+00
4 15 -1.000283266532158e+00 -1.895046905742107e-03 -9.313338788070848e-04 -1.007690253034954e+00
4 16 -1.000283151896818e+00 -1.894728836044291e-03 -9.315691655243949e-04 -1.007691238966128e+00
4 17 -1.000283024012031e+00 -1.894396554550851e-03 -9.318046469129323e-04 -1.007692306851089e+00
4 18 -1.000282887813992e+00 -1.894062641013717e-03 -9.320320924396462e-04 -1.007693415973095e+00
4 19 -1.000282748601459e+00 -1.893739820471280e-03 -9.322433019333107e-04 -1.007694523806488e+00
4 20 -1.000282611822642e+00 -1.893440491540011e-03 -9.324303352586092e-04 -1.007695587633080e+00
4 21 -1.000282482851294e+00 -1.893176252053064e-03 -9.325857875762930e-04 -1.007696566202762e+00
4 22 -1.000282366762712e+00 -1.892957439666923e-03 -9.327031049495368e-04 -1.007697421372526e+00
4 23 -1.000282268120849e+00 -1.892792706914848e-03 -9.327769244980561e-04 -1.007698119653201e+00
4 24 -1.000282190787351e+00 -1.892688651091171e-03 -9.328034130405596e-04 -1.007698633592555e+00
4 25 -1.000282137762128e+00 -1.892649519042702e-03 -9.327805700052195e-04 -1.007698942927030e+00
4 26 -1.000282111063273e+00 -1.892677004982637e-03 -9.327084573688825e-04 -1.007699035442314e+00
4 27 -1.000282111651943e+00 -1.892770155497770e-03 -9.325893232541052e-04 -1.007698907495706e+00
4 28 -1.000282139404982e+00 -1.892925390225746e-03 -9.324275952567302e-04 -1.007698564170732e+00
4 29 -1.000282193135003e+00 -1.893136639929346e-03 -9.322297319365222e-04 -1.007698019055298e+00
4 30 -1.000282270654714e+00 -1.893395596543751e-03 -9.320039348259128e-04 -1.007697293656345e+00
4 31 -1.000282368880029e+00 -1.893692062737302e-03 -9.317597383911751e-04 -1.007696416484372e+00
5 0 -1.000282641015631e+00 -1.894060863648216e-03 -9.315338470659124e-04 -1.007695146181704e+00
5 1 -1.000282768918457e+00 -1.894397458620578e-03 -9.312834235703859e-04 -1.007694069806813e+00
5 2 -1.000282904233081e+00 -1.894733941408005e-03 -9.310462921039828e-04 -1.007692957143285e+00
5 3 -1.000283041827605e+00 -1.895057285855980e-03 -9.308320682818705e-04 -1.007691851013594e+00
5 4 -1.000283176516977e+00 -1.895355069542888e-03 -9.306491280458427e-04 -1.007690793748583e+00
5 5 -1.000283303246284e+00 -1.895615949918040e-03 -9.305042664993302e-04 -1.007689825589802e+00
5 6 -1.000283417266315e+00 -1.895830084415370e-03 -9.304024741978874e-04 -1.007688983203399e+00
5 7 -1.000283514297499e+00 -1.895989480879383e-03 -9.303468331507820e-04 -1.007688298353240e+00
5 8 -1.000283590678797e+00 -1.896088269211584e-03 -9.303385225429650e-04 -1.007687796771458e+00
5 9 -1.000283643498250e+00 -1.896122889101952e-03 -9.303769155674012e-04 -1.007687497256252e+00
5 10 -1.000283670701698e+00 -1.896092191934631e-03 -9.304597437945713e-04 -1.007687411019474e+00
5 11 -1.000283671175812e+00 -1.895997457781958e-03 -9.305833031467786e-04 -1.007687541299588e+00
5 12 -1.000283644801466e+00 -1.895842330863402e-03 -9.307426759028055e-04 -1.007687883248495e+00
5 13 -1.000283592473730e+00 -1.895632678529843e-03 -9.309319473803129e-04 -1.007688424094360e+00
5 14 -1.000283516085422e+00 -1.895376379543628e-03 -9.311444039868837e-04 -1.007689143577446e+00
5 15 -1.000283418472118e+00 -1.895083047684625e-03 -9.313727090200153e-04 -1.007690014650768e+00
5 16 -1.000283303318021e+00 -1.894763697312824e-03 -9.316090613083106e-04 -1.007691004430495e+00
5 17 -1.000283175024116e+00 -1.894430358725921e-03 -9.318453482849279e-04 -1.007692075372119e+00
5 18 -1.000283038542429e+00 -1.894095652650382e-03 -9.320733091409931e-04 -1.007693186639028e+00
5 19 -1.000282899182470e+00 -1.893772334757481e-03 -9.322847246485080e-04 -1.007694295621516e+00
5 20 -1.000282762397775e+00 -1.893472822905240e-03 -9.324716469498019e-04 -1.007695359556343e+00
5 21 -1.000282633561937e+00 -1.893208722109515e-03 -9.326266749296580e-04 -1.007696337188876e+00
5 22 -1.000282517744702e+00 -1.892990364777958e-03 -9.327432701648267e-04 -1.007697190412342e+00
5 23 -1.000282419499272e+00 -1.892826385808003e-03 -9.328160970284074e-04 -1.007697885813471e+00
5 24 -1.000282342671724e+00 -1.892723353117719e-03 -9.328413602496924e-04 -1.007698396052850e+00
5 25 -1.000282290242212e+00 -1.892685473690769e-03 -9.328171059376956e-04 -1.007698701012020e+00
5 26 -1.000282264205773e+00 -1.892714393067686e-03 -9.327434496189872e-04 -1.007698788647838e+00
5 27 -1.000282265498150e+00 -1.892809102291156e-03 -9.326226982236722e-04 -1.007698655507650e+00
5 28 -1.000282293969371e+00 -1.892965960752888e-03 -9.324593415983837e-04 -1.007698306876220e+00
5 29 -1.000282348404773e+00 -1.893178836658142e-03 -9.322599014940028e-04 -1.007697756545906e+00
5 30 -1.000282426590342e+00 -1.893439359557099e-03 -9.320326406555823e-04 -1.007697026223337e+00
5 31 -1.000282525416834e+00 -1.893737272296175e-03 -9.317871501636803e-04 -1.007696144606320e+00
6 0 -1.000282802521077e+00 -1.894156827230921e-03 -9.313270344973877e-04 -1.007694797650017e+00
6 1 -1.000282930899454e+00 -1.894494586454750e-03 -9.310758623739223e-04 -1.007693717799354e+00
6 2 -1.000283066583343e+00 -1.894832018773574e-03 -9.308382227233620e-04 -1.007692602427066e+00
6 3 -1.000283204426540e+00 -1.895156062031859e-03 -9.306237503950521e-04 -1.007691494457666e+00
6 4 -1.000283339234197e+00 -1.895454267318959e-03 -9.304408302323035e-04 -1.007690436291389e+00
6 5 -1.000283465946490e+00 -1.895715275925448e-03 -9.302962561560455e-04 -1.007689468204385e+00
6 6 -1.000283579814356e+00 -1.895929240006667e-03 -9.301950076542326e-04 -1.007688626861513e+00
6 7 -1.000283676563501e+00 -1.896088173341006e-03 -9.301401458374117e-04 -1.007687943989181e+00
6 8 -1.000283752543204e+00 -1.896186222909938e-03 -9.301328196534859e-04 -1.007687445246796e+00
6 9 -1.000283804856572e+00 -1.896219856033747e-03 -9.301723640410881e-04 -1.007687149326961e+00
6 10 -1.000283831468719e+00 -1.896187961266017e-03 -9.302564661330617e-04 -1.007687067306718e+00
6 11 -1.000283831289093e+00 -1.896091864130314e-03 -9.303813730285482e-04 -1.007687202264978e+00
6 12 -1.000283804223987e+00 -1.895935261042977e-03 -9.305421154453681e-04 -1.007687549174730e+00
6 13 -1.000283751195510e+00 -1.895724076335468e-03 -9.307327261872245e-04 -1.007688095072595e+00
6 14 -1.000283674123998e+00 -1.895466248182637e-03 -9.309464402733040e-04 -1.007688819502551e+00
6 15 -1.000283575871854e+00 -1.895171449734985e-03 -9.311758729025532e-04 -1.007689695224779e+00
6 16 -1.000283460148315e+00 -1.894850752322726e-03 -9.314131800243874e-04 -1.007690689173793e+00
6 17 -1.000283331376569e+00 -1.894516238606117e-03 -9.316502129424534e-04 -1.007691763641817e+00
6 18 -1.000283194527100e+00 -1.894180574990651e-03 -9.318786826017929e-04 -1.007692877654083e+00
6 19 -1.000283054923391e+00 -1.893856554304540e-03 -9.320903502528864e-04 -1.007693988493677e+00
6 20 -1.000282918028000e+00 -1.893556621594838e-03 -9.322772579526607e-04 -1.007695053325330e+00
6 21 -1.000282789218363e+00 -1.893292398074646e-03 -9.324320045781110e-04 -1.007696030860124e+00
6 22 -1.000282673562789e+00 -1.893074220698159e-03 -9.325480621116295e-04 -1.007696882996001e+00
6 23 -1.000282575607800e+00 -1.892910717008604e-03 -9.326201154041545e-04 -1.007697576363472e+00
6 24 -1.000282499187831e+00 -1.892808435972805e-03 -9.326443986884475e-04 -1.007698083704324e+00
6 25 -1.000282447266994e+00 -1.892771554916638e-03 -9.326189953033156e-04 -1.007698385015035e+00
6 26 -1.000282421820622e+00 -1.892801680332372e-03 -9.325440645625732e-04 -1.007698468395868e+00
6 27 -1.000282423761872e+00 -1.892897756403731e-03 -9.324219624705774e-04 -1.007698330559980e+00
6 28 -1.000282452916091e+00 -1.893056089694699e-03 -9.322572313353007e-04 -1.007697976973771e+00
6 29 -1.000282508042748e+00 -1.893270491741049e-03 -9.320564462471811e-04 -1.007697421619879e+00
6 30 -1.000282586901775e+00 -1.893532533837784e-03 -9.318279217693853e-04 -1.007696686396351e+00
6 31 -1.000282686358649e+00 -1.893831901132823e-03 -9.315812975381576e-04 -1.007695800186418e+00
7 0 -1.000282962218880e+00 -1.894298505763826e-03 -9.308946121334512e-04 -1.007694390276827e+00
7 1 -1.000283091122238e+00 -1.894637498205291e-03 -9.306427890565868e-04 -1.007693306623004e+00
7 2 -1.000283227244886e+00 -1.894976005613463e-03 -9.304046762566223e-04 -1.007692188049527e+00
7 3 -1.000283365423664e+00 -1.895300925076499e-03 -9.301899261064041e-04 -1.007691077601982e+00
7 4 -1.000283500450596e+00 -1.895599774337388e-03 -9.300069335370903e-04 -1.007690017774807e+00
7 5 -1.000283627257029e+00 -1.895861169872092e-03 -9.298624950923192e-04 -1.007689048908330e+00
7 6 -1.000283741089683e+00 -1.896075248438292e-03 -9.297615851250595e-04 -1.007688207699435e+00
7 7 -1.000283837674925e+00 -1.896234018546876e-03 -9.297072516309164e-04 -1.007687525872876e+00
7 8 -1.000283913367730e+00 -1.896331632452807e-03 -9.297006229279365e-04 -1.007687029052013e+00
7 9 -1.000283965281828e+00 -1.896364573232483e-03 -9.297410070130372e-04 -1.007686735859664e+00
7 10 -1.000283991397497e+00 -1.896331755175674e-03 -9.298260590872230e-04 -1.007686657271471e+00
7 11 -1.000283990643317e+00 -1.896234538714934e-03 -9.299519902860707e-04 -1.007686796236585e+00
7 12 -1.000283962947981e+00 -1.896076663218468e-03 -9.301137922080650e-04 -1.007687147574240e+00
7 13 -1.000283909258404e+00 -1.895864102378739e-03 -9.303054567987739e-04 -1.007687698149181e+00
7 14 -1.000283831521036e+00 -1.895604847988298e-03 -9.305201785002936e-04 -1.007688427322762e+00
7 15 -1.000283732624518e+00 -1.895308628724290e-03 -9.307505341717982e-04 -1.007689307669727e+00
7 16 -1.000283616303327e+00 -1.894986571171331e-03 -9.309886449462842e-04 -1.007690305943773e+00
7 17 -1.000283487003923e+00 -1.894650810978168e-03 -9.312263315967560e-04 -1.007691384267733e+00
7 18 -1.000283349717206e+00 -1.894314063238702e-03 -9.314552796848951e-04 -1.007692501515613e+00
7 19 -1.000283209783392e+00 -1.893989163059668e-03 -9.316672314548117e-04 -1.007693614844038e+00
7 20 -1.000283072677419e+00 -1.893688589485005e-03 -9.318542175315155e-04 -1.007694681321570e+00
7 21 -1.000282943784315e+00 -1.893423988126446e-03 -9.320088335410628e-04 -1.007695659597043e+00
7 22 -1.000282828175002e+00 -1.893205709962489e-03 -9.321245563161822e-04 -1.007696511541978e+00
7 23 -1.000282730393630e+00 -1.893042385744739e-03 -9.321960832655651e-04 -1.007697203797060e+00
7 24 -1.000282654267422e+00 -1.892940556692984e-03 -9.322196685100263e-04 -1.007697709150420e+00
7 25 -1.000282602748798e+00 -1.892904381776538e-03 -9.321934221638183e-04 -1.007698007678882e+00
7 26 -1.000282577797454e+00 -1.892935439446353e-03 -9.321175363388365e-04 -1.007698087593057e+00
7 27 -1.000282580307601e+00 -1.893032637495745e-03 -9.319944043819721e-04 -1.007697945741357e+00
7 28 -1.000282610083038e+00 -1.893192239258393e-03 -9.318286086338114e-04 -1.007697587744890e+00
7 29 -1.000282665859857e+00 -1.893408007810444e-03 -9.316267651658266e-04 -1.007697027754703e+00
7 30 -1.000282745373630e+00 -1.893671462516930e-03 -9.313972291190685e-04 -1.007696287844697e+00
7 31 -1.000282845465347e+00 -1.893972235017450e-03 -9.311496791306422e-04 -1.007695397074916e+00
8 0 -1.000283113945857e+00 -1.894480346783762e-03 -9.302529448728415e-04 -1.007693940323961e+00
8 1 -1.000283243402589e+00 -1.894820592105322e-03 -9.300005975789165e-04 -1.007692852691823e+00
8 2 -1.000283380015822e+00 -1.895160256973644e-03 -9.297620687321297e-04 -1.007691730553702e+00
8 3 -1.000283518603506e+00 -1.895486194598101e-03 -9.295470261655490e-04 -1.007690617090211e+00
8 4 -1.000283653941664e+00 -1.895785883753849e-03 -9.293638757960750e-04 -1.007689554911293e+00
8 5 -1.000283780949163e+00 -1.896047908370118e-03 -9.292194200832296e-04 -1.007688584448845e+00
8 6 -1.000283894864329e+00 -1.896262380367029e-03 -9.291186337890825e-04 -1.007687742463774e+00
8 7 -1.000283991409652e+00 -1.896421292130136e-03 -9.290645598733669e-04 -1.007687060714621e+00
8 8 -1.000284066941009e+00 -1.896518789243830e-03 -9.290583166852697e-04 -1.007686564826429e+00
8 9 -1.000284118577871e+00 -1.896551358053244e-03 -9.290991978758524e-04 -1.007686273390644e+00
8 10 -1.000284144310945e+00 -1.896517926202953e-03 -9.291848402384002e-04 -1.007686197318732e+00
8 11 -1.000284143083583e+00 -1.896419877258357e-03 -9.293114327149980e-04 -1.007686339464664e+00
8 12 -1.000284114843051e+00 -1.896260982659656e-03 -9.294739416233704e-04 -1.007686694524980e+00
8 13 -1.000284060557854e+00 -1.896047255761865e-03 -9.296663317917253e-04 -1.007687249219282e+00
8 14 -1.000283982198064e+00 -1.895786733892406e-03 -9.298817700815543e-04 -1.007687982747574e+00
8 15 -1.000283882676894e+00 -1.895489195254079e-03 -9.301128062838576e-04 -1.007688867513805e+00
8 16 -1.000283765753326e+00 -1.895165818037596e-03 -9.303515355592163e-04 -1.007689870098243e+00
8 17 -1.000283635897332e+00 -1.894828789608699e-03 -9.305897545023765e-04 -1.007690952454435e+00
8 18 -1.000283498121418e+00 -1.894490874771776e-03 -9.308191274454003e-04 -1.007692073298166e+00
8 19 -1.000283357784592e+00 -1.894164954148582e-03 -9.310313796614773e-04 -1.007693189645785e+00
8 20 -1.000283220376959e+00 -1.893863546129133e-03 -9.312185299231928e-04 -1.007694258449600e+00
8 21 -1.000283091294546e+00 -1.893598328002980e-03 -9.313731673446394e-04 -1.007695238270697e+00
8 22 -1.000282975614839e+00 -1.893379673728008e-03 -9.314887675823665e-04 -1.007696090924168e+00
8 23 -1.000282877884022e+00 -1.893216227599106e-03 -9.315600323974964e-04 -1.007696783027163e+00
8 24 -1.000282801926809e+00 -1.893114534453083e-03 -9.315832260395689e-04 -1.007697287377762e+00
8 25 -1.000282750688700e+00 -1.893078746883019e-03 -9.315564742966467e-04 -1.007697584095436e+00
8 26 -1.000282726118382e+00 -1.893110427463484e-03 -9.314799895550817e-04 -1.007697661463712e+00
8 27 -1.000282729095501e+00 -1.893208459523403e-03 -9.313561887606070e-04 -1.007697516430501e+00
8 28 -1.000282759406302e+00 -1.893369074389109e-03 -9.311896801259681e-04 -1.007697154738858e+00
8 29 -1.000282815766922e+00 -1.893585996664770e-03 -9.309871071521160e-04 -1.007696590679963e+00
8 30 -1.000282895891178e+00 -1.893850702050717e-03 -9.307568532014872e-04 -1.007695846481297e+00
8 31 -1.000282996597228e+00 -1.894152774938254e-03 -9.305086247681503e-04 -1.007694951364375e+00
9 0 -1.000283251878787e+00 -1.894695242366639e-03 -9.294266314603906e-04 -1.007693465584557e+00
9 1 -1.000283381895348e+00 -1.895036710565825e-03 -9.291739099413635e-04 -1.007692373956624e+00
9 2 -1.000283519031469e+00 -1.895377569087109e-03 -9.289350420287318e-04 -1.007691248032510e+00
9 3 -1.000283658085010e+00 -1.895704625939264e-03 -9.287197081638035e-04 -1.007690131136291e+00
9 4 -1.000283793813733e+00 -1.896005316960798e-03 -9.285363250656108e-04 -1.007689066010012e+00
9 5 -1.000283921120891e+00 -1.896268187098649e-03 -9.283917036731589e-04 -1.007688093201018e+00
9 6 -1.000284035232593e+00 -1.896483314901834e-03 -9.282908247486215e-04 -1.007687249563891e+00
9 7 -1.000284131863082e+00 -1.896642666396167e-03 -9.282367348354650e-04 -1.007686566924944e+00
9 8 -1.000284207364311e+00 -1.896740368922513e-03 -9.282305534216020e-04 -1.007686070948160e+00
9 9 -1.000284258856383e+00 -1.896772899611000e-03 -9.282715725807536e-04 -1.007685780232891e+00
9 10 -1.000284284335315e+00 -1.896739186603594e-03 -9.283574245008837e-04 -1.007685705666067e+00
9 11 -1.000284282754341e+00 -1.896640623880466e-03 -9.284842905152088e-04 -1.007685850044843e+00
9 12 -1.000284254074765e+00 -1.896481002762444e-03 -9.286471268126877e-04 -1.007686207978988e+00
9 13 -1.000284199282592e+00 -1.896266364986857e-03 -9.288398861827818e-04 -1.007686766075437e+00
9 14 -1.000284120368041e+00 -1.896004783583697e-03 -9.290557218478340e-04 -1.007687503400414e+00
9 15 -1.000284020266292e+00 -1.895706078463469e-03 -9.292871684124086e-04 -1.007688392208156e+00
9 16 -1.000283902759234e+00 -1.895381473912054e-03 -9.295263046302341e-04 -1.007689398919229e+00
9 17 -1.000283772339741e+00 -1.895043205767184e-03 -9.297649104215551e-04 -1.007690485324358e+00
9 18 -1.000283634042229e+00 -1.894704087486826e-03 -9.299946344050607e-04 -1.007691609980583e+00
9 19 -1.000283493245694e+00 -1.894377046465282e-03 -9.302071879222060e-04 -1.007692729756253e+00
9 20 -1.000283355457536e+00 -1.894074644178013e-03 -9.303945778320700e-04 -1.007693801472227e+00
9 21 -1.000283226087798e+00 -1.893808595698921e-03 -9.305493835333422e-04 -1.007694783579693e+00
9 22 -1.000283110224282e+00 -1.893589306038996e-03 -9.306650737668724e-04 -1.007695637809396e+00
9 23 -1.000283012419516e+00 -1.893425442706417e-03 -9.307363469381269e-04 -1.007696330722408e+00
9 24 -1.000282936500434e+00 -1.893323565236613e-03 -9.307594677369445e-04 -1.007696835090300e+00
9 25 -1.000282885410611e+00 -1.893287832113596e-03 -9.307325657029424e-04 -1.007697131035823e+00
9 26 -1.000282861092829e+00 -1.893319802964061e-03 -9.306558596309937e-04 -1.007697206874903e+00
9 27 -1.000282864417140e+00 -1.893418349527139e-03 -9.305317752809620e-04 -1.007697059615404e+00
9 28 -1.000282895156874e+00 -1.893579683361011e-03 -9.303649321145835e-04 -1.007696695085397e+00
9 29 -1.000282952012312e+00 -1.893797501858051e-03 -9.301619870382261e-04 -1.007696127683027e+00
9 30 -1.000283032678916e+00 -1.894063247033965e-03 -9.299313381451258e-04 -1.007695379761107e+00
9 31 -1.000283133954600e+00 -1.894366464321881e-03 -9.296827070059429e-04 -1.007694480680571e+00
10 0 -1.000283370757118e+00 -1.894934820569112e-03 -9.284475681062114e-04 -1.007692984622676e+00
10 1 -1.000283501318070e+00 -1.895277433706559e-03 -9.281946388862491e-04 -1.007691889137775e+00
10 2 -1.000283638988841e+00 -1.895619475028390e-03 -9.279555250763771e-04 -1.007690759355101e+00
10 3 -1.000283778546736e+00 -1.895947707828301e-03 -9.277399157435487e-04 -1.007689638745150e+00
10 4 -1.000283914729789e+00 -1.896249522849159e-03 -9.275562372214665e-04 -1.007688570193218e+00
10 5 -1.000284042423186e+00 -1.896513421199039e-03 -9.274113111785347e-04 -1.007687594381217e+00
10 6 -1.000284156837471e+00 -1.896729440747226e-03 -9.273101301657625e-04 -1.007686748283471e+00
10 7 -1.000284253674526e+00 -1.896889511895012e-03 -9.272557529528317e-04 -1.007686063825549e+00
10 8 -1.000284329277696e+00 -1.896987732983966e-03 -9.272493108078141e-04 -1.007685566745866e+00
10 9 -1.000284380762662e+00 -1.897020559976685e-03 -9.272901065090780e-04 -1.007685275690179e+00
10 10 -1.000284406125495e+00 -1.896986908647917e-03 -9.273757815801376e-04 -1.007685201561345e+00
10 11 -1.000284404324016e+00 -1.896888170098155e-03 -9.275025250584228e-04 -1.007685347140636e+00
10 12 -1.000284375328410e+00 -1.896728142454928e-03 -9.276652987719817e-04 -1.007685706990645e+00
10 13 -1.000284320137391e+00 -1.896512883599510e-03 -9.278580585744762e-04 -1.007686267642179e+00
10 14 -1.000284240757148e+00 -1.896250491318427e-03 -9.280739577944863e-04 -1.007687008059796e+00
10 15 -1.000284140141449e+00 -1.895950817911114e-03 -9.283055280815755e-04 -1.007687900374575e+00
10 16 -1.000284022092618e+00 -1.895625126345305e-03 -9.285448424424120e-04 -1.007688910867480e+00
10 17 -1.000283891124879e+00 -1.895285695652735e-03 -9.287836728451708e-04 -1.007690001179493e+00
10 18 -1.000283752293944e+00 -1.894945384982902e-03 -9.290136583722450e-04 -1.007691129714612e+00
10 19 -1.000283610999193e+00 -1.894617168001006e-03 -9.292264996237267e-04 -1.007692253191215e+00
10 20 -1.000283472766781e+00 -1.894313651302036e-03 -9.294141917608705e-04 -1.007693328288871e+00
10 21 -1.000283343023244e+00 -1.894046592247159e-03 -9.295693020393598e-04 -1.007694313331331e+00
10 22 -1.000283226870050e+00 -1.893826433665710e-03 -9.296852874534853e-04 -1.007695169940503e+00
10 23 -1.000283128870112e+00 -1.893661875066563e-03 -9.297568357302098e-04 -1.007695864590881e+00
10 24 -1.000283052857198e+00 -1.893559501268051e-03 -9.297802020131627e-04 -1.007696369991985e+00
10 25 -1.000283001778046e+00 -1.893523488695917e-03 -9.297535071978212e-04 -1.007696666230435e+00
10 26 -1.000282977574878e+00 -1.893555406987590e-03 -9.296769625341505e-04 -1.007696741613025e+00
10 27 -1.000282981113480e+00 -1.893654129480836e-03 -9.295529880731189e-04 -1.007696593165975e+00
10 28 -1.000283012159323e+00 -1.893815860849982e-03 -9.293861999434797e-04 -1.007696226762479e+00
10 29 -1.000283069401456e+00 -1.894034283544936e-03 -9.291832538367090e-04 -1.007695656870611e+00
10 30 -1.000283150521106e+00 -1.894300817244379e-03 -9.289525480907543e-04 -1.007694905935369e+00
10 31 -1.000283252299421e+00 -1.894604978341553e-03 -9.287038058039644e-04 -1.007694003429239e+00
11 0 -1.000283466079226e+00 -1.895189784669365e-03 -9.273537012634874e-04 -1.007692516010300e+00
11 1 -1.000283597148088e+00 -1.895533420546433e-03 -9.271007396186016e-04 -1.007691416956003e+00
11 2 -1.000283735344521e+00 -1.895876587990702e-03 -9.268614837352916e-04 -1.007690283391451e+00
11 3 -1.000283875425601e+00 -1.896206007714613e-03 -9.266456267402161e-04 -1.007689158931221e+00
11 4 -1.000284012108951e+00 -1.896509024888660e-03 -9.264616032560848e-04 -1.007688086609554e+00
11 5 -1.000284140259976e+00 -1.896774093681556e-03 -9.263162478251666e-04 -1.007687107256491e+00
11 6 -1.000284255070902e+00 -1.896991205665758e-03 -9.262145700422606e-04 -1.007686257987160e+00
11 7 -1.000284352227599e+00 -1.897152247789889e-03 -9.261596486402337e-04 -1.007685570853968e+00
11 8 -1.000284428060489e+00 -1.897251279754418e-03 -9.261526365070742e-04 -1.007685071702436e+00
11 9 -1.000284479676010e+00 -1.897284725206561e-03 -9.261928590502872e-04 -1.007684779261356e+00
11 10 -1.000284505065046e+00 -1.897251475151657e-03 -9.262779810078485e-04 -1.007684704489265e+00
11 11 -1.000284503184469e+00 -1.897152904593935e-03 -9.264042142181507e-04 -1.007684850193206e+00
11 12 -1.000284474007788e+00 -1.896992805148803e-03 -9.265665412963720e-04 -1.007685210930087e+00
11 13 -1.000284418541189e+00 -1.896777238130809e-03 -9.267589355018870e-04 -1.007685773193728e+00
11 14 -1.000284338802150e+00 -1.896514314382980e-03 -9.269745636672723e-04 -1.007686515882417e+00
11 15 -1.000284237758993e+00 -1.896213908075462e-03 -9.272059670550022e-04 -1.007687411035094e+00
11 16 -1.000284119231141e+00 -1.895887311805752e-03 -9.274452242582830e-04 -1.007688424818960e+00
11 17 -1.000283987751692e+00 -1.895546840719176e-03 -9.276841084249916e-04 -1.007689518744542e+00
11 18 -1.000283848396215e+00 -1.895205394986325e-03 -9.279142552804774e-04 -1.007690651074344e+00
11 19 -1.000283706584162e+00 -1.894875992386644e-03 -9.281273579719569e-04 -1.007691778380267e+00
11 20 -1.000283567861208e+00 -1.894571284890887e-03 -9.283154008603725e-04 -1.007692857196270e+00
11 21 -1.000283437672155e+00 -1.894303074820267e-03 -9.284709376626242e-04 -1.007693845706585e+00
11 22 -1.000283321134874e+00 -1.894081848036148e-03 -9.285874094506720e-04 -1.007694705404274e+00
11 23 -1.000283222826321e+00 -1.893916343746145e-03 -9.286594859577102e-04 -1.007695402649765e+00
11 24 -1.000283146591533e+00 -1.893813181818162e-03 -9.286834027526654e-04 -1.007695910056984e+00
11 25 -1.000283095385390e+00 -1.893776567872751e-03 -9.286572603147302e-04 -1.007696207638653e+00
11 26 -1.000283071154853e+00 -1.893808093832845e-03 -9.285812495457325e-04 -1.007696283651962e+00
11 27 -1.000283074766843e+00 -1.893906647598487e-03 -9.284577710676726e-04 -1.007696135099602e+00
11 28 -1.000283105984294e+00 -1.894068440218454e-03 -9.282914230306260e-04 -1.007695767858062e+00
11 29 -1.000283163490134e+00 -1.894287152216948e-03 -9.280888448266773e-04 -1.007695196425298e+00
11 30 -1.000283244956072e+00 -1.894554193148087e-03 -9.278584204954111e-04 -1.007694443301782e+00
11 31 -1.000283347150644e+00 -1.894859061289326e-03 -9.276098615740230e-04 -1.007693538039532e+00
12 0 -1.000283534265421e+00 -1.895450284472432e-03 -9.261875201256370e-04 -1.007692077599095e+00
12 1 -1.000283665786316e+00 -1.895794782111781e-03 -9.259347012633171e-04 -1.007690975398417e+00
12 2 -1.000283804479299e+00 -1.896138976161047e-03 -9.256954113999980e-04 -1.007689838272768e+00
12 3 -1.000283945082322e+00 -1.896469548381689e-03 -9.254793434741057e-04 -1.007688709973231e+00
12 4 -1.000284082292648e+00 -1.896773799502082e-03 -9.252949393317115e-04 -1.007687633683251e+00
12 5 -1.000284210954910e+00 -1.897040135521174e-03 -9.251490479947240e-04 -1.007686650388669e+00
12 6 -1.000284326241019e+00 -1.897258498112039e-03 -9.250467000729612e-04 -1.007685797360480e+00
12 7 -1.000284423817896e+00 -1.897420724740177e-03 -9.249910007826060e-04 -1.007685106800269e+00
12 8 -1.000284499999246e+00 -1.897520828182523e-03 -9.249831338609664e-04 -1.007684604689479e+00
12 9 -1.000284551877753e+00 -1.897555189671712e-03 -9.250224588774558e-04 -1.007684309873813e+00
12 10 -1.000284577434015e+00 -1.897522664000679e-03 -9.251066767497053e-04 -1.007684233405122e+00
12 11 -1.000284575618463e+00 -1.897424597690297e-03 -9.252320356965817e-04 -1.007684378156424e+00
12 12 -1.000284546402301e+00 -1.897264762954423e-03 -9.253935528473338e-04 -1.007684738720234e+00
12 13 -1.000284490793724e+00 -1.897049211699727e-03 -9.255852324990006e-04 -1.007685301593847e+00
12 14 -1.000284410816399e+00 -1.896786055549288e-03 -9.258002682303400e-04 -1.007686045647255e+00
12 15 -1.000284309448570e+00 -1.896485179193624e-03 -9.260312232675587e-04 -1.007686942861710e+00
12 16 -1.000284190522739e+00 -1.896157894756163e-03 -9.262701925851528e-04 -1.007687959320691e+00
12 17 -1.000284058587672e+00 -1.895816545072759e-03 -9.265089591499736e-04 -1.007689056428584e+00
12 18 -1.000283918736635e+00 -1.895474065046379e-03 -9.267391615509612e-04 -1.007690192323530e+00
12 19 -1.000283776408099e+00 -1.895143512663580e-03 -9.269524893635122e-04 -1.007691323440129e+00
12 20 -1.000283637167261e+00 -1.894837583786859e-03 -9.271409177389494e-04 -1.007692406167913e+00
12 21 -1.000283506478215e+00 -1.894568126697564e-03 -9.272969858505013e-04 -1.007693398544781e+00
12 22 -1.000283389477324e+00 -1.894345673910437e-03 -9.274141148400369e-04 -1.007694261919879e+00
12 23 -1.000283290758739e+00 -1.894179010530563e-03 -9.274869495541404e-04 -1.007694962516468e+00
12 24 -1.000283214182807e+00 -1.894074799842496e-03 -9.275116969975384e-04 -1.007695472823080e+00
12 25 -1.000283162717200e+00 -1.894037286645973e-03 -9.274864269302346e-04 -1.007695772743868e+00
12 26 -1.000283138318639e+00 -1.894068096409234e-03 -9.274112983919531e-04 -1.007695850448266e+00
12 27 -1.000283141860482e+00 -1.894166143967531e-03 -9.272886795536250e-04 -1.007695702874640e+00
12 28 -1.000283173108603e+00 -1.894327659880109e-03 -9.271231362914150e-04 -1.007695335860581e+00
12 29 -1.000283230745238e+00 -1.894546335956397e-03 -9.269212772134973e-04 -1.007694763892343e+00
12 30 -1.000283312437696e+00 -1.894813584187984e-03 -9.266914585427483e-04 -1.007694009487023e+00
12 31 -1.000283414946457e+00 -1.895118896209627e-03 -9.264433680865745e-04 -1.007693102241452e+00
13 0 -1.000283572782905e+00 -1.895706303146817e-03 -9.249943540947738e-04 -1.007691685857560e+00
13 1 -1.000283704682998e+00 -1.896051469699090e-03 -9.247418443672145e-04 -1.007690581050693e+00
13 2 -1.000283843824683e+00 -1.896396552398837e-03 -9.245026271307987e-04 -1.007689440718631e+00
13 3 -1.000283984928620e+00 -1.896728199142528e-03 -9.242863913884799e-04 -1.007688308736133e+00
13 4 -1.000284122672507e+00 -1.897033669078404e-03 -9.241015848746608e-04 -1.007687228430330e+00
13 5 -1.000284251880004e+00 -1.897301320705333e-03 -9.239550717561988e-04 -1.007686240944522e+00
13 6 -1.000284367701553e+00 -1.897521044158672e-03 -9.238519065498692e-04 -1.007685383714507e+00
13 7 -1.000284465782973e+00 -1.897684623283419e-03 -9.237952266310432e-04 -1.007684689107541e+00
13 8 -1.000284542418086e+00 -1.897786017357348e-03 -9.237862550084673e-04 -1.007684183264738e+00
13 9 -1.000284594681741e+00 -1.897821556633067e-03 -9.238243956630339e-04 -1.007683885178450e+00
13 10 -1.000284620539509e+00 -1.897790049696326e-03 -9.239073967512144e-04 -1.007683806027899e+00
13 11 -1.000284618930211e+00 -1.897692803503072e-03 -9.240315544467332e-04 -1.007683948789223e+00
13 12 -1.000284589817338e+00 -1.897533558879110e-03 -9.241919326983234e-04 -1.007684308129892e+00
13 13 -1.000284534205562e+00 -1.897318345784904e-03 -9.243825797022318e-04 -1.007684870590986e+00
13 14 -1.000284454119309e+00 -1.897055264164224e-03 -9.245967282966763e-04 -1.007685615053626e+00
13 15 -1.000284352541680e+00 -1.896754197479267e-03 -9.248269748485855e-04 -1.007686513478099e+00
13 16 -1.000284233313786e+00 -1.896426466713026e-03 -9.250654402039351e-04 -1.007687531896975e+00
13 17 -1.000284100996353e+00 -1.896084433027382e-03 -9.253039251140640e-04 -1.007688631636544e+00
13 18 -1.000283960697508e+00 -1.895741058341000e-03 -9.255340774471627e-04 -1.007689770732704e+00
13 19 -1.000283817872886e+00 -1.895409435272318e-03 -9.257475875495364e-04 -1.007690905497524e+00
13 20 -1.000283678106445e+00 -1.895102300514855e-03 -9.259364230290628e-04 -1.007691992182573e+00
13 21 -1.000283546881932e+00 -1.894831547828949e-03 -9.260931073701935e-04 -1.007692988677468e+00
13 22 -1.000283429355666e+00 -1.894607758344397e-03 -9.262110382099584e-04 -1.007693856177532e+00
13 23 -1.000283330141472e+00 -1.894439767326301e-03 -9.262848300003984e-04 -1.007694560751476e+00
13 24 -1.000283253118370e+00 -1.894334287920028e-03 -9.263106539877321e-04 -1.007695074738107e+00
13 25 -1.000283201270919e+00 -1.894295612536287e-03 -9.262865403097605e-04 -1.007695377902663e+00
13 26 -1.000283176570273e+00 -1.894325410305684e-03 -9.262126055133062e-04 -1.007695458291707e+00
13 27 -1.000283179901339e+00 -1.894422634433351e-03 -9.260911732620755e-04 -1.007695312740755e+00
13 28 -1.000283211038335e+00 -1.894583547308944e-03 -9.259267643796674e-04 -1.007694947007919e+00
13 29 -1.000283268668263e+00 -1.894801864703522e-03 -9.257259439939256e-04 -1.007694375526769e+00
13 30 -1.000283350459270e+00 -1.895069013509392e-03 -9.254970283776365e-04 -1.007693620791489e+00
13 31 -1.000283453168591e+00 -1.895374490478277e-03 -9.252496701497705e-04 -1.007692712407342e+00
14 0 -1.000283580229843e+00 -1.895948043274423e-03 -9.238205520596141e-04 -1.007691355295653e+00
14 1 -1.000283712422370e+00 -1.896293661819975e-03 -9.235685016057281e-04 -1.007690248518008e+00
14 2 -1.000283851948212e+00 -1.896639462438211e-03 -9.233294574234176e-04 -1.007689105453252e+00
14 3 -1.000283993513212e+00 -1.896972065635305e-03 -9.231131008456447e-04 -1.007687970082034e+00
14 4 -1.000284131777109e+00 -1.897278693601143e-03 -9.229278834570493e-04 -1.007686885863751e+00
14 5 -1.000284261543244e+00 -1.897547659792167e-03 -9.227806845963794e-04 -1.007685894094876e+00
14 6 -1.000284377940227e+00 -1.897768802913910e-03 -9.226765851794209e-04 -1.007685032379185e+00
14 7 -1.000284476591361e+00 -1.897933850944071e-03 -9.226187596524916e-04 -1.007684333260145e+00
14 8 -1.000284553768128e+00 -1.898036705194042e-03 -9.226084770618206e-04 -1.007683823056065e+00
14 9 -1.000284606524159e+00 -1.898073638480860e-03 -9.226451937627377e-04 -1.007683520929778e+00
14 10 -1.000284632805877e+00 -1.898043405023866e-03 -9.227267140393866e-04 -1.007683438216936e+00
14 11 -1.000284631535834e+00 -1.897947262619855e-03 -9.228493919313179e-04 -1.007683578029947e+00
14 12 -1.000284602664714e+00 -1.897788909924868e-03 -9.230083490807629e-04 -1.007683935147501e+00
14 13 -1.000284547188263e+00 -1.897574343322505e-03 -9.231976888004212e-04 -1.007684496192842e+00
14 14 -1.000284467126172e+00 -1.897311639112215e-03 -9.234106938252956e-04 -1.007685240097186e+00
14 15 -1.000284365461152e+00 -1.897010667807934e-03 -9.236400031565121e-04 -1.007686138837528e+00
14 16 -1.000284246038173e+00 -1.896682748221990e-03 -9.238777719019510e-04 -1.007687158430334e+00
14 17 -1.000284113425791e+00 -1.896340249805154e-03 -9.241158260172248e-04 -1.007688260154637e+00
14 18 -1.000283972743559e+00 -1.895996152816306e-03 -9.243458287074495e-04 -1.007689401969907e+00
14 19 -1.000283829461739e+00 -1.895663577712262e-03 -9.245594749999421e-04 -1.007690540084963e+00
14 20 -1.000283689181608e+00 -1.895355297542442e-03 -9.247487263071246e-04 -1.007691630624819e+00
14 21 -1.000283557406295e+00 -1.895083249466064e-03 -9.249060895800045e-04 -1.007692631334059e+00
14 22 -1.000283439312844e+00 -1.894858063344269e-03 -9.250249365590420e-04 -1.007693503249937e+00
14 23 -1.000283339536418e+00 -1.894688626801106e-03 -9.250998474926557e-04 -1.007694212275465e+00
14 24 -1.000283261977245e+00 -1.894581707239023e-03 -9.251269522023908e-04 -1.007694730581644e+00
14 25 -1.000283209640193e+00 -1.894541651339433e-03 -9.251042334134426e-04 -1.007695037769814e+00
14 26 -1.000283184515069e+00 -1.894570180526759e-03 -9.250317557364345e-04 -1.007695121732797e+00
14 27 -1.000283187503099e+00 -1.894666296416284e-03 -9.249117881227458e-04 -1.007694979168333e+00
14 28 -1.000283218391900e+00 -1.894826304187960e-03 -9.247487959372058e-04 -1.007694615717780e+00
14 29 -1.000283275878408e+00 -1.895043955159734e-03 -9.245492902319804e-04 -1.007694045723531e+00
14 30 -1.000283357636761e+00 -1.895310703010355e-03 -9.243215365374720e-04 -1.007693291618346e+00
14 31 -1.000283460425906e+00 -1.895616061249074e-03 -9.240751418066090e-04 -1.007692382979132e+00
15 0 -1.000283556377308e+00 -1.896166296999107e-03 -9.227116261967674e-04 -1.007691097990246e+00
15 1 -1.000283688764968e+00 -1.896512134896088e-03 -9.224601633564369e-04 -1.007689989947904e+00
15 2 -1.000283828596309e+00 -1.896858456756140e-03 -9.222213822562815e-04 -1.007688844724128e+00
15 3 -1.000283970565408e+00 -1.897191863278974e-03 -9.220049527462697e-04 -1.007687706383547e+00
15 4 -1.000284109316401e+00 -1.897499545737601e-03 -9.218193280280022e-04 -1.007686618501308e+00
15 5 -1.000284239633745e+00 -1.897769776575238e-03 -9.216714025645732e-04 -1.007685622517225e+00
15 6 -1.000284356624585e+00 -1.897992344900338e-03 -9.215662857268757e-04 -1.007684756200473e+00
15 7 -1.000284455889035e+00 -1.898158922600392e-03 -9.215071925381973e-04 -1.007684052274987e+00
15 8 -1.000284533674636e+00 -1.898263350894833e-03 -9.214954425748031e-04 -1.007683537246838e+00
15 9 -1.000284587011324e+00 -1.898301841092827e-03 -9.215305501816966e-04 -1.007683230466115e+00
15 10 -1.000284613823067e+00 -1.898273086969237e-03 -9.216103828079465e-04 -1.007683143447809e+00
15 11 -1.000284613012074e+00 -1.898178289286459e-03 -9.217313606176038e-04 -1.007683279468821e+00
15 12 -1.000284584511552e+00 -1.898021095301338e-03 -9.218886716940045e-04 -1.007683633451226e+00
15 13 -1.000284529303281e+00 -1.897807457636822e-03 -9.220764830284922e-04 -1.007684192135282e+00
15 14 -1.000284449397002e+00 -1.897545418063896e-03 -9.222881354484179e-04 -1.007684934538910e+00
15 15 -1.000284347769839e+00 -1.897244822870861e-03 -9.225163185095807e-04 -1.007685832692979e+00
15 16 -1.000284228265673e+00 -1.896916977561332e-03 -9.227532290639617e-04 -1.007686852633736e+00
15 17 -1.000284095456396e+00 -1.896574249512440e-03 -9.229907247346109e-04 -1.007687955625632e+00
15 18 -1.000283954469156e+00 -1.896229628227884e-03 -9.232204888855476e-04 -1.007689099579700e+00
15 19 -1.000283810785842e+00 -1.895896254455677e-03 -9.234342242077651e-04 -1.007690240623917e+00
15 20 -1.000283670023028e+00 -1.895586931793100e-03 -9.236238873342548e-04 -1.007691334772793e+00
15 21 -1.000283537702211e+00 -1.895313636910482e-03 -9.237819688687970e-04 -1.007692339634960e+00
15 22 -1.000283419021110e+00 -1.895087046569863e-03 -9.239018135859297e-04 -1.007693216091525e+00
15 23 -1.000283318637061e+00 -1.894916101054377e-03 -9.239779648257333e-04 -1.007693929874739e+00
15 24 -1.000283240473248e+00 -1.894807624498721e-03 -9.240065063694181e-04 -1.007694452975862e+00
15 25 -1.000283187557533e+00 -1.894766022488724e-03 -9.239853672559182e-04 -1.007694764813588e+00
15 26 -1.000283161901916e+00 -1.894793075340485e-03 -9.239145528995090e-04 -1.007694853102050e+00
15 27 -1.000283164428091e+00 -1.894887841251792e-03 -9.237962698215752e-04 -1.007694714371474e+00
15 28 -1.000283194941573e+00 -1.895046677521928e-03 -9.236349197855622e-04 -1.007694354113605e+00
15 29 -1.000283252153960e+00 -1.895263381195341e-03 -9.234369510562490e-04 -1.007693786544907e+00
15 30 -1.000283333750273e+00 -1.895529443480118e-03 -9.232105694362662e-04 -1.007693034001019e+00
15 31 -1.000283436496067e+00 -1.895834405509429e-03 -9.229653277800494e-04 -1.007692125995149e+00
16 0 -1.000283502169266e+00 -1.896352787085403e-03 -9.217104426625328e-04 -1.007690923216971e+00
16 1 -1.000283634647876e+00 -1.896698604771912e-03 -9.214596695342863e-04 -1.007689814660018e+00
16 2 -1.000283774695017e+00 -1.897045232979293e-03 -9.212212272417393e-04 -1.007688667928412e+00
16 3 -1.000283916996517e+00 -1.897379260850166e-03 -9.210047709515355e-04 -1.007687527145877e+00
16 4 -1.000284056183790e+00 -1.897687855705698e-03 -9.208187538257808e-04 -1.007686435983028e+00
16 5 -1.000284187024455e+00 -1.897959254387059e-03 -9.206700852904435e-04 -1.007685436008256e+00
16 6 -1.000284304605317e+00 -1.898183200125715e-03 -9.205639040220680e-04 -1.007684565147388e+00
16 7 -1.000284404503514e+00 -1.898351310707888e-03 -9.205034671742537e-04 -1.007683856302163e+00
16 8 -1.000284482941998e+00 -1.898457367447029e-03 -9.204901473406907e-04 -1.007683336169790e+00
16 9 -1.000284536925492e+00 -1.898497518369788e-03 -9.205235206937540e-04 -1.007683024297232e+00
16 10 -1.000284564353041e+00 -1.898470392979855e-03 -9.206015229802106e-04 -1.007682932394863e+00
16 11 -1.000284564103168e+00 -1.898377129289168e-03 -9.207206462722870e-04 -1.007683063926056e+00
16 12 -1.000284536087592e+00 -1.898221315909353e-03 -9.208761508968932e-04 -1.007683413983009e+00
16 13 -1.000284481269661e+00 -1.898008853227974e-03 -9.210622732893010e-04 -1.007683969453338e+00
16 14 -1.000284401644393e+00 -1.897747738942571e-03 -9.212724184122099e-04 -1.007684709474840e+00
16 15 -1.000284300178363e+00 -1.897447784752936e-03 -9.214993326695692e-04 -1.007685606167302e+00
16 16 -1.000284180709393e+00 -1.897120272237578e-03 -9.217352605478802e-04 -1.007686625621883e+00
16 17 -1.000284047808074e+00 -1.896777556539335e-03 -9.219720960804206e-04 -1.007687729121438e+00
16 18 -1.000283906605115e+00 -1.896432627171278e-03 -9.222015462332690e-04 -1.007688874557821e+00
16 19 -1.000283762590710e+00 -1.896098636991731e-03 -9.224153239172769e-04 -1.007690018003107e+00
16 20 -1.000283621394145e+00 -1.895788413115768e-03 -9.226053829492330e-04 -1.007691115381569e+00
16 21 -1.000283488553487e+00 -1.895513966181773e-03 -9.227641986642158e-04 -1.007692124180597e+00
16 22 -1.000283369286219e+00 -1.895286016235115e-03 -9.228850884952965e-04 -1.007693005133201e+00
16 23 -1.000283268271916e+00 -1.895113554729346e-03 -9.229625568574879e-04 -1.007693723801819e+00
16 24 -1.000283189457724e+00 -1.895003463069643e-03 -9.229926382266820e-04 -1.007694251992198e+00
16 25 -1.000283135896368e+00 -1.894960208150263e-03 -9.229732039627271e-04 -1.007694568928439e+00
16 26 -1.000283109624661e+00 -1.894985633399888e-03 -9.229041957072769e-04 -1.007694662128176e+00
16 27 -1.000283111588043e+00 -1.895078859567731e-03 -9.227877522027070e-04 -1.007694527930982e+00
16 28 -1.000283141613745e+00 -1.895236303507232e-03 -9.226282054512166e-04 -1.007694171651672e+00
16 29 -1.000283198432241e+00 -1.895451816449599e-03 -9.224319343857610e-04 -1.007693607350802e+00
16 30 -1.000283279743890e+00 -1.895716936243988e-03 -9.222070788088394e-04 -1.007692857235419e+00
16 31 -1.000283382325421e+00 -1.896021241188737e-03 -9.219631318557924e-04 -1.007691950722815e+00
17 0 -1.000283419681967e+00 -1.896500467906295e-03 -9.208555368194117e-04 -1.007690837187799e+00
17 1 -1.000283552144385e+00 -1.896846027981502e-03 -9.206055257462018e-04 -1.007689728882016e+00
17 2 -1.000283692310039e+00 -1.897192737569887e-03 -9.203674809359390e-04 -1.007688581346667e+00
17 3 -1.000283834860296e+00 -1.897527182787763e-03 -9.201510408597805e-04 -1.007687438737753e+00
17 4 -1.000283974417054e+00 -1.897836514641502e-03 -9.199646574931103e-04 -1.007686344798192e+00
17 5 -1.000284105733679e+00 -1.898108941054503e-03 -9.198152544041779e-04 -1.007685341205701e+00
17 6 -1.000284223878557e+00 -1.898334164974993e-03 -9.197079988924382e-04 -1.007684466027808e+00
17 7 -1.000284324407043e+00 -1.898503754246625e-03 -9.196461901370139e-04 -1.007683752334266e+00
17 8 -1.000284403517816e+00 -1.898611432641832e-03 -9.196312547531919e-04 -1.007683227009670e+00
17 9 -1.000284458189739e+00 -1.898653285342806e-03 -9.196628328024325e-04 -1.007682909800475e+00
17 10 -1.000284486295366e+00 -1.898627876167690e-03 -9.197389308640065e-04 -1.007682812621173e+00
17 11 -1.000284486687131e+00 -1.898536277190581e-03 -9.198561155058260e-04 -1.007682939136168e+00
17 12 -1.000284459252129e+00 -1.898382013423163e-03 -9.200097221202387e-04 -1.007683284627908e+00
17 13 -1.000284404931514e+00 -1.898170926374311e-03 -9.201940600492061e-04 -1.007683836156503e+00
17 14 -1.000284325701316e+00 -1.897910961641114e-03 -9.204026024403989e-04 -1.007684573008634e+00
17 15 -1.000284224512961e+00 -1.897611887403626e-03 -9.206281565669282e-04 -1.007685467424344e+00
17 16 -1.000284105193562e+00 -1.897284951944881e-03 -9.208630179741390e-04 -1.007686485581859e+00
17 17 -1.000283972307929e+00 -1.896942488704781e-03 -9.210991199536770e-04 -1.007687588814100e+00
17 18 -1.000283830986216e+00 -1.896597477907102e-03 -9.213281957602583e-04 -1.007688735023788e+00
17 19 -1.000283686723267e+00 -1.896263075696079e-03 -9.215419711944348e-04 -1.007689880254507e+00
17 20 -1.000283545157951e+00 -1.895952124736151e-03 -9.217323994782226e-04 -1.007690980364089e+00
17 21 -1.000283411842443e+00 -1.895676662927155e-03 -9.218919418503221e-04 -1.007691992737819e+00
17 22 -1.000283292012358e+00 -1.895447448479725e-03 -9.220138883700784e-04 -1.007692877974106e+00
17 23 -1.000283190368801e+00 -1.895273520653261e-03 -9.220927036818312e-04 -1.007693601472813e+00
17 24 -1.000283110883055e+00 -1.895161816524561e-03 -9.221243717389082e-04 -1.007694134855153e+00
17 25 -1.000283056633636e+00 -1.895116864426326e-03 -9.221067046365902e-04 -1.007694457145754e+00
17 26 -1.000283029683795e+00 -1.895140572757671e-03 -9.220395779399480e-04 -1.007694555655374e+00
17 27 -1.000283031005045e+00 -1.895232128386609e-03 -9.219250594261720e-04 -1.007694426517299e+00
17 28 -1.000283060449336e+00 -1.895388012830583e-03 -9.217674076349997e-04 -1.007694074849075e+00
17 29 -1.000283116769544e+00 -1.895602137837586e-03 -9.215729285696141e-04 -1.007693514531377e+00
17 30 -1.000283197685223e+00 -1.895866095150787e-03 -9.213496928091547e-04 -1.007692767616194e+00
17 31 -1.000283299988324e+00 -1.896169508284426e-03 -9.211071306402352e-04 -1.007691863396595e+00
18 0 -1.000283312045060e+00 -1.896603777530586e-03 -9.201796230542150e-04 -1.007690842889782e+00
18 1 -1.000283444385262e+00 -1.896948853618818e-03 -9.199304147454662e-04 -1.007689735587989e+00
18 2 -1.000283584568172e+00 -1.897295417720857e-03 -9.196928081151216e-04 -1.007688587980115e+00
18 3 -1.000283727274580e+00 -1.897630061496941e-03 -9.194764238298226e-04 -1.007687444226636e+00
18 4 -1.000283867120378e+00 -1.897939927927532e-03 -9.192897113561620e-04 -1.007686348116910e+00
18 5 -1.000283998847800e+00 -1.898213203843524e-03 -9.191396067725376e-04 -1.007685341414569e+00
18 6 -1.000284117509499e+00 -1.898439559033982e-03 -9.190313043863827e-04 -1.007684462308432e+00
18 7 -1.000284218641095e+00 -1.898610517409660e-03 -9.189681442419441e-04 -1.007683744020046e+00
18 8 -1.000284298418192e+00 -1.898719749680708e-03 -9.189516063378053e-04 -1.007683213610667e+00
18 9 -1.000284353794070e+00 -1.898763280963774e-03 -9.189813941591027e-04 -1.007682891021511e+00
18 10 -1.000284382614222e+00 -1.898739610494739e-03 -9.190555845687436e-04 -1.007682788372253e+00
18 11 -1.000284383703645e+00 -1.898649743768933e-03 -9.191708182732777e-04 -1.007682909535141e+00
18 12 -1.000284356922652e+00 -1.898497139607613e-03 -9.193225061056435e-04 -1.007683249995827e+00
18 13 -1.000284303187215e+00 -1.898287576089244e-03 -9.195050315228954e-04 -1.007683797005874e+00
18 14 -1.000284224450736e+00 -1.898028940606619e-03 -9.197119373489044e-04 -1.007684530024423e+00
18 15 -1.000284123645510e+00 -1.897730950724177e-03 -9.199360929358449e-04 -1.007685421438105e+00
18 16 -1.000284004583836e+00 -1.897404813614299e-03 -9.201698459357043e-04 -1.007686437540172e+00
18 17 -1.000283871820610e+00 -1.897062832470636e-03 -9.204051704011112e-04 -1.007687539742916e+00
18 18 -1.000283730481307e+00 -1.896717969108721e-03 -9.206338280800564e-04 -1.007688685989941e+00
18 19 -1.000283586061474e+00 -1.896383373821088e-03 -9.208475600266186e-04 -1.007689832325426e+00
18 20 -1.000283444206034e+00 -1.896071896326057e-03 -9.210383206410539e-04 -1.007690934567059e+00
18 21 -1.000283310478346e+00 -1.895795594283047e-03 -9.211985581140040e-04 -1.007691950020476e+00
18 22 -1.000283190129920e+00 -1.895565257625442e-03 -9.213215359505302e-04 -1.007692839167726e+00
18 23 -1.000283087881864e+00 -1.895389968157276e-03 -9.214016799915558e-04 -1.007693567259648e+00
18 24 -1.000283007728796e+00 -1.895276714840652e-03 -9.214349245448525e-04 -1.007694105741053e+00
18 25 -1.000282952774961e+00 -1.895230085352192e-03 -9.214190227317529e-04 -1.007694433439515e+00
18 26 -1.000282925110714e+00 -1.895252052606321e-03 -9.213537836568529e-04 -1.007694537456034e+00
18 27 -1.000282925735007e+00 -1.895341870604630e-03 -9.212412034967543e-04 -1.007694413709951e+00
18 28 -1.000282954526542e+00 -1.895496087967110e-03 -9.210854668453870e-04 -1.007694067109261e+00
18 29 -1.000283010263226e+00 -1.895708680873321e-03 -9.208928063739534e-04 -1.007693511337881e+00
18 30 -1.000283090686921e+00 -1.895971300297874e-03 -9.206712227142316e-04 -1.007692768271806e+00
18 31 -1.000283192608315e+00 -1.896273621511850e-03 -9.204300820250056e-04 -1.007691867055780e+00
19 0 -1.000283183327427e+00 -1.896658834097124e-03 -9.197083584313021e-04 -1.007690940019070e+00
19 1 -1.000283315444409e+00 -1.897003218935700e-03 -9.194599622216617e-04 -1.007689834433862e+00
19 2 -1.000283455542967e+00 -1.897349416807608e-03 -9.192228168761571e-04 -1.007688687485685e+00
19 3 -1.000283598307153e+00 -1.897684033282673e-03 -9.190065244818649e-04 -1.007687543311672e+00
19 4 -1.000283738350685e+00 -1.897994212076246e-03 -9.188195303568032e-04 -1.007686445719548e+00
19 5 -1.000283870408307e+00 -1.898268127623200e-03 -9.186687811327410e-04 -1.007685436531835e+00
19 6 -1.000283989520199e+00 -1.898495424808632e-03 -9.185594961289904e-04 -1.007684554033843e+00
19 7 -1.000284091204954e+00 -1.898667591142940e-03 -9.184950539808525e-04 -1.007683831577325e+00
19 8 -1.000284171617138e+00 -1.898778250800523e-03 -9.184769851910293e-04 -1.007683296382756e+00
19 9 -1.000284227685754e+00 -1.898823374033321e-03 -9.185050533054167e-04 -1.007682968573676e+00
19 10 -1.000284257229753e+00 -1.898801399068462e-03 -9.185774022024381e-04 -1.007682860468171e+00
19 11 -1.000284259046369e+00 -1.898713266547145e-03 -9.186907440844455e-04 -1.007682976145683e+00
19 12 -1.000284232967903e+00 -1.898562368883353e-03 -9.188405632489928e-04 -1.007683311300695e+00
19 13 -1.000284179883083e+00 -1.898354418649099e-03 -9.190213156058784e-04 -1.007683853387766e+00
19 14 -1.000284101719955e+00 -1.898097241330058e-03 -9.192266120649869e-04 -1.007684582055055e+00
19 15 -1.000284001388508e+00 -1.897800498785251e-03 -9.194493827648755e-04 -1.007685469856261e+00
19 16 -1.000283882682729e+00 -1.897475350723039e-03 -9.196820269590587e-04 -1.007686483223390e+00
19 17 -1.000283750143815e+00 -1.897134062565183e-03 -9.199165599472881e-04 -1.007687583674646e+00
19 18 -1.000283608888568e+00 -1.896789569300272e-03 -9.201447731002903e-04 -1.007688729223019e+00
19 19 -1.000283464409250e+00 -1.896455006573104e-03 -9.203584239661586e-04 -1.007689875942213e+00
19 20 -1.000283322353119e+00 -1.896143222498283e-03 -9.205494693502055e-04 -1.007690979637444e+00
19 21 -1.000283188291434e+00 -1.895866286260537e-03 -9.207103459747472e-04 -1.007691997560051e+00
19 22 -1.000283067488776e+00 -1.895635011838628e-03 -9.208342930201024e-04 -1.007692890098283e+00
19 23 -1.000282964683922e+00 -1.895458516696329e-03 -9.209157001319440e-04 -1.007693622373120e+00
19 24 -1.000282883893070e+00 -1.895343835958105e-03 -9.209504543647388e-04 -1.007694165667849e+00
19 25 -1.000282828245154e+00 -1.895295612335160e-03 -9.209362518346538e-04 -1.007694498622937e+00
19 26 -1.000282799857330e+00 -1.895315880341343e-03 -9.208728371486653e-04 -1.007694608134706e+00
19 27 -1.000282799756351e+00 -1.895403959498413e-03 -9.207621372868227e-04 -1.007694489909094e+00
19 28 -1.000282827848641e+00 -1.895556465337696e-03 -9.206082655401877e-04 -1.007694148640387e+00
19 29 -1.000282882938755e+00 -1.895767439972169e-03 -9.204173834199314e-04 -1.007693597806366e+00
19 30 -1.000282962793164e+00 -1.896028596879367e-03 -9.201974229006879e-04 -1.007692859092376e+00
19 31 -1.000283064244206e+00 -1.896329667848515e-03 -9.199576867453544e-04 -1.007691961475771e+00
20 0 -1.000283038391114e+00 -1.896663571570419e-03 -9.194594049851538e-04 -1.007691125005302e+00
20 1 -1.000283170192412e+00 -1.897007084094374e-03 -9.192118005932244e-04 -1.007690021784259e+00
20 2 -1.000283310108187e+00 -1.897352708868900e-03 -9.189751227874804e-04 -1.007688876203169e+00
20 3 -1.000283452829495e+00 -1.897687073185501e-03 -9.187589547260244e-04 -1.007687732349049e+00
20 4 -1.000283592971872e+00 -1.897997330239857e-03 -9.185717362413656e-04 -1.007686634019030e+00
20 5 -1.000283725266549e+00 -1.898271651265774e-03 -9.184204225656970e-04 -1.007685623064987e+00
20 6 -1.000283844744920e+00 -1.898499665429109e-03 -9.183102552841357e-04 -1.007684737840295e+00
20 7 -1.000283946911833e+00 -1.898672832725881e-03 -9.182446476628325e-04 -1.007684011800604e+00
20 8 -1.000284027903672e+00 -1.898784739125508e-03 -9.182251755785370e-04 -1.007683472302094e+00
20 9 -1.000284084627475e+00 -1.898831307362848e-03 -9.182516570370978e-04 -1.007683139630996e+00
20 10 -1.000284114877198e+00 -1.898810920503402e-03 -9.183222976028497e-04 -1.007683026289517e+00
20 11 -1.000284117422936e+00 -1.898724458381091e-03 -9.184338760498665e-04 -1.007683136556222e+00
20 12 -1.000284092068739e+00 -1.898575249277489e-03 -9.185819452886779e-04 -1.007683466332361e+00
20 13 -1.000284039675118e+00 -1.898368940863700e-03 -9.187610288333554e-04 -1.007684003278851e+00
20 14 -1.000283962143150e+00 -1.898113295571962e-03 -9.189648013800810e-04 -1.007684727241541e+00
20 15 -1.000283862358246e+00 -1.897817916500446e-03 -9.191862507701473e-04 -1.007685610955407e+00
20 16 -1.000283744093161e+00 -1.897493911019750e-03 -9.194178260859514e-04 -1.007686621010550e+00
20 17 -1.000283611871991e+00 -1.897153500496188e-03 -9.196515829317150e-04 -1.007687719054264e+00
20 18 -1.000283470799207e+00 -1.896809585841665e-03 -9.198793418039511e-04 -1.007688863194534e+00
20 19 -1.000283326360037e+00 -1.896475280076629e-03 -9.200928768906576e-04 -1.007690009561709e+00
20 20 -1.000283184200340e+00 -1.896163421151410e-03 -9.202841486818614e-04 -1.007691113976497e+00
20 21 -1.000283049895642e+00 -1.895886080927013e-03 -9.204455849700614e-04 -1.007692133663742e+00
20 22 -1.000282928720204e+00 -1.895654088748804e-03 -9.205704039585901e-04 -1.007693028944195e+00
20 23 -1.000282825427451e+00 -1.895476589623896e-03 -9.206529626942625e-04 -1.007693764832788e+00
20 24 -1.000282744052625e+00 -1.895360657473451e-03 -9.206891046998065e-04 -1.007694312472086e+00
20 25 -1.000282687747380e+00 -1.895310983532479e-03 -9.206764732387455e-04 -1.007694650332855e+00
20 26 -1.000282658654310e+00 -1.895329658453594e-03 -9.206147532179584e-04 -1.007694765120105e+00
20 27 -1.000282657827244e+00 -1.895416063156076e-03 -9.205058075733020e-04 -1.007694652335009e+00
20 28 -1.000282685200265e+00 -1.895566877549382e-03 -9.203536831726932e-04 -1.007694316461599e+00
20 29 -1.000282739605223e+00 -1.895776208864889e-03 -9.201644745641500e-04 -1.007693770769565e+00
20 30 -1.000282818834612e+00 -1.896035833989829e-03 -9.199460486990000e-04 -1.007693036746161e+00
20 31 -1.000282919744546e+00 -1.896335543757747e-03 -9.197076483669541e-04 -1.007692143188732e+00
21 0 -1.000282882717381e+00 -1.896617811709524e-03 -9.194418190673365e-04 -1.007691391123703e+00
21 1 -1.000283014122193e+00 -1.896960303203471e-03 -9.191949588386143e-04 -1.007690290827125e+00
21 2 -1.000283153763384e+00 -1.897305169115829e-03 -9.189587389402589e-04 -1.007689147270879e+00
21 3 -1.000283296342527e+00 -1.897639065390825e-03 -9.187427242238477e-04 -1.007688004467016e+00
21 4 -1.000283436480868e+00 -1.897949162965667e-03 -9.185553483472822e-04 -1.007686906173765e+00
21 5 -1.000283568910190e+00 -1.898223639208262e-03 -9.184035728348167e-04 -1.007685894241681e+00
21 6 -1.000283688657143e+00 -1.898452117511024e-03 -9.182926574023884e-04 -1.007685007060828e+00
21 7 -1.000283791216696e+00 -1.898626040403209e-03 -9.182260442438016e-04 -1.007684278160219e+00
21 8 -1.000283872710633e+00 -1.898738965373317e-03 -9.182053479728018e-04 -1.007683735003148e+00
21 9 -1.000283930027136e+00 -1.898786776646497e-03 -9.182304340261620e-04 -1.007683398013021e+00
21 10 -1.000283960937600e+00 -1.898767810011343e-03 -9.182995623486809e-04 -1.007683279855043e+00
21 11 -1.000283964186604e+00 -1.898682890942524e-03 -9.184095705892288e-04 -1.007683384991128e+00
21 12 -1.000283939550819e+00 -1.898535288451401e-03 -9.185560723583020e-04 -1.007683709519065e+00
21 13 -1.000283887862743e+00 -1.898330588463279e-03 -9.187336513248003e-04 -1.007684241301350e+00
21 14 -1.000283810995956e+00 -1.898076491564954e-03 -9.189360397504271e-04 -1.007684960382647e+00
21 15 -1.000283711809898e+00 -1.897782541138055e-03 -9.191562784305007e-04 -1.007685839686836e+00
21 16 -1.000283594053873e+00 -1.897459789196137e-03 -9.193868626659056e-04 -1.007686845975961e+00
21 17 -1.000283462232059e+00 -1.897120408384633e-03 -9.196198855814014e-04 -1.007687941045063e+00
21 18 -1.000283321433436e+00 -1.896777259605646e-03 -9.198471950728881e-04 -1.007689083119115e+00
21 19 -1.000283177132788e+00 -1.896443426159465e-03 -9.200605818478994e-04 -1.007690228409875e+00
21 20 -1.000283034970890e+00 -1.896131727622427e-03 -9.202520117427709e-04 -1.007691332780857e+00
21 21 -1.000282900523674e+00 -1.895854229533917e-03 -9.204139066122201e-04 -1.007692353459339e+00
21 22 -1.000282779071276e+00 -1.895621767358171e-03 -9.205394674456648e-04 -1.007693250727535e+00
21 23 -1.000282675378225e+00 -1.895443504527397e-03 -9.206230231681728e-04 -1.007693989522098e+00
21 24 -1.000282593495603e+00 -1.895326544875045e-03 -9.206603793031317e-04 -1.007694540871078e+00
21 25 -1.000282536594918e+00 -1.895275619652777e-03 -9.206491329154435e-04 -1.007694883099721e+00
21 26 -1.000282506841790e+00 -1.895292867962732e-03 -9.205889164346418e-04 -1.007695002742674e+00
21 27 -1.000282505315335e+00 -1.895377725783883e-03 -9.204815358122310e-04 -1.007694895112589e+00
21 28 -1.000282531976255e+00 -1.895526932665109e-03 -9.203309781328402e-04 -1.007694564494093e+00
21 29 -1.000282585683409e+00 -1.895734657765790e-03 -9.201432774569126e-04 -1.007694023954371e+00
21 30 -1.000282664255737e+00 -1.895992739728926e-03 -9.199262421954209e-04 -1.007693294782949e+00
21 31 -1.000282764574248e+00 -1.896291028513267e-03 -9.196890612746890e-04 -1.007692405591909e+00
22 0 -1.000282722209576e+00 -1.896523270576346e-03 -9.196557805273300e-04 -1.007691728694595e+00
22 1 -1.000282853151619e+00 -1.896864629884427e-03 -9.194095919843603e-04 -1.007690631775680e+00
22 2 -1.000282992436342e+00 -1.897208578712879e-03 -9.191738061082571e-04 -1.007689490829255e+00
22 3 -1.000283134778983e+00 -1.897541807558354e-03 -9.189579710412446e-04 -1.007688349770072e+00
22 4 -1.000283274810106e+00 -1.897851512707234e-03 -9.187705137131968e-04 -1.007687252290636e+00
22 5 -1.000283407266070e+00 -1.898125886816946e-03 -9.186183988631748e-04 -1.007686240209585e+00
22 6 -1.000283527173067e+00 -1.898354557780543e-03 -9.185068990558565e-04 -1.007685351920617e+00
22 7 -1.000283630020525e+00 -1.898528961436752e-03 -9.184394786963050e-04 -1.007684620992440e+00
22 8 -1.000283711919744e+00 -1.898642637526085e-03 -9.184177835226195e-04 -1.007684074962908e+00
22 9 -1.000283769743773e+00 -1.898691442111101e-03 -9.184417178787942e-04 -1.007683734362297e+00
22 10 -1.000283801244671e+00 -1.898673673407481e-03 -9.185095864927094e-04 -1.007683611991569e+00
22 11 -1.000283805144193e+00 -1.898590111241150e-03 -9.186182755317152e-04 -1.007683712472703e+00
22 12 -1.000283781193677e+00 -1.898443972618450e-03 -9.187634490658166e-04 -1.007684032081757e+00
22 13 -1.000283730198889e+00 -1.898240787140042e-03 -9.189397416586876e-04 -1.007684558870503e+00
22 14 -1.000283654006321e+00 -1.897988196909099e-03 -9.191409351575817e-04 -1.007685273076590e+00
22 15 -1.000283555448960e+00 -1.897695686852486e-03 -9.193601164494247e-04 -1.007686147813556e+00
22 16 -1.000283438251357e+00 -1.897374252835341e-03 -9.195898212829748e-04 -1.007687150022469e+00
22 17 -1.000283306895771e+00 -1.897036016021294e-03 -9.198221760659407e-04 -1.007688241659004e+00
22 18 -1.000283166453108e+00 -1.896693792707590e-03 -9.200490539362245e-04 -1.007689381083116e+00
22 19 -1.000283022384595e+00 -1.896360630260493e-03 -9.202622621009396e-04 -1.007690524610245e+00
22 20 -1.000282880322371e+00 -1.896049322330977e-03 -9.204537733701718e-04 -1.007691628172485e+00
22 21 -1.000282745838926e+00 -1.895771919536708e-03 -9.206160064851862e-04 -1.007692649027989e+00
22 22 -1.000282624216292e+00 -1.895539254057974e-03 -9.207421493361747e-04 -1.007693547450696e+00
22 23 -1.000282520226140e+00 -1.895360497774208e-03 -9.208265085359239e-04 -1.007694288330170e+00
22 24 -1.000282437931522e+00 -1.895242774186023e-03 -9.208648591238864e-04 -1.007694842611046e+00
22 25 -1.000282380520129e+00 -1.895190844502293e-03 -9.208547605151088e-04 -1.007695188502846e+00
22 26 -1.000282350177312e+00 -1.895206886915057e-03 -9.207958014043159e-04 -1.007695312396919e+00
22 27 -1.000282348004768e+00 -1.895290384190107e-03 -9.206897393977208e-04 -1.007695209440489e+00
22 28 -1.000282373987806e+00 -1.895438128500907e-03 -9.205405106091396e-04 -1.007694883737207e+00
22 29 -1.000282427010983e+00 -1.895644345268551e-03 -9.203540977638832e-04 -1.007694348165198e+00
22 30 -1.000282504919045e+00 -1.895900930790739e-03 -9.201382597240155e-04 -1.007693623824340e+00
22 31 -1.000282604617996e+00 -1.896197791967812e-03 -9.199021394618615e-04 -1.007692739143424e+00
23 0 -1.000282562978437e+00 -1.896383499269387e-03 -9.200926607559569e-04 -1.007692125371716e+00
23 1 -1.000282693408447e+00 -1.896723656837239e-03 -9.198470498759561e-04 -1.007691032159764e+00
23 2 -1.000282832267738e+00 -1.897066563508010e-03 -9.196116619886386e-04 -1.007689894314175e+00
23 3 -1.000282974287866e+00 -1.897398949138053e-03 -9.193960304157878e-04 -1.007688755633133e+00
23 4 -1.000283114112031e+00 -1.897708042244162e-03 -9.192085744118475e-04 -1.007687659718510e+00
23 5 -1.000283246485056e+00 -1.897982059394128e-03 -9.190562584160635e-04 -1.007686648327514e+00
23 6 -1.000283366437009e+00 -1.898210642969788e-03 -9.189443623540980e-04 -1.007685759824480e+00
23 7 -1.000283469456297e+00 -1.898385233068489e-03 -9.188763657134621e-04 -1.007685027782758e+00
23 8 -1.000283551648204e+00 -1.898499363149045e-03 -9.188539365341227e-04 -1.007684479779257e+00
23 9 -1.000283609874926e+00 -1.898548872664593e-03 -9.188770075546245e-04 -1.007684136416576e+00
23 10 -1.000283641873213e+00 -1.898532033500069e-03 -9.189439165684562e-04 -1.007684010598791e+00
23 11 -1.000283646345652e+00 -1.898449590322827e-03 -9.190515862034521e-04 -1.007684107078273e+00
23 12 -1.000283623021304e+00 -1.898304717350897e-03 -9.191957193396988e-04 -1.007684422284155e+00
23 13 -1.000283572681428e+00 -1.898102895337771e-03 -9.193709905158760e-04 -1.007684944438234e+00
23 14 -1.000283497146750e+00 -1.897851713407489e-03 -9.195712210627385e-04 -1.007685653958465e+00
23 15 -1.000283399224300e+00 -1.897560601525974e-03 -9.197895349622732e-04 -1.007686524141758e+00
23 16 -1.000283282613607e+00 -1.897240500836617e-03 -9.200185011391636e-04 -1.007687522108182e+00
23 17 -1.000283151773917e+00 -1.896903480234422e-03 -9.202502743274718e-04 -1.007688609980587e+00
23 18 -1.000283011756097e+00 -1.896562308378920e-03 -9.204767503708628e-04 -1.007689746267056e+00
23 19 -1.000282868005096e+00 -1.896229991681729e-03 -9.206897524745899e-04 -1.007690887405650e+00
23 20 -1.000282726141155e+00 -1.895919291254453e-03 -9.208812615812922e-04 -1.007691989420450e+00
23 21 -1.000282591729668e+00 -1.895642234809396e-03 -9.210436962164494e-04 -1.007693009627574e+00
23 22 -1.000282470050569e+00 -1.895409641925314e-03 -9.211702361736422e-04 -1.007693908323244e+00
23 23 -1.000282365878369e+00 -1.895230682447286e-03 -9.212551729083820e-04 -1.007694650383398e+00
23 24 -1.000282283283648e+00 -1.895112488416032e-03 -9.212942597102991e-04 -1.007695206704041e+00
23 25 -1.000282225465964e+00 -1.895059839883093e-03 -9.212850278781428e-04 -1.007695555413077e+00
23 26 -1.000282194626437e+00 -1.895074943465765e-03 -9.212270323644814e-04 -1.007695682790571e+00
23 27 -1.000282191885840e+00 -1.895157318677773e-03 -9.211219930442383e-04 -1.007695583847561e+00
23 28 -1.000282217251102e+00 -1.895303801105873e-03 -9.209738063448865e-04 -1.007695262532464e+00
23 29 -1.000282269630082e+00 -1.895508664465824e-03 -9.207884150326829e-04 -1.007694731555449e+00
23 30 -1.000282346891674e+00 -1.895763856471111e-03 -9.205735389343495e-04 -1.007694011841993e+00
23 31 -1.000282445966068e+00 -1.896059336764336e-03 -9.203382840950817e-04 -1.007693131646244e+00
24 0 -1.000282411116166e+00 -1.896203760043676e-03 -9.207354161544690e-04 -1.007692566521093e+00
24 1 -1.000282541003836e+00 -1.896542690599471e-03 -9.204902711907332e-04 -1.007691477208626e+00
24 2 -1.000282679384267e+00 -1.896884468012209e-03 -9.202552347040289e-04 -1.007690342841954e+00
24 3 -1.000282821007422e+00 -1.897215865013866e-03 -9.200398269887435e-04 -1.007689207087355e+00
24 4 -1.000282960532096e+00 -1.897524148178295e-03 -9.198524586411403e-04 -1.007688113434004e+00
24 5 -1.000283092715212e+00 -1.897797565676219e-03 -9.197000905823488e-04 -1.007687103550361e+00
24 6 -1.000283212594827e+00 -1.898025783663962e-03 -9.195880048053235e-04 -1.007686215739874e+00
24 7 -1.000283315662798e+00 -1.898200257233578e-03 -9.195196881706718e-04 -1.007685483545545e+00
24 8 -1.000283398023109e+00 -1.898314525444681e-03 -9.194968207390620e-04 -1.007684934546019e+00
24 9 -1.000283456531912e+00 -1.898364423585560e-03 -9.195193514322586e-04 -1.007684589378196e+00
24 10 -1.000283488915362e+00 -1.898348209553213e-03 -9.195856381144464e-04 -1.007684461012293e+00
24 11 -1.000283493861261e+00 -1.898266604580980e-03 -9.196926268909886e-04 -1.007684554296599e+00
24 12 -1.000283471080212e+00 -1.898122750823221e-03 -9.198360465948497e-04 -1.007684865782632e+00
24 13 -1.000283421332060e+00 -1.897922089531373e-03 -9.200105990172961e-04 -1.007685383836599e+00
24 14 -1.000283346414083e+00 -1.897672164436028e-03 -9.202101329569462e-04 -1.007686089037167e+00
24 15 -1.000283249108874e+00 -1.897382356101379e-03 -9.204277991780325e-04 -1.007686954851442e+00
24 16 -1.000283133091618e+00 -1.897063554354245e-03 -9.206561918466677e-04 -1.007687948571841e+00
24 17 -1.000283002798303e+00 -1.896727776994020e-03 -9.208874884403797e-04 -1.007689032488532e+00
24 18 -1.000282863258539e+00 -1.896387743919624e-03 -9.211136039629273e-04 -1.007690165264989e+00
24 19 -1.000282719898911e+00 -1.896056417199195e-03 -9.213263761190072e-04 -1.007691303476067e+00
24 20 -1.000282578324955e+00 -1.895746519916309e-03 -9.215177949071108e-04 -1.007692403258110e+00
24 21 -1.000282444091563e+00 -1.895470049511542e-03 -9.216802822191169e-04 -1.007693422010716e+00
24 22 -1.000282322472589e+00 -1.895237803934066e-03 -9.218070157179331e-04 -1.007694320082545e+00
24 23 -1.000282218240901e+00 -1.895058940590922e-03 -9.218922794482827e-04 -1.007695062369962e+00
24 24 -1.000282135469857e+00 -1.894940588720994e-03 -9.219318140234683e-04 -1.007695619756859e+00
24 25 -1.000282077366148e+00 -1.894887535434452e-03 -9.219231329468942e-04 -1.007695970326684e+00
24 26 -1.000282046142130e+00 -1.894902003936087e-03 -9.218657690511298e-04 -1.007696100284601e+00
24 27 -1.000282042933398e+00 -1.894983538890919e-03 -9.217614171642683e-04 -1.007696004540135e+00
24 28 -1.000282067764609e+00 -1.895129008332613e-03 -9.216139470792169e-04 -1.007695686918402e+00
24 29 -1.000282119563589e+00 -1.895332724481396e-03 -9.214292741569571e-04 -1.007695159989245e+00
24 30 -1.000282196220825e+00 -1.895586678358844e-03 -9.212150906732494e-04 -1.007694444525534e+00
24 31 -1.000282294689058e+00 -1.895880876203195e-03 -9.209804760259898e-04 -1.007693568621856e+00
25 0 -1.000282272466485e+00 -1.895990840688350e-03 -9.215592823587147e-04 -1.007693035690485e+00
25 1 -1.000282401801719e+00 -1.896328564563724e-03 -9.213144773384531e-04 -1.007691950324773e+00
25 2 -1.000282539667583e+00 -1.896669167471216e-03 -9.210797357485991e-04 -1.007690819686140e+00
25 3 -1.000282680833896e+00 -1.896999466888956e-03 -9.208645670072136e-04 -1.007689687298639e+00
25 4 -1.000282819977428e+00 -1.897306771714958e-03 -9.206773727726150e-04 -1.007688596521118e+00
25 5 -1.000282951870348e+00 -1.897579368170879e-03 -9.205251076770336e-04 -1.007687588909354e+00
25 6 -1.000283071562494e+00 -1.897806954661534e-03 -9.204130501857549e-04 -1.007686702676520e+00
25 7 -1.000283174553531e+00 -1.897981011595311e-03 -9.203446859497048e-04 -1.007685971301160e+00
25 8 -1.000283256950994e+00 -1.898095095431458e-03 -9.203216959107299e-04 -1.007685422325886e+00
25 9 -1.000283315610129e+00 -1.898145049968147e-03 -9.203440324098927e-04 -1.007685076382175e+00
25 10 -1.000283348251631e+00 -1.898129132007554e-03 -9.204100598494514e-04 -1.007684946466699e+00
25 11 -1.000283353553381e+00 -1.898048051947081e-03 -9.205167338686941e-04 -1.007685037485669e+00
25 12 -1.000283331211980e+00 -1.897904931806698e-03 -9.206597950154168e-04 -1.007685346077907e+00
25 13 -1.000283281969790e+00 -1.897705184199840e-03 -9.208339582892702e-04 -1.007685860722932e+00
25 14 -1.000283207603913e+00 -1.897456316789148e-03 -9.210330870917525e-04 -1.007686562134238e+00
25 15 -1.000283110874977e+00 -1.897167668129781e-03 -9.212503481524501e-04 -1.007687423929445e+00
25 16 -1.000282995435355e+00 -1.896850082020905e-03 -9.214783522765328e-04 -1.007688413560308e+00
25 17 -1.000282865698362e+00 -1.896515528310825e-03 -9.217092930088823e-04 -1.007689493478142e+00
25 18 -1.000282726672008e+00 -1.896176679015673e-03 -9.219350998091921e-04 -1.007690622502794e+00
25 19 -1.000282583763214e+00 -1.895846450250325e-03 -9.221476227904890e-04 -1.007691757354530e+00
25 20 -1.000282442560576e+00 -1.895537522890325e-03 -9.223388621011946e-04 -1.007692854298272e+00
25 21 -1.000282308605339e+00 -1.895261857599152e-03 -9.225012470522642e-04 -1.007693870840311e+00
25 22 -1.000282187161390e+00 -1.895030222323816e-03 -9.226279593504069e-04 -1.007694767410545e+00
25 23 -1.000282082995538e+00 -1.894851752186614e-03 -9.227132833594051e-04 -1.007695508958910e+00
25 24 -1.000282000179150e+00 -1.894733562530359e-03 -9.227529564419304e-04 -1.007696066393723e+00
25 25 -1.000281941921075e+00 -1.894680435410507e-03 -9.227444857353957e-04 -1.007696417792865e+00
25 26 -1.000281910439866e+00 -1.894694597907395e-03 -9.226873950815918e-04 -1.007696549326422e+00
25 27 -1.000281906881014e+00 -1.894775607115122e-03 -9.225833681407904e-04 -1.007696455841459e+00
25 28 -1.000281931282313e+00 -1.894920351357521e-03 -9.224362617861821e-04 -1.007696141076416e+00
25 29 -1.000281982587520e+00 -1.895123170217501e-03 -9.222519771521246e-04 -1.007695617493562e+00
25 30 -1.000282058705398e+00 -1.895376088264237e-03 -9.220381915465677e-04 -1.007694905740756e+00
25 31 -1.000282156608730e+00 -1.895669150327384e-03 -9.218039693945690e-04 -1.007694033774301e+00
26 0 -1.000282152398849e+00 -1.895752811871927e-03 -9.225327358939544e-04 -1.007693515165375e+00
26 1 -1.000282281192354e+00 -1.896089394941533e-03 -9.222881335146164e-04 -1.007692433644608e+00
26 2 -1.000282418527329e+00 -1.896428822423279e-03 -9.220536208728239e-04 -1.007691306842426e+00
26 3 -1.000282559194110e+00 -1.896757956515347e-03 -9.218386995350637e-04 -1.007690178136184e+00
26 4 -1.000282697889029e+00 -1.897064150882432e-03 -9.216517626347410e-04 -1.007689090742374e+00
26 5 -1.000282829402014e+00 -1.897335734835146e-03 -9.214997556820620e-04 -1.007688086084490e+00
26 6 -1.000282948798103e+00 -1.897562446560063e-03 -9.213879474009228e-04 -1.007687202258775e+00
26 7 -1.000283051588991e+00 -1.897735801385056e-03 -9.213198132440852e-04 -1.007686472646876e+00
26 8 -1.000283133890549e+00 -1.897849384298174e-03 -9.212970240887276e-04 -1.007685924718781e+00
26 9 -1.000283192562244e+00 -1.897899059817791e-03 -9.213195232240762e-04 -1.007685579061278e+00
26 10 -1.000283225324576e+00 -1.897883096565141e-03 -9.213856677026958e-04 -1.007685448656899e+00
26 11 -1.000283230850738e+00 -1.897802207247249e-03 -9.214924077405761e-04 -1.007685538429392e+00
26 12 -1.000283208828349e+00 -1.897659506543390e-03 -9.216354804471434e-04 -1.007685845066305e+00
26 13 -1.000283159986924e+00 -1.897460390328472e-03 -9.218095997154093e-04 -1.007686357125139e+00
26 14 -1.000283086087444e+00 -1.897212340811583e-03 -9.220086306960649e-04 -1.007687055423229e+00
26 15 -1.000282989871852e+00 -1.896924663580277e-03 -9.222257447936069e-04 -1.007687913703056e+00
26 16 -1.000282874972116e+00 -1.896608163592359e-03 -9.224535597427136e-04 -1.007688899556337e+00
26 17 -1.000282745780349e+00 -1.896274767781373e-03 -9.226842774026453e-04 -1.007689975583172e+00
26 18 -1.000282607283459e+00 -1.895937102904476e-03 -9.229098365639668e-04 -1.007691100754994e+00
26 19 -1.000282464868179e+00 -1.895608039152772e-03 -9.231220977293538e-04 -1.007692231940726e+00
26 20 -1.000282324104517e+00 -1.895300212586392e-03 -9.233130722018670e-04 -1.007693325545339e+00
26 21 -1.000282190517377e+00 -1.895025542003509e-03 -9.234752002546667e-04 -1.007694339201123e+00
26 22 -1.000282069357129e+00 -1.894794758102455e-03 -9.236016733460180e-04 -1.007695233445196e+00
26 23 -1.000281965380355e+00 -1.894616964652272e-03 -9.236867840561217e-04 -1.007695973312354e+00
26 24 -1.000281882651787e+00 -1.894499252447040e-03 -9.237262767274928e-04 -1.007696529770936e+00
26 25 -1.000281824377364e+00 -1.894446386483231e-03 -9.237176644287359e-04 -1.007696880932407e+00
26 26 -1.000281792776474e+00 -1.894460584781285e-03 -9.236604755735940e-04 -1.007697012973233e+00
26 27 -1.000281788999128e+00 -1.894541403621343e-03 -9.235563966215704e-04 -1.007696920719823e+00
26 28 -1.000281813091185e+00 -1.894685738679828e-03 -9.234092854916665e-04 -1.007696607864004e+00
26 29 -1.000281864007754e+00 -1.894887944710486e-03 -9.232250430060943e-04 -1.007696086797236e+00
26 30 -1.000281939671866e+00 -1.895140068753259e-03 -9.230113450722197e-04 -1.007695378074701e+00
26 31 -1.000282037073027e+00 -1.895432184747227e-03 -9.227772535079284e-04 -1.007694509541040e+00
27 0 -1.000282055595746e+00 -1.895498734023806e-03 -9.236186846202049e-04 -1.007693986601633e+00
27 1 -1.000282183878965e+00 -1.895834286013943e-03 -9.233741394170299e-04 -1.007692908676340e+00
27 2 -1.000282320687041e+00 -1.896172582130585e-03 -9.231397815629229e-04 -1.007691785672111e+00
27 3 -1.000282460830630e+00 -1.896500527421195e-03 -9.229251083563362e-04 -1.007690660821153e+00
27 4 -1.000282599026390e+00 -1.896805521047278e-03 -9.227385048064065e-04 -1.007689577191245e+00
27 5 -1.000282730083863e+00 -1.897075938931748e-03 -9.225869041999558e-04 -1.007688576058872e+00
27 6 -1.000282849086246e+00 -1.897301565220129e-03 -9.224755593470066e-04 -1.007687695380618e+00
27 7 -1.000282951561110e+00 -1.897473958500215e-03 -9.224079270579146e-04 -1.007686968412059e+00
27 8 -1.000283033637122e+00 -1.897586742276666e-03 -9.223856578684530e-04 -1.007686422516735e+00
27 9 -1.000283092182851e+00 -1.897635813133099e-03 -9.224086738268615e-04 -1.007686078199452e+00
27 10 -1.000283124923840e+00 -1.897619463988939e-03 -9.224753105882140e-04 -1.007685948388648e+00
27 11 -1.000283130534059e+00 -1.897538423006260e-03 -9.225824978385299e-04 -1.007686037984318e+00
27 12 -1.000283108697576e+00 -1.897395810642566e-03 -9.227259543279111e-04 -1.007686343682065e+00
27 13 -1.000283060136182e+00 -1.897197018548999e-03 -9.229003789056050e-04 -1.007686854079014e+00
27 14 -1.000282986599362e+00 -1.896949515096380e-03 -9.230996255425111e-04 -1.007687550061315e+00
27 15 -1.000282890814391e+00 -1.896662583368479e-03 -9.233168583152169e-04 -1.007688405465494e+00
27 16 -1.000282776396100e+00 -1.896346998319155e-03 -9.235446913749475e-04 -1.007689387998036e+00
27 17 -1.000282647717726e+00 -1.896014650605808e-03 -9.237753268882434e-04 -1.007690460389829e+00
27 18 -1.000282509746328e+00 -1.895678125846866e-03 -9.240007080570335e-04 -1.007691581753936e+00
27 19 -1.000282367848577e+00 -1.895350249928497e-03 -9.242127036876989e-04 -1.007692709106008e+00
27 20 -1.000282227574929e+00 -1.895043613298455e-03 -9.244033364808152e-04 -1.007693798997047e+00
27 21 -1.000282094431940e+00 -1.894770089629318e-03 -9.245650602454681e-04 -1.007694809199278e+00
27 22 -1.000281973653499e+00 -1.894540366607164e-03 -9.246910815474528e-04 -1.007695700378724e+00
27 23 -1.000281869982176e+00 -1.894363508584096e-03 -9.247757094821419e-04 -1.007696437683489e+00
27 24 -1.000281787471603e+00 -1.894246571864946e-03 -9.248147060453653e-04 -1.007696992175754e+00
27 25 -1.000281729319800e+00 -1.894194292996444e-03 -9.248056023670849e-04 -1.007697342038574e+00
27 26 -1.000281697741602e+00 -1.894208868446914e-03 -9.247479444161524e-04 -1.007697473495886e+00
27 27 -1.000281693886025e+00 -1.894289840489042e-03 -9.246434351568578e-04 -1.007697381396097e+00
27 28 -1.000281717801604e+00 -1.894434098803189e-03 -9.244959478862273e-04 -1.007697069426585e+00
27 29 -1.000281768449742e+00 -1.894636000416703e-03 -9.243113975600823e-04 -1.007696549947741e+00
27 30 -1.000281843763151e+00 -1.894887602939084e-03 -9.240974723490378e-04 -1.007695843457861e+00
27 31 -1.000281940744102e+00 -1.895178998978277e-03 -9.238632435156348e-04 -1.007694977720481e+00
28 0 -1.000281985862309e+00 -1.895238322297025e-03 -9.247758449850256e-04 -1.007694431718015e+00
28 1 -1.000282113686526e+00 -1.895572993203520e-03 -9.245312076060511e-04 -1.007693356998536e+00
28 2 -1.000282249992070e+00 -1.895910245785570e-03 -9.242969240127682e-04 -1.007692237606730e+00
28 3 -1.000282389608880e+00 -1.896237024470728e-03 -9.240824906209184e-04 -1.007691116636842e+00
28 4 -1.000282527274007e+00 -1.896540773099356e-03 -9.238962844521275e-04 -1.007690037006834e+00
28 5 -1.000282657817807e+00 -1.896809916045506e-03 -9.237452238010524e-04 -1.007689039836728e+00
28 6 -1.000282776343897e+00 -1.897034287726987e-03 -9.236345403693751e-04 -1.007688162926218e+00
28 7 -1.000282878398883e+00 -1.897205496527590e-03 -9.235676648837658e-04 -1.007687439380815e+00
28 8 -1.000282960128136e+00 -1.897317212987850e-03 -9.235462177835498e-04 -1.007686896427933e+00
28 9 -1.000283018413900e+00 -1.897365375999515e-03 -9.235700879596820e-04 -1.007686554455991e+00
28 10 -1.000283050991870e+00 -1.897348314378609e-03 -9.236375762679208e-04 -1.007686426301283e+00
28 11 -1.000283056542257e+00 -1.897266784211239e-03 -9.237455779108394e-04 -1.007686516799741e+00
28 12 -1.000283034751130e+00 -1.897123924579174e-03 -9.238897794074771e-04 -1.007686822614038e+00
28 13 -1.000282986337962e+00 -1.896925135720785e-03 -9.240648509326975e-04 -1.007687332340688e+00
28 14 -1.000282913045840e+00 -1.896677884553170e-03 -9.242646220274309e-04 -1.007688026896446e+00
28 15 -1.000282817592018e+00 -1.896391443110667e-03 -9.244822372036675e-04 -1.007688880177159e+00
28 16 -1.000282703578151e+00 -1.896076566262061e-03 -9.247102967964147e-04 -1.007689859974578e+00
28 17 -1.000282575361621e+00 -1.895745116271642e-03 -9.249409957038547e-04 -1.007690929127661e+00
28 18 -1.000282437891567e+00 -1.895409643247895e-03 -9.251662765370213e-04 -1.007692046875967e+00
28 19 -1.000282296515433e+00 -1.895082932132380e-03 -9.253780135854430e-04 -1.007693170374435e+00
28 20 -1.000282156763933e+00 -1.894777528801215e-03 -9.255682403408067e-04 -1.007694256320349e+00
28 21 -1.000282024124065e+00 -1.894505260341129e-03 -9.257294263007422e-04 -1.007695262634107e+00
28 22 -1.000281903810981e+00 -1.894276767332396e-03 -9.258547984200208e-04 -1.007696150127044e+00
28 23 -1.000281800549967e+00 -1.894101068122078e-03 -9.259386903283864e-04 -1.007696884084682e+00
28 24 -1.000281718379426e+00 -1.893985175837569e-03 -9.259768915462192e-04 -1.007697435693649e+00
28 25 -1.000281660484705e+00 -1.893933788220366e-03 -9.259669623775922e-04 -1.007697783244225e+00
28 26 -1.000281629070926e+00 -1.893949068501170e-03 -9.259084786634040e-04 -1.007697913047164e+00
28 27 -1.000281625280679e+00 -1.894030532268511e-03 -9.258031734215175e-04 -1.007697820014580e+00
28 28 -1.000281649159654e+00 -1.894175050038997e-03 -9.256549495858369e-04 -1.007697507871804e+00
28 29 -1.000281699670160e+00 -1.894376968100783e-03 -9.254697502157855e-04 -1.007696988989264e+00
28 30 -1.000281774749596e+00 -1.894628342377451e-03 -9.252552885995163e-04 -1.007696283846348e+00
28 31 -1.000281871408630e+00 -1.894919273060055e-03 -9.250206569429198e-04 -1.007695420158946e+00
29 0 -1.000281945967048e+00 -1.894981580385840e-03 -9.259602608099260e-04 -1.007694833024169e+00
29 1 -1.000282073401610e+00 -1.895315555097537e-03 -9.257153830122575e-04 -1.007693760994271e+00
29 2 -1.000282209248570e+00 -1.895651892880730e-03 -9.254810884959778e-04 -1.007692644888024e+00
29 3 -1.000282348355438e+00 -1.895977572674522e-03 -9.252668758211941e-04 -1.007691527673970e+00
29 4 -1.000282485479042e+00 -1.896280080573151e-03 -9.250811145082862e-04 -1.007690452124422e+00
29 5 -1.000282615471000e+00 -1.896547889352441e-03 -9.249307060979497e-04 -1.007689459199336e+00
29 6 -1.000282733456722e+00 -1.896770885912647e-03 -9.248208571286620e-04 -1.007688586530803e+00
29 7 -1.000282835004145e+00 -1.896940732909506e-03 -9.247549656499519e-04 -1.007687867056664e+00
29 8 -1.000282916278608e+00 -1.897051154657719e-03 -9.247346129526796e-04 -1.007687327843830e+00
29 9 -1.000282974180166e+00 -1.897098141093809e-03 -9.247596439323211e-04 -1.007686989133991e+00
29 10 -1.000283006459466e+00 -1.897080067168735e-03 -9.248283128863894e-04 -1.007686863636541e+00
29 11 -1.000283011808150e+00 -1.896997728201523e-03 -9.249374682819435e-04 -1.007686956085647e+00
29 12 -1.000282989919721e+00 -1.896854294042104e-03 -9.250827516052097e-04 -1.007687263071310e+00
29 13 -1.000282941516869e+00 -1.896655186208386e-03 -9.252587911197339e-04 -1.007687773148683e+00
29 14 -1.000282868341738e+00 -1.896407882809483e-03 -9.254593790661885e-04 -1.007688467225158e+00
29 15 -1.000282773106614e+00 -1.896121656670079e-03 -9.256776290166947e-04 -1.007689319218958e+00
29 16 -1.000282659404360e+00 -1.895807253064082e-03 -9.259061182233389e-04 -1.007690296974855e+00
29 17 -1.000282531580057e+00 -1.895476514784448e-03 -9.261370270055635e-04 -1.007691363413197e+00
29 18 -1.000282394567559e+00 -1.895141963619522e-03 -9.263622917727362e-04 -1.007692477879611e+00
29 19 -1.000282253696736e+00 -1.894816348695669e-03 -9.265737887138259e-04 -1.007693597655068e+00
29 20 -1.000282114479172e+00 -1.894512174031591e-03 -9.267635612672079e-04 -1.007694679577825e+00
29 21 -1.000281982381847e+00 -1.894241220301268e-03 -9.269240968017506e-04 -1.007695681719238e+00
29 22 -1.000281862599638e+00 -1.894014078705701e-03 -9.270486473926131e-04 -1.007696565046598e+00
29 23 -1.000281759837961e+00 -1.893839716970212e-03 -9.271315777895224e-04 -1.007697295001164e+00
29 24 -1.000281678116463e+00 -1.893725098143980e-03 -9.271687132550283e-04 -1.007697842919694e+00
29 25 -1.000281620603542e+00 -1.893674872177648e-03 -9.271576533119764e-04 -1.007698187231674e+00
29 26 -1.000281589489785e+00 -1.893691158448248e-03 -9.270980154909829e-04 -1.007698314371181e+00
29 27 -1.000281585906166e+00 -1.893773434178282e-03 -9.269915757652023e-04 -1.007698219353230e+00
29 28 -1.000281609890121e+00 -1.893918538448430e-03 -9.268422797270973e-04 -1.007697905981612e+00
29 29 -1.000281660399443e+00 -1.894120794331360e-03 -9.266561110672212e-04 -1.007697386677326e+00
29 30 -1.000281735371056e+00 -1.894372243801831e-03 -9.264408201152244e-04 -1.007696681939800e+00
29 31 -1.000281831819324e+00 -1.894662983047103e-03 -9.262055313104393e-04 -1.007695819473014e+00
30 0 -1.000281937521784e+00 -1.894738416283632e-03 -9.271269149749667e-04 -1.007695174552330e+00
30 1 -1.000282064651526e+00 -1.895071907815425e-03 -9.268816543773993e-04 -1.007694104588134e+00
30 2 -1.000282200101945e+00 -1.895407496057479e-03 -9.266472606966386e-04 -1.007692991310331e+00
30 3 -1.000282338735782e+00 -1.895732188290673e-03 -9.264332378044252e-04 -1.007691877578661e+00
30 4 -1.000282475328280e+00 -1.896033508713132e-03 -9.262479490711089e-04 -1.007690806029618e+00
30 5 -1.000282604751860e+00 -1.896299976478775e-03 -9.260982784713468e-04 -1.007689817465917e+00
30 6 -1.000282722154203e+00 -1.896521531125175e-03 -9.259894040797288e-04 -1.007688949348019e+00
30 7 -1.000282823126057e+00 -1.896689891969828e-03 -9.259246856049245e-04 -1.007688234435096e+00
30 8 -1.000282903855248e+00 -1.896798841725232e-03 -9.259056577158200e-04 -1.007687699615462e+00
30 9 -1.000282961263110e+00 -1.896844428056576e-03 -9.259321125959668e-04 -1.007687364959486e+00
30 10 -1.000282993119429e+00 -1.896825080485933e-03 -9.260022482471822e-04 -1.007687243019791e+00
30 11 -1.000282998132023e+00 -1.896741643471113e-03 -9.261128556023343e-04 -1.007687338394752e+00
30 12 -1.000282976007017e+00 -1.896597328759979e-03 -9.262595194141563e-04 -1.007687647564367e+00
30 13 -1.000282927475825e+00 -1.896397591101279e-03 -9.264368141187260e-04 -1.007688159002987e+00
30 14 -1.000282854285147e+00 -1.896149931928477e-03 -9.266384834825383e-04 -1.007688853569120e+00
30 15 -1.000282759147483e+00 -1.895863636531246e-03 -9.268576003006413e-04 -1.007689705165881e+00
30 16 -1.000282645651549e+00 -1.895549451440995e-03 -9.270867102087876e-04 -1.007690681656920e+00
30 17 -1.000282518134160e+00 -1.895219209824438e-03 -9.273179715504949e-04 -1.007691746013829e+00
30 18 -1.000282381517209e+00 -1.894885413645837e-03 -9.275433086339181e-04 -1.007692857663186e+00
30 19 -1.000282241115423e+00 -1.894560782803990e-03 -9.277545959644009e-04 -1.007693973993495e+00
30 20 -1.000282102422620e+00 -1.894257783712062e-03 -9.279438861327865e-04 -1.007695051973297e+00
30 21 -1.000281970886014e+00 -1.893988152522888e-03 -9.281036859910198e-04 -1.007696049822082e+00
30 22 -1.000281851679421e+00 -1.893762430759200e-03 -9.282272760228876e-04 -1.007696928667672e+00
30 23 -1.000281749486624e+00 -1.893589533017268e-03 -9.283090568888732e-04 -1.007697654119045e+00
30 24 -1.000281668305783e+00 -1.893476367370676e-03 -9.283448963647363e-04 -1.007698197682743e+00
30 25 -1.000281611284723e+00 -1.893427528760145e-03 -9.283324422068749e-04 -1.007698537954209e+00
30 26 -1.000281580595162e+00 -1.893445083691130e-03 -9.282713642590290e-04 -1.007698661522822e+00
30 27 -1.000281577351680e+00 -1.893528460863675e-03 -9.281634925633482e-04 -1.007698563541684e+00
30 28 -1.000281601578412e+00 -1.893674457011204e-03 -9.280128263486503e-04 -1.007698247930180e+00
30 29 -1.000281652223475e+00 -1.893877360457385e-03 -9.278254009191844e-04 -1.007697727198273e+00
30 30 -1.000281727218179e+00 -1.894129187323681e-03 -9.276090148090905e-04 -1.007697021903976e+00
30 31 -1.000281823575622e+00 -1.894420018069118e-03 -9.273728355020654e-04 -1.007696159776302e+00
31 0 -1.000281960907568e+00 -1.894518254974044e-03 -9.282313831467605e-04 -1.007695442554958e+00
31 1 -1.000282087829678e+00 -1.894851496613566e-03 -9.279856076647504e-04 -1.007694373948153e+00
31 2 -1.000282222961518e+00 -1.895186531163051e-03 -9.277510258887344e-04 -1.007693262927768e+00
31 3 -1.000282361178139e+00 -1.895510386913741e-03 -9.275371505079739e-04 -1.007692152265862e+00
31 4 -1.000282497271001e+00 -1.895810620411072e-03 -9.273523405994877e-04 -1.007691084478624e+00
31 5 -1.000282626131994e+00 -1.896075793281455e-03 -9.272034622745543e-04 -1.007690100220846e+00
31 6 -1.000282742930725e+00 -1.896295895856852e-03 -9.270956626962276e-04 -1.007689236783917e+00
31 7 -1.000282843281450e+00 -1.896462704374361e-03 -9.270322591828714e-04 -1.007688526743945e+00
31 8 -1.000282923396147e+00 -1.896570062233940e-03 -9.270147346125833e-04 -1.007687996799548e+00
31 9 -1.000282980219966e+00 -1.896614079125732e-03 -9.270428221045362e-04 -1.007687666832286e+00
31 10 -1.000283011545210e+00 -1.896593245462519e-03 -9.271146555081784e-04 -1.007687549214362e+00
31 11 -1.000283016100051e+00 -1.896508463048608e-03 -9.272269589967646e-04 -1.007687648379096e+00
31 12 -1.000282993608064e+00 -1.896362995203026e-03 -9.273752508018155e-04 -1.007687960662859e+00
31 13 -1.000282944814556e+00 -1.896162340468435e-03 -9.275540420720670e-04 -1.007688474423052e+00
31 14 -1.000282871476019e+00 -1.895914034594593e-03 -9.277570192712030e-04 -1.007689170432290e+00
31 15 -1.000282776310259e+00 -1.895627386487746e-03 -9.279772060100357e-04 -1.007690022541869e+00
31 16 -1.000282662906703e+00 -1.895313154976118e-03 -9.282071082968198e-04 -1.007690998598877e+00
31 17 -1.000282535598367e+00 -1.894983174060041e-03 -9.284388554644025e-04 -1.007692061593352e+00
31 18 -1.000282399299047e+00 -1.894649935168553e-03 -9.286643544660594e-04 -1.007693171004354e+00
31 19 -1.000282259311345e+00 -1.894326136620830e-03 -9.288754749838526e-04 -1.007694284305283e+00
31 20 -1.000282121113345e+00 -1.894024213003337e-03 -9.290642774415240e-04 -1.007695358579001e+00
31 21 -1.000281990133525e+00 -1.893755859753960e-03 -9.292232882935704e-04 -1.007696352184208e+00
31 22 -1.000281871524693e+00 -1.893531570412352e-03 -9.293458180640484e-04 -1.007697226407623e+00
31 23 -1.000281769948069e+00 -1.893360205870802e-03 -9.294263068841837e-04 -1.007697947031802e+00
31 24 -1.000281689378427e+00 -1.893248616355282e-03 -9.294606706897692e-04 -1.007698485746289e+00
31 25 -1.000281632940198e+00 -1.893201336820401e-03 -9.294466127524636e-04 -1.007698821332356e+00
31 26 -1.000281602782657e+00 -1.893220374152248e-03 -9.293838633944425e-04 -1.007698940560115e+00
31 27 -1.000281599999848e+00 -1.893305100330554e-03 -9.292743153264399e-04 -1.007698838750520e+00
31 28 -1.000281624598096e+00 -1.893452260337719e-03 -9.291220304895295e-04 -1.007698519971569e+00
31 29 -1.000281675511066e+00 -1.893656097370950e-03 -9.289331054519453e-04 -1.007697996857473e+00
31 30 -1.000281750659483e+00 -1.893908590684370e-03 -9.287153967893960e-04 -1.007697290061298e+00
31 31 -1.000281847050190e+00 -1.894199793847897e-03 -9.284781241861680e-04 -1.007696427373351e+00
