1.172407493398441e-06
1.000000000000000e-12
1.000000000000000e-17
3.539505882768696e-01
1.942896584442592e-01
-7.393141881663254e-02
-1.500017464083440e+00
1.901109735892602e-07
32
32
-8.880363033710670e-04
1
0 0 -1.000281978175154e+00 -1.894282435004826e-03 -9.293586269924092e-04 -1.007695780343367e+00
0 1 -1.000282109238758e+00 -1.894626935551039e-03 -9.291036027891929e-04 -1.007694676316967e+00
0 2 -1.000282248658420e+00 -1.894972934648129e-03 -9.288606009637132e-04 -1.007693529474310e+00
0 3 -1.000282391149327e+00 -1.895307032666512e-03 -9.286394928839222e-04 -1.007692383967116e+00
0 4 -1.000282531346107e+00 -1.895616393184896e-03 -9.284489256805595e-04 -1.007691283636146e+00
0 5 -1.000282663991695e+00 -1.895889234608727e-03 -9.282959707536628e-04 -1.007690270357420e+00
0 6 -1.000282784119097e+00 -1.896115266016850e-03 -9.281858920216541e-04 -1.007689382497112e+00
0 7 -1.000282887222297e+00 -1.896286053398807e-03 -9.281220362774898e-04 -1.007688653523761e+00
0 8 -1.000282969412692e+00 -1.896395306306142e-03 -9.281058363273887e-04 -1.007688110819012e+00
0 9 -1.000283027557491e+00 -1.896439079006511e-03 -9.281369077526721e-04 -1.007687774719434e+00
0 10 -1.000283059396434e+00 -1.896415884362872e-03 -9.282132134948575e-04 -1.007687657812250e+00
0 11 -1.000283063632985e+00 -1.896326721913625e-03 -9.283312681112725e-04 -1.007687764499733e+00
0 12 -1.000283039995690e+00 -1.896175023414094e-03 -9.284863555135347e-04 -1.007688090841969e+00
0 13 -1.000282989265353e+00 -1.895966519982534e-03 -9.286727393750946e-04 -1.007688624683733e+00
0 14 -1.000282913264293e+00 -1.895709035920765e-03 -9.288838531044459e-04 -1.007689346065144e+00
0 15 -1.000282814805241e+00 -1.895412215400814e-03 -9.291124654123255e-04 -1.007690227907850e+00
0 16 -1.000282697599193e+00 -1.895087189025813e-03 -9.293508268975147e-04 -1.007691236960708e+00
0 17 -1.000282566123470e+00 -1.894746187760447e-03 -9.295908110620168e-04 -1.007692334982026e+00
0 18 -1.000282425453531e+00 -1.894402112640256e-03 -9.298240679809084e-04 -1.007693480127606e+00
0 19 -1.000282281064482e+00 -1.894068070599770e-03 -9.300422093316977e-04 -1.007694628503832e+00
0 20 -1.000282138610476e+00 -1.893756889396591e-03 -9.302370393386336e-04 -1.007695735834372e+00
0 21 -1.000282003691934e+00 -1.893480627248450e-03 -9.304008378922629e-04 -1.007696759180003e+00
0 22 -1.000281881621650e+00 -1.893250095164441e-03 -9.305266908763479e-04 -1.007697658644268e+00
0 23 -1.000281777201427e+00 -1.893074412049541e-03 -9.306088504747558e-04 -1.007698398992495e+00
0 24 -1.000281694520664e+00 -1.892960614082901e-03 -9.306430971822269e-04 -1.007698951109285e+00
0 25 -1.000281636787220e+00 -1.892913339777717e-03 -9.306270674524001e-04 -1.007699293221914e+00
0 26 -1.000281606198959e+00 -1.892934609998934e-03 -9.305605079533785e-04 -1.007699411825596e+00
0 27 -1.000281603861888e+00 -1.893023718164190e-03 -9.304454202994257e-04 -1.007699302260297e+00
0 28 -1.000281629757897e+00 -1.893177240189580e-03 -9.302860690871787e-04 -1.007698968906648e+00
0 29 -1.000281682761953e+00 -1.893389166669418e-03 -9.300888399421433e-04 -1.007698424990012e+00
0 30 -1.000281760705489e+00 -1.893651151852597e-03 -9.298619506241401e-04 -1.007697692005222e+00
0 31 -1.000281860480225e+00 -1.893952866411585e-03 -9.296150342285561e-04 -1.007696798796422e+00
1 0 -1.000282064371111e+00 -1.894127921277191e-03 -9.302450947422347e-04 -1.007695874197912e+00
1 1 -1.000282195443862e+00 -1.894472679512217e-03 -9.299892924568821e-04 -1.007694769957467e+00
1 2 -1.000282334727279e+00 -1.894818569927573e-03 -9.297459133272229e-04 -1.007693624041027e+00
1 3 -1.000282476941879e+00 -1.895152197258747e-03 -9.295248444418812e-04 -1.007692480562214e+00
1 4 -1.000282616732984e+00 -1.895460743554827e-03 -9.293347323104631e-04 -1.007691383281072e+00
1 5 -1.000282748859169e+00 -1.895732459027512e-03 -9.291826312549473e-04 -1.007690373953783e+00
1 6 -1.000282868373486e+00 -1.895957096759725e-03 -9.290737721079142e-04 -1.007689490792045e+00
1 7 -1.000282970793605e+00 -1.896126277169666e-03 -9.290114538422116e-04 -1.007688767081571e+00
1 8 -1.000283052257245e+00 -1.896233772261672e-03 -9.289970488674868e-04 -1.007688230000789e+00
1 9 -1.000283109659498e+00 -1.896275704181894e-03 -9.290301024480653e-04 -1.007687899670862e+00
1 10 -1.000283140768559e+00 -1.896250656626613e-03 -9.291085000303460e-04 -1.007687788458959e+00
1 11 -1.000283144315928e+00 -1.896159700417485e-03 -9.292286743887443e-04 -1.007687900550136e+00
1 12 -1.000283120056682e+00 -1.896006336233538e-03 -9.293858267142030e-04 -1.007688231798430e+00
1 13 -1.000283068795541e+00 -1.895796358832529e-03 -9.295741407199662e-04 -1.007688769862227e+00
1 14 -1.000282992375144e+00 -1.895537648356746e-03 -9.297869760234589e-04 -1.007689494622085e+00
1 15 -1.000282893624221e+00 -1.895239895144675e-03 -9.300170363481000e-04 -1.007690378872197e+00
1 16 -1.000282776264878e+00 -1.894914264817158e-03 -9.302565181296654e-04 -1.007691389270262e+00
1 17 -1.000282644780245e+00 -1.894573010934888e-03 -9.304972533369127e-04 -1.007692487523264e+00
1 18 -1.000282504246052e+00 -1.894229043840365e-03 -9.307308646955307e-04 -1.007693631777628e+00
1 19 -1.000282360132191e+00 -1.893895466286808e-03 -9.309489516095951e-04 -1.007694778172289e+00
1 20 -1.000282218082364e+00 -1.893585088696060e-03 -9.311433212029187e-04 -1.007695882503861e+00
1 21 -1.000282083681648e+00 -1.893309939326159e-03 -9.313062710936534e-04 -1.007696901944436e+00
1 22 -1.000281962223081e+00 -1.893080787340947e-03 -9.314309192220799e-04 -1.007697796744454e+00
1 23 -1.000281858484998e+00 -1.892906699236786e-03 -9.315115632810509e-04 -1.007698531846941e+00
1 24 -1.000281776530570e+00 -1.892794650299390e-03 -9.315440410860217e-04 -1.007699078337859e+00
1 25 -1.000281719539728e+00 -1.892749212178529e-03 -9.315260558743093e-04 -1.007699414661161e+00
1 26 -1.000281689681775e+00 -1.892772335453247e-03 -9.314574279710962e-04 -1.007699527535680e+00
1 27 -1.000281688034609e+00 -1.892863242375381e-03 -9.313402369915712e-04 -1.007699412523486e+00
1 28 -1.000281714553576e+00 -1.893018439507568e-03 -9.311788272868219e-04 -1.007699074216914e+00
1 29 -1.000281768089720e+00 -1.893231852653678e-03 -9.309796631550787e-04 -1.007698526033898e+00
1 30 -1.000281846454034e+00 -1.893495078342189e-03 -9.307510369621665e-04 -1.007697789635221e+00
1 31 -1.000281946521979e+00 -1.893797738757859e-03 -9.305026494366609e-04 -1.007696893998263e+00
2 0 -1.000282177076396e+00 -1.894019739947754e-03 -9.309497626773873e-04 -1.007695868889380e+00
2 1 -1.000282308276505e+00 -1.894365010504600e-03 -9.306931071002409e-04 -1.007694763591827e+00
2 2 -1.000282447536854e+00 -1.894711047518480e-03 -9.304492772898628e-04 -1.007693617781460e+00
2 3 -1.000282589578930e+00 -1.895044450420946e-03 -9.302281787548132e-04 -1.007692475564943e+00
2 4 -1.000282729054688e+00 -1.895352410256654e-03 -9.300384598446100e-04 -1.007691380651127e+00
2 5 -1.000282860734776e+00 -1.895623200200512e-03 -9.298871599299153e-04 -1.007690374702975e+00
2 6 -1.000282979689334e+00 -1.895846609416469e-03 -9.297794786585982e-04 -1.007689495800611e+00
2 7 -1.000283081457444e+00 -1.896014306003002e-03 -9.297186689247842e-04 -1.007688777065328e+00
2 8 -1.000283162201737e+00 -1.896120119258997e-03 -9.297060441058140e-04 -1.007688245484899e+00
2 9 -1.000283218844825e+00 -1.896160236095767e-03 -9.297410798095887e-04 -1.007687920970468e+00
2 10 -1.000283249184069e+00 -1.896133310125752e-03 -9.298215839159152e-04 -1.007687815667089e+00
2 11 -1.000283251980656e+00 -1.896040484514011e-03 -9.299439069331515e-04 -1.007687933533999e+00
2 12 -1.000283227018630e+00 -1.895885331659127e-03 -9.301031666619599e-04 -1.007688270204969e+00
2 13 -1.000283175129770e+00 -1.895673714510004e-03 -9.302934657784321e-04 -1.007688813132383e+00
2 14 -1.000283098180845e+00 -1.895413575460600e-03 -9.305080882106147e-04 -1.007689542012254e+00
2 15 -1.000282999020917e+00 -1.895114659103918e-03 -9.307396699126969e-04 -1.007690429481837e+00
2 16 -1.000282881387852e+00 -1.894788175338578e-03 -9.309803499016756e-04 -1.007691442075313e+00
2 17 -1.000282749775321e+00 -1.894446410230286e-03 -9.312219153360368e-04 -1.007692541414693e+00
2 18 -1.000282609263976e+00 -1.894102293617697e-03 -9.314559584173689e-04 -1.007693685603318e+00
2 19 -1.000282465322863e+00 -1.893768934173328e-03 -9.316740631367990e-04 -1.007694830780302e+00
2 20 -1.000282323589090e+00 -1.893459134490469e-03 -9.318680365086203e-04 -1.007695932785891e+00
2 21 -1.000282189635599e+00 -1.893184901307651e-03 -9.320301912890199e-04 -1.007696948878605e+00
2 22 -1.000282068738166e+00 -1.892956969100365e-03 -9.321536755008140e-04 -1.007697839435781e+00
2 23 -1.000281965653442e+00 -1.892784357789794e-03 -9.322328309421109e-04 -1.007698569563081e+00
2 24 -1.000281884419377e+00 -1.892673986141260e-03 -9.322635518111491e-04 -1.007699110538077e+00
2 25 -1.000281828188137e+00 -1.892630361574552e-03 -9.322436077010607e-04 -1.007699441017679e+00
2 26 -1.000281799099792e+00 -1.892655365094252e-03 -9.321728928152215e-04 -1.007699547946891e+00
2 27 -1.000281798202684e+00 -1.892748146631524e-03 -9.320535656861336e-04 -1.007699427118299e+00
2 28 -1.000281825423442e+00 -1.892905140510898e-03 -9.318900519352645e-04 -1.007699083349747e+00
2 29 -1.000281879586280e+00 -1.893120203180364e-03 -9.316888965021862e-04 -1.007698530270775e+00
2 30 -1.000281958478176e+00 -1.893384867270121e-03 -9.314584686380855e-04 -1.007697789732000e+00
2 31 -1.000282058954277e+00 -1.893688698967214e-03 -9.312085391559913e-04 -1.007696890871615e+00
3 0 -1.000282311886926e+00 -1.893962141835510e-03 -9.314452085340951e-04 -1.007695764534012e+00
3 1 -1.000282443327945e+00 -1.894308160060763e-03 -9.311876570383196e-04 -1.007694657375658e+00
3 2 -1.000282582679613e+00 -1.894654593942167e-03 -9.309433196253852e-04 -1.007693510845091e+00
3 3 -1.000282724659912e+00 -1.894988027991070e-03 -9.307221221335762e-04 -1.007692369073954e+00
3 4 -1.000282863923117e+00 -1.895295652439607e-03 -9.305327170848939e-04 -1.007691275751453e+00
3 5 -1.000282995247934e+00 -1.895565753720864e-03 -9.303821317629791e-04 -1.007690272477509e+00
3 6 -1.000283113717921e+00 -1.895788147679505e-03 -9.302755380631608e-04 -1.007689397228898e+00
3 7 -1.000283214890446e+00 -1.895954541449030e-03 -9.302161465148176e-04 -1.007688682987349e+00
3 8 -1.000283294950721e+00 -1.896058814376941e-03 -9.302052150176815e-04 -1.007688156569489e+00
3 9 -1.000283350847525e+00 -1.896097212691507e-03 -9.302421527568291e-04 -1.007687837689430e+00
3 10 -1.000283380406971e+00 -1.896068456239752e-03 -9.303246931629575e-04 -1.007687738276825e+00
3 11 -1.000283382420348e+00 -1.895973758511680e-03 -9.304491076067247e-04 -1.007687862066073e+00
3 12 -1.000283356701906e+00 -1.895816763460580e-03 -9.306104333023961e-04 -1.007688204465596e+00
3 13 -1.000283304112583e+00 -1.895603404232244e-03 -9.308026938078653e-04 -1.007688752709951e+00
3 14 -1.000283226546213e+00 -1.895341689656080e-03 -9.310190981691472e-04 -1.007689486292304e+00
3 15 -1.000283126875777e+00 -1.895041424579532e-03 -9.312522145001385e-04 -1.007690377669475e+00
3 16 -1.000283008858937e+00 -1.894713870614615e-03 -9.314941237077196e-04 -1.007691393224737e+00
3 17 -1.000282877004242e+00 -1.894371354985128e-03 -9.317365667766862e-04 -1.007692494464640e+00
3 18 -1.000282736401751e+00 -1.894026836602160e-03 -9.319711032150468e-04 -1.007693639416999e+00
3 19 -1.000282592524054e+00 -1.893693439987955e-03 -9.321892988037825e-04 -1.007694784188659e+00
3 20 -1.000282451005758e+00 -1.893383969586889e-03 -9.323829574483176e-04 -1.007695884632924e+00
3 21 -1.000282317411326e+00 -1.893110419761230e-03 -9.325444040711519e-04 -1.007696898066835e+00
3 22 -1.000282197002472e+00 -1.892883498874310e-03 -9.326668136898761e-04 -1.007697784969451e+00
3 23 -1.000282094516817e+00 -1.892712188118823e-03 -9.327445688209121e-04 -1.007698510587113e+00
3 24 -1.000282013969088e+00 -1.892603356429527e-03 -9.327736165058268e-04 -1.007699046371540e+00
3 25 -1.000281958484946e+00 -1.892561452119051e-03 -9.327517894054014e-04 -1.007699371180620e+00
3 26 -1.000281930175717e+00 -1.892588290018494e-03 -9.326790528696357e-04 -1.007699472179255e+00
3 27 -1.000281930059893e+00 -1.892682949393175e-03 -9.325576422122932e-04 -1.007699345389978e+00
3 28 -1.000281958034252e+00 -1.892841792151457e-03 -9.323920626884409e-04 -1.007698995861567e+00
3 29 -1.000282012894206e+00 -1.893058603324338e-03 -9.321889386701390e-04 -1.007698437446676e+00
3 30 -1.000282092400050e+00 -1.893324847882660e-03 -9.319567154941620e-04 -1.007697692202497e+00
3 31 -1.000282193383460e+00 -1.893630030863860e-03 -9.317052336971264e-04 -1.007696789448717e+00
4 0 -1.000282463532008e+00 -1.893957394795889e-03 -9.317119085660196e-04 -1.007695565313458e+00
4 1 -1.000282595318138e+00 -1.894304366867845e-03 -9.314534546642176e-04 -1.007694455563382e+00
4 2 -1.000282734871978e+00 -1.894651432377660e-03 -9.312085731009892e-04 -1.007693307514646e+00
4 3 -1.000282876903686e+00 -1.894985151873802e-03 -9.309872111244749e-04 -1.007692165354848e+00
4 4 -1.000283016065410e+00 -1.895292704928427e-03 -9.307980277476959e-04 -1.007691072786159e+00
4 5 -1.000283147139501e+00 -1.895562380933110e-03 -9.306480416662592e-04 -1.007690071378439e+00
4 6 -1.000283265218769e+00 -1.895784012055780e-03 -9.305424014927971e-04 -1.007689199037085e+00
4 7 -1.000283365875137e+00 -1.895949334544180e-03 -9.304842805571928e-04 -1.007688488633694e+00
4 8 -1.000283445313290e+00 -1.896052268749449e-03 -9.304748869745528e-04 -1.007687966839357e+00
4 9 -1.000283500505768e+00 -1.896089112304961e-03 -9.305135696780399e-04 -1.007687653192256e+00
4 10 -1.000283529305776e+00 -1.896058644720012e-03 -9.305979941332293e-04 -1.007687559422720e+00
4 11 -1.000283530533885e+00 -1.895962144924823e-03 -9.307243589194034e-04 -1.007687689050493e+00
4 12 -1.000283504034642e+00 -1.895803325638018e-03 -9.308876263297491e-04 -1.007688037261963e+00
4 13 -1.000283450699193e+00 -1.895588189691555e-03 -9.310817455191378e-04 -1.007688591069985e+00
4 14 -1.000283372450349e+00 -1.895324813990830e-03 -9.312998544748922e-04 -1.007689329754340e+00
4 15 -1.000283272187672e+00 -1.895023067217681e-03 -9.315344564387272e-04 -1.007690225575017e+00
4 16 -1.000283153691901e+00 -1.894694268103975e-03 -9.317775760720183e-04 -1.007691244742726e+00
4 17 -1.000283021490237e+00 -1.894350792120207e-03 -9.320209086292692e-04 -1.007692348622446e+00
4 18 -1.000282880686226e+00 -1.894005635638050e-03 -9.322559799677622e-04 -1.007693495137268e+00
4 19 -1.000282736760204e+00 -1.893671948183673e-03 -9.324743356779387e-04 -1.007694640331122e+00
4 20 -1.000282595348446e+00 -1.893362545582237e-03 -9.326677738665468e-04 -1.007695740039468e+00
4 21 -1.000282462010966e+00 -1.893089419558879e-03 -9.328286281780223e-04 -1.007696751607290e+00
4 22 -1.000282341999189e+00 -1.892863262133053e-03 -9.329500962374230e-04 -1.007697635585769e+00
4 23 -1.000282240035105e+00 -1.892693025175712e-03 -9.330265960330766e-04 -1.007698357334448e+00
4 24 -1.000282160113122e+00 -1.892585536353279e-03 -9.330541217678179e-04 -1.007698888455099e+00
4 25 -1.000282105334693e+00 -1.892545192238600e-03 -9.330305634933253e-04 -1.007699207986815e+00
4 26 -1.000282077783998e+00 -1.892573747453462e-03 -9.329559522296628e-04 -1.007699303299574e+00
4 27 -1.000282078450477e+00 -1.892670214950956e-03 -9.328325948210589e-04 -1.007699170636652e+00
4 28 -1.000282107200996e+00 -1.892830886765061e-03 -9.326650712036134e-04 -1.007698815274670e+00
4 29 -1.000282162801320e+00 -1.893049477201178e-03 -9.324600806997421e-04 -1.007698251292290e+00
4 30 -1.000282242983531e+00 -1.893317382547489e-03 -9.322261408912579e-04 -1.007697500961501e+00
4 31 -1.000282344553651e+00 -1.893624044045509e-03 -9.319731589561411e-04 -1.007696593796628e+00
5 0 -1.000282626090549e+00 -1.894005688127879e-03 -9.317390621208867e-04 -1.007695279288284e+00
5 1 -1.000282758312314e+00 -1.894353782372294e-03 -9.314797371372037e-04 -1.007694166318775e+00
5 2 -1.000282898171057e+00 -1.894701688925197e-03 -9.312342981482120e-04 -1.007693016015450e+00
5 3 -1.000283040365124e+00 -1.895035936316277e-03 -9.310127141471110e-04 -1.007691872650450e+00
5 4 -1.000283179540118e+00 -1.895343683949459e-03 -9.308236528345711e-04 -1.007690779971261e+00
5 5 -1.000283310477446e+00 -1.895613213747431e-03 -9.306741280612884e-04 -1.007689779551916e+00
5 6 -1.000283428274700e+00 -1.895834363403189e-03 -9.305692702263863e-04 -1.007688909260605e+00
5 7 -1.000283528514188e+00 -1.895998887445034e-03 -9.305122218955082e-04 -1.007688201891774e+00
5 8 -1.000283607416227e+00 -1.896100736544900e-03 -9.305041492532330e-04 -1.007687684002297e+00
5 9 -1.000283661973685e+00 -1.896136249551452e-03 -9.305443499308654e-04 -1.007687374983190e+00
5 10 -1.000283690064054e+00 -1.896104256561126e-03 -9.306304307506828e-04 -1.007687286389896e+00
5 11 -1.000283690535224e+00 -1.896006094620457e-03 -9.307585264882275e-04 -1.007687421545814e+00
5 12 -1.000283663261041e+00 -1.895845539963684e-03 -9.309235328619713e-04 -1.007687775426678e+00
5 13 -1.000283609162775e+00 -1.895628661955105e-03 -9.311193323177569e-04 -1.007688334828178e+00
5 14 -1.000283530193001e+00 -1.895363604510240e-03 -9.313389986947893e-04 -1.007689078814571e+00
5 15 -1.000283429279488e+00 -1.895060301243141e-03 -9.315749760647199e-04 -1.007689979440183e+00
5 16 -1.000283310228457e+00 -1.894730131252242e-03 -9.318192368945222e-04 -1.007691002728038e+00
5 17 -1.000283177588795e+00 -1.894385523399934e-03 -9.320634329884638e-04 -1.007692109881188e+00
5 18 -1.000283036481026e+00 -1.894039518209279e-03 -9.322990572287230e-04 -1.007693258693622e+00
5 19 -1.000282892397086e+00 -1.893705298207730e-03 -9.325176342101717e-04 -1.007694405118693e+00
5 20 -1.000282750979025e+00 -1.893395699760560e-03 -9.327109538662313e-04 -1.007695504943567e+00
5 21 -1.000282617786646e+00 -1.893122722017092e-03 -9.328713545133905e-04 -1.007696515508894e+00
5 22 -1.000282498065286e+00 -1.892897051161115e-03 -9.329920508190883e-04 -1.007697397405328e+00
5 23 -1.000282396525307e+00 -1.892727620200848e-03 -9.330674895940733e-04 -1.007698116073976e+00
5 24 -1.000282317144471e+00 -1.892621225559763e-03 -9.330937049064413e-04 -1.007698643237057e+00
5 25 -1.000282263003227e+00 -1.892582221357634e-03 -9.330686364882292e-04 -1.007698958088266e+00
5 26 -1.000282236161190e+00 -1.892612310235906e-03 -9.329923729838985e-04 -1.007699048180185e+00
5 27 -1.000282237580596e+00 -1.892710445701700e-03 -9.328672845262660e-04 -1.007698909959390e+00
5 28 -1.000282267099535e+00 -1.892872855215788e-03 -9.326980176103110e-04 -1.007698548918313e+00
5 29 -1.000282323454536e+00 -1.893093185973334e-03 -9.324913389109703e-04 -1.007697979355088e+00
5 30 -1.000282404349108e+00 -1.893362767368225e-03 -9.322558314963878e-04 -1.007697223755838e+00
5 31 -1.000282506562409e+00 -1.893670976639088e-03 -9.320014634220903e-04 -1.007696311835214e+00
6 0 -1.000282793232651e+00 -1.894105123884350e-03 -9.315250909765583e-04 -1.007694918027604e+00
6 1 -1.000282925963210e+00 -1.894454463816399e-03 -9.312649638110169e-04 -1.007693801339786e+00
6 2 -1.000283066217242e+00 -1.894803386782038e-03 -9.310189793050901e-04 -1.007692648137339e+00
6 3 -1.000283208677767e+00 -1.895138382574795e-03 -9.307971276236524e-04 -1.007691502801969e+00
6 4 -1.000283347979723e+00 -1.895446581840462e-03 -9.306080867882729e-04 -1.007690409156589e+00
6 5 -1.000283478899099e+00 -1.895716249042211e-03 -9.304588694733563e-04 -1.007689408812954e+00
6 6 -1.000283596533656e+00 -1.895937216442330e-03 -9.303545935643930e-04 -1.007688539637469e+00
6 7 -1.000283696471477e+00 -1.896101245216375e-03 -9.302983786488182e-04 -1.007687834383709e+00
6 8 -1.000283774944002e+00 -1.896202304362723e-03 -9.302913586239135e-04 -1.007687319530520e+00
6 9 -1.000283828960189e+00 -1.896236762141300e-03 -9.303327906865924e-04 -1.007687014356300e+00
6 10 -1.000283856418095e+00 -1.896203488320764e-03 -9.304202343764303e-04 -1.007686930272517e+00
6 11 -1.000283856189954e+00 -1.896103868596905e-03 -9.305497720514883e-04 -1.007687070431863e+00
6 12 -1.000283828176780e+00 -1.895941734999642e-03 -9.307162440295163e-04 -1.007687429618942e+00
6 13 -1.000283773328718e+00 -1.895723217640738e-03 -9.309134766699851e-04 -1.007687994425277e+00
6 14 -1.000283693627751e+00 -1.895456523803833e-03 -9.311344891739101e-04 -1.007688743705702e+00
6 15 -1.000283592030389e+00 -1.895151650673263e-03 -9.313716743301875e-04 -1.007689649307945e+00
6 16 -1.000283472369728e+00 -1.894820038567872e-03 -9.316169584926420e-04 -1.007690677059754e+00
6 17 -1.000283339218487e+00 -1.894474172626211e-03 -9.318619543157783e-04 -1.007691787988741e+00
6 18 -1.000283197716980e+00 -1.894127142327208e-03 -9.320981241233453e-04 -1.007692939740862e+00
6 19 -1.000283053372121e+00 -1.893792169902423e-03 -9.323169717433542e-04 -1.007694088154771e+00
6 20 -1.000282911835619e+00 -1.893482120720860e-03 -9.325102767712186e-04 -1.007695188940566e+00
6 21 -1.000282778671321e+00 -1.893209011193704e-03 -9.326703778065210e-04 -1.007696199402325e+00
6 22 -1.000282659122919e+00 -1.892983532360725e-03 -9.327905003999488e-04 -1.007697080136023e+00
6 23 -1.000282557893597e+00 -1.892814609452655e-03 -9.328651126803814e-04 -1.007697796629693e+00
6 24 -1.000282478948738e+00 -1.892709018765860e-03 -9.328902799609308e-04 -1.007698320692088e+00
6 25 -1.000282425351712e+00 -1.892671082768273e-03 -9.328639820500793e-04 -1.007698631639451e+00
6 26 -1.000282399141033e+00 -1.892702462263543e-03 -9.327863548363664e-04 -1.007698717177826e+00
6 27 -1.000282401254680e+00 -1.892802060502396e-03 -9.326598209274548e-04 -1.007698573931661e+00
6 28 -1.000282431504304e+00 -1.892966048337100e-03 -9.324890825615840e-04 -1.007698207588194e+00
6 29 -1.000282488598809e+00 -1.893188012250034e-03 -9.322809633913074e-04 -1.007697632649425e+00
6 30 -1.000282570213868e+00 -1.893459219178427e-03 -9.320441024251528e-04 -1.007696871806521e+00
6 31 -1.000282673101559e+00 -1.893768984560058e-03 -9.317885201993001e-04 -1.007695954972646e+00
7 0 -1.000282958475308e+00 -1.894251795864329e-03 -9.310777815999958e-04 -1.007694496077517e+00
7 1 -1.000283091767533e+00 -1.894602455210095e-03 -9.308169566942068e-04 -1.007693375321205e+00
7 2 -1.000283232491218e+00 -1.894952528769327e-03 -9.305704643495166e-04 -1.007692218693002e+00
7 3 -1.000283375311190e+00 -1.895288462569979e-03 -9.303483141234655e-04 -1.007691070704422e+00
7 4 -1.000283514848175e+00 -1.895597351343979e-03 -9.301591951433234e-04 -1.007689975279934e+00
7 5 -1.000283645868583e+00 -1.895867432935848e-03 -9.300101224959939e-04 -1.007688974100482e+00
7 6 -1.000283763465691e+00 -1.896088523275707e-03 -9.299062079783775e-04 -1.007688105066592e+00
7 7 -1.000283863228399e+00 -1.896252378055430e-03 -9.298505570829440e-04 -1.007687400929613e+00
7 8 -1.000283941394282e+00 -1.896352971894511e-03 -9.298442821229507e-04 -1.007686888129690e+00
7 9 -1.000283994983594e+00 -1.896386689763924e-03 -9.298866118436193e-04 -1.007686585870865e+00
7 10 -1.000284021910531e+00 -1.896352428850645e-03 -9.299750714611173e-04 -1.007686505456544e+00
7 11 -1.000284021067763e+00 -1.896251612125568e-03 -9.301057045424925e-04 -1.007686649900978e+00
7 12 -1.000283992380264e+00 -1.896088117430273e-03 -9.302733096904734e-04 -1.007687013824777e+00
7 13 -1.000283936824681e+00 -1.895868127495429e-03 -9.304716700983088e-04 -1.007687583636111e+00
7 14 -1.000283856410920e+00 -1.895599906947025e-03 -9.306937618375539e-04 -1.007688337994436e+00
7 15 -1.000283754123645e+00 -1.895293512663003e-03 -9.309319362703063e-04 -1.007689248548203e+00
7 16 -1.000283633823122e+00 -1.894960444482056e-03 -9.311780817812111e-04 -1.007690280930460e+00
7 17 -1.000283500107090e+00 -1.894613244401356e-03 -9.314237780578121e-04 -1.007691395986993e+00
7 18 -1.000283358137693e+00 -1.894265053809854e-03 -9.316604606116303e-04 -1.007692551202354e+00
7 19 -1.000283213439641e+00 -1.893929139897172e-03 -9.318796134572687e-04 -1.007693702280630e+00
7 20 -1.000283071677793e+00 -1.893618404344494e-03 -9.320730040708491e-04 -1.007694804829233e+00
7 21 -1.000282938424111e+00 -1.893344889852440e-03 -9.322329671920387e-04 -1.007695816085218e+00
7 22 -1.000282818925137e+00 -1.893119302686058e-03 -9.323527330993410e-04 -1.007696696615755e+00
7 23 -1.000282717881558e+00 -1.892950571591087e-03 -9.324267832263365e-04 -1.007697411919547e+00
7 24 -1.000282639251041e+00 -1.892845464529716e-03 -9.324512043608616e-04 -1.007697933855031e+00
7 25 -1.000282586084405e+00 -1.892808284249848e-03 -9.324240051263909e-04 -1.007698241824639e+00
7 26 -1.000282560403373e+00 -1.892840661478937e-03 -9.323453563584338e-04 -1.007698323652797e+00
7 27 -1.000282563125627e+00 -1.892941460448207e-03 -9.322177202976442e-04 -1.007698176109071e+00
7 28 -1.000282594039783e+00 -1.893106805653972e-03 -9.320458419486845e-04 -1.007697805046590e+00
7 29 -1.000282651829771e+00 -1.893330231634390e-03 -9.318365892099789e-04 -1.007697225147719e+00
7 30 -1.000282734145205e+00 -1.893602949725777e-03 -9.315986450223795e-04 -1.007696459291753e+00
7 31 -1.000282837711945e+00 -1.893914218192884e-03 -9.313420717178918e-04 -1.007695537580769e+00
8 0 -1.000283115440494e+00 -1.894439952386033e-03 -9.304140526815478e-04 -1.007694030301802e+00
8 1 -1.000283249324868e+00 -1.894791952211784e-03 -9.301526660283665e-04 -1.007692905289117e+00
8 2 -1.000283390573629e+00 -1.895143264186912e-03 -9.299057279682078e-04 -1.007691744846736e+00
8 3 -1.000283533831343e+00 -1.895480287441224e-03 -9.296832645175132e-04 -1.007690593630582e+00
8 4 -1.000283673701623e+00 -1.895790075211766e-03 -9.294939760536833e-04 -1.007689495688271e+00
8 5 -1.000283804937548e+00 -1.896060830603112e-03 -9.293448836195471e-04 -1.007688492798619e+00
8 6 -1.000283922623381e+00 -1.896282342834713e-03 -9.292410996496999e-04 -1.007687622931127e+00
8 7 -1.000284022343816e+00 -1.896446350168011e-03 -9.291857248070771e-04 -1.007686918873765e+00
8 8 -1.000284100337352e+00 -1.896546820041875e-03 -9.291798610407498e-04 -1.007686407068524e+00
8 9 -1.000284153630358e+00 -1.896580140935180e-03 -9.292227215463066e-04 -1.007686106685855e+00
8 10 -1.000284180148148e+00 -1.896545224192423e-03 -9.293118115700423e-04 -1.007686028960997e+00
8 11 -1.000284178799146e+00 -1.896443517255779e-03 -9.294431511169754e-04 -1.007686176807264e+00
8 12 -1.000284149528161e+00 -1.896278932075103e-03 -9.296115122967970e-04 -1.007686544714565e+00
8 13 -1.000284093334948e+00 -1.896057693875883e-03 -9.298106495758078e-04 -1.007687118935557e+00
8 14 -1.000284012254751e+00 -1.895788116296655e-03 -9.300335091331006e-04 -1.007687877956220e+00
8 15 -1.000283909298662e+00 -1.895480309542446e-03 -9.302724126815333e-04 -1.007688793241284e+00
8 16 -1.000283788353324e+00 -1.895145828866765e-03 -9.305192205426274e-04 -1.007689830237494e+00
8 17 -1.000283654041710e+00 -1.894797271575837e-03 -9.307654869053576e-04 -1.007690949609312e+00
8 18 -1.000283511548998e+00 -1.894447832037016e-03 -9.310026250830035e-04 -1.007692108672503e+00
8 19 -1.000283366419822e+00 -1.894110825920269e-03 -9.312221009832155e-04 -1.007693262981914e+00
8 20 -1.000283224335176e+00 -1.893799196986093e-03 -9.314156689636351e-04 -1.007694368020938e+00
8 21 -1.000283090878862e+00 -1.893525022047040e-03 -9.315756563940094e-04 -1.007695380932181e+00
8 22 -1.000282971304571e+00 -1.893299032202761e-03 -9.316952923275262e-04 -1.007696262221508e+00
8 23 -1.000282870315183e+00 -1.893130170729013e-03 -9.317690631481286e-04 -1.007696977362147e+00
8 24 -1.000282791865575e+00 -1.893025209292149e-03 -9.317930665517652e-04 -1.007697498223720e+00
8 25 -1.000282738999065e+00 -1.892988443654185e-03 -9.317653276046278e-04 -1.007697804254994e+00
8 26 -1.000282713725615e+00 -1.893021487509120e-03 -9.316860384517702e-04 -1.007697883358694e+00
8 27 -1.000282716947372e+00 -1.893123178879493e-03 -9.315576865851125e-04 -1.007697732410936e+00
8 28 -1.000282748434163e+00 -1.893289607897468e-03 -9.313850450838893e-04 -1.007697357395628e+00
8 29 -1.000282806848510e+00 -1.893514267854231e-03 -9.311750115406726e-04 -1.007696773145307e+00
8 30 -1.000282889816776e+00 -1.893788323497653e-03 -9.309362990313443e-04 -1.007696002703158e+00
8 31 -1.000282994040526e+00 -1.894100982821016e-03 -9.306789993751395e-04 -1.007695076343051e+00
9 0 -1.000283258104381e+00 -1.894662234666213e-03 -9.295593464446701e-04 -1.007693539135615e+00
9 1 -1.000283392587861e+00 -1.895015542793517e-03 -9.292975594657798e-04 -1.007692409847623e+00
9 2 -1.000283534396184e+00 -1.895368131701373e-03 -9.290502589429431e-04 -1.007691245354538e+00
9 3 -1.000283678152421e+00 -1.895706352328991e-03 -9.288274837389095e-04 -1.007690090465570e+00
9 4 -1.000283818440784e+00 -1.896017212297198e-03 -9.286379453282736e-04 -1.007688989368751e+00
9 5 -1.000283949997727e+00 -1.896288873126937e-03 -9.284886739572611e-04 -1.007687983965914e+00
9 6 -1.000284067894373e+00 -1.896511088146444e-03 -9.283847889948020e-04 -1.007687112327230e+00
9 7 -1.000284167706444e+00 -1.896675567142978e-03 -9.283293953060192e-04 -1.007686407314017e+00
9 8 -1.000284245668149e+00 -1.896776257900412e-03 -9.283235960408024e-04 -1.007685895410429e+00
9 9 -1.000284298806516e+00 -1.896809538972790e-03 -9.283666025844497e-04 -1.007685595795646e+00
9 10 -1.000284325052518e+00 -1.896774322066738e-03 -9.284559154196110e-04 -1.007685519679168e+00
9 11 -1.000284323325103e+00 -1.896672065541782e-03 -9.285875468206898e-04 -1.007685669914161e+00
9 12 -1.000284293584080e+00 -1.896506702587472e-03 -9.287562582473956e-04 -1.007686040897781e+00
9 13 -1.000284236847996e+00 -1.896284489064250e-03 -9.289557909331930e-04 -1.007686618761373e+00
9 14 -1.000284155173796e+00 -1.896013777170278e-03 -9.291790758729554e-04 -1.007687381846721e+00
9 15 -1.000284051596214e+00 -1.895704721912090e-03 -9.294184183363032e-04 -1.007688301457721e+00
9 16 -1.000283930026468e+00 -1.895368927809008e-03 -9.296656615151964e-04 -1.007689342870158e+00
9 17 -1.000283795112005e+00 -1.895019043905303e-03 -9.299123423108853e-04 -1.007690466574477e+00
9 18 -1.000283652061340e+00 -1.894668316560253e-03 -9.301498572645600e-04 -1.007691629716899e+00
9 19 -1.000283506440401e+00 -1.894330111486105e-03 -9.303696568811798e-04 -1.007692787694246e+00
9 20 -1.000283363948677e+00 -1.894017418574710e-03 -9.305634823414780e-04 -1.007693895849401e+00
9 21 -1.000283230185027e+00 -1.893742355131303e-03 -9.307236507209991e-04 -1.007694911207104e+00
9 22 -1.000283110414215e+00 -1.893515685547417e-03 -9.308433840622910e-04 -1.007695794182554e+00
9 23 -1.000283009345847e+00 -1.893346377923715e-03 -9.309171652355376e-04 -1.007696510188953e+00
9 24 -1.000282930937078e+00 -1.893241219532948e-03 -9.309410920113903e-04 -1.007697031068089e+00
9 25 -1.000282878229142e+00 -1.893204512286271e-03 -9.309131930798738e-04 -1.007697336272842e+00
9 26 -1.000282853225734e+00 -1.893237866621503e-03 -9.308336675367381e-04 -1.007697413740869e+00
9 27 -1.000282856818759e+00 -1.893340108118142e-03 -9.307050127306411e-04 -1.007697260412455e+00
9 28 -1.000282888764177e+00 -1.893507305766332e-03 -9.305320139563257e-04 -1.007696882362483e+00
9 29 -1.000282947707522e+00 -1.893732923853922e-03 -9.303215828330906e-04 -1.007696294537729e+00
9 30 -1.000283031255636e+00 -1.894008091320286e-03 -9.300824477916316e-04 -1.007695520114728e+00
9 31 -1.000283136088606e+00 -1.894321974680488e-03 -9.298247168362520e-04 -1.007694589515582e+00
10 0 -1.000283381027553e+00 -1.894909979127838e-03 -9.285466603461828e-04 -1.007693041795559e+00
10 1 -1.000283516093511e+00 -1.895264511954685e-03 -9.282846519870853e-04 -1.007691908381270e+00
10 2 -1.000283658473901e+00 -1.895618366199593e-03 -9.280370887045067e-04 -1.007690739759902e+00
10 3 -1.000283802769832e+00 -1.895957845005040e-03 -9.278140183105037e-04 -1.007689580897367e+00
10 4 -1.000283943544461e+00 -1.896269907762151e-03 -9.276241628973110e-04 -1.007688476134777e+00
10 5 -1.000284075514945e+00 -1.896542669187434e-03 -9.274745645219333e-04 -1.007687467517417e+00
10 6 -1.000284193735744e+00 -1.896765839192515e-03 -9.273703550499637e-04 -1.007686593243188e+00
10 7 -1.000284293769283e+00 -1.896931089340729e-03 -9.273146521996032e-04 -1.007685886280052e+00
10 8 -1.000284371840445e+00 -1.897032336013906e-03 -9.273085719534878e-04 -1.007685373193030e+00
10 9 -1.000284424971414e+00 -1.897065934739112e-03 -9.273513377815717e-04 -1.007685073212078e+00
10 10 -1.000284451093181e+00 -1.897030783901805e-03 -9.274404605605815e-04 -1.007684997563958e+00
10 11 -1.000284449129635e+00 -1.896928338982291e-03 -9.275719605910628e-04 -1.007685149084284e+00
10 12 -1.000284419050169e+00 -1.896762540708519e-03 -9.277406048023116e-04 -1.007685522119069e+00
10 13 -1.000284361887027e+00 -1.896539662354510e-03 -9.279401373504497e-04 -1.007686102717778e+00
10 14 -1.000284279714339e+00 -1.896268082650544e-03 -9.281634894438109e-04 -1.007686869113096e+00
10 15 -1.000284175586783e+00 -1.895957991262227e-03 -9.284029635725478e-04 -1.007687792476898e+00
10 16 -1.000284053437422e+00 -1.895621034053979e-03 -9.286503971185312e-04 -1.007688837935651e+00
10 17 -1.000283917936460e+00 -1.895269906213224e-03 -9.288973185392462e-04 -1.007689965819937e+00
10 18 -1.000283774315149e+00 -1.894917902984190e-03 -9.291351139488686e-04 -1.007691133112450e+00
10 19 -1.000283628161263e+00 -1.894578439700802e-03 -9.293552220810512e-04 -1.007692295049297e+00
10 20 -1.000283485194420e+00 -1.894264554646352e-03 -9.295493715610495e-04 -1.007693406821776e+00
10 21 -1.000283351031112e+00 -1.893988410345425e-03 -9.297098666710208e-04 -1.007694425318278e+00
10 22 -1.000283230950617e+00 -1.893760811511677e-03 -9.298299169604637e-04 -1.007695310838037e+00
10 23 -1.000283129673558e+00 -1.893590760369451e-03 -9.299039935764488e-04 -1.007696028702122e+00
10 24 -1.000283051164392e+00 -1.893485071186251e-03 -9.299281837125818e-04 -1.007696550686185e+00
10 25 -1.000282998467771e+00 -1.893448064969486e-03 -9.299005069176782e-04 -1.007696856204660e+00
10 26 -1.000282973586791e+00 -1.893481362713044e-03 -9.298211547672246e-04 -1.007696933185725e+00
10 27 -1.000282977408755e+00 -1.893583791677410e-03 -9.296926188007729e-04 -1.007696778589350e+00
10 28 -1.000283009681227e+00 -1.893751413713914e-03 -9.295196803158272e-04 -1.007696398538130e+00
10 29 -1.000283069037849e+00 -1.893977677449035e-03 -9.293092489382979e-04 -1.007695808052757e+00
10 30 -1.000283153070367e+00 -1.894253688059544e-03 -9.290700532718634e-04 -1.007695030407819e+00
10 31 -1.000283258440978e+00 -1.894568580874962e-03 -9.288122035752925e-04 -1.007694096144807e+00
11 0 -1.000283479557638e+00 -1.895173569138504e-03 -9.274152550419797e-04 -1.007692557488509e+00
11 1 -1.000283615166869e+00 -1.895529195705989e-03 -9.271532129458463e-04 -1.007691420256476e+00
11 2 -1.000283758109648e+00 -1.895884254675823e-03 -9.269054976938791e-04 -1.007690247589097e+00
11 3 -1.000283902965436e+00 -1.896225003493267e-03 -9.266821618381389e-04 -1.007689084606801e+00
11 4 -1.000284044275469e+00 -1.896538352547392e-03 -9.264919370003094e-04 -1.007687975810625e+00
11 5 -1.000284176735719e+00 -1.896812366410550e-03 -9.263418789964103e-04 -1.007686963404023e+00
11 6 -1.000284295381115e+00 -1.897036705756908e-03 -9.262371372692751e-04 -1.007686085734727e+00
11 7 -1.000284395756966e+00 -1.897202995639965e-03 -9.261808506182124e-04 -1.007685375906554e+00
11 8 -1.000284474074194e+00 -1.897305110598582e-03 -9.261741588321600e-04 -1.007684860600617e+00
11 9 -1.000284527344920e+00 -1.897339371128883e-03 -9.262163104684042e-04 -1.007684559137019e+00
11 10 -1.000284553494559e+00 -1.897304649240454e-03 -9.263048412233073e-04 -1.007684482801762e+00
11 11 -1.000284551446128e+00 -1.897202383726462e-03 -9.264357949229318e-04 -1.007684634456572e+00
11 12 -1.000284521172741e+00 -1.897036508664632e-03 -9.266039601208076e-04 -1.007685008440468e+00
11 13 -1.000284463714696e+00 -1.896813300848988e-03 -9.268030999285361e-04 -1.007685590763598e+00
11 14 -1.000284381158163e+00 -1.896541152700123e-03 -9.270261607588314e-04 -1.007686359588297e+00
11 15 -1.000284276573339e+00 -1.896230277236329e-03 -9.272654556613753e-04 -1.007687285987932e+00
11 16 -1.000284153911544e+00 -1.895892352129056e-03 -9.275128276789549e-04 -1.007688334967150e+00
11 17 -1.000284017863160e+00 -1.895540111222535e-03 -9.277598062514721e-04 -1.007689466717157e+00
11 18 -1.000283873680706e+00 -1.895186893611526e-03 -9.279977740477490e-04 -1.007690638069397e+00
11 19 -1.000283726973495e+00 -1.894846161922876e-03 -9.282181621156957e-04 -1.007691804102799e+00
11 20 -1.000283583482073e+00 -1.894531003173995e-03 -9.284126875211267e-04 -1.007692919852181e+00
11 21 -1.000283448842432e+00 -1.894253628017676e-03 -9.285736397442004e-04 -1.007693942056683e+00
11 22 -1.000283328351292e+00 -1.894024886996199e-03 -9.286942109719604e-04 -1.007694830878545e+00
11 23 -1.000283226744221e+00 -1.893853824565156e-03 -9.287688530066655e-04 -1.007695551517674e+00
11 24 -1.000283147997712e+00 -1.893747292379649e-03 -9.287936322919690e-04 -1.007696075647764e+00
11 25 -1.000283095165126e+00 -1.893709642632086e-03 -9.287665469056132e-04 -1.007696382604210e+00
11 26 -1.000283070254595e+00 -1.893742520109250e-03 -9.286877669267544e-04 -1.007696460262163e+00
11 27 -1.000283074154662e+00 -1.893844767733945e-03 -9.285597629843410e-04 -1.007696305556113e+00
11 28 -1.000283106610304e+00 -1.894012454467458e-03 -9.283872966836867e-04 -1.007695924611264e+00
11 29 -1.000283166248754e+00 -1.894239027132560e-03 -9.281772599305117e-04 -1.007695332479413e+00
11 30 -1.000283250651596e+00 -1.894515580008984e-03 -9.279383662792373e-04 -1.007694552494591e+00
11 31 -1.000283356467429e+00 -1.894831228781266e-03 -9.276807140236334e-04 -1.007693615284133e+00
12 0 -1.000283549997465e+00 -1.895442819633292e-03 -9.262090925796218e-04 -1.007692104657950e+00
12 1 -1.000283686090071e+00 -1.895799367522961e-03 -9.259472041232974e-04 -1.007690964061612e+00
12 2 -1.000283829563991e+00 -1.896155524508521e-03 -9.256994529415551e-04 -1.007689787585291e+00
12 3 -1.000283974978198e+00 -1.896497506279939e-03 -9.254758917008363e-04 -1.007688620495609e+00
12 4 -1.000284116852092e+00 -1.896812175555369e-03 -9.252852598512621e-04 -1.007687507453551e+00
12 5 -1.000284249859404e+00 -1.897087545353384e-03 -9.251346285042847e-04 -1.007686490829348e+00
12 6 -1.000284369013332e+00 -1.897313222973042e-03 -9.250291694048685e-04 -1.007685609137544e+00
12 7 -1.000284469838875e+00 -1.897480780405905e-03 -9.249720498530006e-04 -1.007684895641963e+00
12 8 -1.000284548528986e+00 -1.897584041775854e-03 -9.249644430272345e-04 -1.007684377169747e+00
12 9 -1.000284602081009e+00 -1.897619282141789e-03 -9.250056341214115e-04 -1.007684073166268e+00
12 10 -1.000284628409390e+00 -1.897585334992717e-03 -9.250931971049710e-04 -1.007683995016783e+00
12 11 -1.000284626430382e+00 -1.897483608955076e-03 -9.252232142395778e-04 -1.007684145652723e+00
12 12 -1.000284596114756e+00 -1.897318017435032e-03 -9.253905111111002e-04 -1.007684519450780e+00
12 13 -1.000284538504959e+00 -1.897094826969972e-03 -9.255888847067383e-04 -1.007685102425126e+00
12 14 -1.000284455693679e+00 -1.896822430576961e-03 -9.258113105582140e-04 -1.007685872708448e+00
12 15 -1.000284350761620e+00 -1.896511052457374e-03 -9.260501250490200e-04 -1.007686801312812e+00
12 16 -1.000284227674085e+00 -1.896172391242132e-03 -9.262971882831093e-04 -1.007687853153354e+00
12 17 -1.000284091138292e+00 -1.895819210470055e-03 -9.265440401566025e-04 -1.007688988307550e+00
12 18 -1.000283946425761e+00 -1.895464886429101e-03 -9.267820668455756e-04 -1.007690163473512e+00
12 19 -1.000283799166151e+00 -1.895122924834289e-03 -9.270026958588060e-04 -1.007691333582937e+00
12 20 -1.000283655120873e+00 -1.894806459777149e-03 -9.271976340648761e-04 -1.007692453515862e+00
12 21 -1.000283519946555e+00 -1.894527751121403e-03 -9.273591547857749e-04 -1.007693479854898e+00
12 22 -1.000283398959707e+00 -1.894297699185075e-03 -9.274804287477146e-04 -1.007694372608766e+00
12 23 -1.000283296914228e+00 -1.894125397271399e-03 -9.275558815785927e-04 -1.007695096831380e+00
12 24 -1.000283217802867e+00 -1.894017743279675e-03 -9.275815496316937e-04 -1.007695624062954e+00
12 25 -1.000283164692579e+00 -1.893979131292254e-03 -9.275553981099439e-04 -1.007695933522920e+00
12 26 -1.000283139601998e+00 -1.894011242132104e-03 -9.274775626751477e-04 -1.007696012992057e+00
12 27 -1.000283143426713e+00 -1.894112947738748e-03 -9.273504791002612e-04 -1.007695859335171e+00
12 28 -1.000283175914966e+00 -1.894280338045358e-03 -9.271788747003091e-04 -1.007695478635252e+00
12 29 -1.000283235693221e+00 -1.894506871872043e-03 -9.269696087411532e-04 -1.007694885931727e+00
12 30 -1.000283320338233e+00 -1.894783645946340e-03 -9.267313649711601e-04 -1.007694104577047e+00
12 31 -1.000283426489922e+00 -1.895099768801130e-03 -9.264742158691122e-04 -1.007693165246854e+00
13 0 -1.000283589733727e+00 -1.895707377248342e-03 -9.249750733500175e-04 -1.007691700300011e+00
13 1 -1.000283726231699e+00 -1.896064639892537e-03 -9.247135169345784e-04 -1.007690556918094e+00
13 2 -1.000283870185402e+00 -1.896421746868574e-03 -9.244658448961885e-04 -1.007689377013488e+00
13 3 -1.000284016135342e+00 -1.896764877806897e-03 -9.242421052808294e-04 -1.007688205984656e+00
13 4 -1.000284158580063e+00 -1.897080851055564e-03 -9.240510434232717e-04 -1.007687088645980e+00
13 5 -1.000284292170833e+00 -1.897357628589058e-03 -9.238997468836568e-04 -1.007686067536828e+00
13 6 -1.000284411897712e+00 -1.897584762142185e-03 -9.237934136356791e-04 -1.007685181349386e+00
13 7 -1.000284513263006e+00 -1.897753766192804e-03 -9.237352455818270e-04 -1.007684463525267e+00
13 8 -1.000284592438439e+00 -1.897858407936152e-03 -9.237264573504366e-04 -1.007683941061610e+00
13 9 -1.000284646402411e+00 -1.897894908267247e-03 -9.237663809613899e-04 -1.007683633559581e+00
13 10 -1.000284673053349e+00 -1.897862051264318e-03 -9.238526408566419e-04 -1.007683552540561e+00
13 11 -1.000284671295062e+00 -1.897761202979169e-03 -9.239813711398014e-04 -1.007683701046864e+00
13 12 -1.000284641090043e+00 -1.897596243102468e-03 -9.241474480215918e-04 -1.007684073535567e+00
13 13 -1.000284583476983e+00 -1.897373414764835e-03 -9.243447155857488e-04 -1.007684656067393e+00
13 14 -1.000284500549342e+00 -1.897101098512123e-03 -9.245661912270904e-04 -1.007685426787010e+00
13 15 -1.000284395392943e+00 -1.896789517079465e-03 -9.248042466960302e-04 -1.007686356684732e+00
13 16 -1.000284271982284e+00 -1.896450378471137e-03 -9.250507698490231e-04 -1.007687410621593e+00
13 17 -1.000284135037474e+00 -1.896096465977283e-03 -9.252973197350043e-04 -1.007688548590927e+00
13 18 -1.000283989846012e+00 -1.895741185029660e-03 -9.255352924695436e-04 -1.007689727180626e+00
13 19 -1.000283842055886e+00 -1.895398078451547e-03 -9.257561161894022e-04 -1.007690901191248e+00
13 20 -1.000283697448500e+00 -1.895080323892096e-03 -9.259514893795188e-04 -1.007692025355821e+00
13 21 -1.000283561701524e+00 -1.894800229777818e-03 -9.261136684508813e-04 -1.007693056098622e+00
13 22 -1.000283440152884e+00 -1.894568748426356e-03 -9.262357992768456e-04 -1.007693953263656e+00
13 23 -1.000283337577480e+00 -1.894395026719242e-03 -9.263122754628410e-04 -1.007694681739667e+00
13 24 -1.000283257987878e+00 -1.894286015725341e-03 -9.263390952546877e-04 -1.007695212907411e+00
13 25 -1.000283204469020e+00 -1.894246160427628e-03 -9.263141810779534e-04 -1.007695525838045e+00
13 26 -1.000283179055113e+00 -1.894277188561014e-03 -9.262376227425497e-04 -1.007695608180193e+00
13 27 -1.000283182654278e+00 -1.894378013284266e-03 -9.261118086405921e-04 -1.007695456687705e+00
13 28 -1.000283215023668e+00 -1.894544758441865e-03 -9.259414185742879e-04 -1.007695077358668e+00
13 29 -1.000283274794655e+00 -1.894770908176560e-03 -9.257332655736222e-04 -1.007694485177172e+00
13 30 -1.000283359544785e+00 -1.895047575068734e-03 -9.254959900982959e-04 -1.007693703471742e+00
13 31 -1.000283465910604e+00 -1.895363873359575e-03 -9.252396262115116e-04 -1.007692762926524e+00
14 0 -1.000283597323161e+00 -1.895957119169555e-03 -9.237611505532462e-04 -1.007691359372043e+00
14 1 -1.000283734133586e+00 -1.896314864269485e-03 -9.235000875022692e-04 -1.007690213884892e+00
14 2 -1.000283878497898e+00 -1.896672738332963e-03 -9.232526026911612e-04 -1.007689031059370e+00
14 3 -1.000284024940852e+00 -1.897016891951467e-03 -9.230287352722248e-04 -1.007687856406549e+00
14 4 -1.000284167941863e+00 -1.897334103992392e-03 -9.228372345577576e-04 -1.007686734882162e+00
14 5 -1.000284302130367e+00 -1.897612287881857e-03 -9.226852050087137e-04 -1.007685709190484e+00
14 6 -1.000284422472865e+00 -1.897840939919174e-03 -9.225778734316563e-04 -1.007684818204724e+00
14 7 -1.000284524447501e+00 -1.898011514889253e-03 -9.225184809985152e-04 -1.007684095554995e+00
14 8 -1.000284604202253e+00 -1.898117718483770e-03 -9.225082905962309e-04 -1.007683568426632e+00
14 9 -1.000284658692991e+00 -1.898155710454592e-03 -9.225466898982767e-04 -1.007683256602178e+00
14 10 -1.000284685797646e+00 -1.898124216440628e-03 -9.226313640759278e-04 -1.007683171770906e+00
14 11 -1.000284684402471e+00 -1.898024549430565e-03 -9.227585100073952e-04 -1.007683317122085e+00
14 12 -1.000284654456170e+00 -1.897860543897600e-03 -9.229230657290692e-04 -1.007683687232071e+00
14 13 -1.000284596987932e+00 -1.897638407286331e-03 -9.231189338276591e-04 -1.007684268248930e+00
14 14 -1.000284514086202e+00 -1.897366494953427e-03 -9.233391849382841e-04 -1.007685038370715e+00
14 15 -1.000284408836359e+00 -1.897055015620307e-03 -9.235762368448182e-04 -1.007685968606076e+00
14 16 -1.000284285217019e+00 -1.896715674910782e-03 -9.238220143759071e-04 -1.007687023798888e+00
14 17 -1.000284147956734e+00 -1.896361265266697e-03 -9.240681032261335e-04 -1.007688163891040e+00
14 18 -1.000284002355313e+00 -1.896005212053988e-03 -9.243059153072685e-04 -1.007689345387811e+00
14 19 -1.000283854076367e+00 -1.895661087806919e-03 -9.245268835447440e-04 -1.007690522979674e+00
14 20 -1.000283708919724e+00 -1.895342108705077e-03 -9.247227001105776e-04 -1.007691651265459e+00
14 21 -1.000283572583736e+00 -1.895060629388350e-03 -9.248856041538722e-04 -1.007692686514905e+00
14 22 -1.000283450428524e+00 -1.894827654399757e-03 -9.250087140274270e-04 -1.007693588402566e+00
14 23 -1.000283347251837e+00 -1.894652386771818e-03 -9.250863867036466e-04 -1.007694321639506e+00
14 24 -1.000283267088900e+00 -1.894541835590621e-03 -9.251145759938326e-04 -1.007694857427117e+00
14 25 -1.000283213046375e+00 -1.894500503826325e-03 -9.250911535128542e-04 -1.007695174661446e+00
14 26 -1.000283187178471e+00 -1.894530175182806e-03 -9.250161535800481e-04 -1.007695260826432e+00
14 27 -1.000283190410778e+00 -1.894629814603981e-03 -9.248919063520774e-04 -1.007695112528354e+00
14 28 -1.000283222514678e+00 -1.894795591525481e-03 -9.247230325882222e-04 -1.007694735640895e+00
14 29 -1.000283282132048e+00 -1.895021027901641e-03 -9.245162873750652e-04 -1.007694145051392e+00
14 30 -1.000283366846850e+00 -1.895297264992536e-03 -9.242802564530708e-04 -1.007693364022741e+00
14 31 -1.000283473297604e+00 -1.895613435200967e-03 -9.240249247814216e-04 -1.007692423208027e+00
15 0 -1.000283572535230e+00 -1.896182535385562e-03 -9.226144069429055e-04 -1.007691094306607e+00
15 1 -1.000283709553994e+00 -1.896540514106472e-03 -9.223539746594716e-04 -1.007689947469306e+00
15 2 -1.000283854244826e+00 -1.896898945007163e-03 -9.221067731823524e-04 -1.007688762335946e+00
15 3 -1.000284001119934e+00 -1.897243957534094e-03 -9.218828292234612e-04 -1.007687584507422e+00
15 4 -1.000284144641966e+00 -1.897562297287838e-03 -9.216908941299118e-04 -1.007686459063964e+00
15 5 -1.000284279420044e+00 -1.897841833614381e-03 -9.215380888410909e-04 -1.007685428863884e+00
15 6 -1.000284400397686e+00 -1.898072009824241e-03 -9.214296703380730e-04 -1.007684532957215e+00
15 7 -1.000284503028322e+00 -1.898244221003734e-03 -9.213689225088320e-04 -1.007683805166342e+00
15 8 -1.000284583434415e+00 -1.898352108742270e-03 -9.213571619690268e-04 -1.007683272876945e+00
15 9 -1.000284638546489e+00 -1.898391766813912e-03 -9.213938389216503e-04 -1.007682956072237e+00
15 10 -1.000284666218344e+00 -1.898361855839008e-03 -9.214767068928877e-04 -1.007682866634129e+00
15 11 -1.000284665314371e+00 -1.898263627607107e-03 -9.216020337092212e-04 -1.007683007928297e+00
15 12 -1.000284635764559e+00 -1.898100861662728e-03 -9.217648280670988e-04 -1.007683374684440e+00
15 13 -1.000284578583184e+00 -1.897879718708609e-03 -9.219590604176786e-04 -1.007683953175709e+00
15 14 -1.000284495848080e+00 -1.897608517123837e-03 -9.221778639219315e-04 -1.007684721692957e+00
15 15 -1.000284390638671e+00 -1.897297439735292e-03 -9.224137109218489e-04 -1.007685651302218e+00
15 16 -1.000284266932451e+00 -1.896958178193473e-03 -9.226585706723961e-04 -1.007686706867716e+00
15 17 -1.000284129461621e+00 -1.896603523076097e-03 -9.229040619138914e-04 -1.007687848314852e+00
15 18 -1.000283983534163e+00 -1.896246909729314e-03 -9.231416176292980e-04 -1.007689032096959e+00
15 19 -1.000283834826090e+00 -1.895901932106418e-03 -9.233626793343649e-04 -1.007690212818872e+00
15 20 -1.000283689153466e+00 -1.895581838676043e-03 -9.235589348423666e-04 -1.007691344962356e+00
15 21 -1.000283552234172e+00 -1.895299026195247e-03 -9.237226060674910e-04 -1.007692384652320e+00
15 22 -1.000283429450435e+00 -1.895064549517412e-03 -9.238467821497742e-04 -1.007693291396082e+00
15 23 -1.000283325623834e+00 -1.894887668210577e-03 -9.239257802427265e-04 -1.007694029721409e+00
15 24 -1.000283244814268e+00 -1.894775452109298e-03 -9.239555050968013e-04 -1.007694570636951e+00
15 25 -1.000283190153006e+00 -1.894732467082985e-03 -9.239337713971126e-04 -1.007694892843447e+00
15 26 -1.000283163717871e+00 -1.894760559643883e-03 -9.238605504127698e-04 -1.007694983634255e+00
15 27 -1.000283166456200e+00 -1.894858755106522e-03 -9.237381053719338e-04 -1.007694839437123e+00
15 28 -1.000283198158475e+00 -1.895023278606654e-03 -9.235709886979649e-04 -1.007694465965966e+00
15 29 -1.000283257482321e+00 -1.895247701066162e-03 -9.233658882000853e-04 -1.007693877973190e+00
15 30 -1.000283342023425e+00 -1.895523203979009e-03 -9.231313258913851e-04 -1.007693098617402e+00
15 31 -1.000283448427408e+00 -1.895838949360122e-03 -9.228772291060836e-04 -1.007692158483263e+00
16 0 -1.000283516351657e+00 -1.896375080785046e-03 -9.215791800211733e-04 -1.007690914635624e+00
16 1 -1.000283653467471e+00 -1.896733037278403e-03 -9.213194870311514e-04 -1.007689767249144e+00
16 2 -1.000283798389066e+00 -1.897091795482987e-03 -9.210726494508813e-04 -1.007688580503272e+00
16 3 -1.000283945619716e+00 -1.897437472284310e-03 -9.208486785715641e-04 -1.007687400062866e+00
16 4 -1.000284089608293e+00 -1.897756787454773e-03 -9.206563257171937e-04 -1.007686271111202e+00
16 5 -1.000284224945907e+00 -1.898037572389656e-03 -9.205027273453834e-04 -1.007685236643928e+00
16 6 -1.000284346554499e+00 -1.898269221744363e-03 -9.203931711606118e-04 -1.007684335877356e+00
16 7 -1.000284449863084e+00 -1.898443072965461e-03 -9.203309859762957e-04 -1.007683602823225e+00
16 8 -1.000284530967773e+00 -1.898552703305987e-03 -9.203175456269977e-04 -1.007683065072317e+00
16 9 -1.000284586771935e+00 -1.898594138379321e-03 -9.203523670902753e-04 -1.007682742819781e+00
16 10 -1.000284615102614e+00 -1.898565969855769e-03 -9.204332771076920e-04 -1.007682648157076e+00
16 11 -1.000284614798896e+00 -1.898469382534071e-03 -9.205566201132710e-04 -1.007682784648912e+00
16 12 -1.000284585767837e+00 -1.898308093336954e-03 -9.207174818827778e-04 -1.007683147206624e+00
16 13 -1.000284529003977e+00 -1.898088206980884e-03 -9.209099074309134e-04 -1.007683722261272e+00
16 14 -1.000284446569367e+00 -1.897817994615243e-03 -9.211270989127104e-04 -1.007684488232088e+00
16 15 -1.000284341532183e+00 -1.897507602303807e-03 -9.213615893371128e-04 -1.007685416279453e+00
16 16 -1.000284217863559e+00 -1.897168696534081e-03 -9.216053982067697e-04 -1.007686471325121e+00
16 17 -1.000284080294397e+00 -1.896814055008914e-03 -9.218501826491200e-04 -1.007687613313677e+00
16 18 -1.000283934136479e+00 -1.896457112902856e-03 -9.220874010857260e-04 -1.007688798678513e+00
16 19 -1.000283785074610e+00 -1.896111476780328e-03 -9.223085066527643e-04 -1.007689981965647e+00
16 20 -1.000283638938326e+00 -1.895790420069239e-03 -9.225051845283401e-04 -1.007691117561006e+00
16 21 -1.000283501463153e+00 -1.895506375874624e-03 -9.226696399928044e-04 -1.007692161460075e+00
16 22 -1.000283378052487e+00 -1.895270445451489e-03 -9.227949324538352e-04 -1.007693073011667e+00
16 23 -1.000283273551825e+00 -1.895091943187487e-03 -9.228753374607370e-04 -1.007693816561492e+00
16 24 -1.000283192046796e+00 -1.894978000180149e-03 -9.229067076209372e-04 -1.007694362919327e+00
16 25 -1.000283136695201e+00 -1.894933247742560e-03 -9.228867964593324e-04 -1.007694690577922e+00
16 26 -1.000283109601221e+00 -1.894959599652906e-03 -9.228155069987296e-04 -1.007694786621341e+00
16 27 -1.000283111737471e+00 -1.895056147964007e-03 -9.226950295499244e-04 -1.007694647274184e+00
16 28 -1.000283142917718e+00 -1.895219181575618e-03 -9.225298416918299e-04 -1.007694278060946e+00
16 29 -1.000283201819919e+00 -1.895442329587486e-03 -9.223265572970395e-04 -1.007693693566368e+00
16 30 -1.000283286056227e+00 -1.895716823536234e-03 -9.220936281258336e-04 -1.007692916810853e+00
16 31 -1.000283392284174e+00 -1.896031865222376e-03 -9.218409176343503e-04 -1.007691978276388e+00
17 0 -1.000283430924194e+00 -1.896527485473217e-03 -9.206953178313673e-04 -1.007690826723993e+00
17 1 -1.000283568022718e+00 -1.896885166306581e-03 -9.204364407806372e-04 -1.007689679605682e+00
17 2 -1.000283713071147e+00 -1.897244011394284e-03 -9.201900297536099e-04 -1.007688491999533e+00
17 3 -1.000283860567834e+00 -1.897590134242959e-03 -9.199660781191826e-04 -1.007687309605667e+00
17 4 -1.000284004951418e+00 -1.897910237253356e-03 -9.197733352633589e-04 -1.007686177684848e+00
17 5 -1.000284140797889e+00 -1.898192121179329e-03 -9.196189521291727e-04 -1.007685139348913e+00
17 6 -1.000284263009679e+00 -1.898425137834848e-03 -9.195082470451122e-04 -1.007684233964765e+00
17 7 -1.000284366992545e+00 -1.898600571194048e-03 -9.194445943222711e-04 -1.007683495723688e+00
17 8 -1.000284448816511e+00 -1.898711936646119e-03 -9.194294260119815e-04 -1.007682952417756e+00
17 9 -1.000284505357145e+00 -1.898755192290780e-03 -9.194623273849752e-04 -1.007682624456507e+00
17 10 -1.000284534413124e+00 -1.898728859473013e-03 -9.195412007212143e-04 -1.007682524150019e+00
17 11 -1.000284534795698e+00 -1.898634052552263e-03 -9.196624701959516e-04 -1.007682655277646e+00
17 12 -1.000284506385628e+00 -1.898474420496970e-03 -9.198213022054661e-04 -1.007683012953787e+00
17 13 -1.000284450153689e+00 -1.898256005087291e-03 -9.200118198864030e-04 -1.007683583793783e+00
17 14 -1.000284368141596e+00 -1.897987021863345e-03 -9.202272979911612e-04 -1.007684346375819e+00
17 15 -1.000284263401373e+00 -1.897677570538409e-03 -9.204603340953593e-04 -1.007685271988389e+00
17 16 -1.000284139892771e+00 -1.897339282109022e-03 -9.207030020794943e-04 -1.007686325646006e+00
17 17 -1.000284002340542e+00 -1.896984910998426e-03 -9.209470013023778e-04 -1.007687467346959e+00
17 18 -1.000283856055827e+00 -1.896627882281094e-03 -9.211838186881837e-04 -1.007688653536787e+00
17 19 -1.000283706728325e+00 -1.896281805945438e-03 -9.214049212471345e-04 -1.007689838731490e+00
17 20 -1.000283560197776e+00 -1.895959972077096e-03 -9.216019932390270e-04 -1.007690977246096e+00
17 21 -1.000283422214813e+00 -1.895674842985918e-03 -9.217672245680600e-04 -1.007692024966881e+00
17 22 -1.000283298202282e+00 -1.895437560734408e-03 -9.218936454318590e-04 -1.007692941098663e+00
17 23 -1.000283193028748e+00 -1.895257490779389e-03 -9.219754892743556e-04 -1.007693689813239e+00
17 24 -1.000283110805615e+00 -1.895141823673358e-03 -9.220085550740267e-04 -1.007694241723117e+00
17 25 -1.000283054718173e+00 -1.895095256311033e-03 -9.219905330140756e-04 -1.007694575108097e+00
17 26 -1.000283026898797e+00 -1.895119771809343e-03 -9.219212552249553e-04 -1.007694676831524e+00
17 27 -1.000283028348005e+00 -1.895214532869763e-03 -9.218028360358454e-04 -1.007694542897562e+00
17 28 -1.000283058906087e+00 -1.895375897655123e-03 -9.216396746957762e-04 -1.007694178619241e+00
17 29 -1.000283117275034e+00 -1.895597560224902e-03 -9.214383073347965e-04 -1.007693598388024e+00
17 30 -1.000283201087549e+00 -1.895870809993926e-03 -9.212071115444019e-04 -1.007692825057735e+00
17 31 -1.000283307017475e+00 -1.896184897261993e-03 -9.209558831103975e-04 -1.007691888977164e+00
18 0 -1.000283319492858e+00 -1.896634014040302e-03 -9.199966382610738e-04 -1.007690833608162e+00
18 1 -1.000283456460827e+00 -1.896991177305834e-03 -9.197386204675092e-04 -1.007689687562333e+00
18 2 -1.000283601527759e+00 -1.897349866680173e-03 -9.194926793785077e-04 -1.007688499877835e+00
18 3 -1.000283749191347e+00 -1.897696201702615e-03 -9.192687887201493e-04 -1.007687316259613e+00
18 4 -1.000283893883925e+00 -1.898016876444430e-03 -9.190756945019443e-04 -1.007686182017539e+00
18 5 -1.000284030169705e+00 -1.898299669214809e-03 -9.189205610241130e-04 -1.007685140354897e+00
18 6 -1.000284152934305e+00 -1.898533896224388e-03 -9.188087361224691e-04 -1.007684230768467e+00
18 7 -1.000284257562294e+00 -1.898710794253641e-03 -9.187436382789947e-04 -1.007683487612317e+00
18 8 -1.000284340098956e+00 -1.898823821867042e-03 -9.187267564335060e-04 -1.007682938867714e+00
18 9 -1.000284397392512e+00 -1.898868872930604e-03 -9.187577432672087e-04 -1.007682605152578e+00
18 10 -1.000284427212726e+00 -1.898844399645627e-03 -9.188345763433944e-04 -1.007682498996611e+00
18 11 -1.000284428341485e+00 -1.898751445063476e-03 -9.189537597245760e-04 -1.007682624401569e+00
18 12 -1.000284400630892e+00 -1.898593587463058e-03 -9.191105407335432e-04 -1.007682976698716e+00
18 13 -1.000284345024830e+00 -1.898376801131326e-03 -9.192991212055507e-04 -1.007683542707136e+00
18 14 -1.000284263540887e+00 -1.898109239642867e-03 -9.195128496319919e-04 -1.007684301188725e+00
18 15 -1.000284159210632e+00 -1.897800948492582e-03 -9.197443898892674e-04 -1.007685223589013e+00
18 16 -1.000284035977891e+00 -1.897463514347875e-03 -9.199858722190075e-04 -1.007686275046516e+00
18 17 -1.000283898556712e+00 -1.897109659038179e-03 -9.202290400941086e-04 -1.007687415645135e+00
18 18 -1.000283752253211e+00 -1.896752788041306e-03 -9.204654106913657e-04 -1.007688601874087e+00
18 19 -1.000283602757893e+00 -1.896406505343372e-03 -9.206864666820181e-04 -1.007689788249554e+00
18 20 -1.000283455917052e+00 -1.896084108701953e-03 -9.208838932629523e-04 -1.007690929043367e+00
18 21 -1.000283317493320e+00 -1.895798081485525e-03 -9.210498666710455e-04 -1.007691980056673e+00
18 22 -1.000283192926535e+00 -1.895559599542093e-03 -9.211773891976905e-04 -1.007692900370039e+00
18 23 -1.000283087106587e+00 -1.895378073721416e-03 -9.212606529903907e-04 -1.007693653996166e+00
18 24 -1.000283004169751e+00 -1.895260749970913e-03 -9.212954037958567e-04 -1.007694211359342e+00
18 25 -1.000282947328781e+00 -1.895212388548381e-03 -9.212792685736258e-04 -1.007694550529044e+00
18 26 -1.000282918745072e+00 -1.895235041515198e-03 -9.212120084852518e-04 -1.007694658144330e+00
18 27 -1.000282919448572e+00 -1.895327943431420e-03 -9.210956616087396e-04 -1.007694529980105e+00
18 28 -1.000282949308246e+00 -1.895487524389291e-03 -9.209345483388357e-04 -1.007694171124588e+00
18 29 -1.000283007052883e+00 -1.895707547570208e-03 -9.207351262435580e-04 -1.007693595758147e+00
18 30 -1.000283090339077e+00 -1.895979365933211e-03 -9.205056976960486e-04 -1.007692826545850e+00
18 31 -1.000283195860760e+00 -1.896292285216343e-03 -9.202559896525834e-04 -1.007691893677608e+00
19 0 -1.000283186267704e+00 -1.896690667092386e-03 -9.195096520226917e-04 -1.007690934932685e+00
19 1 -1.000283322997017e+00 -1.897047091046527e-03 -9.192525033329543e-04 -1.007689790721777e+00
19 2 -1.000283467973679e+00 -1.897405388714946e-03 -9.190070561041207e-04 -1.007688603742130e+00
19 3 -1.000283615698973e+00 -1.897751694695859e-03 -9.187832638057224e-04 -1.007687419673304e+00
19 4 -1.000283760603011e+00 -1.898072703923584e-03 -9.185898680421570e-04 -1.007686283844509e+00
19 5 -1.000283897242008e+00 -1.898356181315134e-03 -9.184340447937149e-04 -1.007685239522259e+00
19 6 -1.000284020488156e+00 -1.898591416202346e-03 -9.183211689674517e-04 -1.007684326307194e+00
19 7 -1.000284125707737e+00 -1.898769606306737e-03 -9.182547002285995e-04 -1.007683578693087e+00
19 8 -1.000284208923564e+00 -1.898884160486990e-03 -9.182361812267475e-04 -1.007683024831346e+00
19 9 -1.000284266957976e+00 -1.898930914024863e-03 -9.182653288802728e-04 -1.007682685534496e+00
19 10 -1.000284297552378e+00 -1.898908253842056e-03 -9.183401928638518e-04 -1.007682573544315e+00
19 11 -1.000284299458911e+00 -1.898817153585280e-03 -9.184573540334980e-04 -1.007682693084149e+00
19 12 -1.000284272499696e+00 -1.898661120683793e-03 -9.186121379431884e-04 -1.007683039708134e+00
19 13 -1.000284217589566e+00 -1.898446059712447e-03 -9.187988231560417e-04 -1.007683600451520e+00
19 14 -1.000284136719088e+00 -1.898180058194843e-03 -9.190108306595147e-04 -1.007684354277849e+00
19 15 -1.000284032895927e+00 -1.897873101773239e-03 -9.192408898498287e-04 -1.007685272812036e+00
19 16 -1.000283910044122e+00 -1.897536725873687e-03 -9.194811868620739e-04 -1.007686321342433e+00
19 17 -1.000283772862904e+00 -1.897183611721591e-03 -9.197235092970176e-04 -1.007687460067074e+00
19 18 -1.000283626649149e+00 -1.896827136331473e-03 -9.199594053173637e-04 -1.007688645549025e+00
19 19 -1.000283477090030e+00 -1.896480888379288e-03 -9.201803746728936e-04 -1.007689832335089e+00
19 20 -1.000283330034468e+00 -1.896158164020567e-03 -9.203781053033713e-04 -1.007690974683249e+00
19 21 -1.000283191253527e+00 -1.895871458797292e-03 -9.205447617265888e-04 -1.007692028336810e+00
19 22 -1.000283066200922e+00 -1.895631974092580e-03 -9.206733204023696e-04 -1.007692952276512e+00
19 23 -1.000282959785372e+00 -1.895449158821913e-03 -9.207579344597654e-04 -1.007693710376535e+00
19 24 -1.000282876166237e+00 -1.895330308270003e-03 -9.207942988641877e-04 -1.007694272888656e+00
19 25 -1.000282818582695e+00 -1.895280241497408e-03 -9.207799798405470e-04 -1.007694617682376e+00
19 26 -1.000282789224826e+00 -1.895301076454911e-03 -9.207146700138818e-04 -1.007694731177639e+00
19 27 -1.000282789152361e+00 -1.895392117947949e-03 -9.206003335817180e-04 -1.007694608920408e+00
19 28 -1.000282818264001e+00 -1.895549867887969e-03 -9.204412143946561e-04 -1.007694255769448e+00
19 29 -1.000282875317110e+00 -1.895768160123718e-03 -9.202436936319361e-04 -1.007693685684148e+00
19 30 -1.000282957994606e+00 -1.896038414405825e-03 -9.200160003305192e-04 -1.007692921125796e+00
19 31 -1.000283063013493e+00 -1.896349996728715e-03 -9.197677940270477e-04 -1.007691992105852e+00
20 0 -1.000283036277949e+00 -1.896695320495141e-03 -9.192525949374933e-04 -1.007691126978053e+00
20 1 -1.000283172669577e+00 -1.897050811447313e-03 -9.189962930024230e-04 -1.007689985295221e+00
20 2 -1.000283317450684e+00 -1.897408496366751e-03 -9.187513451832708e-04 -1.007688799776850e+00
20 3 -1.000283465130132e+00 -1.897754533108827e-03 -9.185276850557650e-04 -1.007687616048678e+00
20 4 -1.000283610139945e+00 -1.898075626577126e-03 -9.183340488217127e-04 -1.007686479428972e+00
20 5 -1.000283747032518e+00 -1.898359538092414e-03 -9.181776216854717e-04 -1.007685433216175e+00
20 6 -1.000283870670621e+00 -1.898595540086654e-03 -9.180638020522765e-04 -1.007684517084106e+00
20 7 -1.000283976405846e+00 -1.898774800812031e-03 -9.179960864844471e-04 -1.007683765637879e+00
20 8 -1.000284060241579e+00 -1.898890688252534e-03 -9.179760664274808e-04 -1.007683207174021e+00
20 9 -1.000284118976690e+00 -1.898938986933132e-03 -9.180035174194520e-04 -1.007682862678678e+00
20 10 -1.000284150325883e+00 -1.898918024932480e-03 -9.180765551569367e-04 -1.007682745089908e+00
20 11 -1.000284153012294e+00 -1.898828711028561e-03 -9.181918313502243e-04 -1.007682858843472e+00
20 12 -1.000284126827843e+00 -1.898674484150177e-03 -9.183447445372353e-04 -1.007683199714431e+00
20 13 -1.000284072657200e+00 -1.898461179449280e-03 -9.185296455076278e-04 -1.007683754958778e+00
20 14 -1.000283992462084e+00 -1.898196816914324e-03 -9.187400237530380e-04 -1.007684503751713e+00
20 15 -1.000283889223792e+00 -1.897891319175224e-03 -9.189686706975162e-04 -1.007685417912517e+00
20 16 -1.000283766843520e+00 -1.897556165513051e-03 -9.192078257420574e-04 -1.007686462899317e+00
20 17 -1.000283630002123e+00 -1.897203989978629e-03 -9.194493192178996e-04 -1.007687599048675e+00
20 18 -1.000283483983340e+00 -1.896848133244570e-03 -9.196847301099895e-04 -1.007688783025067e+00
20 19 -1.000283334466957e+00 -1.896502159943889e-03 -9.199055760412416e-04 -1.007689969435279e+00
20 20 -1.000283187300465e+00 -1.896179355403860e-03 -9.201035492318187e-04 -1.007691112553526e+00
20 21 -1.000283048259433e+00 -1.895892217938162e-03 -9.202708047516019e-04 -1.007692168095023e+00
20 22 -1.000282922807860e+00 -1.895651965270069e-03 -9.204002962863647e-04 -1.007693094968760e+00
20 23 -1.000282815870156e+00 -1.895468075766077e-03 -9.204861417355174e-04 -1.007693856935608e+00
20 24 -1.000282731626135e+00 -1.895347886238606e-03 -9.205239896327089e-04 -1.007694424096653e+00
20 25 -1.000282673339309e+00 -1.895296267668973e-03 -9.205113501792744e-04 -1.007694774139671e+00
20 26 -1.000282643226940e+00 -1.895315398136075e-03 -9.204478523750529e-04 -1.007694893279677e+00
20 27 -1.000282642377743e+00 -1.895404648334853e-03 -9.203353915501216e-04 -1.007694776842966e+00
20 28 -1.000282670720122e+00 -1.895560589260146e-03 -9.201781400579872e-04 -1.007694429462640e+00
20 29 -1.000282727040708e+00 -1.895777124382738e-03 -9.199824076247441e-04 -1.007693864875391e+00
20 30 -1.000282809050146e+00 -1.896045740939718e-03 -9.197563544715654e-04 -1.007693105331531e+00
20 31 -1.000282913490638e+00 -1.896355867721178e-03 -9.195095764736617e-04 -1.007692180651215e+00
21 0 -1.000282875192618e+00 -1.896647799207733e-03 -9.192347994540798e-04 -1.007691402776316e+00
21 1 -1.000283011160138e+00 -1.897002198279787e-03 -9.189792924039809e-04 -1.007690264220735e+00
21 2 -1.000283155647578e+00 -1.897359071923085e-03 -9.187348330616649e-04 -1.007689080866907e+00
21 3 -1.000283303175046e+00 -1.897704608547734e-03 -9.185113360106992e-04 -1.007687898260463e+00
21 4 -1.000283448180586e+00 -1.898025531886574e-03 -9.183175309371409e-04 -1.007686761678544e+00
21 5 -1.000283585217155e+00 -1.898309609753680e-03 -9.181606093276889e-04 -1.007685714418582e+00
21 6 -1.000283709142494e+00 -1.898546108376822e-03 -9.180459887231035e-04 -1.007684796193824e+00
21 7 -1.000283815297670e+00 -1.898726177265680e-03 -9.179771969960276e-04 -1.007684041687942e+00
21 8 -1.000283899670430e+00 -1.898843153926176e-03 -9.179558675432043e-04 -1.007683479311969e+00
21 9 -1.000283959039460e+00 -1.898892781848384e-03 -9.179818265886821e-04 -1.007683130198295e+00
21 10 -1.000283991095381e+00 -1.898873338808628e-03 -9.180532474327834e-04 -1.007683007458527e+00
21 11 -1.000283994534130e+00 -1.898785675576666e-03 -9.181668444148053e-04 -1.007683115724020e+00
21 12 -1.000283969118355e+00 -1.898633167546746e-03 -9.183180812932255e-04 -1.007683450980265e+00
21 13 -1.000283915702665e+00 -1.898421583551337e-03 -9.185013737206216e-04 -1.007684000699626e+00
21 14 -1.000283836219239e+00 -1.898158877272059e-03 -9.187102728506956e-04 -1.007684744270589e+00
21 15 -1.000283733621544e+00 -1.897854907520521e-03 -9.189376263266869e-04 -1.007685653714594e+00
21 16 -1.000283611785735e+00 -1.897521094507400e-03 -9.191757225517623e-04 -1.007686694673400e+00
21 17 -1.000283475371418e+00 -1.897170020239237e-03 -9.194164319530492e-04 -1.007687827641340e+00
21 18 -1.000283329645780e+00 -1.896814982556240e-03 -9.196513630953666e-04 -1.007689009408011e+00
21 19 -1.000283180277393e+00 -1.896469514218817e-03 -9.198720514905776e-04 -1.007690194667468e+00
21 20 -1.000283033108264e+00 -1.896146880829823e-03 -9.200701950159068e-04 -1.007691337740000e+00
21 21 -1.000282893914393e+00 -1.895859573915141e-03 -9.202379421065015e-04 -1.007692394343619e+00
21 22 -1.000282768166116e+00 -1.895618817781683e-03 -9.203682277680656e-04 -1.007693323346028e+00
21 23 -1.000282660799817e+00 -1.895434110597958e-03 -9.204551397873514e-04 -1.007694088424032e+00
21 24 -1.000282576012322e+00 -1.895312821282390e-03 -9.204942862472319e-04 -1.007694659555765e+00
21 25 -1.000282517088399e+00 -1.895259863731178e-03 -9.204831280754846e-04 -1.007695014272933e+00
21 26 -1.000282486269947e+00 -1.895277467979838e-03 -9.204212379760655e-04 -1.007695138607919e+00
21 27 -1.000282484672776e+00 -1.895365063746338e-03 -9.203104500236055e-04 -1.007695027684958e+00
21 28 -1.000282512253798e+00 -1.895519285819358e-03 -9.201548726773741e-04 -1.007694685923743e+00
21 29 -1.000282567828479e+00 -1.895734103687455e-03 -9.199607515439166e-04 -1.007694126844872e+00
21 30 -1.000282649135572e+00 -1.896001070307844e-03 -9.197361848121804e-04 -1.007693372488198e+00
21 31 -1.000282752943732e+00 -1.896309677532484e-03 -9.194907106701721e-04 -1.007692452476524e+00
22 0 -1.000282709117352e+00 -1.896549883781427e-03 -9.194564189050098e-04 -1.007691752315030e+00
22 1 -1.000282844589982e+00 -1.896903072328751e-03 -9.192016288631679e-04 -1.007690617370821e+00
22 2 -1.000282988696228e+00 -1.897258965495921e-03 -9.189576324962495e-04 -1.007689436807084e+00
22 3 -1.000283135970796e+00 -1.897603788638819e-03 -9.187343266313631e-04 -1.007688256065356e+00
22 4 -1.000283280861694e+00 -1.897924292626841e-03 -9.185404334615864e-04 -1.007687120352549e+00
22 5 -1.000283417926765e+00 -1.898208261566135e-03 -9.183831477051584e-04 -1.007686072932318e+00
22 6 -1.000283542023272e+00 -1.898444966371547e-03 -9.182679009607710e-04 -1.007685153522154e+00
22 7 -1.000283648486377e+00 -1.898625549382239e-03 -9.181982453718577e-04 -1.007684396848055e+00
22 8 -1.000283733292640e+00 -1.898743329317019e-03 -9.181758476205119e-04 -1.007683831400146e+00
22 9 -1.000283793204584e+00 -1.898794019803693e-03 -9.182005749267778e-04 -1.007683478424505e+00
22 10 -1.000283825892189e+00 -1.898775858513848e-03 -9.182706480232401e-04 -1.007683351177793e+00
22 11 -1.000283830027000e+00 -1.898689647228528e-03 -9.183828334750538e-04 -1.007683454462835e+00
22 12 -1.000283805344531e+00 -1.898538705459932e-03 -9.185326497753328e-04 -1.007683784456237e+00
22 13 -1.000283752670669e+00 -1.898328741625660e-03 -9.187145672833090e-04 -1.007684328833321e+00
22 14 -1.000283673908492e+00 -1.898067646829693e-03 -9.189221896827102e-04 -1.007685067189455e+00
22 15 -1.000283571983168e+00 -1.897765217447284e-03 -9.191484133137909e-04 -1.007685971749010e+00
22 16 -1.000283450744500e+00 -1.897432813776233e-03 -9.193855698372441e-04 -1.007687008344680e+00
22 17 -1.000283314828772e+00 -1.897082962884439e-03 -9.196255657070826e-04 -1.007688137641866e+00
22 18 -1.000283169483809e+00 -1.896728914912861e-03 -9.198600366716107e-04 -1.007689316574372e+00
22 19 -1.000283020363549e+00 -1.896384164043132e-03 -9.200805355997203e-04 -1.007690499947834e+00
22 20 -1.000282873300676e+00 -1.896061947953607e-03 -9.202787674924949e-04 -1.007691642156751e+00
22 21 -1.000282734067555e+00 -1.895774742132282e-03 -9.204468774797476e-04 -1.007692698952400e+00
22 22 -1.000282608136671e+00 -1.895533767483630e-03 -9.205777867785610e-04 -1.007693629193142e+00
22 23 -1.000282500452126e+00 -1.895348531435935e-03 -9.206655592975607e-04 -1.007694396504681e+00
22 24 -1.000282415223591e+00 -1.895226424171634e-03 -9.207057701647538e-04 -1.007694970775309e+00
22 25 -1.000282355753209e+00 -1.895172391796041e-03 -9.206958396776447e-04 -1.007695329412435e+00
22 26 -1.000282324304061e+00 -1.895188706214388e-03 -9.206352937366571e-04 -1.007695458294807e+00
22 27 -1.000282322016107e+00 -1.895274847089841e-03 -9.205259150537030e-04 -1.007695352369831e+00
22 28 -1.000282348872461e+00 -1.895427505270952e-03 -9.203717580398705e-04 -1.007695015864296e+00
22 29 -1.000282403715907e+00 -1.895640710220643e-03 -9.201790136539163e-04 -1.007694462097333e+00
22 30 -1.000282484312722e+00 -1.895906076535754e-03 -9.199557269470047e-04 -1.007693712906191e+00
22 31 -1.000282587458321e+00 -1.896213157091865e-03 -9.197113865537551e-04 -1.007692797717397e+00
23 0 -1.000282544372828e+00 -1.896405249112794e-03 -9.199085022773810e-04 -1.007692162832139e+00
23 1 -1.000282679297950e+00 -1.896757152854278e-03 -9.196543289609792e-04 -1.007691031851055e+00
23 2 -1.000282822949255e+00 -1.897111931812269e-03 -9.194107570685604e-04 -1.007689854602385e+00
23 3 -1.000282969878946e+00 -1.897455853498584e-03 -9.191876673902110e-04 -1.007688676402844e+00
23 4 -1.000283114548568e+00 -1.897775703253822e-03 -9.189937739899152e-04 -1.007687542362454e+00
23 5 -1.000283251524968e+00 -1.898059290610473e-03 -9.188362716613602e-04 -1.007686495679664e+00
23 6 -1.000283375669511e+00 -1.898295901898292e-03 -9.187206002320963e-04 -1.007685576040797e+00
23 7 -1.000283482316330e+00 -1.898476684206274e-03 -9.186503278975582e-04 -1.007684818176125e+00
23 8 -1.000283567435678e+00 -1.898594949871817e-03 -9.186271447166748e-04 -1.007684250616490e+00
23 9 -1.000283627778533e+00 -1.898646394884453e-03 -9.186509479098817e-04 -1.007683894684994e+00
23 10 -1.000283660998448e+00 -1.898629228541272e-03 -9.187199937470732e-04 -1.007683763749259e+00
23 11 -1.000283665746376e+00 -1.898544214712996e-03 -9.188310883348241e-04 -1.007683862752398e+00
23 12 -1.000283641733936e+00 -1.898394627030211e-03 -9.189797919811409e-04 -1.007684188034979e+00
23 13 -1.000283589760758e+00 -1.898186121728038e-03 -9.191606175476288e-04 -1.007684727454073e+00
23 14 -1.000283511702327e+00 -1.897926533289507e-03 -9.193672105219850e-04 -1.007685460797994e+00
23 15 -1.000283410456057e+00 -1.897625599265929e-03 -9.195925069144832e-04 -1.007686360487430e+00
23 16 -1.000283289845043e+00 -1.897294621429912e-03 -9.198288742857847e-04 -1.007687392546302e+00
23 17 -1.000283154481007e+00 -1.896946071061043e-03 -9.200682496097279e-04 -1.007688517818219e+00
23 18 -1.000283009590322e+00 -1.896593147450711e-03 -9.203022925519062e-04 -1.007689693395174e+00
23 19 -1.000282860809453e+00 -1.896249300910988e-03 -9.205225725306037e-04 -1.007690874214439e+00
23 20 -1.000282713958331e+00 -1.895927734122633e-03 -9.207208031819224e-04 -1.007692014769641e+00
23 21 -1.000282574801764e+00 -1.895640897948631e-03 -9.208891298860613e-04 -1.007693070874323e+00
23 22 -1.000282448810035e+00 -1.895399999900220e-03 -9.210204655226280e-04 -1.007694001410300e+00
23 23 -1.000282340930324e+00 -1.895214545495832e-03 -9.211088574079847e-04 -1.007694769987983e+00
23 24 -1.000282255380444e+00 -1.895091934345674e-03 -9.211498566685525e-04 -1.007695346442891e+00
23 25 -1.000282195475358e+00 -1.895037132853060e-03 -9.211408532573608e-04 -1.007695708094570e+00
23 26 -1.000282163495058e+00 -1.895052443217544e-03 -9.210813374733658e-04 -1.007695840702749e+00
23 27 -1.000282160599785e+00 -1.895137384114171e-03 -9.209730523555248e-04 -1.007695739069900e+00
23 28 -1.000282186795579e+00 -1.895288692593511e-03 -9.208200100303255e-04 -1.007695407257657e+00
23 29 -1.000282240950068e+00 -1.895500449820399e-03 -9.206283582986974e-04 -1.007694858405655e+00
23 30 -1.000282320855451e+00 -1.895764325650559e-03 -9.204061000140831e-04 -1.007694114163896e+00
23 31 -1.000282423333137e+00 -1.896069929555600e-03 -9.201626843005077e-04 -1.007693203771434e+00
24 0 -1.000282387261312e+00 -1.896219336780373e-03 -9.205734040670522e-04 -1.007692619204015e+00
24 1 -1.000282521606509e+00 -1.896569928694916e-03 -9.203197281834192e-04 -1.007691492391886e+00
24 2 -1.000282664745774e+00 -1.896923500425509e-03 -9.200765306324658e-04 -1.007690318862264e+00
24 3 -1.000282811251028e+00 -1.897266365251773e-03 -9.198536784655155e-04 -1.007689143791048e+00
24 4 -1.000282955600430e+00 -1.897585349025532e-03 -9.196598771611636e-04 -1.007688012168270e+00
24 5 -1.000283092373678e+00 -1.897868294989798e-03 -9.195023181594848e-04 -1.007686967097767e+00
24 6 -1.000283216440707e+00 -1.898104515093798e-03 -9.193864432027281e-04 -1.007686048200237e+00
24 7 -1.000283323139491e+00 -1.898285172797025e-03 -9.193158278076994e-04 -1.007685290172470e+00
24 8 -1.000283408439032e+00 -1.898403586575221e-03 -9.192921747745232e-04 -1.007684721546551e+00
24 9 -1.000283469083840e+00 -1.898455447808917e-03 -9.193153990438438e-04 -1.007684363682566e+00
24 10 -1.000283502716023e+00 -1.898438950587873e-03 -9.193837787064385e-04 -1.007684230019638e+00
24 11 -1.000283507970616e+00 -1.898354833629413e-03 -9.194941448427837e-04 -1.007684325603946e+00
24 12 -1.000283484539469e+00 -1.898206336345482e-03 -9.196420851304668e-04 -1.007684646906943e+00
24 13 -1.000283433199343e+00 -1.897999072796475e-03 -9.198221414741574e-04 -1.007685181939929e+00
24 14 -1.000283355800670e+00 -1.897740828895016e-03 -9.200279890737026e-04 -1.007685910662980e+00
24 15 -1.000283255214718e+00 -1.897441289287432e-03 -9.202525930030748e-04 -1.007686805678827e+00
24 16 -1.000283135238492e+00 -1.897111700812626e-03 -9.204883479083105e-04 -1.007687833195859e+00
24 17 -1.000283000458783e+00 -1.896764480080133e-03 -9.207272147899097e-04 -1.007688954236854e+00
24 18 -1.000282856079226e+00 -1.896412774226522e-03 -9.209608734170823e-04 -1.007690126060155e+00
24 19 -1.000282707716698e+00 -1.896069986152334e-03 -9.211809085746480e-04 -1.007691303749307e+00
24 20 -1.000282561175467e+00 -1.895749277881224e-03 -9.213790437617420e-04 -1.007692441917895e+00
24 21 -1.000282422209096e+00 -1.895463067893087e-03 -9.215474281850245e-04 -1.007693496468764e+00
24 22 -1.000282296281324e+00 -1.895222540584642e-03 -9.216789723667109e-04 -1.007694426339855e+00
24 23 -1.000282188337613e+00 -1.895037188296704e-03 -9.217677152930351e-04 -1.007695195163110e+00
24 24 -1.000282102598877e+00 -1.894914407832767e-03 -9.218091942223928e-04 -1.007695772760411e+00
24 25 -1.000282042387809e+00 -1.894859173207008e-03 -9.218007802621346e-04 -1.007696136403343e+00
24 26 -1.000282009996351e+00 -1.894873804177991e-03 -9.217419405700566e-04 -1.007696271771938e+00
24 27 -1.000282006600415e+00 -1.894957846066781e-03 -9.216343916163750e-04 -1.007696173560957e+00
24 28 -1.000282032224916e+00 -1.895108070600415e-03 -9.214821166442675e-04 -1.007695845700449e+00
24 29 -1.000282085758938e+00 -1.895318600383308e-03 -9.212912335719446e-04 -1.007695301179286e+00
24 30 -1.000282165017921e+00 -1.895581151862290e-03 -9.210697157007342e-04 -1.007694561483328e+00
24 31 -1.000282266847416e+00 -1.895885384372180e-03 -9.208269840667872e-04 -1.007693655680728e+00
25 0 -1.000282243828936e+00 -1.895999163873979e-03 -9.214255036502747e-04 -1.007693104426977e+00
25 1 -1.000282377583411e+00 -1.896348465702682e-03 -9.211721903150257e-04 -1.007691981834484e+00
25 2 -1.000282520172500e+00 -1.896700781840759e-03 -9.209293066266135e-04 -1.007690812290327e+00
25 3 -1.000282666189283e+00 -1.897042473150212e-03 -9.207067085777130e-04 -1.007689640819099e+00
25 4 -1.000282810131028e+00 -1.897360410559228e-03 -9.205130925784588e-04 -1.007688512272066e+00
25 5 -1.000282946593731e+00 -1.897642478156873e-03 -9.203556431455150e-04 -1.007687469632193e+00
25 6 -1.000283070460062e+00 -1.897878022734087e-03 -9.202397976083911e-04 -1.007686552422618e+00
25 7 -1.000283177076492e+00 -1.898058234986030e-03 -9.201691299776353e-04 -1.007685795270601e+00
25 8 -1.000283262415844e+00 -1.898176451831659e-03 -9.201453445393929e-04 -1.007685226669936e+00
25 9 -1.000283323221588e+00 -1.898228373541901e-03 -9.201683604802753e-04 -1.007684867975374e+00
25 10 -1.000283357129927e+00 -1.898212193056663e-03 -9.202364627109081e-04 -1.007684732654390e+00
25 11 -1.000283362765277e+00 -1.898128637671782e-03 -9.203464917857590e-04 -1.007684825814963e+00
25 12 -1.000283339804527e+00 -1.897980925329232e-03 -9.204940475909183e-04 -1.007685144021946e+00
25 13 -1.000283289005765e+00 -1.897774639397619e-03 -9.206736866443439e-04 -1.007685675407864e+00
25 14 -1.000283212197864e+00 -1.897517527198559e-03 -9.208791004156850e-04 -1.007686400076683e+00
25 15 -1.000283112228576e+00 -1.897219228500654e-03 -9.211032711083073e-04 -1.007687290791817e+00
25 16 -1.000282992870419e+00 -1.896890940837524e-03 -9.213386107333781e-04 -1.007688313932536e+00
25 17 -1.000282858685818e+00 -1.896545029257513e-03 -9.215770972647107e-04 -1.007689430695092e+00
25 18 -1.000282714855267e+00 -1.896194589456460e-03 -9.218104262018709e-04 -1.007690598505788e+00
25 19 -1.000282566974696e+00 -1.895852975261880e-03 -9.220301958737608e-04 -1.007691772603295e+00
25 20 -1.000282420830344e+00 -1.895533303845360e-03 -9.222281404425607e-04 -1.007692907737789e+00
25 21 -1.000282282161215e+00 -1.895247954549094e-03 -9.223964165689031e-04 -1.007693959925789e+00
25 22 -1.000282156420381e+00 -1.895008079659051e-03 -9.225279388647563e-04 -1.007694888192285e+00
25 23 -1.000282048546858e+00 -1.894823147590340e-03 -9.226167468792554e-04 -1.007695656226606e+00
25 24 -1.000281962759492e+00 -1.894700540255612e-03 -9.226583748000243e-04 -1.007696233876541e+00
25 25 -1.000281902383262e+00 -1.894645226241014e-03 -9.226501871427478e-04 -1.007696598407724e+00
25 26 -1.000281869716631e+00 -1.894659529379305e-03 -9.225916413266998e-04 -1.007696735463098e+00
25 27 -1.000281865946029e+00 -1.894743008276730e-03 -9.224844415014775e-04 -1.007696639670877e+00
25 28 -1.000281891110498e+00 -1.894892456524007e-03 -9.223325566975085e-04 -1.007696314867911e+00
25 29 -1.000281944116298e+00 -1.895102026209906e-03 -9.221420894709947e-04 -1.007695773927183e+00
25 30 -1.000282022798455e+00 -1.895363469731717e-03 -9.219209972775912e-04 -1.007695038200515e+00
25 31 -1.000282124023877e+00 -1.895666487618973e-03 -9.216786853286079e-04 -1.007694136608446e+00
26 0 -1.000282119632100e+00 -1.895753072768098e-03 -9.224322006635163e-04 -1.007693600189270e+00
26 1 -1.000282252807307e+00 -1.896101154851805e-03 -9.221791030784188e-04 -1.007692481708010e+00
26 2 -1.000282394828677e+00 -1.896452214066269e-03 -9.219364634931933e-04 -1.007691316266378e+00
26 3 -1.000282540311132e+00 -1.896792658932232e-03 -9.217141297053862e-04 -1.007690148732649e+00
26 4 -1.000282683772861e+00 -1.897109408353834e-03 -9.215207887212454e-04 -1.007689023805659e+00
26 5 -1.000282819828972e+00 -1.897390392790539e-03 -9.213636148258646e-04 -1.007687984326078e+00
26 6 -1.000282943378507e+00 -1.897625001722059e-03 -9.212480348018229e-04 -1.007687069691453e+00
26 7 -1.000283049780807e+00 -1.897804463034904e-03 -9.211776121524554e-04 -1.007686314425709e+00
26 8 -1.000283135017547e+00 -1.897922143951470e-03 -9.211540408794023e-04 -1.007685746945472e+00
26 9 -1.000283195836686e+00 -1.897973766946107e-03 -9.211772304601934e-04 -1.007685388557594e+00
26 10 -1.000283229874261e+00 -1.897957537842403e-03 -9.212454574302966e-04 -1.007685252713872e+00
26 11 -1.000283235749724e+00 -1.897874186546716e-03 -9.213555561944811e-04 -1.007685344540782e+00
26 12 -1.000283213130370e+00 -1.897726923086179e-03 -9.215031232268172e-04 -1.007685660655465e+00
26 13 -1.000283162760532e+00 -1.897521312875949e-03 -9.216827143744930e-04 -1.007686189273832e+00
26 14 -1.000283086451838e+00 -1.897265076127802e-03 -9.218880230395743e-04 -1.007686910610463e+00
26 15 -1.000282987032032e+00 -1.896967817433626e-03 -9.221120359828401e-04 -1.007687797562177e+00
26 16 -1.000282868251724e+00 -1.896640692563770e-03 -9.223471723800373e-04 -1.007688816658807e+00
26 17 -1.000282734650537e+00 -1.896296020223372e-03 -9.225854195305357e-04 -1.007689929257157e+00
26 18 -1.000282591386323e+00 -1.895946847429211e-03 -9.228184835692801e-04 -1.007691092946411e+00
26 19 -1.000282444033434e+00 -1.895606479025811e-03 -9.230379739754913e-04 -1.007692263123795e+00
26 20 -1.000282298358322e+00 -1.895287984609641e-03 -9.232356361604742e-04 -1.007693394688310e+00
26 21 -1.000282160082625e+00 -1.895003698977681e-03 -9.234036379146799e-04 -1.007694443790589e+00
26 22 -1.000282034645041e+00 -1.894764734549936e-03 -9.235349044734200e-04 -1.007695369570171e+00
26 23 -1.000281926973656e+00 -1.894580526043518e-03 -9.236234849008356e-04 -1.007696135807294e+00
26 24 -1.000281841280144e+00 -1.894458428972150e-03 -9.236649212715617e-04 -1.007696712414245e+00
26 25 -1.000281780886277e+00 -1.894403393632394e-03 -9.236565841613559e-04 -1.007697076692938e+00
26 26 -1.000281748091395e+00 -1.894417734253228e-03 -9.235979352881821e-04 -1.007697214293205e+00
26 27 -1.000281744086858e+00 -1.894501008771250e-03 -9.234906814764855e-04 -1.007697119820632e+00
26 28 -1.000281768920443e+00 -1.894650018843300e-03 -9.233387929144358e-04 -1.007696797061414e+00
26 29 -1.000281821510573e+00 -1.894858932850594e-03 -9.231483718719488e-04 -1.007696258812444e+00
26 30 -1.000281899707468e+00 -1.895119527157533e-03 -9.229273741217209e-04 -1.007695526326687e+00
26 31 -1.000282000395868e+00 -1.895421533360386e-03 -9.226852018295150e-04 -1.007694628405604e+00
27 0 -1.000282019517037e+00 -1.895490428322454e-03 -9.235551464242492e-04 -1.007694087524468e+00
27 1 -1.000282152146497e+00 -1.895837407651780e-03 -9.233021097853679e-04 -1.007692972888821e+00
27 2 -1.000282293604143e+00 -1.896187256446187e-03 -9.230596361125833e-04 -1.007691811510630e+00
27 3 -1.000282438526672e+00 -1.896526429242361e-03 -9.228375681413914e-04 -1.007690648102433e+00
27 4 -1.000282581454184e+00 -1.896841893920241e-03 -9.226445836550621e-04 -1.007689527203014e+00
27 5 -1.000282717022883e+00 -1.897121630909705e-03 -9.224878438781762e-04 -1.007688491495305e+00
27 6 -1.000282840151193e+00 -1.897355078659109e-03 -9.223727590227619e-04 -1.007687580227920e+00
27 7 -1.000282946215328e+00 -1.897533511098911e-03 -9.223028729385173e-04 -1.007686827790610e+00
27 8 -1.000283031210627e+00 -1.897650336685280e-03 -9.222798576535118e-04 -1.007686262486132e+00
27 9 -1.000283091894868e+00 -1.897701312447323e-03 -9.223035995150578e-04 -1.007685905532997e+00
27 10 -1.000283125909571e+00 -1.897684670382974e-03 -9.223723521033908e-04 -1.007685770324630e+00
27 11 -1.000283131875035e+00 -1.897601156909797e-03 -9.224829282298361e-04 -1.007685861962060e+00
27 12 -1.000283109454746e+00 -1.897453988185244e-03 -9.226309050666175e-04 -1.007686177071055e+00
27 13 -1.000283059384771e+00 -1.897248725196874e-03 -9.228108222310396e-04 -1.007686703909624e+00
27 14 -1.000282983464429e+00 -1.896993073469508e-03 -9.230163606913436e-04 -1.007687422765784e+00
27 15 -1.000282884505716e+00 -1.896696613419853e-03 -9.232404991414369e-04 -1.007688306637487e+00
27 16 -1.000282766240812e+00 -1.896370468387900e-03 -9.234756532821974e-04 -1.007689322178402e+00
27 17 -1.000282633189066e+00 -1.896026917966165e-03 -9.237138113551638e-04 -1.007690430886072e+00
27 18 -1.000282490487047e+00 -1.895678965102716e-03 -9.239466844475582e-04 -1.007691590501335e+00
27 19 -1.000282343687650e+00 -1.895339867383504e-03 -9.241658905865558e-04 -1.007692756578082e+00
27 20 -1.000282198536476e+00 -1.895022645753567e-03 -9.243631869644013e-04 -1.007693884171159e+00
27 21 -1.000282060735647e+00 -1.894739586785904e-03 -9.245307559423528e-04 -1.007694929580538e+00
27 22 -1.000281935706312e+00 -1.894501756873856e-03 -9.246615394629902e-04 -1.007695852083312e+00
27 23 -1.000281828361549e+00 -1.894318548536354e-03 -9.247496046321929e-04 -1.007696615580839e+00
27 24 -1.000281742901066e+00 -1.894197280366695e-03 -9.247905121687528e-04 -1.007697190086057e+00
27 25 -1.000281682638125e+00 -1.894142872256320e-03 -9.247816513844696e-04 -1.007697552977685e+00
27 26 -1.000281649867280e+00 -1.894157615510309e-03 -9.247225024649994e-04 -1.007697689956047e+00
27 27 -1.000281645778942e+00 -1.894241053275177e-03 -9.246147900271602e-04 -1.007697595649545e+00
27 28 -1.000281670423773e+00 -1.894389980938327e-03 -9.244625008357528e-04 -1.007697273839087e+00
27 29 -1.000281722726862e+00 -1.894598569345639e-03 -9.242717519589173e-04 -1.007696737288333e+00
27 30 -1.000281800548743e+00 -1.894858606115050e-03 -9.240505117449175e-04 -1.007696007189716e+00
27 31 -1.000281900787827e+00 -1.895159842693752e-03 -9.238081923534540e-04 -1.007695112258318e+00
28 0 -1.000281947422158e+00 -1.895221271585125e-03 -9.247516667661284e-04 -1.007694547528526e+00
28 1 -1.000282079560494e+00 -1.895567308110244e-03 -9.244985323612169e-04 -1.007693436323330e+00
28 2 -1.000282220480197e+00 -1.895916039956375e-03 -9.242561390418507e-04 -1.007692278811950e+00
28 3 -1.000282364838798e+00 -1.896253964177410e-03 -9.240343280298372e-04 -1.007691119558050e+00
28 4 -1.000282507198393e+00 -1.896568096636894e-03 -9.238417686188356e-04 -1.007690002939257e+00
28 5 -1.000282642217442e+00 -1.896846469436532e-03 -9.236856065291963e-04 -1.007688971471358e+00
28 6 -1.000282764836074e+00 -1.897078574566239e-03 -9.235712296431640e-04 -1.007688064235899e+00
28 7 -1.000282870450799e+00 -1.897255739226760e-03 -9.235021535219908e-04 -1.007687315462324e+00
28 8 -1.000282955074910e+00 -1.897371422412347e-03 -9.234800174802068e-04 -1.007686753307261e+00
28 9 -1.000283015480923e+00 -1.897421426595893e-03 -9.235046724079583e-04 -1.007686398864144e+00
28 10 -1.000283049321249e+00 -1.897404022207247e-03 -9.235743351505931e-04 -1.007686265427614e+00
28 11 -1.000283055222841e+00 -1.897319985545261e-03 -9.236857819404491e-04 -1.007686358030064e+00
28 12 -1.000283032851331e+00 -1.897172552782336e-03 -9.238345552143375e-04 -1.007686673261750e+00
28 13 -1.000282982940326e+00 -1.896967294143390e-03 -9.240151634512312e-04 -1.007687199379959e+00
28 14 -1.000282907282251e+00 -1.896711913441760e-03 -9.242212614032752e-04 -1.007687916706070e+00
28 15 -1.000282808678252e+00 -1.896415978975576e-03 -9.244458072089249e-04 -1.007688798302552e+00
28 16 -1.000282690846304e+00 -1.896090592406054e-03 -9.246812021473604e-04 -1.007689810914959e+00
28 17 -1.000282558288783e+00 -1.895748002986805e-03 -9.249194266466690e-04 -1.007690916156339e+00
28 18 -1.000282416123144e+00 -1.895401175801545e-03 -9.251521908945187e-04 -1.007692071902438e+00
28 19 -1.000282269881756e+00 -1.895063324643029e-03 -9.253711187665628e-04 -1.007693233856040e+00
28 20 -1.000282125289115e+00 -1.894747422639057e-03 -9.255679794449946e-04 -1.007694357228701e+00
28 21 -1.000281988026414e+00 -1.894465706381706e-03 -9.257349726735957e-04 -1.007695398479081e+00
28 22 -1.000281863494746e+00 -1.894229191842835e-03 -9.258650624342070e-04 -1.007696317039667e+00
28 23 -1.000281756588690e+00 -1.894047222430510e-03 -9.259523417252313e-04 -1.007697076958606e+00
28 24 -1.000281671491695e+00 -1.893927070727172e-03 -9.259924001034432e-04 -1.007697648381650e+00
28 25 -1.000281611503545e+00 -1.893873615286019e-03 -9.259826577685997e-04 -1.007698008801793e+00
28 26 -1.000281578908476e+00 -1.893889111962067e-03 -9.259226269992332e-04 -1.007698144011820e+00
28 27 -1.000281574890028e+00 -1.893973075397476e-03 -9.258140647657377e-04 -1.007698048708079e+00
28 28 -1.000281599495773e+00 -1.894122280524603e-03 -9.256609893257471e-04 -1.007697726712063e+00
28 29 -1.000281651651752e+00 -1.894330886772998e-03 -9.254695472625861e-04 -1.007697190798164e+00
28 30 -1.000281729223544e+00 -1.894590679935520e-03 -9.252477335342117e-04 -1.007696462138708e+00
28 31 -1.000281829118514e+00 -1.894891419317567e-03 -9.250049831423198e-04 -1.007695569398450e+00
29 0 -1.000281906212681e+00 -1.894955941591171e-03 -9.259763290179149e-04 -1.007694962113687e+00
29 1 -1.000282037933883e+00 -1.895301232824890e-03 -9.257229386891971e-04 -1.007693853787800e+00
29 2 -1.000282178362592e+00 -1.895648985371999e-03 -9.254805345264789e-04 -1.007692699794049e+00
29 3 -1.000282322175301e+00 -1.895985733431980e-03 -9.252589600331029e-04 -1.007691544560678e+00
29 4 -1.000282463955313e+00 -1.896298538018578e-03 -9.250668769765685e-04 -1.007690432309305e+00
29 5 -1.000282598383744e+00 -1.896575482825914e-03 -9.249114135037598e-04 -1.007689405384925e+00
29 6 -1.000282720423973e+00 -1.896806115974141e-03 -9.247979302864114e-04 -1.007688502689995e+00
29 7 -1.000282825495396e+00 -1.896981822921941e-03 -9.247299073636936e-04 -1.007687758274222e+00
29 8 -1.000282909632769e+00 -1.897096120372318e-03 -9.247089420725968e-04 -1.007687200122004e+00
29 9 -1.000282969627711e+00 -1.897144865451255e-03 -9.247348386812565e-04 -1.007686849169527e+00
29 10 -1.000283003148603e+00 -1.897126377994292e-03 -9.248057645025726e-04 -1.007686718575465e+00
29 11 -1.000283008834623e+00 -1.897041476427004e-03 -9.249184453999777e-04 -1.007686813263001e+00
29 12 -1.000282986359374e+00 -1.896893429917084e-03 -9.250683750812268e-04 -1.007687129744572e+00
29 13 -1.000282936459888e+00 -1.896687831237007e-03 -9.252500172326751e-04 -1.007687656233895e+00
29 14 -1.000282860927461e+00 -1.896432395768203e-03 -9.254569873375428e-04 -1.007688373043526e+00
29 15 -1.000282762557781e+00 -1.896136692421400e-03 -9.256822108527276e-04 -1.007689253260678e+00
29 16 -1.000282645059364e+00 -1.895811812701006e-03 -9.259180640467255e-04 -1.007690263687544e+00
29 17 -1.000282512921497e+00 -1.895469985268443e-03 -9.261565111654406e-04 -1.007691366023630e+00
29 18 -1.000282371245400e+00 -1.895124144986565e-03 -9.263892557407879e-04 -1.007692518257701e+00
29 19 -1.000282225544703e+00 -1.894787467199257e-03 -9.266079243850529e-04 -1.007693676227348e+00
29 20 -1.000282081523394e+00 -1.894472880059746e-03 -9.268042977129458e-04 -1.007694795295232e+00
29 21 -1.000281944841146e+00 -1.894192570360827e-03 -9.269705948307075e-04 -1.007695832081970e+00
29 22 -1.000281820877287e+00 -1.893957501183386e-03 -9.270998062851439e-04 -1.007696746187293e+00
29 23 -1.000281714505171e+00 -1.893776961858164e-03 -9.271860579346093e-04 -1.007697501825873e+00
29 24 -1.000281629888306e+00 -1.893658171657899e-03 -9.272249773331622e-04 -1.007698069303260e+00
29 25 -1.000281570308470e+00 -1.893605958334029e-03 -9.272140265769643e-04 -1.007698426260305e+00
29 26 -1.000281538034370e+00 -1.893622530982502e-03 -9.271527624910280e-04 -1.007698558621230e+00
29 27 -1.000281534237056e+00 -1.893707363124183e-03 -9.270429878380182e-04 -1.007698461192809e+00
29 28 -1.000281558955214e+00 -1.893857195928207e-03 -9.268887662964173e-04 -1.007698137881024e+00
29 29 -1.000281611110077e+00 -1.894066163943644e-03 -9.266962878575564e-04 -1.007697601514578e+00
29 30 -1.000281688566727e+00 -1.894326037984921e-03 -9.264735873675919e-04 -1.007696873287372e+00
29 31 -1.000281788236383e+00 -1.894626572862080e-03 -9.262301347303757e-04 -1.007695981852020e+00
30 0 -1.000281897556125e+00 -1.894704678746402e-03 -9.271826042284709e-04 -1.007695314765746e+00
30 1 -1.000282028950956e+00 -1.895049452652945e-03 -9.269288053735766e-04 -1.007694208651722e+00
30 2 -1.000282168955181e+00 -1.895396402877405e-03 -9.266862959243628e-04 -1.007693057685950e+00
30 3 -1.000282312261572e+00 -1.895732093857884e-03 -9.264649253313355e-04 -1.007691906180353e+00
30 4 -1.000282453473078e+00 -1.896043627298022e-03 -9.262733488793788e-04 -1.007690798211425e+00
30 5 -1.000282587293065e+00 -1.896319136523236e-03 -9.261186757742353e-04 -1.007689775955932e+00
30 6 -1.000282708708797e+00 -1.896548226082959e-03 -9.260062360381256e-04 -1.007688878132399e+00
30 7 -1.000282813164163e+00 -1.896722342198038e-03 -9.259394687101648e-04 -1.007688138598916e+00
30 8 -1.000282896718036e+00 -1.896835064164482e-03 -9.259199214662677e-04 -1.007687585148378e+00
30 9 -1.000282956184812e+00 -1.896882310994529e-03 -9.259473422297501e-04 -1.007687238533281e+00
30 10 -1.000282989253350e+00 -1.896862461060566e-03 -9.260198376989747e-04 -1.007687111744239e+00
30 11 -1.000282994580120e+00 -1.896776385424118e-03 -9.261340716567481e-04 -1.007687209559189e+00
30 12 -1.000282971852188e+00 -1.896627397903138e-03 -9.262854770574479e-04 -1.007687528373556e+00
30 13 -1.000282921815822e+00 -1.896421126465456e-03 -9.264684605508293e-04 -1.007688056315683e+00
30 14 -1.000282846267089e+00 -1.896165311182786e-03 -9.266765862924830e-04 -1.007688773646592e+00
30 15 -1.000282748001858e+00 -1.895869534327148e-03 -9.269027359820864e-04 -1.007689653437356e+00
30 16 -1.000282630724242e+00 -1.895544888945407e-03 -9.271392514747226e-04 -1.007690662509931e+00
30 17 -1.000282498914772e+00 -1.895203593498620e-03 -9.273780733079231e-04 -1.007691762618308e+00
30 18 -1.000282357661942e+00 -1.894858561553455e-03 -9.276108926554582e-04 -1.007692911837752e+00
30 19 -1.000282212463191e+00 -1.894522937061793e-03 -9.278293351236961e-04 -1.007694066120850e+00
30 20 -1.000282069003441e+00 -1.894209607907491e-03 -9.280251913331994e-04 -1.007695180969649e+00
30 21 -1.000281932921144e+00 -1.893930713232734e-03 -9.281907008671894e-04 -1.007696213163539e+00
30 22 -1.000281809573060e+00 -1.893697162886180e-03 -9.283188843918045e-04 -1.007697122474500e+00
30 23 -1.000281703809424e+00 -1.893518189321857e-03 -9.284039063576997e-04 -1.007697873296746e+00
30 24 -1.000281619770840e+00 -1.893400953188011e-03 -9.284414400023196e-04 -1.007698436116736e+00
30 25 -1.000281560717158e+00 -1.893350223751863e-03 -9.284289987353396e-04 -1.007698788751718e+00
30 26 -1.000281528896941e+00 -1.893368153786200e-03 -9.283661947440799e-04 -1.007698917291483e+00
30 27 -1.000281525463674e+00 -1.893454164788682e-03 -9.282548883826500e-04 -1.007698816691012e+00
30 28 -1.000281550441751e+00 -1.893604952267312e-03 -9.280992011007824e-04 -1.007698490981033e+00
30 29 -1.000281602741972e+00 -1.893814613300883e-03 -9.279053787037461e-04 -1.007697953086271e+00
30 30 -1.000281680223339e+00 -1.894074890990715e-03 -9.276815077973009e-04 -1.007697224263538e+00
30 31 -1.000281779795698e+00 -1.894375523440745e-03 -9.274371039982087e-04 -1.007696333192033e+00
31 0 -1.000281921845525e+00 -1.894477224714186e-03 -9.283245737681480e-04 -1.007695591266857e+00
31 1 -1.000282053018080e+00 -1.894821731048599e-03 -9.280702247661393e-04 -1.007694486606362e+00
31 2 -1.000282192681357e+00 -1.895168088584962e-03 -9.278275151465365e-04 -1.007693338057037e+00
31 3 -1.000282335541166e+00 -1.895502884058583e-03 -9.276063036934616e-04 -1.007692189837620e+00
31 4 -1.000282476217805e+00 -1.895813253858320e-03 -9.274152406065335e-04 -1.007691085895876e+00
31 5 -1.000282609435554e+00 -1.896087376889778e-03 -9.272614158335645e-04 -1.007690068249927e+00
31 6 -1.000282730205206e+00 -1.896314912075333e-03 -9.271501267566038e-04 -1.007689175437124e+00
31 7 -1.000282833995816e+00 -1.896487366558099e-03 -9.270847674957125e-04 -1.007688441119402e+00
31 8 -1.000282916892134e+00 -1.896598384763019e-03 -9.270668301403810e-04 -1.007687892886081e+00
31 9 -1.000282975734109e+00 -1.896643952350839e-03 -9.270959987642440e-04 -1.007687551286943e+00
31 10 -1.000283008234716e+00 -1.896622512915231e-03 -9.271703109701746e-04 -1.007687429119522e+00
31 11 -1.000283013072113e+00 -1.896534998607719e-03 -9.272863592544287e-04 -1.007687530986079e+00
31 12 -1.000282989951882e+00 -1.896384778059735e-03 -9.274395058442757e-04 -1.007687853129576e+00
31 13 -1.000282939635062e+00 -1.896177525967343e-03 -9.276240898536094e-04 -1.007688383553754e+00
31 14 -1.000282863928225e+00 -1.895921019270631e-03 -9.278336138530712e-04 -1.007689102427382e+00
31 15 -1.000282765633007e+00 -1.895624865687178e-03 -9.280609065688173e-04 -1.007689982765529e+00
31 16 -1.000282648454346e+00 -1.895300171393796e-03 -9.282982675294295e-04 -1.007690991372338e+00
31 17 -1.000282516868706e+00 -1.894959155547114e-03 -9.285376067950736e-04 -1.007692090021872e+00
31 18 -1.000282375955872e+00 -1.894614720282164e-03 -9.287705975640138e-04 -1.007693236845820e+00
31 19 -1.000282231200270e+00 -1.894279986469379e-03 -9.289888603857091e-04 -1.007694387887508e+00
31 20 -1.000282088269980e+00 -1.893967808057263e-03 -9.291841938682318e-04 -1.007695498771025e+00
31 21 -1.000281952783433e+00 -1.893690280704931e-03 -9.293488582232114e-04 -1.007696526424588e+00
31 22 -1.000281830074928e+00 -1.893458262893730e-03 -9.294759064311903e-04 -1.007697430790305e+00
31 23 -1.000281724970552e+00 -1.893280929566701e-03 -9.295595456524904e-04 -1.007698176448187e+00
31 24 -1.000281641585874e+00 -1.893165379556138e-03 -9.295955007560344e-04 -1.007698734080209e+00
31 25 -1.000281583155759e+00 -1.893116318176558e-03 -9.295813440127425e-04 -1.007699081701825e+00
31 26 -1.000281551904836e+00 -1.893135834589329e-03 -9.295167517331907e-04 -1.007699205595793e+00
31 27 -1.000281548964638e+00 -1.893223289477358e-03 -9.294036514574021e-04 -1.007699100897104e+00
31 28 -1.000281574340384e+00 -1.893375322558900e-03 -9.292462325153109e-04 -1.007698771796718e+00
31 29 -1.000281626927227e+00 -1.893585982276196e-03 -9.290508067797600e-04 -1.007698231353408e+00
31 30 -1.000281704572790e+00 -1.893846972349978e-03 -9.288255225735638e-04 -1.007697500925697e+00
31 31 -1.000281804180367e+00 -1.894148002536341e-03 -9.285799505203231e-04 -1.007696609257250e+00
