6.971957949274687e-07
1.000000000000000e-12
1.000000000000000e-17
3.539379636501723e-01
1.942644421957172e-01
-1.982510288065844e-02
-1.500017464083440e+00
1.901109735892602e-07
32
32
-3.511659807956103e-03
1
0 0 -1.000281225132409e+00 -1.893327231212574e-03 -9.319339190040756e-04 -1.007698912488143e+00
0 1 -1.000281440878705e+00 -1.893898216328575e-03 -9.315014858181707e-04 -1.007697085695699e+00
0 2 -1.000281670421642e+00 -1.894471176400395e-03 -9.310917157371395e-04 -1.007695187851361e+00
0 3 -1.000281905149463e+00 -1.895023810916227e-03 -9.307218191420968e-04 -1.007693292091425e+00
0 4 -1.000282136359186e+00 -1.895534899217424e-03 -9.304064046347601e-04 -1.007691470733877e+00
0 5 -1.000282355541027e+00 -1.895985108759795e-03 -9.301568740084161e-04 -1.007689792592990e+00
0 6 -1.000282554646996e+00 -1.896357689609517e-03 -9.299811010633615e-04 -1.007688320518635e+00
0 7 -1.000282726342435e+00 -1.896639035753384e-03 -9.298833868375813e-04 -1.007687109227552e+00
0 8 -1.000282864239726e+00 -1.896819103244860e-03 -9.298646552543141e-04 -1.007686203474665e+00
0 9 -1.000282963112592e+00 -1.896891683859657e-03 -9.299228308910506e-04 -1.007685636595476e+00
0 10 -1.000283019087299e+00 -1.896854539509551e-03 -9.300533272328562e-04 -1.007685429438421e+00
0 11 -1.000283029804414e+00 -1.896709406838594e-03 -9.302495702655386e-04 -1.007685589698731e+00
0 12 -1.000282994542486e+00 -1.896461883570381e-03 -9.305034880155432e-04 -1.007686111660661e+00
0 13 -1.000282914293561e+00 -1.896121208384298e-03 -9.308059110293082e-04 -1.007686976352092e+00
0 14 -1.000282791780113e+00 -1.895699944314221e-03 -9.311468511047925e-04 -1.007688152114559e+00
0 15 -1.000282631404214e+00 -1.895213572689917e-03 -9.315156534961988e-04 -1.007689595590379e+00
0 16 -1.000282439122879e+00 -1.894680002213063e-03 -9.319010467226612e-04 -1.007691253122627e+00
0 17 -1.000282222248300e+00 -1.894118997216648e-03 -9.322911387456631e-04 -1.007693062551265e+00
0 18 -1.000281989177183e+00 -1.893551530552039e-03 -9.326734244457606e-04 -1.007694955371975e+00
0 19 -1.000281749058677e+00 -1.892999069416472e-03 -9.330348740734153e-04 -1.007696859206641e+00
0 20 -1.000281511415073e+00 -1.892482806912785e-03 -9.333621635547781e-04 -1.007698700516299e+00
0 21 -1.000281285733458e+00 -1.892022858657406e-03 -9.336420848636163e-04 -1.007700407467492e+00
0 22 -1.000281081049627e+00 -1.891637451842521e-03 -9.338621411397523e-04 -1.007701912841724e+00
0 23 -1.000280905547175e+00 -1.891342142215917e-03 -9.340112930137243e-04 -1.007703156859003e+00
0 24 -1.000280766194679e+00 -1.891149100790011e-03 -9.340807868143876e-04 -1.007704089773721e+00
0 25 -1.000280668442140e+00 -1.891066515572055e-03 -9.340649682514059e-04 -1.007704674097096e+00
0 26 -1.000280615994446e+00 -1.891098153014720e-03 -9.339619719908400e-04 -1.007704886307736e+00
0 27 -1.000280610674322e+00 -1.891243117696777e-03 -9.337741822182798e-04 -1.007704717934679e+00
0 28 -1.000280652380215e+00 -1.891495836292251e-03 -9.335083826932131e-04 -1.007704175936919e+00
0 29 -1.000280739136870e+00 -1.891846274674915e-03 -9.331755530861022e-04 -1.007703282354804e+00
0 30 -1.000280867229346e+00 -1.892280378210385e-03 -9.327903139792304e-04 -1.007702073262501e+00
0 31 -1.000281031405952e+00 -1.892780707926060e-03 -9.323700676468980e-04 -1.007700597098502e+00
1 0 -1.000281374158270e+00 -1.893077936902014e-03 -9.334081764131661e-04 -1.007699039426291e+00
1 1 -1.000281589922152e+00 -1.893649631908662e-03 -9.329735746290526e-04 -1.007697212104626e+00
1 2 -1.000281819073823e+00 -1.894222267640946e-03 -9.325627721043391e-04 -1.007695316949323e+00
1 3 -1.000282053016647e+00 -1.894773555864107e-03 -9.321930251250861e-04 -1.007693426984876e+00
1 4 -1.000282283078066e+00 -1.895282328932204e-03 -9.318789408840195e-04 -1.007691614295043e+00
1 5 -1.000282500792802e+00 -1.895729345841276e-03 -9.316318717259261e-04 -1.007689947348228e+00
1 6 -1.000282698169643e+00 -1.896097982683336e-03 -9.314595957179996e-04 -1.007688488552498e+00
1 7 -1.000282867940715e+00 -1.896374788538876e-03 -9.313662759332095e-04 -1.007687292105701e+00
1 8 -1.000283003792628e+00 -1.896549897234297e-03 -9.313526619793335e-04 -1.007686402187534e+00
1 9 -1.000283100577924e+00 -1.896617293786842e-03 -9.314164751197202e-04 -1.007685851524340e+00
1 10 -1.000283154503183e+00 -1.896574940936257e-03 -9.315529051945454e-04 -1.007685660345224e+00
1 11 -1.000283163287636e+00 -1.896424775616685e-03 -9.317551439423280e-04 -1.007685835739671e+00
1 12 -1.000283126283842e+00 -1.896172587501896e-03 -9.320148847074819e-04 -1.007686371421951e+00
1 13 -1.000283044550410e+00 -1.895827791763110e-03 -9.323227327023043e-04 -1.007687247905687e+00
1 14 -1.000282920866411e+00 -1.895403106153375e-03 -9.326684925224972e-04 -1.007688433091697e+00
1 15 -1.000282759678399e+00 -1.894914139563247e-03 -9.330413279220465e-04 -1.007689883270382e+00
1 16 -1.000282566974153e+00 -1.894378896847099e-03 -9.334298179595030e-04 -1.007691544533520e+00
1 17 -1.000282350081888e+00 -1.893817204056865e-03 -9.338219581745005e-04 -1.007693354578464e+00
1 18 -1.000282117399055e+00 -1.893250059405044e-03 -9.342051715051810e-04 -1.007695244871954e+00
1 19 -1.000281878060164e+00 -1.892698918173596e-03 -9.345663984883528e-04 -1.007697143122882e+00
1 20 -1.000281641557909e+00 -1.892184924502635e-03 -9.348923277226001e-04 -1.007698975994087e+00
1 21 -1.000281417335924e+00 -1.891728109585105e-03 -9.351698050647368e-04 -1.007700671962958e+00
1 22 -1.000281214374363e+00 -1.891346583642042e-03 -9.353864264687313e-04 -1.007702164220587e+00
1 23 -1.000281040791089e+00 -1.891055756900266e-03 -9.355312810092250e-04 -1.007703393481341e+00
1 24 -1.000280903481235e+00 -1.890867631250716e-03 -9.355957747458566e-04 -1.007704310561670e+00
1 25 -1.000280807816373e+00 -1.890790207945140e-03 -9.355744390352723e-04 -1.007704878582034e+00
1 26 -1.000280757421032e+00 -1.890827055999877e-03 -9.354656138528235e-04 -1.007705074653614e+00
1 27 -1.000280754038835e+00 -1.890977079467869e-03 -9.352719014412458e-04 -1.007704890935582e+00
1 28 -1.000280797493462e+00 -1.891234509170153e-03 -9.350003089508566e-04 -1.007704334988808e+00
1 29 -1.000280885742092e+00 -1.891589127454015e-03 -9.346620369113046e-04 -1.007703429402566e+00
1 30 -1.000281015012054e+00 -1.892026715880140e-03 -9.342719159967004e-04 -1.007702210724007e+00
1 31 -1.000281180006080e+00 -1.892529698216370e-03 -9.338475395013238e-04 -1.007700727768468e+00
2 0 -1.000281567850317e+00 -1.892906134314783e-03 -9.345800674385484e-04 -1.007698998247429e+00
2 1 -1.000281783967403e+00 -1.893479261760243e-03 -9.341430604823090e-04 -1.007697168005502e+00
2 2 -1.000282013050176e+00 -1.894052298843066e-03 -9.337309963829239e-04 -1.007695273207177e+00
2 3 -1.000282246504629e+00 -1.894602942307109e-03 -9.333611848611183e-04 -1.007693386853476e+00
2 4 -1.000282475676873e+00 -1.895110050663537e-03 -9.330482387126779e-04 -1.007691580878407e+00
2 5 -1.000282692135627e+00 -1.895554449020874e-03 -9.328034673677507e-04 -1.007689923481869e+00
2 6 -1.000282887937666e+00 -1.895919616513414e-03 -9.326345591250696e-04 -1.007688476697063e+00
2 7 -1.000283055875293e+00 -1.896192237845038e-03 -9.325455441647747e-04 -1.007687294256172e+00
2 8 -1.000283189705292e+00 -1.896362609640444e-03 -9.325370016234088e-04 -1.007686419800363e+00
2 9 -1.000283284357730e+00 -1.896424900412570e-03 -9.326064519440003e-04 -1.007685885465063e+00
2 10 -1.000283336121078e+00 -1.896377269696864e-03 -9.327488624516767e-04 -1.007685710858700e+00
2 11 -1.000283342797646e+00 -1.896221856724382e-03 -9.329571902250379e-04 -1.007685902443578e+00
2 12 -1.000283303821095e+00 -1.895964651288942e-03 -9.332228916108886e-04 -1.007686453322789e+00
2 13 -1.000283220326062e+00 -1.895615259134269e-03 -9.335363420279930e-04 -1.007687343436341e+00
2 14 -1.000283095159568e+00 -1.895186572027478e-03 -9.338871323772277e-04 -1.007688540169690e+00
2 15 -1.000282932825344e+00 -1.894694349941004e-03 -9.342642367411548e-04 -1.007689999375087e+00
2 16 -1.000282739355362e+00 -1.894156720540931e-03 -9.346560752279929e-04 -1.007691666799195e+00
2 17 -1.000282522107420e+00 -1.893593600241429e-03 -9.350505204792477e-04 -1.007693479899546e+00
2 18 -1.000282289492809e+00 -1.893026041980481e-03 -9.354349124815963e-04 -1.007695370017657e+00
2 19 -1.000282050643530e+00 -1.892475517904885e-03 -9.357961511438440e-04 -1.007697264858196e+00
2 20 -1.000281815033429e+00 -1.891963150202709e-03 -9.361209275820291e-04 -1.007699091203143e+00
2 21 -1.000281592071692e+00 -1.891508909891329e-03 -9.363961327048415e-04 -1.007700777769585e+00
2 22 -1.000281390689836e+00 -1.891130810852183e-03 -9.366094482241248e-04 -1.007702258101016e+00
2 23 -1.000281218944772e+00 -1.890844134087145e-03 -9.367500867224675e-04 -1.007703473364819e+00
2 24 -1.000281083660707e+00 -1.890660723853364e-03 -9.368096113513200e-04 -1.007704374914886e+00
2 25 -1.000280990131081e+00 -1.890588401154703e-03 -9.367827387528882e-04 -1.007704926472968e+00
2 26 -1.000280941898194e+00 -1.890630539091338e-03 -9.366680160070090e-04 -1.007705105791113e+00
2 27 -1.000280940622552e+00 -1.890785837717492e-03 -9.364682672293469e-04 -1.007704905682832e+00
2 28 -1.000280986046962e+00 -1.891048323586510e-03 -9.361907285668049e-04 -1.007704334350468e+00
2 29 -1.000281076053022e+00 -1.891407582475802e-03 -9.358468283546396e-04 -1.007703414985807e+00
2 30 -1.000281206800708e+00 -1.891849215086396e-03 -9.354516150640424e-04 -1.007702184674266e+00
2 31 -1.000281372936269e+00 -1.892355487564164e-03 -9.350228810259265e-04 -1.007700692682519e+00
3 0 -1.000281798557764e+00 -1.892818678202722e-03 -9.354036333377541e-04 -1.007698790316381e+00
3 1 -1.000282015350914e+00 -1.893393906786690e-03 -9.349640751217572e-04 -1.007696954871810e+00
3 2 -1.000282244690865e+00 -1.893968057373414e-03 -9.345505637364816e-04 -1.007695058078846e+00
3 3 -1.000282477973668e+00 -1.894518785095962e-03 -9.341804678609631e-04 -1.007693173003861e+00
3 4 -1.000282706551591e+00 -1.895024946672613e-03 -9.338684130145208e-04 -1.007691371521636e+00
3 5 -1.000282922015420e+00 -1.895467405087005e-03 -9.336256744705859e-04 -1.007689721652065e+00
3 6 -1.000283116459197e+00 -1.895829715389396e-03 -9.334598607170483e-04 -1.007688285135371e+00
3 7 -1.000283282726442e+00 -1.896098673203862e-03 -9.333748795902036e-04 -1.007687115309313e+00
3 8 -1.000283414637291e+00 -1.896264716662431e-03 -9.333711505091029e-04 -1.007686255334267e+00
3 9 -1.000283507194974e+00 -1.896322180739361e-03 -9.334460038542521e-04 -1.007685736796592e+00
3 10 -1.000283556768190e+00 -1.896269409889567e-03 -9.335941948118921e-04 -1.007685578707464e+00
3 11 -1.000283561243527e+00 -1.896108739718670e-03 -9.338084550542103e-04 -1.007685786905109e+00
3 12 -1.000283520139726e+00 -1.895846360536328e-03 -9.340800112352168e-04 -1.007686353863987e+00
3 13 -1.000283434673951e+00 -1.895492075255359e-03 -9.343990138060688e-04 -1.007687258913754e+00
3 14 -1.000283307769889e+00 -1.895058962068258e-03 -9.347548421678550e-04 -1.007688468870336e+00
3 15 -1.000283143998982e+00 -1.894562949690506e-03 -9.351362803216996e-04 -1.007689939078513e+00
3 16 -1.000282949449230e+00 -1.894022310638522e-03 -9.355315864477919e-04 -1.007691614858747e+00
3 17 -1.000282731520482e+00 -1.893457076912856e-03 -9.359285048297325e-04 -1.007693433340413e+00
3 18 -1.000282498650410e+00 -1.892888383348236e-03 -9.363142848208246e-04 -1.007695325648559e+00
3 19 -1.000282259980692e+00 -1.892337747025828e-03 -9.366757762828688e-04 -1.007697219392772e+00
3 20 -1.000282024977841e+00 -1.891826296184847e-03 -9.369996623386522e-04 -1.007699041386470e+00
3 21 -1.000281803027038e+00 -1.891373968507342e-03 -9.372728680129227e-04 -1.007700720505153e+00
3 22 -1.000281603020077e+00 -1.890998706073699e-03 -9.374831499551903e-04 -1.007702190573321e+00
3 23 -1.000281432960067e+00 -1.890715682042225e-03 -9.376198339138477e-04 -1.007703393152279e+00
3 24 -1.000281299605583e+00 -1.890536600781118e-03 -9.376746305536487e-04 -1.007704280087547e+00
3 25 -1.000281208175335e+00 -1.890469116783691e-03 -9.376424333310058e-04 -1.007704815670265e+00
3 26 -1.000281162130753e+00 -1.890516416496408e-03 -9.375219894257465e-04 -1.007704978276449e+00
3 27 -1.000281163048392e+00 -1.890677000367776e-03 -9.373163394524876e-04 -1.007704761373027e+00
3 28 -1.000281210587179e+00 -1.890944690142771e-03 -9.370329446849901e-04 -1.007704173818751e+00
3 29 -1.000281302548092e+00 -1.891308869749049e-03 -9.366834586953526e-04 -1.007703239437732e+00
3 30 -1.000281435016825e+00 -1.891754949182374e-03 -9.362831464866390e-04 -1.007701995897438e+00
3 31 -1.000281602574435e+00 -1.892265022676524e-03 -9.358499996453968e-04 -1.007700492972913e+00
4 0 -1.000282057161234e+00 -1.892819076787706e-03 -9.358458981388360e-04 -1.007698424120282e+00
4 1 -1.000282274926783e+00 -1.893396992294362e-03 -9.354037472886643e-04 -1.007696581397249e+00
4 2 -1.000282504839828e+00 -1.893972924231126e-03 -9.349886617212444e-04 -1.007694680339194e+00
4 3 -1.000282738274297e+00 -1.894524461184996e-03 -9.346180724327951e-04 -1.007692794163961e+00
4 4 -1.000282966575854e+00 -1.895030430243039e-03 -9.343066244879543e-04 -1.007690994779696e+00
4 5 -1.000283181344578e+00 -1.895471702650445e-03 -9.340655691333752e-04 -1.007689350121420e+00
4 6 -1.000283374699616e+00 -1.895831879383323e-03 -9.339024480923763e-04 -1.007687921729417e+00
4 7 -1.000283539524720e+00 -1.896097837930160e-03 -9.338210624028630e-04 -1.007686762633802e+00
4 8 -1.000283669694033e+00 -1.896260130978115e-03 -9.338216893204484e-04 -1.007685915591130e+00
4 9 -1.000283760276682e+00 -1.896313236331713e-03 -9.339014879643622e-04 -1.007685411702250e+00
4 10 -1.000283807716817e+00 -1.896255664306914e-03 -9.340550204041482e-04 -1.007685269427768e+00
4 11 -1.000283809983231e+00 -1.896089933376639e-03 -9.342748111118998e-04 -1.007685494009219e+00
4 12 -1.000283766680422e+00 -1.895822426919780e-03 -9.345518735854878e-04 -1.007686077299718e+00
4 13 -1.000283679111381e+00 -1.895463143814187e-03 -9.348761474615838e-04 -1.007686998005965e+00
4 14 -1.000283550282219e+00 -1.895025353740847e-03 -9.352368117499156e-04 -1.007688222342539e+00
4 15 -1.000283384840025e+00 -1.894525165240145e-03 -9.356224679070163e-04 -1.007689705097188e+00
4 16 -1.000283188938479e+00 -1.893981012068255e-03 -9.360212159050423e-04 -1.007691391099782e+00
4 17 -1.000282970030328e+00 -1.893413062465302e-03 -9.364206716023869e-04 -1.007693217076154e+00
4 18 -1.000282736591156e+00 -1.892842557062901e-03 -9.368079900376522e-04 -1.007695113852124e+00
4 19 -1.000282497784155e+00 -1.892291084160330e-03 -9.371699640001121e-04 -1.007697008854938e+00
4 20 -1.000282263080274e+00 -1.891779805791049e-03 -9.374932586799381e-04 -1.007698828840567e+00
4 21 -1.000282041851970e+00 -1.891328654379561e-03 -9.377648209469656e-04 -1.007700502755777e+00
4 22 -1.000281842961744e+00 -1.890955527500651e-03 -9.379724683823005e-04 -1.007701964623932e+00
4 23 -1.000281674368175e+00 -1.890675516125246e-03 -9.381056246878630e-04 -1.007703156325529e+00
4 24 -1.000281542772122e+00 -1.890500208072362e-03 -9.381561321643990e-04 -1.007704030132250e+00
4 25 -1.000281453323852e+00 -1.890437111605837e-03 -9.381190451559276e-04 -1.007704550850448e+00
4 26 -1.000281409408333e+00 -1.890489242962527e-03 -9.379932955279496e-04 -1.007704697439375e+00
4 27 -1.000281412520531e+00 -1.890654915062591e-03 -9.377821258379506e-04 -1.007704463993448e+00
4 28 -1.000281462235780e+00 -1.890927752348165e-03 -9.374932089990924e-04 -1.007703860017050e+00
4 29 -1.000281556272623e+00 -1.891296939667064e-03 -9.371384117279327e-04 -1.007702909971214e+00
4 30 -1.000281690638486e+00 -1.891747694020182e-03 -9.367332053656115e-04 -1.007701652126130e+00
4 31 -1.000281859843062e+00 -1.892261930128365e-03 -9.362957729006985e-04 -1.007700136802392e+00
5 0 -1.000282333461381e+00 -1.892907333479177e-03 -9.358883404057177e-04 -1.007697914869491e+00
5 1 -1.000282552456468e+00 -1.893488413202607e-03 -9.354436694728332e-04 -1.007696063087854e+00
5 2 -1.000282783234912e+00 -1.894066721185440e-03 -9.350269544250398e-04 -1.007694155672415e+00
5 3 -1.000283017137191e+00 -1.894619757110883e-03 -9.346556894669481e-04 -1.007692266072686e+00
5 4 -1.000283245489921e+00 -1.895126291953328e-03 -9.343445451227923e-04 -1.007690466320716e+00
5 5 -1.000283459889440e+00 -1.895567175613142e-03 -9.341047593755952e-04 -1.007688824363991e+00
5 6 -1.000283652466900e+00 -1.895926023364915e-03 -9.339438226784926e-04 -1.007687401643248e+00
5 7 -1.000283816133673e+00 -1.896189762208768e-03 -9.338654492082362e-04 -1.007686250980109e+00
5 8 -1.000283944806416e+00 -1.896349027847068e-03 -9.338697976062410e-04 -1.007685414820338e+00
5 9 -1.000284033610345e+00 -1.896398411782491e-03 -9.339538815437915e-04 -1.007684923861510e+00
5 10 -1.000284079057370e+00 -1.896336564824423e-03 -9.341120966393402e-04 -1.007684796081424e+00
5 11 -1.000284079193217e+00 -1.896166167720585e-03 -9.343367865590834e-04 -1.007685036175674e+00
5 12 -1.000284033705456e+00 -1.895893781878139e-03 -9.346187768281287e-04 -1.007685635407895e+00
5 13 -1.000283943982904e+00 -1.895529593259447e-03 -9.349478192017448e-04 -1.007686571873596e+00
5 14 -1.000283813116691e+00 -1.895087060629513e-03 -9.353129118472924e-04 -1.007687811177541e+00
5 15 -1.000283645834508e+00 -1.894582476315456e-03 -9.357024889259852e-04 -1.007689307522987e+00
5 16 -1.000283448362731e+00 -1.894034445181674e-03 -9.361045026796754e-04 -1.007691005204807e+00
5 17 -1.000283228215747e+00 -1.893463286864300e-03 -9.365064461309746e-04 -1.007692840486241e+00
5 18 -1.000282993917159e+00 -1.892890367529154e-03 -9.368953807274472e-04 -1.007694743822692e+00
5 19 -1.000282754662707e+00 -1.892337370158952e-03 -9.372580381276618e-04 -1.007696642378776e+00
5 20 -1.000282519939278e+00 -1.891825516793326e-03 -9.375810569618788e-04 -1.007698462766938e+00
5 21 -1.000282299118239e+00 -1.891374762591107e-03 -9.378513931542216e-04 -1.007700133916251e+00
5 22 -1.000282101044279e+00 -1.891002989514151e-03 -9.380569088620928e-04 -1.007701589959533e+00
5 23 -1.000281933642480e+00 -1.890725235239982e-03 -9.381871065731722e-04 -1.007702773009153e+00
5 24 -1.000281803566125e+00 -1.890552998913004e-03 -9.382339390543711e-04 -1.007703635680848e+00
5 25 -1.000281715905888e+00 -1.890493668391646e-03 -9.381925990947920e-04 -1.007704143222469e+00
5 26 -1.000281673977544e+00 -1.890550112640973e-03 -9.380621801244597e-04 -1.007704275113609e+00
5 27 -1.000281679200007e+00 -1.890720476484115e-03 -9.378461034324425e-04 -1.007704026025763e+00
5 28 -1.000281731068608e+00 -1.890998202398414e-03 -9.375522310178181e-04 -1.007703406072618e+00
5 29 -1.000281827220884e+00 -1.891372286739390e-03 -9.371926217026700e-04 -1.007702440331739e+00
5 30 -1.000281963585061e+00 -1.891827758755561e-03 -9.367829343724585e-04 -1.007701167673188e+00
5 31 -1.000282134596133e+00 -1.892346353205389e-03 -9.363415273830937e-04 -1.007699638978502e+00
6 0 -1.000282616609986e+00 -1.893079942576011e-03 -9.355278398127603e-04 -1.007697283743009e+00
6 1 -1.000282837041572e+00 -1.893664534502635e-03 -9.350808380799332e-04 -1.007695421494386e+00
6 2 -1.000283068941689e+00 -1.894245714527426e-03 -9.346625184916274e-04 -1.007693505896166e+00
6 3 -1.000283303607412e+00 -1.894800874708549e-03 -9.342904363166552e-04 -1.007691610700116e+00
6 4 -1.000283532334728e+00 -1.895308705894429e-03 -9.339792919368663e-04 -1.007689808146980e+00
6 5 -1.000283746703438e+00 -1.895750008111472e-03 -9.337403210839528e-04 -1.007688166292736e+00
6 6 -1.000283938843154e+00 -1.896108378845744e-03 -9.335809804414859e-04 -1.007686746582442e+00
6 7 -1.000284101679197e+00 -1.896370760371436e-03 -9.335049206848059e-04 -1.007685601736291e+00
6 8 -1.000284229157608e+00 -1.896527836758819e-03 -9.335122098883417e-04 -1.007684773994023e+00
6 9 -1.000284316447737e+00 -1.896574279813688e-03 -9.335997475923367e-04 -1.007684293747454e+00
6 10 -1.000284360118938e+00 -1.896508850067080e-03 -9.337617961643145e-04 -1.007684178578035e+00
6 11 -1.000284358285585e+00 -1.896334363604489e-03 -9.339905521996016e-04 -1.007684432707574e+00
6 12 -1.000284310712410e+00 -1.896057537905948e-03 -9.342766861063906e-04 -1.007685046865062e+00
6 13 -1.000284218870745e+00 -1.895688729932858e-03 -9.346097923047488e-04 -1.007685998570205e+00
6 14 -1.000284085936021e+00 -1.895241577742499e-03 -9.349787150898064e-04 -1.007687252833399e+00
6 15 -1.000283916718290e+00 -1.894732554019334e-03 -9.353717437249793e-04 -1.007688763269475e+00
6 16 -1.000283717520730e+00 -1.894180437630175e-03 -9.357766998015063e-04 -1.007690473615710e+00
6 17 -1.000283495925664e+00 -1.893605708671706e-03 -9.361809647577461e-04 -1.007692319632292e+00
6 18 -1.000283260512930e+00 -1.893029873590848e-03 -9.365715116262036e-04 -1.007694231347720e+00
6 19 -1.000283020520532e+00 -1.892474729646709e-03 -9.369350100286371e-04 -1.007696135594412e+00
6 20 -1.000282785462091e+00 -1.891961582440042e-03 -9.372580651983204e-04 -1.007697958761641e+00
6 21 -1.000282564719468e+00 -1.891510436656775e-03 -9.375276296420182e-04 -1.007699629673345e+00
6 22 -1.000282367131635e+00 -1.891139187939730e-03 -9.377315925207727e-04 -1.007701082478677e+00
6 23 -1.000282200602387e+00 -1.890862851461970e-03 -9.378595132252873e-04 -1.007702259426116e+00
6 24 -1.000282071749281e+00 -1.890692868781757e-03 -9.379034296789902e-04 -1.007703113380745e+00
6 25 -1.000281985614463e+00 -1.890636537661934e-03 -9.378586451840867e-04 -1.007703609941661e+00
6 26 -1.000281945454467e+00 -1.890696608445557e-03 -9.377243849631223e-04 -1.007703729025699e+00
6 27 -1.000281952620668e+00 -1.890871083942032e-03 -9.375042183736752e-04 -1.007703465808222e+00
6 28 -1.000282006535107e+00 -1.891153247134542e-03 -9.372061660690868e-04 -1.007702830952070e+00
6 29 -1.000282104758855e+00 -1.891531923770656e-03 -9.368424498474405e-04 -1.007701850107159e+00
6 30 -1.000282243143108e+00 -1.891991967962837e-03 -9.364288891949299e-04 -1.007700562717099e+00
6 31 -1.000282416047872e+00 -1.892514941367204e-03 -9.359839939386208e-04 -1.007699020217032e+00
7 0 -1.000282895561134e+00 -1.893330040019054e-03 -9.347770257437827e-04 -1.007696556832795e+00
7 1 -1.000283117577309e+00 -1.893918348002200e-03 -9.343279945537390e-04 -1.007694683139274e+00
7 2 -1.000283350808644e+00 -1.894502776594120e-03 -9.339081784609058e-04 -1.007692757875286e+00
7 3 -1.000283586500732e+00 -1.895060596077870e-03 -9.335351883419084e-04 -1.007690855152465e+00
7 4 -1.000283815908644e+00 -1.895570396497389e-03 -9.332237570337326e-04 -1.007689047496263e+00
7 5 -1.000284030583542e+00 -1.896012901498017e-03 -9.329851288901630e-04 -1.007687403162635e+00
7 6 -1.000284222640094e+00 -1.896371659534544e-03 -9.328267455175184e-04 -1.007685983704036e+00
7 7 -1.000284385003444e+00 -1.896633593632494e-03 -9.327522195589299e-04 -1.007684841849160e+00
7 8 -1.000284511634830e+00 -1.896789400001346e-03 -9.327615595547450e-04 -1.007684019743625e+00
7 9 -1.000284597734067e+00 -1.896833794341164e-03 -9.328515863235994e-04 -1.007683547582708e+00
7 10 -1.000284639915381e+00 -1.896765611840963e-03 -9.330164673974476e-04 -1.007683442653520e+00
7 11 -1.000284636350850e+00 -1.896587771756316e-03 -9.332482919741382e-04 -1.007683708794519e+00
7 12 -1.000284586873492e+00 -1.896307119742254e-03 -9.335376143706234e-04 -1.007684336275292e+00
7 13 -1.000284493030614e+00 -1.895934161088060e-03 -9.338739084099923e-04 -1.007685302097508e+00
7 14 -1.000284358077896e+00 -1.895482696271996e-03 -9.342458977265103e-04 -1.007686570716273e+00
7 15 -1.000284186906269e+00 -1.894969367691458e-03 -9.346417553086068e-04 -1.007688095177607e+00
7 16 -1.000283985896804e+00 -1.894413124156386e-03 -9.350491950774337e-04 -1.007689818660743e+00
7 17 -1.000283762703360e+00 -1.893834608848692e-03 -9.354555033263441e-04 -1.007691676402515e+00
7 18 -1.000283525967915e+00 -1.893255477497286e-03 -9.358475740688742e-04 -1.007693597965637e+00
7 19 -1.000283284978673e+00 -1.892697656442225e-03 -9.362120171560070e-04 -1.007695509794819e+00
7 20 -1.000283049285693e+00 -1.892182554854924e-03 -9.365353997135527e-04 -1.007697337985976e+00
7 21 -1.000282828292463e+00 -1.891730251554887e-03 -9.368046594252031e-04 -1.007699011175089e+00
7 22 -1.000282630844430e+00 -1.891358684287734e-03 -9.370076947876420e-04 -1.007700463434781e+00
7 23 -1.000282464836927e+00 -1.891082876961764e-03 -9.371340987768767e-04 -1.007701637049896e+00
7 24 -1.000282336864845e+00 -1.890914246541888e-03 -9.371759662752825e-04 -1.007702485031569e+00
7 25 -1.000282251934699e+00 -1.890860034398098e-03 -9.371286789562959e-04 -1.007702973226554e+00
7 26 -1.000282213256059e+00 -1.890922905540616e-03 -9.369915588801836e-04 -1.007703081888665e+00
7 27 -1.000282222123893e+00 -1.891100752360403e-03 -9.367682869554344e-04 -1.007702806604322e+00
7 28 -1.000282277896450e+00 -1.891386726962172e-03 -9.364670056101356e-04 -1.007702158504237e+00
7 29 -1.000282378065840e+00 -1.891769509044296e-03 -9.361000634939516e-04 -1.007701163744219e+00
7 30 -1.000282518411474e+00 -1.892233797208155e-03 -9.356834065402064e-04 -1.007699862292303e+00
7 31 -1.000282693221105e+00 -1.892760993852884e-03 -9.352356653073867e-04 -1.007698306107712e+00
8 0 -1.000283159520147e+00 -1.893647701257786e-03 -9.336639790527656e-04 -1.007695763863725e+00
8 1 -1.000283383204240e+00 -1.894239777188735e-03 -9.332133192752762e-04 -1.007693878215488e+00
8 2 -1.000283617921272e+00 -1.894827696653991e-03 -9.327921939918081e-04 -1.007691942203143e+00
8 3 -1.000283854859445e+00 -1.895388599095896e-03 -9.324182612994385e-04 -1.007690030340657e+00
8 4 -1.000284085224311e+00 -1.895900957141767e-03 -9.321062872772999e-04 -1.007688215502617e+00
8 5 -1.000284300527488e+00 -1.896345394662036e-03 -9.318675349148839e-04 -1.007686566228182e+00
8 6 -1.000284492855988e+00 -1.896705382058900e-03 -9.317094493695807e-04 -1.007685144275075e+00
8 7 -1.000284655120814e+00 -1.896967789716007e-03 -9.316356315394320e-04 -1.007684002488866e+00
8 8 -1.000284781283689e+00 -1.897123289517344e-03 -9.316460633164297e-04 -1.007683183035850e+00
8 9 -1.000284866560052e+00 -1.897166603027453e-03 -9.317375250187567e-04 -1.007682716031348e+00
8 10 -1.000284907594693e+00 -1.897096602229581e-03 -9.319041312425067e-04 -1.007682618581275e+00
8 11 -1.000284902604234e+00 -1.896916273537069e-03 -9.321379074013434e-04 -1.007682894245591e+00
8 12 -1.000284851478447e+00 -1.896632557989255e-03 -9.324293351100841e-04 -1.007683532927376e+00
8 13 -1.000284755831072e+00 -1.896256080703721e-03 -9.327678090875610e-04 -1.007684511188459e+00
8 14 -1.000284618990826e+00 -1.895800781303866e-03 -9.331419704629363e-04 -1.007685792989705e+00
8 15 -1.000284445924882e+00 -1.895283454649955e-03 -9.335399094327824e-04 -1.007687330850119e+00
8 16 -1.000284243090261e+00 -1.894723208791381e-03 -9.339492598351716e-04 -1.007689067412283e+00
8 17 -1.000284018213095e+00 -1.894140846032853e-03 -9.343572335287757e-04 -1.007690937390526e+00
8 18 -1.000283780000833e+00 -1.893558174166820e-03 -9.347506587089110e-04 -1.007692869862366e+00
8 19 -1.000283537797746e+00 -1.892997258032747e-03 -9.351160908748573e-04 -1.007694790845528e+00
8 20 -1.000283301198539e+00 -1.892479626110639e-03 -9.354400567194677e-04 -1.007696626084477e+00
8 21 -1.000283079638534e+00 -1.892025452794642e-03 -9.357094692816018e-04 -1.007698303952459e+00
8 22 -1.000282881981444e+00 -1.891652744278565e-03 -9.359122194268499e-04 -1.007699758356885e+00
8 23 -1.000282716127128e+00 -1.891376563645245e-03 -9.360379100486306e-04 -1.007700931519122e+00
8 24 -1.000282588661649e+00 -1.891208336934857e-03 -9.360786632928115e-04 -1.007701776488162e+00
8 25 -1.000282504570114e+00 -1.891155284906287e-03 -9.360299045131133e-04 -1.007702259245498e+00
8 26 -1.000282467029165e+00 -1.891220023732619e-03 -9.358910142245283e-04 -1.007702360268883e+00
8 27 -1.000282477290611e+00 -1.891400371137813e-03 -9.356657441429632e-04 -1.007702075447449e+00
8 28 -1.000282534660864e+00 -1.891689382034259e-03 -9.353623166300035e-04 -1.007701416280412e+00
8 29 -1.000282636573314e+00 -1.892075620461562e-03 -9.349931656140647e-04 -1.007700409342944e+00
8 30 -1.000282778743685e+00 -1.892543655352948e-03 -9.345743238069125e-04 -1.007699095057571e+00
8 31 -1.000282955393048e+00 -1.893074749962559e-03 -9.341245064945863e-04 -1.007697525857570e+00
9 0 -1.000283398369511e+00 -1.894020370010787e-03 -9.322312695451353e-04 -1.007694936779583e+00
9 1 -1.000283623737348e+00 -1.894616113346477e-03 -9.317794618756940e-04 -1.007693039149758e+00
9 2 -1.000283860033879e+00 -1.895207623626639e-03 -9.313572838750678e-04 -1.007691091744920e+00
9 3 -1.000284098386350e+00 -1.895771905643372e-03 -9.309824301916946e-04 -1.007689169507574e+00
9 4 -1.000284329944244e+00 -1.896287302777920e-03 -9.306696990756712e-04 -1.007687345711487e+00
9 5 -1.000284546170401e+00 -1.896734319955266e-03 -9.304303805479550e-04 -1.007685689250138e+00
9 6 -1.000284739112685e+00 -1.897096323886029e-03 -9.302719408354258e-04 -1.007684262175418e+00
9 7 -1.000284901654619e+00 -1.897360101173486e-03 -9.301979951847142e-04 -1.007683117552989e+00
9 8 -1.000285027743753e+00 -1.897516263986770e-03 -9.302085324593888e-04 -1.007682297683289e+00
9 9 -1.000285112595774e+00 -1.897559501715030e-03 -9.303003319676490e-04 -1.007681832720520e+00
9 10 -1.000285152870607e+00 -1.897488684141221e-03 -9.304674987953261e-04 -1.007681739708625e+00
9 11 -1.000285146814543e+00 -1.897306826397766e-03 -9.307020401042801e-04 -1.007682022044287e+00
9 12 -1.000285094360319e+00 -1.897020928380019e-03 -9.309944107515820e-04 -1.007682669371412e+00
9 13 -1.000284997175951e+00 -1.896641701788040e-03 -9.313339709459582e-04 -1.007683657907546e+00
9 14 -1.000284858653138e+00 -1.896183196747156e-03 -9.317093207319544e-04 -1.007684951199434e+00
9 15 -1.000284683827694e+00 -1.895662337524909e-03 -9.321085041591369e-04 -1.007686501301084e+00
9 16 -1.000284479227660e+00 -1.895098374504928e-03 -9.325191056703997e-04 -1.007688250360900e+00
9 17 -1.000284252649270e+00 -1.894512258741677e-03 -9.329282865642233e-04 -1.007690132592653e+00
9 18 -1.000284012866166e+00 -1.893925946648624e-03 -9.333228255816927e-04 -1.007692076589026e+00
9 19 -1.000283769282286e+00 -1.893361645317487e-03 -9.336892322151715e-04 -1.007694007918882e+00
9 20 -1.000283531543332e+00 -1.892841013354291e-03 -9.340139928587411e-04 -1.007695851931703e+00
9 21 -1.000283309125287e+00 -1.892384338108283e-03 -9.342839879439876e-04 -1.007697536674531e+00
9 22 -1.000283110921094e+00 -1.892009717549425e-03 -9.344870849382623e-04 -1.007698995808318e+00
9 23 -1.000282944847908e+00 -1.891732282567725e-03 -9.346128735258168e-04 -1.007700171394256e+00
9 24 -1.000282817497089e+00 -1.891563501354776e-03 -9.346534733280552e-04 -1.007701016410084e+00
9 25 -1.000282733847278e+00 -1.891510610365482e-03 -9.346043179039110e-04 -1.007701496854662e+00
9 26 -1.000282697057357e+00 -1.891576215060311e-03 -9.344648062055678e-04 -1.007701593308798e+00
9 27 -1.000282708350825e+00 -1.891758097029318e-03 -9.342387174721528e-04 -1.007701301844654e+00
9 28 -1.000282766996247e+00 -1.892049251512999e-03 -9.339343089655684e-04 -1.007700634216150e+00
9 29 -1.000282870380848e+00 -1.892438161862234e-03 -9.335640549051634e-04 -1.007699617314801e+00
9 30 -1.000283014167231e+00 -1.892909298223084e-03 -9.331440316912445e-04 -1.007698291930069e+00
9 31 -1.000283192517931e+00 -1.893443810228425e-03 -9.326929998015750e-04 -1.007696710900881e+00
10 0 -1.000283603053910e+00 -1.894433394460251e-03 -9.305343487353376e-04 -1.007694108290199e+00
10 1 -1.000283830054204e+00 -1.895032558737409e-03 -9.300819284604506e-04 -1.007692199127583e+00
10 2 -1.000284067960615e+00 -1.895627615865630e-03 -9.296590080783787e-04 -1.007690240142099e+00
10 3 -1.000284307838313e+00 -1.896195437518292e-03 -9.292833062533140e-04 -1.007688306714008e+00
10 4 -1.000284540776481e+00 -1.896714231345477e-03 -9.289696503749667e-04 -1.007686472549723e+00
10 5 -1.000284758182015e+00 -1.897164369129205e-03 -9.287293640073877e-04 -1.007684806953274e+00
10 6 -1.000284952053740e+00 -1.897529092453314e-03 -9.285699504528527e-04 -1.007683372347667e+00
10 7 -1.000285115235470e+00 -1.897795076324748e-03 -9.284950643441648e-04 -1.007682222113119e+00
10 8 -1.000285241646542e+00 -1.897952840312857e-03 -9.285047343776293e-04 -1.007681398791797e+00
10 9 -1.000285326487629e+00 -1.897997005175385e-03 -9.285957777748523e-04 -1.007680932692946e+00
10 10 -1.000285366417868e+00 -1.897926399862024e-03 -9.287623332900547e-04 -1.007680840919226e+00
10 11 -1.000285359697185e+00 -1.897744028750041e-03 -9.289964356200656e-04 -1.007681126825352e+00
10 12 -1.000285306285802e+00 -1.897456911773896e-03 -9.292885595451904e-04 -1.007681779913470e+00
10 13 -1.000285207891734e+00 -1.897075810687808e-03 -9.296280763906461e-04 -1.007682776165525e+00
10 14 -1.000285067957167e+00 -1.896614853321705e-03 -9.300035877457541e-04 -1.007684078809963e+00
10 15 -1.000284891576269e+00 -1.896091065327324e-03 -9.304031295849659e-04 -1.007685639515819e+00
10 16 -1.000284685340350e+00 -1.895523816950360e-03 -9.308142693657392e-04 -1.007687399999241e+00
10 17 -1.000284457110847e+00 -1.894934191798929e-03 -9.312241437080497e-04 -1.007689294015007e+00
10 18 -1.000284215725728e+00 -1.894344285635333e-03 -9.316195004752126e-04 -1.007691249690288e+00
10 19 -1.000283970649825e+00 -1.893776445843004e-03 -9.319868138030075e-04 -1.007693192141199e+00
10 20 -1.000283731584077e+00 -1.893252466582746e-03 -9.323125321558965e-04 -1.007695046295109e+00
10 21 -1.000283508052258e+00 -1.892792760842809e-03 -9.325834973730986e-04 -1.007696739823052e+00
10 22 -1.000283308986348e+00 -1.892415537975174e-03 -9.327875393885281e-04 -1.007698206068288e+00
10 23 -1.000283142332889e+00 -1.892136022556577e-03 -9.329142128903175e-04 -1.007699386841599e+00
10 24 -1.000283014702382e+00 -1.891965756101956e-03 -9.329556062676442e-04 -1.007700234943838e+00
10 25 -1.000282931082055e+00 -1.891912026079536e-03 -9.329071264843456e-04 -1.007700716274282e+00
10 26 -1.000282894628778e+00 -1.891977465502178e-03 -9.327681509690973e-04 -1.007700811392737e+00
10 27 -1.000282906553646e+00 -1.892159859679308e-03 -9.325424426269614e-04 -1.007700516427881e+00
10 28 -1.000282966102810e+00 -1.892452183980301e-03 -9.322382476071382e-04 -1.007699843264824e+00
10 29 -1.000283070631612e+00 -1.892842879056762e-03 -9.318680342307119e-04 -1.007698818996531e+00
10 30 -1.000283215762109e+00 -1.893316350892486e-03 -9.314478780296642e-04 -1.007697484677931e+00
10 31 -1.000283395608758e+00 -1.893853665508549e-03 -9.309965433067457e-04 -1.007695893469221e+00
11 0 -1.000283765910009e+00 -1.894870641864648e-03 -9.286393563019836e-04 -1.007693310470466e+00
11 1 -1.000283994427682e+00 -1.895472847450744e-03 -9.281868845491532e-04 -1.007691390672011e+00
11 2 -1.000284233911051e+00 -1.896071268378410e-03 -9.277635666738176e-04 -1.007689420371038e+00
11 3 -1.000284475364545e+00 -1.896642650052059e-03 -9.273871313225921e-04 -1.007687475377471e+00
11 4 -1.000284709815269e+00 -1.897165063395935e-03 -9.270724302325198e-04 -1.007685629846470e+00
11 5 -1.000284928609253e+00 -1.897618738118101e-03 -9.268308253498710e-04 -1.007683953532569e+00
11 6 -1.000285123688346e+00 -1.897986774114790e-03 -9.266698713926094e-04 -1.007682509292229e+00
11 7 -1.000285287846032e+00 -1.898255711441148e-03 -9.265932854403735e-04 -1.007681350901958e+00
11 8 -1.000285414960582e+00 -1.898415948039686e-03 -9.266011665870008e-04 -1.007680521243061e+00
11 9 -1.000285500203054e+00 -1.898462002454784e-03 -9.266904066905890e-04 -1.007680050889336e+00
11 10 -1.000285540215933e+00 -1.898392625811060e-03 -9.268552196111709e-04 -1.007679957120281e+00
11 11 -1.000285533256260e+00 -1.898210772724476e-03 -9.270877120124199e-04 -1.007680243371219e+00
11 12 -1.000285479295238e+00 -1.897923443778059e-03 -9.273784240292541e-04 -1.007680899124709e+00
11 13 -1.000285380065084e+00 -1.897541412576160e-03 -9.277167825684190e-04 -1.007681900244166e+00
11 14 -1.000285239043996e+00 -1.897078848963205e-03 -9.280914326176535e-04 -1.007683209747667e+00
11 15 -1.000285061371906e+00 -1.896552847993217e-03 -9.284904399905904e-04 -1.007684779014365e+00
11 16 -1.000284853693196e+00 -1.895982872680562e-03 -9.289013879577133e-04 -1.007686549406706e+00
11 17 -1.000284623927114e+00 -1.895390118016727e-03 -9.293114150843955e-04 -1.007688454279328e+00
11 18 -1.000284380971606e+00 -1.894796804568143e-03 -9.297072579756005e-04 -1.007690421330930e+00
11 19 -1.000284134351220e+00 -1.894225412528693e-03 -9.300753674648974e-04 -1.007692375238873e+00
11 20 -1.000283893824187e+00 -1.893697871569916e-03 -9.304021582051008e-04 -1.007694240498323e+00
11 21 -1.000283668967342e+00 -1.893234727978601e-03 -9.306744294209178e-04 -1.007695944369508e+00
11 22 -1.000283468759986e+00 -1.892854317717595e-03 -9.308799614230148e-04 -1.007697419819259e+00
11 23 -1.000283301188941e+00 -1.892571981188130e-03 -9.310082541566745e-04 -1.007698608327786e+00
11 24 -1.000283172896877e+00 -1.892399361329006e-03 -9.310513380182922e-04 -1.007699462420974e+00
11 25 -1.000283088894266e+00 -1.892343829714265e-03 -9.310045603650257e-04 -1.007699947786133e+00
11 26 -1.000283052351763e+00 -1.892408083920270e-03 -9.308672387950442e-04 -1.007700044839313e+00
11 27 -1.000283064484384e+00 -1.892589952495332e-03 -9.306430775772334e-04 -1.007699749637547e+00
11 28 -1.000283124532040e+00 -1.892882431259847e-03 -9.303402670695497e-04 -1.007699074069305e+00
11 29 -1.000283229833602e+00 -1.893273957608279e-03 -9.299712243730427e-04 -1.007698045306964e+00
11 30 -1.000283375984716e+00 -1.893748910444187e-03 -9.295519799125033e-04 -1.007696704559298e+00
11 31 -1.000283557064110e+00 -1.894288305494603e-03 -9.291012604366326e-04 -1.007695105210796e+00
12 0 -1.000283880930868e+00 -1.895315159588465e-03 -9.266204350820744e-04 -1.007692573488370e+00
12 1 -1.000284110793000e+00 -1.895919911830186e-03 -9.261684686331179e-04 -1.007690644353623e+00
12 2 -1.000284351759924e+00 -1.896521385186566e-03 -9.257451107684389e-04 -1.007688663433837e+00
12 3 -1.000284594779026e+00 -1.897096210581349e-03 -9.253680854359107e-04 -1.007686706943896e+00
12 4 -1.000284830815930e+00 -1.897622326435831e-03 -9.250522628246266e-04 -1.007684849486865e+00
12 5 -1.000285051153211e+00 -1.898079816832339e-03 -9.248090466110090e-04 -1.007683161290678e+00
12 6 -1.000285247670074e+00 -1.898451628947931e-03 -9.246460551519497e-04 -1.007681705690502e+00
12 7 -1.000285413101106e+00 -1.898724149960826e-03 -9.245670881867645e-04 -1.007680536924741e+00
12 8 -1.000285541272320e+00 -1.898887632002464e-03 -9.245723424861246e-04 -1.007679698297687e+00
12 9 -1.000285627311689e+00 -1.898936461726689e-03 -9.246588179531686e-04 -1.007679220747149e+00
12 10 -1.000285667829834e+00 -1.898869278402246e-03 -9.248208417684758e-04 -1.007679121840811e+00
12 11 -1.000285661064573e+00 -1.898688949976212e-03 -9.250506337420193e-04 -1.007679405213332e+00
12 12 -1.000285606981264e+00 -1.898402419379062e-03 -9.253388415313495e-04 -1.007680060449443e+00
12 13 -1.000285507319647e+00 -1.898020433668232e-03 -9.256749891216004e-04 -1.007681063414880e+00
12 14 -1.000285365578057e+00 -1.897557167485882e-03 -9.260478044026211e-04 -1.007682377033155e+00
12 15 -1.000285186927830e+00 -1.897029750695438e-03 -9.264454192741121e-04 -1.007683952499559e+00
12 16 -1.000284978054221e+00 -1.896457708574044e-03 -9.268554645070325e-04 -1.007685730914473e+00
12 17 -1.000284746924698e+00 -1.895862322240280e-03 -9.272651066064318e-04 -1.007687645306076e+00
12 18 -1.000284502490538e+00 -1.895265917853730e-03 -9.276610904418163e-04 -1.007689622997853e+00
12 19 -1.000284254332551e+00 -1.894691095902046e-03 -9.280298561104837e-04 -1.007691588259146e+00
12 20 -1.000284012266162e+00 -1.894159916367184e-03 -9.283577897158707e-04 -1.007693465159271e+00
12 21 -1.000283785924526e+00 -1.893693061362210e-03 -9.286316455978196e-04 -1.007695180528663e+00
12 22 -1.000283584340686e+00 -1.893309003694797e-03 -9.288391446092984e-04 -1.007696666913903e+00
12 23 -1.000283415551021e+00 -1.893023217100629e-03 -9.289697147647174e-04 -1.007697865397802e+00
12 24 -1.000283286242132e+00 -1.892847470053347e-03 -9.290153043982868e-04 -1.007698728144049e+00
12 25 -1.000283201461533e+00 -1.892789248058848e-03 -9.289711710943335e-04 -1.007699220523787e+00
12 26 -1.000283164408906e+00 -1.892851347628605e-03 -9.288365374465324e-04 -1.007699322692502e+00
12 27 -1.000283176319244e+00 -1.893031678064913e-03 -9.286150101461944e-04 -1.007699030511178e+00
12 28 -1.000283236442511e+00 -1.893323294839533e-03 -9.283146823088324e-04 -1.007698355744641e+00
12 29 -1.000283342117104e+00 -1.893714671521146e-03 -9.279478772367164e-04 -1.007697325519945e+00
12 30 -1.000283488927390e+00 -1.894190198040172e-03 -9.275305382650644e-04 -1.007695981082237e+00
12 31 -1.000283670930056e+00 -1.894730874958516e-03 -9.270813151939951e-04 -1.007694375935146e+00
13 0 -1.000283943959138e+00 -1.895749850463088e-03 -9.245566800779003e-04 -1.007691924517901e+00
13 1 -1.000284174943141e+00 -1.896356562185619e-03 -9.241057420158144e-04 -1.007689987688282e+00
13 2 -1.000284417244950e+00 -1.896960664051480e-03 -9.236826918840029e-04 -1.007687997239454e+00
13 3 -1.000284661760714e+00 -1.897538688473854e-03 -9.233052348602699e-04 -1.007686029751734e+00
13 4 -1.000284899397412e+00 -1.898068450407594e-03 -9.229882533443689e-04 -1.007684160258978e+00
13 5 -1.000285121373973e+00 -1.898529890248788e-03 -9.227431945266247e-04 -1.007682459467628e+00
13 6 -1.000285319503747e+00 -1.898905797395686e-03 -9.225777499277405e-04 -1.007680991218115e+00
13 7 -1.000285486456207e+00 -1.899182394178134e-03 -9.224958187554409e-04 -1.007679810258270e+00
13 8 -1.000285615995941e+00 -1.899349768235623e-03 -9.224977189527671e-04 -1.007678960383124e+00
13 9 -1.000285703196018e+00 -1.899402149598766e-03 -9.225805876651495e-04 -1.007678472980230e+00
13 10 -1.000285744621225e+00 -1.899338036031953e-03 -9.227388988401070e-04 -1.007678366005433e+00
13 11 -1.000285738474634e+00 -1.899160175505045e-03 -9.229650215129588e-04 -1.007678643402977e+00
13 12 -1.000285684699247e+00 -1.898875417453812e-03 -9.232497481362852e-04 -1.007679294976793e+00
13 13 -1.000285585025420e+00 -1.898494445159535e-03 -9.235827369741092e-04 -1.007680296715096e+00
13 14 -1.000285442955046e+00 -1.898031400845020e-03 -9.239528346371907e-04 -1.007681611565516e+00
13 15 -1.000285263675372e+00 -1.897503413541601e-03 -9.243482721606298e-04 -1.007683190651617e+00
13 16 -1.000285053898788e+00 -1.896930038159202e-03 -9.247567568516021e-04 -1.007684974912660e+00
13 17 -1.000284821629559e+00 -1.896332613526717e-03 -9.251655072474489e-04 -1.007686897136262e+00
13 18 -1.000284575863643e+00 -1.895733548273313e-03 -9.255612949586743e-04 -1.007688884337997e+00
13 19 -1.000284326232599e+00 -1.895155546327880e-03 -9.259305616752121e-04 -1.007690860424755e+00
13 20 -1.000284082606861e+00 -1.894620788108406e-03 -9.262596707517587e-04 -1.007692749061761e+00
13 21 -1.000283854677035e+00 -1.894150089005716e-03 -9.265353307317844e-04 -1.007694476646857e+00
13 22 -1.000283651534239e+00 -1.893762063564455e-03 -9.267451953559043e-04 -1.007695975279072e+00
13 23 -1.000283481271787e+00 -1.893472331150008e-03 -9.268786064006416e-04 -1.007697185592563e+00
13 24 -1.000283350630338e+00 -1.893292805103484e-03 -9.269274095135364e-04 -1.007698059315363e+00
13 25 -1.000283264706852e+00 -1.893231110357060e-03 -9.268867462815211e-04 -1.007698561410234e+00
13 26 -1.000283226744118e+00 -1.893290172787287e-03 -9.267557134764176e-04 -1.007698671665736e+00
13 27 -1.000283238012312e+00 -1.893468016590264e-03 -9.265377858523038e-04 -1.007698385630730e+00
13 28 -1.000283297787315e+00 -1.893757793587350e-03 -9.262409224246179e-04 -1.007697714824707e+00
13 29 -1.000283403423041e+00 -1.894148051436355e-03 -9.258773146103842e-04 -1.007696686206700e+00
13 30 -1.000283550508072e+00 -1.894623228569364e-03 -9.254627809727994e-04 -1.007695340939966e+00
13 31 -1.000283733091414e+00 -1.895164345751771e-03 -9.250158588353798e-04 -1.007693732538643e+00
14 0 -1.000283952807211e+00 -1.896158132665326e-03 -9.225288695284005e-04 -1.007691386868059e+00
14 1 -1.000284184650675e+00 -1.896766149573453e-03 -9.220794232132970e-04 -1.007689444255143e+00
14 2 -1.000284428090510e+00 -1.897372362879814e-03 -9.216569985624073e-04 -1.007687445708879e+00
14 3 -1.000284673979226e+00 -1.897953225812745e-03 -9.212792695065297e-04 -1.007685468122740e+00
14 4 -1.000284913170139e+00 -1.898486443359939e-03 -9.209611245117542e-04 -1.007683586928529e+00
14 5 -1.000285136820732e+00 -1.898951819595420e-03 -9.207140545123561e-04 -1.007681873298309e+00
14 6 -1.000285336677773e+00 -1.899331987040574e-03 -9.205458308816559e-04 -1.007680391585408e+00
14 7 -1.000285505341857e+00 -1.899612997317550e-03 -9.204604654482646e-04 -1.007679197075771e+00
14 8 -1.000285636509328e+00 -1.899784761012629e-03 -9.204584164374414e-04 -1.007678334104498e+00
14 9 -1.000285725188693e+00 -1.899841332828244e-03 -9.205369821686619e-04 -1.007677834577078e+00
14 10 -1.000285767886764e+00 -1.899781044986041e-03 -9.206908107700281e-04 -1.007677716921992e+00
14 11 -1.000285762757715e+00 -1.899606496909932e-03 -9.209124503070569e-04 -1.007677985491086e+00
14 12 -1.000285709706566e+00 -1.899324412324334e-03 -9.211928693273182e-04 -1.007678630415944e+00
14 13 -1.000285610437826e+00 -1.898945376061592e-03 -9.215218920854998e-04 -1.007679627922122e+00
14 14 -1.000285468440362e+00 -1.898483462253960e-03 -9.218885146614580e-04 -1.007680941097970e+00
14 15 -1.000285288901336e+00 -1.897955763870062e-03 -9.222810956753984e-04 -1.007682521108989e+00
14 16 -1.000285078545546e+00 -1.897381831960365e-03 -9.226874441452147e-04 -1.007684308839710e+00
14 17 -1.000284845401266e+00 -1.896783032613594e-03 -9.230948518569078e-04 -1.007686236931835e+00
14 18 -1.000284598498864e+00 -1.896181830888325e-03 -9.234901337883142e-04 -1.007688232171395e+00
14 19 -1.000284347513305e+00 -1.895601013709612e-03 -9.238597446462659e-04 -1.007690218161214e+00
14 20 -1.000284102365834e+00 -1.895062867823583e-03 -9.241900308455190e-04 -1.007692118198662e+00
14 21 -1.000283872803501e+00 -1.894588334511054e-03 -9.244676551952465e-04 -1.007693858262102e+00
14 22 -1.000283667977690e+00 -1.894196169670014e-03 -9.246801986792110e-04 -1.007695369992441e+00
14 23 -1.000283496043928e+00 -1.893902145102449e-03 -9.248169056025501e-04 -1.007696593540858e+00
14 24 -1.000283363805032e+00 -1.893718332824753e-03 -9.248695023585739e-04 -1.007697480142905e+00
14 25 -1.000283276417902e+00 -1.893652517307198e-03 -9.248329931138697e-04 -1.007697994276573e+00
14 26 -1.000283237180848e+00 -1.893707779224192e-03 -9.247063232289491e-04 -1.007698115271305e+00
14 27 -1.000283247413128e+00 -1.893882287401021e-03 -9.244928066298612e-04 -1.007697838259663e+00
14 28 -1.000283306431422e+00 -1.894169322949706e-03 -9.242002371115537e-04 -1.007697174403658e+00
14 29 -1.000283411620484e+00 -1.894557542430078e-03 -9.238406421199367e-04 -1.007696150378803e+00
14 30 -1.000283558588266e+00 -1.895031467977715e-03 -9.234296836937519e-04 -1.007694807152574e+00
14 31 -1.000283741390582e+00 -1.895572174797264e-03 -9.229857564498489e-04 -1.007693198141643e+00
15 0 -1.000283907305603e+00 -1.896524558144268e-03 -9.206161385899717e-04 -1.007690979335423e+00
15 1 -1.000284139717129e+00 -1.897133185480514e-03 -9.201685671744237e-04 -1.007689033043039e+00
15 2 -1.000284384058335e+00 -1.897740921641162e-03 -9.197470398640518e-04 -1.007687028112523e+00
15 3 -1.000284631147195e+00 -1.898324162658189e-03 -9.193691888387286e-04 -1.007685041687357e+00
15 4 -1.000284871790315e+00 -1.898860521064363e-03 -9.190499027876071e-04 -1.007683149549760e+00
15 5 -1.000285097088200e+00 -1.899329676958028e-03 -9.188007154282218e-04 -1.007681423307457e+00
15 6 -1.000285298722719e+00 -1.899714112507917e-03 -9.186294821575096e-04 -1.007679927815965e+00
15 7 -1.000285469224317e+00 -1.899999708970316e-03 -9.185403366953962e-04 -1.007678718908557e+00
15 8 -1.000285602216882e+00 -1.900176194034357e-03 -9.185338914100921e-04 -1.007677841489228e+00
15 9 -1.000285692637260e+00 -1.900237435214578e-03 -9.186076234484610e-04 -1.007677328029244e+00
15 10 -1.000285736924445e+00 -1.900181581551154e-03 -9.187563757975278e-04 -1.007677197495784e+00
15 11 -1.000285733171443e+00 -1.900011060958804e-03 -9.189728985699774e-04 -1.007677454730846e+00
15 12 -1.000285681231134e+00 -1.899732444013824e-03 -9.192483609515112e-04 -1.007678090289547e+00
15 13 -1.000285582766790e+00 -1.899356186362497e-03 -9.195727782110299e-04 -1.007679080739936e+00
15 14 -1.000285441238281e+00 -1.898896261264580e-03 -9.199353202955200e-04 -1.007680389421334e+00
15 15 -1.000285261816789e+00 -1.898369692034543e-03 -9.203244962525704e-04 -1.007681967652410e+00
15 16 -1.000285051224419e+00 -1.897795992771862e-03 -9.207282373738624e-04 -1.007683756370627e+00
15 17 -1.000284817499861e+00 -1.897196525666764e-03 -9.211339263272696e-04 -1.007685688170934e+00
15 18 -1.000284569696411e+00 -1.896593784390170e-03 -9.215284355158402e-04 -1.007687689695851e+00
15 19 -1.000284317523520e+00 -1.896010615567804e-03 -9.218982425907446e-04 -1.007689684313313e+00
15 20 -1.000284070947163e+00 -1.895469394389479e-03 -9.222296824749803e-04 -1.007691595002428e+00
15 21 -1.000283839767808e+00 -1.894991176195662e-03 -9.225093730967188e-04 -1.007693347350189e+00
15 22 -1.000283633197154e+00 -1.894594852869113e-03 -9.227248190022085e-04 -1.007694872545077e+00
15 23 -1.000283459455946e+00 -1.894296349887419e-03 -9.228651589642240e-04 -1.007696110238698e+00
15 24 -1.000283325414895e+00 -1.894107905694547e-03 -9.229219878632559e-04 -1.007697011136234e+00
15 25 -1.000283236299039e+00 -1.894037478266663e-03 -9.228901562226812e-04 -1.007697539173267e+00
15 26 -1.000283195472590e+00 -1.894088322701865e-03 -9.227684382281757e-04 -1.007697673145094e+00
15 27 -1.000283204316001e+00 -1.894258776830355e-03 -9.225599644270804e-04 -1.007697407679107e+00
15 28 -1.000283262200076e+00 -1.894542278996230e-03 -9.222723390803476e-04 -1.007696753481488e+00
15 29 -1.000283366554400e+00 -1.894927624964226e-03 -9.219174006228218e-04 -1.007695736840670e+00
15 30 -1.000283513020553e+00 -1.895399452182970e-03 -9.215106296707946e-04 -1.007694398423109e+00
15 31 -1.000283695675277e+00 -1.895938922201499e-03 -9.210702541929066e-04 -1.007692791444448e+00
16 0 -1.000283809283101e+00 -1.896835368574758e-03 -9.188927569612337e-04 -1.007690715767689e+00
16 1 -1.000284041953532e+00 -1.897443897671302e-03 -9.184473497019414e-04 -1.007688768011852e+00
16 2 -1.000284286928943e+00 -1.898052519428921e-03 -9.180269349484370e-04 -1.007686758625495e+00
16 3 -1.000284535003051e+00 -1.898637596610616e-03 -9.176490947917539e-04 -1.007684764930225e+00
16 4 -1.000284776944380e+00 -1.899176670068939e-03 -9.173287129080640e-04 -1.007682862998625e+00
16 5 -1.000285003802950e+00 -1.899649312584974e-03 -9.170773640641933e-04 -1.007681124828733e+00
16 6 -1.000285207199720e+00 -1.900037867797944e-03 -9.169029895016723e-04 -1.007679615749688e+00
16 7 -1.000285379596288e+00 -1.900328053219730e-03 -9.168098499099832e-04 -1.007678392131154e+00
16 8 -1.000285514542612e+00 -1.900509414784059e-03 -9.167987198340068e-04 -1.007677499453270e+00
16 9 -1.000285606899529e+00 -1.900575628113444e-03 -9.168672661328752e-04 -1.007676970779359e+00
16 10 -1.000285653031001e+00 -1.900524648302658e-03 -9.170105402380284e-04 -1.007676825661005e+00
16 11 -1.000285650958973e+00 -1.900358715215320e-03 -9.172215100538295e-04 -1.007677069494314e+00
16 12 -1.000285600472068e+00 -1.900084224715293e-03 -9.174915624240681e-04 -1.007677693337415e+00
16 13 -1.000285503178552e+00 -1.899711477598554e-03 -9.178109210860388e-04 -1.007678674192522e+00
16 14 -1.000285362494479e+00 -1.899254317444377e-03 -9.181689471630734e-04 -1.007679975750281e+00
16 15 -1.000285183559860e+00 -1.898729667100792e-03 -9.185543168126668e-04 -1.007681549587465e+00
16 16 -1.000284973079245e+00 -1.898156972294221e-03 -9.189550990410080e-04 -1.007683336799159e+00
16 17 -1.000284739087887e+00 -1.897557560723420e-03 -9.193587808901156e-04 -1.007685270033154e+00
16 18 -1.000284490649755e+00 -1.896953926169485e-03 -9.197523031498768e-04 -1.007687275878801e+00
16 19 -1.000284237498605e+00 -1.896368949666545e-03 -9.201221744782382e-04 -1.007689277546570e+00
16 20 -1.000283989637459e+00 -1.895825073845172e-03 -9.204547232368699e-04 -1.007691197758353e+00
16 21 -1.000283756915275e+00 -1.895343452300373e-03 -9.207365241229689e-04 -1.007692961751724e+00
16 22 -1.000283548601963e+00 -1.894943102794407e-03 -9.209550035866183e-04 -1.007694500284404e+00
16 23 -1.000283372984100e+00 -1.894640100204901e-03 -9.210991899859248e-04 -1.007695752509989e+00
16 24 -1.000283237003491e+00 -1.894446850994368e-03 -9.211605387061358e-04 -1.007696668585184e+00
16 25 -1.000283145959008e+00 -1.894371494128326e-03 -9.211337357176977e-04 -1.007697211865861e+00
16 26 -1.000283103288727e+00 -1.894417472244698e-03 -9.210173705511006e-04 -1.007697360558081e+00
16 27 -1.000283110444125e+00 -1.894583310171207e-03 -9.208143749198530e-04 -1.007697108714240e+00
16 28 -1.000283166861327e+00 -1.894862625328536e-03 -9.205321468047154e-04 -1.007696466504010e+00
16 29 -1.000283270026950e+00 -1.895244377484952e-03 -9.201823182002712e-04 -1.007695459740501e+00
16 30 -1.000283415629095e+00 -1.895713346422856e-03 -9.197801707772956e-04 -1.007694128695950e+00
16 31 -1.000283597778682e+00 -1.896250808416237e-03 -9.193437489638529e-04 -1.007692526289748e+00
17 0 -1.000283662483552e+00 -1.897078973412968e-03 -9.174251609522269e-04 -1.007690604811077e+00
17 1 -1.000283895097209e+00 -1.897686707257081e-03 -9.169821064768903e-04 -1.007688657840276e+00
17 2 -1.000284140418976e+00 -1.898295551971628e-03 -9.165629574074769e-04 -1.007686646071533e+00
17 3 -1.000284389229385e+00 -1.898881861966104e-03 -9.161852399879208e-04 -1.007684646926788e+00
17 4 -1.000284632268760e+00 -1.899423129508453e-03 -9.158638286563491e-04 -1.007682736699196e+00
17 5 -1.000284860544878e+00 -1.899898840421619e-03 -9.156103367632358e-04 -1.007680987718055e+00
17 6 -1.000285065624004e+00 -1.900291216692495e-03 -9.154327905927746e-04 -1.007679465740104e+00
17 7 -1.000285239902758e+00 -1.900585824826311e-03 -9.153355785014316e-04 -1.007678227640405e+00
17 8 -1.000285376858438e+00 -1.900772036900297e-03 -9.153196394960922e-04 -1.007677319461173e+00
17 9 -1.000285471274357e+00 -1.900843339037047e-03 -9.153828343008932e-04 -1.007676774862263e+00
17 10 -1.000285519435075e+00 -1.900797488879196e-03 -9.155204288984734e-04 -1.007676614003457e+00
17 11 -1.000285519284360e+00 -1.900636528860923e-03 -9.157256167277996e-04 -1.007676842877682e+00
17 12 -1.000285470536969e+00 -1.900366665252423e-03 -9.159900111560445e-04 -1.007677453106233e+00
17 13 -1.000285374734510e+00 -1.899998024203712e-03 -9.163040539860300e-04 -1.007678422200717e+00
17 14 -1.000285235236102e+00 -1.899544295721846e-03 -9.166573076035351e-04 -1.007679714290137e+00
17 15 -1.000285057136646e+00 -1.899022275301120e-03 -9.170386255279574e-04 -1.007681281304092e+00
17 16 -1.000284847109048e+00 -1.898451311706452e-03 -9.174362243808985e-04 -1.007683064593182e+00
17 17 -1.000284613171500e+00 -1.897852669148809e-03 -9.178377045710158e-04 -1.007684996954751e+00
17 18 -1.000284364386078e+00 -1.897248813308099e-03 -9.182300829589286e-04 -1.007687005016454e+00
17 19 -1.000284110499850e+00 -1.896662633340771e-03 -9.185999053498917e-04 -1.007689011913732e+00
17 20 -1.000283861543903e+00 -1.896116616066555e-03 -9.189334979504694e-04 -1.007690940181143e+00
17 21 -1.000283627408993e+00 -1.895631994073809e-03 -9.192173946981660e-04 -1.007692714761358e+00
17 22 -1.000283417418982e+00 -1.895227896395072e-03 -9.194389443351058e-04 -1.007694266018745e+00
17 23 -1.000283239924492e+00 -1.894920537724659e-03 -9.195870630874202e-04 -1.007695532628384e+00
17 24 -1.000283101939094e+00 -1.894722488179992e-03 -9.196530631423672e-04 -1.007696464199966e+00
17 25 -1.000283008838513e+00 -1.894642068622153e-03 -9.196314604689773e-04 -1.007697023493496e+00
17 26 -1.000282964139857e+00 -1.894682915250723e-03 -9.195206530543919e-04 -1.007697188093108e+00
17 27 -1.000282969372686e+00 -1.894843750650541e-03 -9.193233657441041e-04 -1.007696951428716e+00
17 28 -1.000283024047150e+00 -1.895118386295396e-03 -9.190467813100211e-04 -1.007696323073357e+00
17 29 -1.000283125716952e+00 -1.895495964558307e-03 -9.187023157792604e-04 -1.007695328294410e+00
17 30 -1.000283270127840e+00 -1.895961429103477e-03 -9.183050421937821e-04 -1.007694006891786e+00
17 31 -1.000283451436735e+00 -1.896496194652109e-03 -9.178728121179433e-04 -1.007692411405527e+00
18 0 -1.000283472424725e+00 -1.897246339974287e-03 -9.162693701985891e-04 -1.007690649807384e+00
18 1 -1.000283704670398e+00 -1.897852617173534e-03 -9.158287561745452e-04 -1.007688705825049e+00
18 2 -1.000283950040057e+00 -1.898461019775307e-03 -9.154109636420884e-04 -1.007686693820647e+00
18 3 -1.000284199312481e+00 -1.899047918715972e-03 -9.150334601636449e-04 -1.007684691235846e+00
18 4 -1.000284443210554e+00 -1.899590782256326e-03 -9.147111078547331e-04 -1.007682774507285e+00
18 5 -1.000284672709545e+00 -1.900069032760767e-03 -9.144555552115705e-04 -1.007681016224420e+00
18 6 -1.000284879329271e+00 -1.900464792030640e-03 -9.142749098688407e-04 -1.007679482509445e+00
18 7 -1.000285055407674e+00 -1.900763493888148e-03 -9.141736842458680e-04 -1.007678230693050e+00
18 8 -1.000285194353326e+00 -1.900954350738930e-03 -9.141529786562368e-04 -1.007677307345041e+00
18 9 -1.000285290873358e+00 -1.901030668538751e-03 -9.142108451852402e-04 -1.007676746704435e+00
18 10 -1.000285341171560e+00 -1.900990011439513e-03 -9.143427626426293e-04 -1.007676569540115e+00
18 11 -1.000285343109402e+00 -1.900834222628046e-03 -9.145421492690594e-04 -1.007676782461796e+00
18 12 -1.000285296321017e+00 -1.900569311045996e-03 -9.148008454586529e-04 -1.007677377692891e+00
18 13 -1.000285202272259e+00 -1.900205214886608e-03 -9.151095128886802e-04 -1.007678333310623e+00
18 14 -1.000285064254394e+00 -1.899755452469894e-03 -9.154579181261103e-04 -1.007679613952773e+00
18 15 -1.000284887305032e+00 -1.899236669973694e-03 -9.158350957568491e-04 -1.007681171982773e+00
18 16 -1.000284678052574e+00 -1.898668094401340e-03 -9.162294142236703e-04 -1.007682949094657e+00
18 17 -1.000284444485224e+00 -1.898070899962194e-03 -9.166285917861528e-04 -1.007684878326132e+00
18 18 -1.000284195650758e+00 -1.897467497244637e-03 -9.170197259138923e-04 -1.007686886432618e+00
18 19 -1.000283941298196e+00 -1.896880757236747e-03 -9.173894039073464e-04 -1.007688896558774e+00
18 20 -1.000283691476731e+00 -1.896333186339712e-03 -9.177239537384806e-04 -1.007690831127855e+00
18 21 -1.000283456110656e+00 -1.895846074080547e-03 -9.180098718572061e-04 -1.007692614852887e+00
18 22 -1.000283244571505e+00 -1.895438642112011e-03 -9.182344317384100e-04 -1.007694177756849e+00
18 23 -1.000283065269852e+00 -1.895127230395924e-03 -9.183864390263528e-04 -1.007695458073030e+00
18 24 -1.000282925289143e+00 -1.894924562576737e-03 -9.184570634928016e-04 -1.007696404884999e+00
18 25 -1.000282830082136e+00 -1.894839135699307e-03 -9.184406513255174e-04 -1.007696980362536e+00
18 26 -1.000282783247098e+00 -1.894874778203585e-03 -9.183354087306723e-04 -1.007697161458882e+00
18 27 -1.000282786395721e+00 -1.895030413595648e-03 -9.181438529639554e-04 -1.007696940958011e+00
18 28 -1.000282839118089e+00 -1.895300055042210e-03 -9.178729503953205e-04 -1.007696327798780e+00
18 29 -1.000282939042582e+00 -1.895673039273830e-03 -9.175338995895725e-04 -1.007695346652808e+00
18 30 -1.000283081981517e+00 -1.896134489099952e-03 -9.171415633558415e-04 -1.007694036787563e+00
18 31 -1.000283262147803e+00 -1.896665975941359e-03 -9.167135986854086e-04 -1.007692450295611e+00
19 0 -1.000283246204562e+00 -1.897331289560225e-03 -9.154688923347503e-04 -1.007690848808246e+00
19 1 -1.000283477785993e+00 -1.897935506159229e-03 -9.150307105904207e-04 -1.007688909899195e+00
19 2 -1.000283722904482e+00 -1.898542821100115e-03 -9.146143077210462e-04 -1.007686899807732e+00
19 3 -1.000283972348451e+00 -1.899129645896925e-03 -9.142370924810301e-04 -1.007684895914384e+00
19 4 -1.000284216834709e+00 -1.899673450188580e-03 -9.139139124336062e-04 -1.007682974716990e+00
19 5 -1.000284447316916e+00 -1.900153618760479e-03 -9.136564467280881e-04 -1.007681208984300e+00
19 6 -1.000284655278402e+00 -1.900552198422214e-03 -9.134728779350583e-04 -1.007679665128248e+00
19 7 -1.000284833006889e+00 -1.900854513500105e-03 -9.133678347935908e-04 -1.007678400868612e+00
19 8 -1.000284973848718e+00 -1.901049636778201e-03 -9.133425702879494e-04 -1.007677463248796e+00
19 9 -1.000285072439022e+00 -1.901130710082923e-03 -9.133953185922732e-04 -1.007676887048057e+00
19 10 -1.000285124902466e+00 -1.901095115301516e-03 -9.135217618588017e-04 -1.007676693622575e+00
19 11 -1.000285129017197e+00 -1.900944502036555e-03 -9.137155341844672e-04 -1.007676890195863e+00
19 12 -1.000285084333027e+00 -1.900684681558476e-03 -9.139686953527313e-04 -1.007677469609882e+00
19 13 -1.000284992233879e+00 -1.900325397845265e-03 -9.142721209651091e-04 -1.007678410542389e+00
19 14 -1.000284855934846e+00 -1.899879985876151e-03 -9.146157774795755e-04 -1.007679678191129e+00
19 15 -1.000284680406246e+00 -1.899364926162516e-03 -9.149888777959563e-04 -1.007681225418070e+00
19 16 -1.000284472220809e+00 -1.898799303707349e-03 -9.153799409457886e-04 -1.007682994335726e+00
19 17 -1.000284239324987e+00 -1.898204179594915e-03 -9.157768033170810e-04 -1.007684918303866e+00
19 18 -1.000283990740451e+00 -1.897601884472366e-03 -9.161666446191832e-04 -1.007686924290039e+00
19 19 -1.000283736206779e+00 -1.897015245682315e-03 -9.165360963552840e-04 -1.007688935531630e+00
19 20 -1.000283485780658e+00 -1.896466764030397e-03 -9.168714917813009e-04 -1.007690874420353e+00
19 21 -1.000283249410436e+00 -1.895977761974329e-03 -9.171592939949089e-04 -1.007692665512958e+00
19 22 -1.000283036507297e+00 -1.895567531845342e-03 -9.173867058272494e-04 -1.007694238555318e+00
19 23 -1.000282855535451e+00 -1.895252519772298e-03 -9.175424273996532e-04 -1.007695531391889e+00
19 24 -1.000282713643686e+00 -1.895045587130871e-03 -9.176174915750067e-04 -1.007696492620636e+00
19 25 -1.000282616359044e+00 -1.894955394888634e-03 -9.176060806951252e-04 -1.007697083848863e+00
19 26 -1.000282567360021e+00 -1.894985955254719e-03 -9.175062154184131e-04 -1.007697281413502e+00
19 27 -1.000282568341420e+00 -1.895136388320613e-03 -9.173202117702429e-04 -1.007697077453289e+00
19 28 -1.000282618976172e+00 -1.895400908969257e-03 -9.170548261173887e-04 -1.007696480259368e+00
19 29 -1.000282716972063e+00 -1.895769052617583e-03 -9.167210459455158e-04 -1.007695513880366e+00
19 30 -1.000282858214374e+00 -1.896226129650933e-03 -9.163335299691945e-04 -1.007694217011452e+00
19 31 -1.000283036979906e+00 -1.896753880552030e-03 -9.159097460482970e-04 -1.007692641246259e+00
20 0 -1.000282992259598e+00 -1.897330696251901e-03 -9.150531877897305e-04 -1.007691194683788e+00
20 1 -1.000283222905258e+00 -1.897932325027607e-03 -9.146173435219059e-04 -1.007689262746018e+00
20 2 -1.000283467482715e+00 -1.898537946973110e-03 -9.142023135108786e-04 -1.007687256647841e+00
20 3 -1.000283716801110e+00 -1.899124036817511e-03 -9.138254496629703e-04 -1.007685253629623e+00
20 4 -1.000283961582807e+00 -1.899668091037019e-03 -9.135015832535467e-04 -1.007683330165343e+00
20 5 -1.000284192771569e+00 -1.900149484090025e-03 -9.132424186918340e-04 -1.007681559115512e+00
20 6 -1.000284401825507e+00 -1.900550215685694e-03 -9.130562046762556e-04 -1.007680007095546e+00
20 7 -1.000284580992445e+00 -1.900855527966518e-03 -9.129476744154805e-04 -1.007678732133116e+00
20 8 -1.000284723565344e+00 -1.901054379521808e-03 -9.129182192389746e-04 -1.007677781673094e+00
20 9 -1.000284824114237e+00 -1.901139770277438e-03 -9.129662394218443e-04 -1.007677190975762e+00
20 10 -1.000284878689235e+00 -1.901108917765697e-03 -9.130876037718483e-04 -1.007676981941320e+00
20 11 -1.000284884987229e+00 -1.900963290787964e-03 -9.132761457965188e-04 -1.007677162381546e+00
20 12 -1.000284842473205e+00 -1.900708510064775e-03 -9.135241292784419e-04 -1.007677725750083e+00
20 13 -1.000284752446109e+00 -1.900354126516002e-03 -9.138226300798265e-04 -1.007678651337276e+00
20 14 -1.000284618039435e+00 -1.899913286998276e-03 -9.141618031238280e-04 -1.007679904931089e+00
20 15 -1.000284444148742e+00 -1.899402296081802e-03 -9.145310307480986e-04 -1.007681439938408e+00
20 16 -1.000284237282053e+00 -1.898840081766229e-03 -9.149189763608753e-04 -1.007683198949717e+00
20 17 -1.000284005333919e+00 -1.898247573140566e-03 -9.153135909028744e-04 -1.007685115716308e+00
20 18 -1.000283757289065e+00 -1.897646999036287e-03 -9.157021352614644e-04 -1.007687117494360e+00
20 19 -1.000283502866528e+00 -1.897061119206445e-03 -9.160712863959581e-04 -1.007689127694419e+00
20 20 -1.000283252119576e+00 -1.896512403867009e-03 -9.164073861862288e-04 -1.007691068757715e+00
20 21 -1.000283015010294e+00 -1.896022183312962e-03 -9.166968696308200e-04 -1.007692865163409e+00
20 22 -1.000282800980047e+00 -1.895609796114693e-03 -9.169268759885706e-04 -1.007694446454403e+00
20 23 -1.000282618538262e+00 -1.895291771424129e-03 -9.170860086385812e-04 -1.007695750154165e+00
20 24 -1.000282474891932e+00 -1.895081087190373e-03 -9.171651738057043e-04 -1.007696724434612e+00
20 25 -1.000282375636778e+00 -1.894986549849116e-03 -9.171584014598846e-04 -1.007697330389735e+00
20 26 -1.000282324527649e+00 -1.895012340190041e-03 -9.170635391545783e-04 -1.007697543777345e+00
20 27 -1.000282323340373e+00 -1.895157763323698e-03 -9.168827149142549e-04 -1.007697356115395e+00
20 28 -1.000282371830479e+00 -1.895417228222785e-03 -9.166224888306061e-04 -1.007696775058398e+00
20 29 -1.000282467786832e+00 -1.895780465708183e-03 -9.162936510351185e-04 -1.007695824028730e+00
20 30 -1.000282607171344e+00 -1.896232975158101e-03 -9.159106692566844e-04 -1.007694541130847e+00
20 31 -1.000282784330307e+00 -1.896756672313833e-03 -9.154908341722460e-04 -1.007692977426079e+00
21 0 -1.000282720080127e+00 -1.897244586536824e-03 -9.150367336453013e-04 -1.007691675316501e+00
21 1 -1.000282949552131e+00 -1.897843193710623e-03 -9.146030569502179e-04 -1.007689751998877e+00
21 2 -1.000283193317453e+00 -1.898446577034572e-03 -9.141893420487977e-04 -1.007687751837420e+00
21 3 -1.000283442216356e+00 -1.899031295003742e-03 -9.138128876248432e-04 -1.007685751857619e+00
21 4 -1.000283686988264e+00 -1.899574895540207e-03 -9.134885073076107e-04 -1.007683828424879e+00
21 5 -1.000283918579135e+00 -1.900056770411297e-03 -9.132279244967587e-04 -1.007682054400392e+00
21 6 -1.000284128434091e+00 -1.900458901910713e-03 -9.130394428222493e-04 -1.007680496508985e+00
21 7 -1.000284308772906e+00 -1.900766480577100e-03 -9.129278840572365e-04 -1.007679212992957e+00
21 8 -1.000284452846046e+00 -1.900968380727364e-03 -9.128947581469103e-04 -1.007678251610947e+00
21 9 -1.000284555167772e+00 -1.901057487973291e-03 -9.129386093170212e-04 -1.007677648027002e+00
21 10 -1.000284611720994e+00 -1.901030879442493e-03 -9.130554697835405e-04 -1.007677424622025e+00
21 11 -1.000284620126452e+00 -1.900889862623195e-03 -9.132393490693175e-04 -1.007677589748674e+00
21 12 -1.000284579766998e+00 -1.900639882025358e-03 -9.134826922680488e-04 -1.007678137442332e+00
21 13 -1.000284491856758e+00 -1.900290304004009e-03 -9.137767545832834e-04 -1.007679047594887e+00
21 14 -1.000284359445283e+00 -1.899854089546252e-03 -9.141118613286689e-04 -1.007680286592780e+00
21 15 -1.000284187348752e+00 -1.899347363498246e-03 -9.144775497200522e-04 -1.007681808414005e+00
21 16 -1.000283982003904e+00 -1.898788887649991e-03 -9.148626166814710e-04 -1.007683556168736e+00
21 17 -1.000283751245182e+00 -1.898199445090167e-03 -9.152551205284314e-04 -1.007685464054785e+00
21 18 -1.000283504010847e+00 -1.897601144621017e-03 -9.156423998226239e-04 -1.007687459683147e+00
21 19 -1.000283249988986e+00 -1.897016656788717e-03 -9.160111770828476e-04 -1.007689466712111e+00
21 20 -1.000282999218638e+00 -1.896468397227664e-03 -9.163478063280089e-04 -1.007691407711988e+00
21 21 -1.000282761664759e+00 -1.895977678620495e-03 -9.166387011648835e-04 -1.007693207166053e+00
21 22 -1.000282546788224e+00 -1.895563859502021e-03 -9.168709470089920e-04 -1.007694794496264e+00
21 23 -1.000282363133423e+00 -1.895243525575609e-03 -9.170330630038486e-04 -1.007696106985671e+00
21 24 -1.000282217956103e+00 -1.895029745614154e-03 -9.171158436038945e-04 -1.007697092456439e+00
21 25 -1.000282116912426e+00 -1.894931447530389e-03 -9.171131831906621e-04 -1.007697711558010e+00
21 26 -1.000282063826841e+00 -1.894952959225100e-03 -9.170227746099158e-04 -1.007697939527983e+00
21 27 -1.000282060551063e+00 -1.895093752358861e-03 -9.168465776004533e-04 -1.007697767311237e+00
21 28 -1.000282106919841e+00 -1.895348415086138e-03 -9.165909764255333e-04 -1.007697201960649e+00
21 29 -1.000282200801756e+00 -1.895706863067429e-03 -9.162665841755205e-04 -1.007696266292468e+00
21 30 -1.000282338236187e+00 -1.896154779125532e-03 -9.158876969819907e-04 -1.007694997823869e+00
21 31 -1.000282513641982e+00 -1.896674253982229e-03 -9.154714462481797e-04 -1.007693447070199e+00
22 0 -1.000282439886964e+00 -1.897076138922803e-03 -9.154186932345365e-04 -1.007692273885349e+00
22 1 -1.000282667989127e+00 -1.897671398344981e-03 -9.149869511973224e-04 -1.007690360531486e+00
22 2 -1.000282910699195e+00 -1.898272075342839e-03 -9.145744612210402e-04 -1.007688368046765e+00
22 3 -1.000283158897915e+00 -1.898854829793498e-03 -9.141984739730396e-04 -1.007686373174391e+00
22 4 -1.000283403352703e+00 -1.899397283885665e-03 -9.138737844359022e-04 -1.007684452090001e+00
22 5 -1.000283635023823e+00 -1.899878873910972e-03 -9.136121276067422e-04 -1.007682677563557e+00
22 6 -1.000283845356214e+00 -1.900281595371780e-03 -9.134218483037883e-04 -1.007681116330207e+00
22 7 -1.000284026554557e+00 -1.900590619905341e-03 -9.133078373118606e-04 -1.007679826745017e+00
22 8 -1.000284171839302e+00 -1.900794770707342e-03 -9.132716989632699e-04 -1.007678856780776e+00
22 9 -1.000284275680381e+00 -1.900886851042408e-03 -9.133120939682944e-04 -1.007678242412616e+00
22 10 -1.000284334003418e+00 -1.900863827027184e-03 -9.134251886171426e-04 -1.007678006420259e+00
22 11 -1.000284344360999e+00 -1.900726870506787e-03 -9.136051384841255e-04 -1.007678157629229e+00
22 12 -1.000284306059605e+00 -1.900481270710642e-03 -9.138445406753481e-04 -1.007678690605072e+00
22 13 -1.000284220231874e+00 -1.900136224775740e-03 -9.141348024959615e-04 -1.007679585807895e+00
22 14 -1.000284089844254e+00 -1.899704517067116e-03 -9.144663957063518e-04 -1.007680810208347e+00
22 15 -1.000283919631947e+00 -1.899202095721982e-03 -9.148289925724449e-04 -1.007682318360111e+00
22 16 -1.000283715956491e+00 -1.898647553258008e-03 -9.152115082472637e-04 -1.007684053915618e+00
22 17 -1.000283486586183e+00 -1.898061517973805e-03 -9.156020979100044e-04 -1.007685951558316e+00
22 18 -1.000283240404989e+00 -1.897465964668826e-03 -9.159881721985413e-04 -1.007687939307619e+00
22 19 -1.000282987060781e+00 -1.896883456237150e-03 -9.163564984836273e-04 -1.007689941135194e+00
22 20 -1.000282736568015e+00 -1.896336331575380e-03 -9.166934468955725e-04 -1.007691879815674e+00
22 21 -1.000282498883386e+00 -1.895845860600038e-03 -9.169854179910965e-04 -1.007693679919117e+00
22 22 -1.000282283475682e+00 -1.895431394384541e-03 -9.172194557191968e-04 -1.007695270834379e+00
22 23 -1.000282098912595e+00 -1.895109546345266e-03 -9.173840110148098e-04 -1.007696589694352e+00
22 24 -1.000281952487303e+00 -1.894893446815355e-03 -9.174697857671599e-04 -1.007697584061074e+00
22 25 -1.000281849905822e+00 -1.894792116482592e-03 -9.174705606343696e-04 -1.007698214225381e+00
22 26 -1.000281795052680e+00 -1.894810003138932e-03 -9.173838977493036e-04 -1.007698454983995e+00
22 27 -1.000281789847390e+00 -1.894946720173415e-03 -9.172116140824238e-04 -1.007698296778455e+00
22 28 -1.000281834197617e+00 -1.895197013444325e-03 -9.169599443468602e-04 -1.007697746117177e+00
22 29 -1.000281926047402e+00 -1.895550966188983e-03 -9.166393507621218e-04 -1.007696825252372e+00
22 30 -1.000282061511567e+00 -1.895994432318302e-03 -9.162639830505479e-04 -1.007695571139171e+00
22 31 -1.000282235081816e+00 -1.896509670636082e-03 -9.158508366435809e-04 -1.007694033753993e+00
23 0 -1.000282162275832e+00 -1.896831583245003e-03 -9.161831702028677e-04 -1.007692969257214e+00
23 1 -1.000282388860721e+00 -1.897423287878545e-03 -9.157530782487454e-04 -1.007691066856697e+00
23 2 -1.000282630309087e+00 -1.898020885244446e-03 -9.153416976638767e-04 -1.007689083522791e+00
23 3 -1.000282877550108e+00 -1.898601150544207e-03 -9.149662376553825e-04 -1.007687095659074e+00
23 4 -1.000283121389199e+00 -1.899141800522170e-03 -9.146414737041117e-04 -1.007685179176414e+00
23 5 -1.000283352812655e+00 -1.899622341973428e-03 -9.143791437713528e-04 -1.007683406663665e+00
23 6 -1.000283563278177e+00 -1.900024814091235e-03 -9.141876178583892e-04 -1.007681844765734e+00
23 7 -1.000283744988915e+00 -1.900334403112747e-03 -9.140718333355852e-04 -1.007680551844061e+00
23 8 -1.000283891148934e+00 -1.900539916208065e-03 -9.140334611433337e-04 -1.007679575977756e+00
23 9 -1.000283996197011e+00 -1.900634109611837e-03 -9.140712464675089e-04 -1.007678953347835e+00
23 10 -1.000284056013661e+00 -1.900613872418259e-03 -9.141814548750091e-04 -1.007678707034737e+00
23 11 -1.000284068093929e+00 -1.900480271840307e-03 -9.143583522208573e-04 -1.007678846250470e+00
23 12 -1.000284031676542e+00 -1.900238468530179e-03 -9.145946527145457e-04 -1.007679366019497e+00
23 13 -1.000283947819036e+00 -1.899897511997712e-03 -9.148818832031449e-04 -1.007680247315798e+00
23 14 -1.000283819408750e+00 -1.899470025924680e-03 -9.152106328201993e-04 -1.007681457657838e+00
23 15 -1.000283651101358e+00 -1.898971791483523e-03 -9.155706842765591e-04 -1.007682952157799e+00
23 16 -1.000283449182033e+00 -1.898421235093521e-03 -9.159510516674401e-04 -1.007684675013096e+00
23 17 -1.000283221349296e+00 -1.897838826983689e-03 -9.163399736200082e-04 -1.007686561414644e+00
23 18 -1.000282976426984e+00 -1.897246398749361e-03 -9.167249254917689e-04 -1.007688539829193e+00
23 19 -1.000282724014979e+00 -1.896666391043009e-03 -9.170927181485481e-04 -1.007690534596020e+00
23 20 -1.000282474093605e+00 -1.896121046431081e-03 -9.174297422699520e-04 -1.007692468762519e+00
23 21 -1.000282236600261e+00 -1.895631568001026e-03 -9.177223952333430e-04 -1.007694267066509e+00
23 22 -1.000282020999575e+00 -1.895217271738138e-03 -9.179576943273513e-04 -1.007695858954262e+00
23 23 -1.000281835869926e+00 -1.894894768643478e-03 -9.181240415100585e-04 -1.007697181505077e+00
23 24 -1.000281688529150e+00 -1.894677218888953e-03 -9.182120692790640e-04 -1.007698182120587e+00
23 25 -1.000281584720510e+00 -1.894573703479454e-03 -9.182154710747555e-04 -1.007698820833244e+00
23 26 -1.000281528376650e+00 -1.894588758038389e-03 -9.181317073061267e-04 -1.007699072095944e+00
23 27 -1.000281521474144e+00 -1.894722107408721e-03 -9.179624827161121e-04 -1.007698925936105e+00
23 28 -1.000281563984555e+00 -1.894968627886754e-03 -9.177139137691043e-04 -1.007698388395019e+00
23 29 -1.000281653920360e+00 -1.895318546880033e-03 -9.173963431315604e-04 -1.007697481223708e+00
23 30 -1.000281787466965e+00 -1.895757870601216e-03 -9.170238044076978e-04 -1.007696240861601e+00
23 31 -1.000281959186492e+00 -1.896269012729733e-03 -9.166131848873163e-04 -1.007694716773493e+00
24 0 -1.000281897837112e+00 -1.896519999773975e-03 -9.173000040890277e-04 -1.007693736510661e+00
24 1 -1.000282122811833e+00 -1.897108070026768e-03 -9.168712358933269e-04 -1.007691845659644e+00
24 2 -1.000282362836569e+00 -1.897702323035035e-03 -9.164608287979425e-04 -1.007689872628373e+00
24 3 -1.000282608895168e+00 -1.898279659179026e-03 -9.160859578568111e-04 -1.007687893435431e+00
24 4 -1.000282851839807e+00 -1.898817906885432e-03 -9.157613780582848e-04 -1.007685983660584e+00
24 5 -1.000283082693723e+00 -1.899296667146815e-03 -9.154988208345841e-04 -1.007684215627326e+00
24 6 -1.000283292939930e+00 -1.899698051893599e-03 -9.153066639341222e-04 -1.007682655792464e+00
24 7 -1.000283474793729e+00 -1.900007295048930e-03 -9.151898668141147e-04 -1.007681362416655e+00
24 8 -1.000283621457140e+00 -1.900213223689731e-03 -9.151501363372709e-04 -1.007680383572663e+00
24 9 -1.000283727352250e+00 -1.900308584464134e-03 -9.151862664173489e-04 -1.007679755533330e+00
24 10 -1.000283788328427e+00 -1.900290226670856e-03 -9.152945828312993e-04 -1.007679501569424e+00
24 11 -1.000283801836007e+00 -1.900159148054575e-03 -9.154694214967723e-04 -1.007679631177878e+00
24 12 -1.000283767057171e+00 -1.899920412347546e-03 -9.157035743336728e-04 -1.007680139753183e+00
24 13 -1.000283684983583e+00 -1.899582948650470e-03 -9.159886506518802e-04 -1.007681008709311e+00
24 14 -1.000283558430426e+00 -1.899159241963514e-03 -9.163153234570811e-04 -1.007682206055643e+00
24 15 -1.000283391978227e+00 -1.898664922454692e-03 -9.166734572899712e-04 -1.007683687425025e+00
24 16 -1.000283191837464e+00 -1.898118259753227e-03 -9.170521426229493e-04 -1.007685397542484e+00
24 17 -1.000282965635851e+00 -1.897539568562291e-03 -9.174396856863123e-04 -1.007687272109427e+00
24 18 -1.000282722133497e+00 -1.896950533281708e-03 -9.178236176074244e-04 -1.007689240062481e+00
24 19 -1.000282470876213e+00 -1.896373462020490e-03 -9.181907906588467e-04 -1.007691226149870e+00
24 20 -1.000282221801793e+00 -1.895830484620846e-03 -9.185276207211881e-04 -1.007693153751165e+00
24 21 -1.000281984817907e+00 -1.895342715369924e-03 -9.188205130421652e-04 -1.007694947847747e+00
24 22 -1.000281769373013e+00 -1.894929408508913e-03 -9.190564750999991e-04 -1.007696538032564e+00
24 23 -1.000281584043037e+00 -1.894607142263592e-03 -9.192238818681838e-04 -1.007697861430841e+00
24 24 -1.000281436156604e+00 -1.894389073456285e-03 -9.193133229781844e-04 -1.007698865390661e+00
24 25 -1.000281331480072e+00 -1.894284308368962e-03 -9.193184349828562e-04 -1.007699509796993e+00
24 26 -1.000281273980341e+00 -1.894297434886743e-03 -9.192366097127277e-04 -1.007699768869435e+00
24 27 -1.000281265678102e+00 -1.894428254711810e-03 -9.190694745689059e-04 -1.007699632326486e+00
24 28 -1.000281306597305e+00 -1.894671742274657e-03 -9.188230634634090e-04 -1.007699105837779e+00
24 29 -1.000281394809176e+00 -1.895018240212334e-03 -9.185076350955134e-04 -1.007698210735402e+00
24 30 -1.000281526562192e+00 -1.895453882561331e-03 -9.181371411633906e-04 -1.007696983008795e+00
24 31 -1.000281696483912e+00 -1.895961219068584e-03 -9.177283920503817e-04 -1.007695471656992e+00
25 0 -1.000281656761167e+00 -1.896153019306054e-03 -9.187260492207340e-04 -1.007694547617575e+00
25 1 -1.000281880091565e+00 -1.896737507742775e-03 -9.182982449427719e-04 -1.007692668490828e+00
25 2 -1.000282118581970e+00 -1.897328271720792e-03 -9.178886573409007e-04 -1.007690706543503e+00
25 3 -1.000282363275218e+00 -1.897902342294651e-03 -9.175144348947352e-04 -1.007688737377322e+00
25 4 -1.000282605077402e+00 -1.898437672815317e-03 -9.171903110249262e-04 -1.007686836186123e+00
25 5 -1.000282835058316e+00 -1.898913978750785e-03 -9.169280009276065e-04 -1.007685074953299e+00
25 6 -1.000283044737968e+00 -1.899313471199313e-03 -9.167358720387128e-04 -1.007683519856241e+00
25 7 -1.000283226357171e+00 -1.899621463390631e-03 -9.166188799869206e-04 -1.007682228950301e+00
25 8 -1.000283373130458e+00 -1.899826837915991e-03 -9.165787347118529e-04 -1.007681250188116e+00
25 9 -1.000283479478409e+00 -1.899922369894040e-03 -9.166142406062187e-04 -1.007680619816056e+00
25 10 -1.000283541234420e+00 -1.899904907639270e-03 -9.167217419666469e-04 -1.007680361177350e+00
25 11 -1.000283555818693e+00 -1.899775417390731e-03 -9.168956016454615e-04 -1.007680483940919e+00
25 12 -1.000283522370299e+00 -1.899538901629408e-03 -9.171286465165415e-04 -1.007680983767314e+00
25 13 -1.000283441826787e+00 -1.899204201078448e-03 -9.174125276572699e-04 -1.007681842419315e+00
25 14 -1.000283316940793e+00 -1.898783689260896e-03 -9.177379650048661e-04 -1.007683028322091e+00
25 15 -1.000283152224853e+00 -1.898292866824845e-03 -9.180948733189437e-04 -1.007684497572300e+00
25 16 -1.000282953819244e+00 -1.897749861795014e-03 -9.184723943391708e-04 -1.007686195385334e+00
25 17 -1.000282729282553e+00 -1.897174841824823e-03 -9.188588839370601e-04 -1.007688057956574e+00
25 18 -1.000282487309902e+00 -1.896589345569122e-03 -9.192419184757312e-04 -1.007690014697713e+00
25 19 -1.000282237388856e+00 -1.896015542922292e-03 -9.196083886437157e-04 -1.007691990793048e+00
25 20 -1.000281989407772e+00 -1.895475438464033e-03 -9.199447400368049e-04 -1.007693910002381e+00
25 21 -1.000281753235259e+00 -1.894990038807096e-03 -9.202373974764540e-04 -1.007695697617828e+00
25 22 -1.000281538292147e+00 -1.894578511879422e-03 -9.204733768996025e-04 -1.007697283463300e+00
25 23 -1.000281353138686e+00 -1.894257373609436e-03 -9.206410503332992e-04 -1.007698604808954e+00
25 24 -1.000281205099813e+00 -1.894039743972878e-03 -9.207309935310618e-04 -1.007699609059620e+00
25 25 -1.000281099949867e+00 -1.893934718294528e-03 -9.207368192752706e-04 -1.007700256069969e+00
25 26 -1.000281041674848e+00 -1.893946899088843e-03 -9.206558871483722e-04 -1.007700519945773e+00
25 27 -1.000281032324882e+00 -1.894076127215464e-03 -9.204897856575363e-04 -1.007700390213984e+00
25 28 -1.000281071962639e+00 -1.894317438862185e-03 -9.202445054505621e-04 -1.007699872283296e+00
25 29 -1.000281158706037e+00 -1.894661258368385e-03 -9.199302600090025e-04 -1.007698987165891e+00
25 30 -1.000281288856748e+00 -1.895093818403222e-03 -9.195609559568219e-04 -1.007697770483787e+00
25 31 -1.000281457100435e+00 -1.895597781112830e-03 -9.191533603510423e-04 -1.007696270832931e+00
26 0 -1.000281448442333e+00 -1.895744427933990e-03 -9.204068692903182e-04 -1.007695372299605e+00
26 1 -1.000281670155344e+00 -1.896325520028688e-03 -9.199796423740155e-04 -1.007693504635499e+00
26 2 -1.000281907057226e+00 -1.896912778655199e-03 -9.195707018557887e-04 -1.007691554144730e+00
26 3 -1.000282150251973e+00 -1.897483366299581e-03 -9.191971775914620e-04 -1.007689595995539e+00
26 4 -1.000282390704745e+00 -1.898015369828529e-03 -9.188737807034893e-04 -1.007687704955437e+00
26 5 -1.000282619539805e+00 -1.898488635180738e-03 -9.186122006722238e-04 -1.007685952605626e+00
26 6 -1.000282828324564e+00 -1.898885495536296e-03 -9.184207763841384e-04 -1.007684404762486e+00
26 7 -1.000283009337908e+00 -1.899191372462854e-03 -9.183044330836817e-04 -1.007683119177955e+00
26 8 -1.000283155821095e+00 -1.899395237897584e-03 -9.182648501079905e-04 -1.007682143574256e+00
26 9 -1.000283262208480e+00 -1.899489932492221e-03 -9.183008032474023e-04 -1.007681514053636e+00
26 10 -1.000283324333278e+00 -1.899472342442054e-03 -9.184086126060923e-04 -1.007681253911003e+00
26 11 -1.000283339601340e+00 -1.899343441839087e-03 -9.185826233071031e-04 -1.007681372867123e+00
26 12 -1.000283307123764e+00 -1.899108210263555e-03 -9.188156523761124e-04 -1.007681866733509e+00
26 13 -1.000283227797824e+00 -1.898775435708233e-03 -9.190993497599116e-04 -1.007682717516633e+00
26 14 -1.000283104325592e+00 -1.898357411702536e-03 -9.194244433069944e-04 -1.007683893966428e+00
26 15 -1.000282941161340e+00 -1.897869535751645e-03 -9.197808643944642e-04 -1.007685352568941e+00
26 16 -1.000282744382316e+00 -1.897329814882724e-03 -9.201577789053936e-04 -1.007687038973944e+00
26 17 -1.000282521482278e+00 -1.896758283802223e-03 -9.205435724665283e-04 -1.007688889835462e+00
26 18 -1.000282281092519e+00 -1.896176342305308e-03 -9.209258545823391e-04 -1.007690835027789e+00
26 19 -1.000282032640325e+00 -1.895606021427941e-03 -9.212915503302862e-04 -1.007692800182542e+00
26 20 -1.000281785959545e+00 -1.895069192492467e-03 -9.216271390097230e-04 -1.007694709473977e+00
26 21 -1.000281550871830e+00 -1.894586739464604e-03 -9.219190766849972e-04 -1.007696488560842e+00
26 22 -1.000281336759880e+00 -1.894177722405688e-03 -9.221544065206945e-04 -1.007698067574293e+00
26 23 -1.000281152155526e+00 -1.893858567441357e-03 -9.223215226543689e-04 -1.007699384023929e+00
26 24 -1.000281004365586e+00 -1.893642325297871e-03 -9.224110173723070e-04 -1.007700385480337e+00
26 25 -1.000280899156905e+00 -1.893538044336396e-03 -9.224165145476651e-04 -1.007701031886744e+00
26 26 -1.000280840518638e+00 -1.893550303332738e-03 -9.223353799160130e-04 -1.007701297359394e+00
26 27 -1.000280830514446e+00 -1.893678942829496e-03 -9.221692038582825e-04 -1.007701171359163e+00
26 28 -1.000280869230457e+00 -1.893919021741371e-03 -9.219239753379328e-04 -1.007700659155357e+00
26 29 -1.000280954817376e+00 -1.894261009324988e-03 -9.216099033505230e-04 -1.007699781551981e+00
26 30 -1.000281083618143e+00 -1.894691203958274e-03 -9.212408879312061e-04 -1.007698573900300e+00
26 31 -1.000281250366982e+00 -1.895192352286132e-03 -9.208336878836180e-04 -1.007697084471228e+00
27 0 -1.000281281097501e+00 -1.895309684073159e-03 -9.222787760016311e-04 -1.007696179059486e+00
27 1 -1.000281501281483e+00 -1.895887694650112e-03 -9.218517193818157e-04 -1.007694322159331e+00
27 2 -1.000281736600647e+00 -1.896471564270594e-03 -9.214432334884062e-04 -1.007692383063732e+00
27 3 -1.000281978219966e+00 -1.897038582518167e-03 -9.210704382148584e-04 -1.007690436507595e+00
27 4 -1.000282217166554e+00 -1.897566973201230e-03 -9.207480223811668e-04 -1.007688556808200e+00
27 5 -1.000282444625034e+00 -1.898036723898324e-03 -9.204876407411757e-04 -1.007686815097359e+00
27 6 -1.000282652218961e+00 -1.898430308436995e-03 -9.202975857267205e-04 -1.007685276761666e+00
27 7 -1.000282832276513e+00 -1.898733281849331e-03 -9.201827261807011e-04 -1.007683999162375e+00
27 8 -1.000282978078931e+00 -1.898934735917860e-03 -9.201446779874353e-04 -1.007683029689426e+00
27 9 -1.000283084089141e+00 -1.899027611465014e-03 -9.201821500451282e-04 -1.007682404188391e+00
27 10 -1.000283146156036e+00 -1.899008870163544e-03 -9.202913959330037e-04 -1.007682145786255e+00
27 11 -1.000283161687467e+00 -1.898879533210754e-03 -9.204666983129051e-04 -1.007682264132953e+00
27 12 -1.000283129782781e+00 -1.898644596633219e-03 -9.207008192693767e-04 -1.007682755069795e+00
27 13 -1.000283051314388e+00 -1.898312833483426e-03 -9.209853643167528e-04 -1.007683600732073e+00
27 14 -1.000282928947782e+00 -1.897896492073669e-03 -9.213110295253458e-04 -1.007684770090176e+00
27 15 -1.000282767090995e+00 -1.897410897345324e-03 -9.216677281785521e-04 -1.007686219929399e+00
27 16 -1.000282571767817e+00 -1.896873960665240e-03 -9.220446216995049e-04 -1.007687896261132e+00
27 17 -1.000282350413897e+00 -1.896305602917851e-03 -9.224301040149643e-04 -1.007689736145567e+00
27 18 -1.000282111600284e+00 -1.895727097176761e-03 -9.228118042599391e-04 -1.007691669889689e+00
27 19 -1.000281864694291e+00 -1.895160340317435e-03 -9.231766766735981e-04 -1.007693623566425e+00
27 20 -1.000281619472263e+00 -1.894627067502483e-03 -9.235112372228284e-04 -1.007695521782869e+00
27 21 -1.000281385702707e+00 -1.894148029606728e-03 -9.238019840366333e-04 -1.007697290606911e+00
27 22 -1.000281172721062e+00 -1.893742161152733e-03 -9.240360057036727e-04 -1.007698860542316e+00
27 23 -1.000280989019068e+00 -1.893425774208693e-03 -9.242017433621819e-04 -1.007700169423928e+00
27 24 -1.000280841871694e+00 -1.893211820349942e-03 -9.242898365237054e-04 -1.007701165090993e+00
27 25 -1.000280737023042e+00 -1.893109266520406e-03 -9.242939556194684e-04 -1.007701807691419e+00
27 26 -1.000280678449214e+00 -1.893122629969965e-03 -9.242115116419912e-04 -1.007702071476881e+00
27 27 -1.000280668210883e+00 -1.893251711227200e-03 -9.240441382707680e-04 -1.007701945970950e+00
27 28 -1.000280706401477e+00 -1.893491551959827e-03 -9.237978650324951e-04 -1.007701436430577e+00
27 29 -1.000280791189325e+00 -1.893832627761099e-03 -9.234829379622049e-04 -1.007700563571425e+00
27 30 -1.000280918945031e+00 -1.894261267058698e-03 -9.231132898390642e-04 -1.007699362581763e+00
27 31 -1.000281084439836e+00 -1.894760269626055e-03 -9.227057069245790e-04 -1.007697881498852e+00
28 0 -1.000281161417302e+00 -1.894865359803224e-03 -9.242711407054829e-04 -1.007696936366135e+00
28 1 -1.000281380220157e+00 -1.895440724697690e-03 -9.238438336756894e-04 -1.007695089109636e+00
28 2 -1.000281614023695e+00 -1.896021453700534e-03 -9.234355887361973e-04 -1.007693160904569e+00
28 3 -1.000281854051318e+00 -1.896584954099397e-03 -9.230635251058859e-04 -1.007691226069804e+00
28 4 -1.000282091392598e+00 -1.897109584783743e-03 -9.227423100790223e-04 -1.007689358465845e+00
28 5 -1.000282317296150e+00 -1.897575480846480e-03 -9.224835556028344e-04 -1.007687628744774e+00
28 6 -1.000282523448294e+00 -1.897965270033160e-03 -9.222954911207705e-04 -1.007686101810859e+00
28 7 -1.000282702235861e+00 -1.898264660801098e-03 -9.221829050028447e-04 -1.007684834562472e+00
28 8 -1.000282846991816e+00 -1.898462890658104e-03 -9.221473190646718e-04 -1.007683873968087e+00
28 9 -1.000282952221429e+00 -1.898553031566013e-03 -9.221873391435503e-04 -1.007683255513220e+00
28 10 -1.000283013804602e+00 -1.898532155629312e-03 -9.222991118665193e-04 -1.007683002042941e+00
28 11 -1.000283029167493e+00 -1.898401368690653e-03 -9.224768145282410e-04 -1.007683123016071e+00
28 12 -1.000282997414351e+00 -1.898165721894466e-03 -9.227131108988651e-04 -1.007683614181460e+00
28 13 -1.000282919409128e+00 -1.897834011800927e-03 -9.229995200508104e-04 -1.007684457683014e+00
28 14 -1.000282797796233e+00 -1.897418478353795e-03 -9.233266671522426e-04 -1.007685622597675e+00
28 15 -1.000282636951343e+00 -1.896934407674497e-03 -9.236844125386225e-04 -1.007687065907212e+00
28 16 -1.000282442856436e+00 -1.896399644657157e-03 -9.240618839546773e-04 -1.007688733897556e+00
28 17 -1.000282222897983e+00 -1.895834019879476e-03 -9.244474612530065e-04 -1.007690563967071e+00
28 18 -1.000281985592702e+00 -1.895258696771474e-03 -9.248287784893535e-04 -1.007692486808759e+00
28 19 -1.000281740250590e+00 -1.894695448070047e-03 -9.251928123775484e-04 -1.007694428913455e+00
28 20 -1.000281496589726e+00 -1.894165875222456e-03 -9.255261168930232e-04 -1.007696315322618e+00
28 21 -1.000281264321296e+00 -1.893690590663901e-03 -9.258152413914732e-04 -1.007698072540254e+00
28 22 -1.000281052726169e+00 -1.893288390471128e-03 -9.260473365091110e-04 -1.007699631494013e+00
28 23 -1.000280870245893e+00 -1.892975452743715e-03 -9.262109139228604e-04 -1.007700930417346e+00
28 24 -1.000280724111096e+00 -1.892764603693731e-03 -9.262966900009677e-04 -1.007701917510993e+00
28 25 -1.000280620028682e+00 -1.892664697251487e-03 -9.262984163181549e-04 -1.007702553236557e+00
28 26 -1.000280561945894e+00 -1.892680153439293e-03 -9.262135873074094e-04 -1.007702812101774e+00
28 27 -1.000280551903973e+00 -1.892810694505475e-03 -9.260439203634593e-04 -1.007702683819631e+00
28 28 -1.000280589987221e+00 -1.893051305556698e-03 -9.257955269459971e-04 -1.007702173762210e+00
28 29 -1.000280674365723e+00 -1.893392429563604e-03 -9.254787311071888e-04 -1.007701302680378e+00
28 30 -1.000280801422959e+00 -1.893820387870882e-03 -9.251075373611042e-04 -1.007700105714314e+00
28 31 -1.000280965954076e+00 -1.894317999684695e-03 -9.246987947032454e-04 -1.007698630768912e+00
29 0 -1.000281094268626e+00 -1.894428523139478e-03 -9.263089105630445e-04 -1.007697613950375e+00
29 1 -1.000281311893492e+00 -1.895001785711381e-03 -9.258809274448182e-04 -1.007695774828709e+00
29 2 -1.000281544308626e+00 -1.895579748378180e-03 -9.254726891264614e-04 -1.007693856575246e+00
29 3 -1.000281782791016e+00 -1.896139922128305e-03 -9.251013235761645e-04 -1.007691933126423e+00
29 4 -1.000282018490805e+00 -1.896660793878174e-03 -9.247814781078209e-04 -1.007690077897030e+00
29 5 -1.000282242721749e+00 -1.897122646330737e-03 -9.245247154974277e-04 -1.007688361047884e+00
29 6 -1.000282447237088e+00 -1.897508268277581e-03 -9.243391882966940e-04 -1.007686846967578e+00
29 7 -1.000282624489349e+00 -1.897803535503345e-03 -9.242295834818744e-04 -1.007685592037626e+00
29 8 -1.000282767872999e+00 -1.897997851549073e-03 -9.241973014996555e-04 -1.007684642731924e+00
29 9 -1.000282871947860e+00 -1.898084445579032e-03 -9.242408124225135e-04 -1.007684034085973e+00
29 10 -1.000282932639033e+00 -1.898060530922003e-03 -9.243561192377025e-04 -1.007683788559425e+00
29 11 -1.000282947406618e+00 -1.897927332362095e-03 -9.245372548349339e-04 -1.007683915306800e+00
29 12 -1.000282915376284e+00 -1.897689992759501e-03 -9.247767448133997e-04 -1.007684409865410e+00
29 13 -1.000282837420292e+00 -1.897357369880088e-03 -9.250659825179096e-04 -1.007685254266675e+00
29 14 -1.000282716178324e+00 -1.896941732700721e-03 -9.253954849404854e-04 -1.007686417575447e+00
29 15 -1.000282556008899e+00 -1.896458364017812e-03 -9.257550257647174e-04 -1.007687856858889e+00
29 16 -1.000282362865512e+00 -1.895925074273217e-03 -9.261336703866974e-04 -1.007689518578943e+00
29 17 -1.000282144096361e+00 -1.895361631007479e-03 -9.265197620619114e-04 -1.007691340390251e+00
29 18 -1.000281908171880e+00 -1.894789109540073e-03 -9.269009241119804e-04 -1.007693253309737e+00
29 19 -1.000281664349618e+00 -1.894229173445425e-03 -9.272641473866063e-04 -1.007695184206381e+00
29 20 -1.000281422290908e+00 -1.893703298220230e-03 -9.275960230971025e-04 -1.007697058540465e+00
29 21 -1.000281191647766e+00 -1.893231958049370e-03 -9.278831586431964e-04 -1.007698803261690e+00
29 22 -1.000280981641366e+00 -1.892833803159085e-03 -9.281127808738089e-04 -1.007700349756010e+00
29 23 -1.000280800654927e+00 -1.892524862955688e-03 -9.282734929970618e-04 -1.007701636713475e+00
29 24 -1.000280655863908e+00 -1.892317816796328e-03 -9.283561152417345e-04 -1.007702612775642e+00
29 25 -1.000280552924982e+00 -1.892221378234519e-03 -9.283545122429671e-04 -1.007703238815100e+00
29 26 -1.000280495741865e+00 -1.892239838046131e-03 -9.282662974437182e-04 -1.007703489706507e+00
29 27 -1.000280486320673e+00 -1.892372804877853e-03 -9.280933099116225e-04 -1.007703355471841e+00
29 28 -1.000280524720442e+00 -1.892615169984250e-03 -9.278417821308917e-04 -1.007702841721834e+00
29 29 -1.000280609096981e+00 -1.892957305807644e-03 -9.275221550096029e-04 -1.007701969365344e+00
29 30 -1.000280735831302e+00 -1.893385489576476e-03 -9.271485418094962e-04 -1.007700773611675e+00
29 31 -1.000280899728385e+00 -1.893882525309727e-03 -9.267378878873661e-04 -1.007699302340189e+00
30 0 -1.000281082466326e+00 -1.894016082402939e-03 -9.283152625847353e-04 -1.007698184147760e+00
30 1 -1.000281299164785e+00 -1.894587874944281e-03 -9.278861838262197e-04 -1.007696351314561e+00
30 2 -1.000281530375120e+00 -1.895163559720396e-03 -9.274776999778312e-04 -1.007694441667350e+00
30 3 -1.000281767420929e+00 -1.895720733329271e-03 -9.271069570618986e-04 -1.007692528808907e+00
30 4 -1.000282001508649e+00 -1.896237998579294e-03 -9.267885849931691e-04 -1.007690685737091e+00
30 5 -1.000282224015711e+00 -1.896695779863460e-03 -9.265340933991457e-04 -1.007688982129824e+00
30 6 -1.000282426763743e+00 -1.897077027618306e-03 -9.263515474522576e-04 -1.007687481847468e+00
30 7 -1.000282602275443e+00 -1.897367792281537e-03 -9.262455158256439e-04 -1.007686240720983e+00
30 8 -1.000282744014187e+00 -1.897557657327878e-03 -9.262172547979229e-04 -1.007685304675692e+00
30 9 -1.000282846604452e+00 -1.897640029063273e-03 -9.262650710621687e-04 -1.007684708224663e+00
30 10 -1.000282906029003e+00 -1.897612287296055e-03 -9.263847928137442e-04 -1.007684473353633e+00
30 11 -1.000282919796281e+00 -1.897475805514261e-03 -9.265702749841125e-04 -1.007684608810945e+00
30 12 -1.000282887069155e+00 -1.897235851567244e-03 -9.268138700776116e-04 -1.007685109810605e+00
30 13 -1.000282808744708e+00 -1.896901379949283e-03 -9.271068106151688e-04 -1.007685958154173e+00
30 14 -1.000282687474430e+00 -1.896484725019592e-03 -9.274394716027872e-04 -1.007687122776076e+00
30 15 -1.000282527615565e+00 -1.896001201982191e-03 -9.278015090492121e-04 -1.007688560714160e+00
30 16 -1.000282335107670e+00 -1.895468620493674e-03 -9.281818990326377e-04 -1.007690218500007e+00
30 17 -1.000282117273179e+00 -1.894906715196955e-03 -9.285689262509297e-04 -1.007692033951391e+00
30 18 -1.000281882546132e+00 -1.894336498580688e-03 -9.289501870761599e-04 -1.007693938333635e+00
30 19 -1.000281640138572e+00 -1.893779544469072e-03 -9.293126766264454e-04 -1.007695858839035e+00
30 20 -1.000281399658881e+00 -1.893257215280502e-03 -9.296430202818238e-04 -1.007697721314404e+00
30 21 -1.000281170700470e+00 -1.892789852793824e-03 -9.299278874289262e-04 -1.007699453146597e+00
30 22 -1.000280962422116e+00 -1.892395959866331e-03 -9.301545919515626e-04 -1.007700986195886e+00
30 23 -1.000280783142844e+00 -1.892091408332685e-03 -9.303118457943315e-04 -1.007702259649094e+00
30 24 -1.000280639974270e+00 -1.891888714933538e-03 -9.303905958720802e-04 -1.007703222650849e+00
30 25 -1.000280538511814e+00 -1.891796431019253e-03 -9.303848474506315e-04 -1.007703836565829e+00
30 26 -1.000280482602756e+00 -1.891818691160725e-03 -9.302923643515005e-04 -1.007704076732004e+00
30 27 -1.000280474203731e+00 -1.891954959335873e-03 -9.301151413473543e-04 -1.007703933588277e+00
30 28 -1.000280513333240e+00 -1.892199999017920e-03 -9.298595672411719e-04 -1.007703413099085e+00
30 29 -1.000280598117259e+00 -1.892544076772660e-03 -9.295362348479624e-04 -1.007702536448457e+00
30 30 -1.000280724919078e+00 -1.892973390340894e-03 -9.291593996553094e-04 -1.007701339029442e+00
30 31 -1.000280888539014e+00 -1.893470694358097e-03 -9.287461341921543e-04 -1.007699868804093e+00
31 0 -1.000281126629365e+00 -1.893644118141310e-03 -9.302143283104853e-04 -1.007698623208782e+00
31 1 -1.000281342692276e+00 -1.894215138657193e-03 -9.297837541880375e-04 -1.007696794547851e+00
31 2 -1.000281572931476e+00 -1.894789131007417e-03 -9.293747606035003e-04 -1.007694891801865e+00
31 3 -1.000281808708212e+00 -1.895343755641638e-03 -9.290045210121991e-04 -1.007692988302816e+00
31 4 -1.000282041278593e+00 -1.895857714270916e-03 -9.286876519362939e-04 -1.007691156677719e+00
31 5 -1.000282262079675e+00 -1.896311561279526e-03 -9.284356084816712e-04 -1.007689466149566e+00
31 6 -1.000282463000230e+00 -1.896688402912977e-03 -9.282563616052355e-04 -1.007687980058936e+00
31 7 -1.000282636634847e+00 -1.896974464686649e-03 -9.281543495142836e-04 -1.007686753674322e+00
31 8 -1.000282776520510e+00 -1.897159516754537e-03 -9.281306673725820e-04 -1.007685832340286e+00
31 9 -1.000282877353931e+00 -1.897237155456880e-03 -9.281834375211450e-04 -1.007685249995729e+00
31 10 -1.000282935185795e+00 -1.897204945840751e-03 -9.283082890708292e-04 -1.007685028082346e+00
31 11 -1.000282947585479e+00 -1.897064434231143e-03 -9.284988720671869e-04 -1.007685174855705e+00
31 12 -1.000282913767473e+00 -1.896821042088217e-03 -9.287473372542538e-04 -1.007685685106632e+00
31 13 -1.000282834669290e+00 -1.896483852527912e-03 -9.290447270880927e-04 -1.007686540297894e+00
31 14 -1.000282712970346e+00 -1.896065299162241e-03 -9.293812459838310e-04 -1.007687709119892e+00
31 15 -1.000282553042578e+00 -1.895580764186150e-03 -9.297464053749339e-04 -1.007689148467193e+00
31 16 -1.000282360826731e+00 -1.895048090404135e-03 -9.301290677798832e-04 -1.007690804831304e+00
31 17 -1.000282143633063e+00 -1.894487011319343e-03 -9.305174386957709e-04 -1.007692616092714e+00
31 18 -1.000281909870668e+00 -1.893918504692121e-03 -9.308990713902283e-04 -1.007694513678822e+00
31 19 -1.000281668714913e+00 -1.893364077867811e-03 -9.312609542975116e-04 -1.007696425036714e+00
31 20 -1.000281429727191e+00 -1.892844997774013e-03 -9.315897417009971e-04 -1.007698276351528e+00
31 21 -1.000281202445207e+00 -1.892381485022407e-03 -9.318721656567830e-04 -1.007699995421207e+00
31 22 -1.000280995965112e+00 -1.891991899521319e-03 -9.320956337161710e-04 -1.007701514577495e+00
31 23 -1.000280818538467e+00 -1.891691953019365e-03 -9.322489788469685e-04 -1.007702773524244e+00
31 24 -1.000280677206975e+00 -1.891493990469007e-03 -9.323232920726218e-04 -1.007703721951092e+00
31 25 -1.000280577496244e+00 -1.891406385689707e-03 -9.323127412290159e-04 -1.007704321776228e+00
31 26 -1.000280523186410e+00 -1.891433096177013e-03 -9.322152662199854e-04 -1.007704548879283e+00
31 27 -1.000280516172165e+00 -1.891573415663885e-03 -9.320330459425022e-04 -1.007704394208160e+00
31 28 -1.000280556417756e+00 -1.891821950720029e-03 -9.317726553118577e-04 -1.007703864182677e+00
31 29 -1.000280642004910e+00 -1.892168830669196e-03 -9.314448688784581e-04 -1.007702980368833e+00
31 30 -1.000280769264558e+00 -1.892600141308323e-03 -9.310641131491937e-04 -1.007701778451382e+00
31 31 -1.000280932977934e+00 -1.893098555325522e-03 -9.306476146833887e-04 -1.007700306580867e+00
