8.568904180080734e-07
1.000000000000000e-12
1.000000000000000e-17
3.539445958542898e-01
1.942776892652281e-01
-4.824924087197670e-02
-1.500017464083440e+00
1.901109735892602e-07
32
32
-2.309596107430788e-03
1
0 0 -1.000281573300228e+00 -1.893767899520767e-03 -9.307450258654821e-04 -1.007697464309149e+00
0 1 -1.000281750240053e+00 -1.894234689977140e-03 -9.303951988574125e-04 -1.007695969713514e+00
0 2 -1.000281938482041e+00 -1.894703292546466e-03 -9.300628568577691e-04 -1.007694417049745e+00
0 3 -1.000282130929255e+00 -1.895155510163353e-03 -9.297617503164386e-04 -1.007692866126400e+00
0 4 -1.000282320393791e+00 -1.895573972753649e-03 -9.295037196177530e-04 -1.007691376199159e+00
0 5 -1.000282499840500e+00 -1.895942800884990e-03 -9.292982076985807e-04 -1.007690003753172e+00
0 6 -1.000282662619036e+00 -1.896248183935122e-03 -9.291519739639597e-04 -1.007688800453729e+00
0 7 -1.000282802681463e+00 -1.896478855969180e-03 -9.290690068221712e-04 -1.007687811324248e+00
0 8 -1.000282914783138e+00 -1.896626459302720e-03 -9.290506117147872e-04 -1.007687073196771e+00
0 9 -1.000282994663924e+00 -1.896685791434448e-03 -9.290956370534158e-04 -1.007686613469027e+00
0 10 -1.000283039205554e+00 -1.896654935915683e-03 -9.292007917973497e-04 -1.007686449192443e+00
0 11 -1.000283046559720e+00 -1.896535281871152e-03 -9.293610045255246e-04 -1.007686586506560e+00
0 12 -1.000283016240567e+00 -1.896331439651787e-03 -9.295697757293268e-04 -1.007687020428186e+00
0 13 -1.000282949174628e+00 -1.896051060873184e-03 -9.298194846433859e-04 -1.007687734999387e+00
0 14 -1.000282847701376e+00 -1.895704570341847e-03 -9.301016285855811e-04 -1.007688703795387e+00
0 15 -1.000282715518748e+00 -1.895304816407923e-03 -9.304069922040938e-04 -1.007689890788680e+00
0 16 -1.000282557570564e+00 -1.894866646032531e-03 -9.307257616232019e-04 -1.007691251557456e+00
0 17 -1.000282379876112e+00 -1.894406411333141e-03 -9.310476123929727e-04 -1.007692734816041e+00
0 18 -1.000282189305909e+00 -1.893941415433989e-03 -9.313618099947303e-04 -1.007694284233381e+00
0 19 -1.000281993311377e+00 -1.893489307528696e-03 -9.316573653837247e-04 -1.007695840492462e+00
0 20 -1.000281799619811e+00 -1.893067440696570e-03 -9.319232822918881e-04 -1.007697343528474e+00
0 21 -1.000281615908984e+00 -1.892692210957987e-03 -9.321489168844522e-04 -1.007698734867799e+00
0 22 -1.000281449477795e+00 -1.892378401302667e-03 -9.323244474525932e-04 -1.007699959976041e+00
0 23 -1.000281306930217e+00 -1.892138559023743e-03 -9.324414276557330e-04 -1.007700970512726e+00
0 24 -1.000281193889754e+00 -1.891982438065787e-03 -9.324933754502420e-04 -1.007701726383857e+00
0 25 -1.000281114760263e+00 -1.891916539552154e-03 -9.324763337413070e-04 -1.007702197482948e+00
0 26 -1.000281072546325e+00 -1.891943782105425e-03 -9.323893308658628e-04 -1.007702365019696e+00
0 27 -1.000281068742065e+00 -1.892063328160359e-03 -9.322346724636590e-04 -1.007702222354971e+00
0 28 -1.000281103292435e+00 -1.892270583352146e-03 -9.320180120679724e-04 -1.007701775289806e+00
0 29 -1.000281174625822e+00 -1.892557374362913e-03 -9.317481730891267e-04 -1.007701041790972e+00
0 30 -1.000281279752252e+00 -1.892912297794757e-03 -9.314367248428075e-04 -1.007700051172437e+00
0 31 -1.000281414417440e+00 -1.893321220251550e-03 -9.310973449893086e-04 -1.007698842786812e+00
1 0 -1.000281692784161e+00 -1.893561496039453e-03 -9.319483930483849e-04 -1.007697579011884e+00
1 1 -1.000281869738078e+00 -1.894028760159917e-03 -9.315971262980573e-04 -1.007696084044876e+00
1 2 -1.000282057723839e+00 -1.894497153880360e-03 -9.312640934782369e-04 -1.007694533133561e+00
1 3 -1.000282249654458e+00 -1.894948488333572e-03 -9.309630742281671e-04 -1.007692986013914e+00
1 4 -1.000282438362090e+00 -1.895365428134185e-03 -9.307059075210498e-04 -1.007691501789097e+00
1 5 -1.000282616840889e+00 -1.895732153596391e-03 -9.305020043371745e-04 -1.007690136718568e+00
1 6 -1.000282778477863e+00 -1.896034936554008e-03 -9.303580622240574e-04 -1.007688942178200e+00
1 7 -1.000282917269055e+00 -1.896262612922751e-03 -9.302779796296803e-04 -1.007687962850130e+00
1 8 -1.000283028018799e+00 -1.896406942062481e-03 -9.302629475768010e-04 -1.007687235186963e+00
1 9 -1.000283106519084e+00 -1.896462848862003e-03 -9.303116810018484e-04 -1.007686786183764e+00
1 10 -1.000283149704837e+00 -1.896428549395118e-03 -9.304207425801073e-04 -1.007686632481752e+00
1 11 -1.000283155779846e+00 -1.896305565145198e-03 -9.305849079420265e-04 -1.007686779818528e+00
1 12 -1.000283124307203e+00 -1.896098633568037e-03 -9.307975237616178e-04 -1.007687222832228e+00
1 13 -1.000283056257472e+00 -1.895815523456592e-03 -9.310508204242914e-04 -1.007687945222898e+00
1 14 -1.000282954007681e+00 -1.895466762661589e-03 -9.313361574894151e-04 -1.007688920272097e+00
1 15 -1.000282821285441e+00 -1.895065284723273e-03 -9.316441988062834e-04 -1.007690111717272e+00
1 16 -1.000282663055146e+00 -1.894626000880733e-03 -9.319650312446981e-04 -1.007691474968751e+00
1 17 -1.000282485346739e+00 -1.894165304490128e-03 -9.322882554304885e-04 -1.007692958646163e+00
1 18 -1.000282295031177e+00 -1.893700515720895e-03 -9.326030878044268e-04 -1.007694506399946e+00
1 19 -1.000282099550225e+00 -1.893249276171925e-03 -9.328985174531714e-04 -1.007696058971417e+00
1 20 -1.000281906611765e+00 -1.892828906747366e-03 -9.331635545729237e-04 -1.007697556429867e+00
1 21 -1.000281723864959e+00 -1.892455747482139e-03 -9.333875902317748e-04 -1.007698940508355e+00
1 22 -1.000281558571836e+00 -1.892144503439437e-03 -9.335608642960213e-04 -1.007700156945265e+00
1 23 -1.000281417292699e+00 -1.891907625041599e-03 -9.336750154748025e-04 -1.007701157728947e+00
1 24 -1.000281305602391e+00 -1.891754754102950e-03 -9.337236668913979e-04 -1.007701903137661e+00
1 25 -1.000281227853039e+00 -1.891692268323939e-03 -9.337029837860693e-04 -1.007702363466699e+00
1 26 -1.000281186996284e+00 -1.891722955900603e-03 -9.336121306736346e-04 -1.007702520342172e+00
1 27 -1.000281184474029e+00 -1.891845846682669e-03 -9.334535584997702e-04 -1.007702367539858e+00
1 28 -1.000281220181727e+00 -1.892056216854144e-03 -9.332330693200032e-04 -1.007701911257198e+00
1 29 -1.000281292503024e+00 -1.892345772018239e-03 -9.329596324271723e-04 -1.007701169822326e+00
1 30 -1.000281398409767e+00 -1.892703000837337e-03 -9.326449553909770e-04 -1.007700172860658e+00
1 31 -1.000281533617530e+00 -1.893113679368361e-03 -9.323028419029754e-04 -1.007698959973585e+00
2 0 -1.000281848508078e+00 -1.893418180866124e-03 -9.329049675988723e-04 -1.007697557695397e+00
2 1 -1.000282025696914e+00 -1.893886394261122e-03 -9.325521129539081e-04 -1.007696060782619e+00
2 2 -1.000282213638226e+00 -1.894355056461559e-03 -9.322182446475732e-04 -1.007694510090088e+00
2 3 -1.000282405246901e+00 -1.894805968800304e-03 -9.319171767469571e-04 -1.007692965339124e+00
2 4 -1.000282593367493e+00 -1.895221812824793e-03 -9.316607522223999e-04 -1.007691485535744e+00
2 5 -1.000282771016515e+00 -1.895586811821674e-03 -9.314583546612416e-04 -1.007690126764563e+00
2 6 -1.000282931612543e+00 -1.895887305118510e-03 -9.313166229874617e-04 -1.007688940155779e+00
2 7 -1.000283069191406e+00 -1.896112218044772e-03 -9.312393681024024e-04 -1.007687970084289e+00
2 8 -1.000283178603980e+00 -1.896253417519582e-03 -9.312276689901694e-04 -1.007687252646078e+00
2 9 -1.000283255693655e+00 -1.896305949547983e-03 -9.312801094331688e-04 -1.007686814444708e+00
2 10 -1.000283297449504e+00 -1.896268160024505e-03 -9.313931071032100e-04 -1.007686671710290e+00
2 11 -1.000283302130167e+00 -1.896141704105944e-03 -9.315612840275909e-04 -1.007686829764660e+00
2 12 -1.000283269352313e+00 -1.895931451838570e-03 -9.317778306600937e-04 -1.007687282840215e+00
2 13 -1.000283200136799e+00 -1.895645298476395e-03 -9.320348253444508e-04 -1.007688014255993e+00
2 14 -1.000283096905641e+00 -1.895293887360181e-03 -9.323234863709972e-04 -1.007688996951458e+00
2 15 -1.000282963424292e+00 -1.894890252338084e-03 -9.326343523631759e-04 -1.007690194373382e+00
2 16 -1.000282804686396e+00 -1.894449386327743e-03 -9.329574048417629e-04 -1.007691561703132e+00
2 17 -1.000282626741497e+00 -1.893987742890367e-03 -9.332821621209357e-04 -1.007693047401466e+00
2 18 -1.000282436469763e+00 -1.893522678609193e-03 -9.335977843575446e-04 -1.007694595036660e+00
2 19 -1.000282241311360e+00 -1.893071846136380e-03 -9.338932327463301e-04 -1.007696145348808e+00
2 20 -1.000282048961753e+00 -1.892652551544039e-03 -9.341575188576200e-04 -1.007697638487895e+00
2 21 -1.000281867047345e+00 -1.892281094717527e-03 -9.343800635679210e-04 -1.007699016347130e+00
2 22 -1.000281702797994e+00 -1.891972116720916e-03 -9.345511631550728e-04 -1.007700224899073e+00
2 23 -1.000281562733727e+00 -1.891737982335161e-03 -9.346625373362403e-04 -1.007701216432148e+00
2 24 -1.000281452382586e+00 -1.891588229054566e-03 -9.347079126851293e-04 -1.007701951579707e+00
2 25 -1.000281376045165e+00 -1.891529115367636e-03 -9.346835773010085e-04 -1.007702401033571e+00
2 26 -1.000281336618781e+00 -1.891563299906881e-03 -9.345888334952233e-04 -1.007702546842138e+00
2 27 -1.000281335490302e+00 -1.891689677669039e-03 -9.344262794127162e-04 -1.007702383212310e+00
2 28 -1.000281372501599e+00 -1.891903389986875e-03 -9.342018681083423e-04 -1.007701916764051e+00
2 29 -1.000281445986308e+00 -1.892196012879587e-03 -9.339247185817549e-04 -1.007701166222170e+00
2 30 -1.000281552871746e+00 -1.892555915760544e-03 -9.336066818473068e-04 -1.007700161566735e+00
2 31 -1.000281688836045e+00 -1.892968770532607e-03 -9.332616932289766e-04 -1.007698942697498e+00
3 0 -1.000282034351065e+00 -1.893343631156799e-03 -9.335773674360336e-04 -1.007697401027259e+00
3 1 -1.000282211987192e+00 -1.893813233999091e-03 -9.332228359769880e-04 -1.007695900666042e+00
3 2 -1.000282400098360e+00 -1.894282633122475e-03 -9.328880164543589e-04 -1.007694348645670e+00
3 3 -1.000282591592967e+00 -1.894733602142863e-03 -9.325867618824088e-04 -1.007692804732223e+00
3 4 -1.000282779319714e+00 -1.895148821197292e-03 -9.323309240062501e-04 -1.007691327893836e+00
3 5 -1.000282956309749e+00 -1.895512538396417e-03 -9.321298639103469e-04 -1.007689974097258e+00
3 6 -1.000283116006367e+00 -1.895811143068724e-03 -9.319901676098048e-04 -1.007688794279823e+00
3 7 -1.000283252479436e+00 -1.896033633764110e-03 -9.319155654767697e-04 -1.007687832555628e+00
3 8 -1.000283360621961e+00 -1.896171970940270e-03 -9.319070322121782e-04 -1.007687124701675e+00
3 9 -1.000283436325850e+00 -1.896221310687658e-03 -9.319630277423718e-04 -1.007686696956861e+00
3 10 -1.000283476633209e+00 -1.896180121211526e-03 -9.320798308335199e-04 -1.007686565154936e+00
3 11 -1.000283479858305e+00 -1.896050187627076e-03 -9.322519149952888e-04 -1.007686734203862e+00
3 12 -1.000283445674020e+00 -1.895836512783460e-03 -9.324723190217413e-04 -1.007687197919091e+00
3 13 -1.000283375155766e+00 -1.895547122543756e-03 -9.327329730872121e-04 -1.007687939214893e+00
3 14 -1.000283270776134e+00 -1.895192783673025e-03 -9.330249564540472e-04 -1.007688930653609e+00
3 15 -1.000283136345137e+00 -1.894786641732167e-03 -9.333386822951281e-04 -1.007690135346660e+00
3 16 -1.000282976893317e+00 -1.894343785674644e-03 -9.336640242798565e-04 -1.007691508193963e+00
3 17 -1.000282798498084e+00 -1.893880745801148e-03 -9.339904146948841e-04 -1.007692997439530e+00
3 18 -1.000282608057203e+00 -1.893414932885992e-03 -9.343069533159736e-04 -1.007694546509303e+00
3 19 -1.000282413017282e+00 -1.892964028848089e-03 -9.346025687686367e-04 -1.007696096082612e+00
3 20 -1.000282221068826e+00 -1.892545343068901e-03 -9.348662680066092e-04 -1.007697586333120e+00
3 21 -1.000282039822301e+00 -1.892175152933687e-03 -9.350874943765197e-04 -1.007698959260901e+00
3 22 -1.000281876481458e+00 -1.891868051995116e-03 -9.352565929820052e-04 -1.007700161024725e+00
3 23 -1.000281737531038e+00 -1.891636333840155e-03 -9.353653579685744e-04 -1.007701144172753e+00
3 24 -1.000281628455878e+00 -1.891489443402908e-03 -9.354076139682768e-04 -1.007701869662616e+00
3 25 -1.000281553507143e+00 -1.891433528875792e-03 -9.353797669233198e-04 -1.007702308561963e+00
3 26 -1.000281515528563e+00 -1.891471125443925e-03 -9.352812517958695e-04 -1.007702443330650e+00
3 27 -1.000281515851413e+00 -1.891600996381917e-03 -9.351148092995687e-04 -1.007702268605839e+00
3 28 -1.000281554262061e+00 -1.891818147953703e-03 -9.348865404499885e-04 -1.007701791439665e+00
3 29 -1.000281629040758e+00 -1.892114022940428e-03 -9.346057126692919e-04 -1.007701030973777e+00
3 30 -1.000281737065549e+00 -1.892476864777194e-03 -9.342843199353553e-04 -1.007700017572508e+00
3 31 -1.000281873971266e+00 -1.892892231841600e-03 -9.339364286945589e-04 -1.007698791471647e+00
4 0 -1.000282243003738e+00 -1.893340810800444e-03 -9.339388646596128e-04 -1.007697115352375e+00
4 1 -1.000282421282169e+00 -1.893812188772889e-03 -9.335826354284257e-04 -1.007695610175838e+00
4 2 -1.000282609770934e+00 -1.894282764138611e-03 -9.332467879920775e-04 -1.007694055334025e+00
4 3 -1.000282801363741e+00 -1.894734266079475e-03 -9.329452164937617e-04 -1.007692510695447e+00
4 4 -1.000282988905038e+00 -1.895149355094020e-03 -9.326897851467958e-04 -1.007691035251226e+00
4 5 -1.000283165432432e+00 -1.895512285004585e-03 -9.324898385410763e-04 -1.007689684911624e+00
4 6 -1.000283324406203e+00 -1.895809475685492e-03 -9.323519185686789e-04 -1.007688510481000e+00
4 7 -1.000283459923126e+00 -1.896029979807877e-03 -9.322796859579329e-04 -1.007687555869203e+00
4 8 -1.000283566912116e+00 -1.896165833626274e-03 -9.322740227396822e-04 -1.007686856584842e+00
4 9 -1.000283641308790e+00 -1.896212287998664e-03 -9.323332764447936e-04 -1.007686438543593e+00
4 10 -1.000283680205235e+00 -1.896167921271841e-03 -9.324535983575196e-04 -1.007686317212741e+00
4 11 -1.000283681970095e+00 -1.896034639804410e-03 -9.326293251810374e-04 -1.007686497103909e+00
4 12 -1.000283646332867e+00 -1.895817574200957e-03 -9.328533554955183e-04 -1.007686971620752e+00
4 13 -1.000283574425501e+00 -1.895524879904605e-03 -9.331174810782081e-04 -1.007687723265265e+00
4 14 -1.000283468774789e+00 -1.895167450338037e-03 -9.334126491726568e-04 -1.007688724202292e+00
4 15 -1.000283333240457e+00 -1.894758550015938e-03 -9.337291518723780e-04 -1.007689937175701e+00
4 16 -1.000283172896283e+00 -1.894313374470886e-03 -9.340567575602266e-04 -1.007691316762329e+00
4 17 -1.000282993854612e+00 -1.893848543905497e-03 -9.343848135157085e-04 -1.007692810940935e+00
4 18 -1.000282803038296e+00 -1.893381538680959e-03 -9.347023578844790e-04 -1.007694362941439e+00
4 19 -1.000282607908139e+00 -1.892930087254994e-03 -9.349982824773343e-04 -1.007695913324930e+00
4 20 -1.000282416157523e+00 -1.892511520753603e-03 -9.352615827886133e-04 -1.007697402229657e+00
4 21 -1.000282235388570e+00 -1.892142112669613e-03 -9.354817165307168e-04 -1.007698771704663e+00
4 22 -1.000282072785925e+00 -1.891836427005472e-03 -9.356490692398630e-04 -1.007699968040564e+00
4 23 -1.000281934805201e+00 -1.891606703037283e-03 -9.357555006210744e-04 -1.007700943995738e+00
4 24 -1.000281826893231e+00 -1.891462308635092e-03 -9.357949233490764e-04 -1.007701660808475e+00
4 25 -1.000281753255888e+00 -1.891409295291945e-03 -9.357638501542681e-04 -1.007702089886038e+00
4 26 -1.000281716686249e+00 -1.891450085787975e-03 -9.356618377053951e-04 -1.007702214072601e+00
4 27 -1.000281718461593e+00 -1.891583319692196e-03 -9.354917595984390e-04 -1.007702028418501e+00
4 28 -1.000281758312923e+00 -1.891803873046424e-03 -9.352598564846539e-04 -1.007701540401271e+00
4 29 -1.000281834465756e+00 -1.892103057079900e-03 -9.349755365309825e-04 -1.007700769582971e+00
4 30 -1.000281943746088e+00 -1.892468987719313e-03 -9.346509293035096e-04 -1.007699746726265e+00
4 31 -1.000282081741367e+00 -1.892887104935527e-03 -9.343002260222218e-04 -1.007698512427497e+00
5 0 -1.000282466274587e+00 -1.893409841004547e-03 -9.339745498110264e-04 -1.007696712400549e+00
5 1 -1.000282645364639e+00 -1.893883308474127e-03 -9.336166755814643e-04 -1.007695201236105e+00
5 2 -1.000282834423223e+00 -1.894355451385022e-03 -9.332797698154741e-04 -1.007693642196103e+00
5 3 -1.000283026321903e+00 -1.894807939833945e-03 -9.329777674440638e-04 -1.007692095304271e+00
5 4 -1.000283213892746e+00 -1.895223397196011e-03 -9.327225485691731e-04 -1.007690619634539e+00
5 5 -1.000283390171354e+00 -1.895586063445925e-03 -9.325234488298142e-04 -1.007689271104607e+00
5 6 -1.000283548626494e+00 -1.895882368317144e-03 -9.323869768616344e-04 -1.007688100450991e+00
5 7 -1.000283683373635e+00 -1.896101397633735e-03 -9.323167367317224e-04 -1.007687151443318e+00
5 8 -1.000283789370071e+00 -1.896235242988323e-03 -9.323135322719253e-04 -1.007686459382379e+00
5 9 -1.000283862588712e+00 -1.896279230968507e-03 -9.323756146172723e-04 -1.007686049914678e+00
5 10 -1.000283900166642e+00 -1.896232033400628e-03 -9.324990249824724e-04 -1.007685938185560e+00
5 11 -1.000283900523433e+00 -1.896095664360952e-03 -9.326779811083338e-04 -1.007686128343463e+00
5 12 -1.000283863443315e+00 -1.895875372329607e-03 -9.329052580695308e-04 -1.007686613401250e+00
5 13 -1.000283790114602e+00 -1.895579436464029e-03 -9.331725236769398e-04 -1.007687375456889e+00
5 14 -1.000283683119912e+00 -1.895218875189213e-03 -9.334706052089046e-04 -1.007688386272744e+00
5 15 -1.000283546371975e+00 -1.894807074395909e-03 -9.337896837764453e-04 -1.007689608207504e+00
5 16 -1.000283384992390e+00 -1.894359342305726e-03 -9.341194304641202e-04 -1.007690995486474e+00
5 17 -1.000283205133984e+00 -1.893892398501292e-03 -9.344491123733437e-04 -1.007692495785618e+00
5 18 -1.000283013751130e+00 -1.893423805627833e-03 -9.347677066915093e-04 -1.007694052093060e+00
5 19 -1.000282818326118e+00 -1.892971354255032e-03 -9.350640651342756e-04 -1.007695604798579e+00
5 20 -1.000282626563047e+00 -1.892552414851881e-03 -9.353271657970608e-04 -1.007697093947044e+00
5 21 -1.000282446063592e+00 -1.892183275583508e-03 -9.355464731872282e-04 -1.007698461576898e+00
5 22 -1.000282284000864e+00 -1.891878489760329e-03 -9.357124038755093e-04 -1.007699654051773e+00
5 23 -1.000282146808500e+00 -1.891650261272014e-03 -9.358168711435285e-04 -1.007700624283031e+00
5 24 -1.000282039902029e+00 -1.891507899551717e-03 -9.358538612802383e-04 -1.007701333734955e+00
5 25 -1.000281967448047e+00 -1.891457376845856e-03 -9.358199783311542e-04 -1.007701754104710e+00
5 26 -1.000281932193909e+00 -1.891501018820349e-03 -9.357148855858108e-04 -1.007701868578808e+00
5 27 -1.000281935366470e+00 -1.891637353987135e-03 -9.355415750412401e-04 -1.007701672588024e+00
5 28 -1.000281976643566e+00 -1.891861138145569e-03 -9.353064124573126e-04 -1.007701174011945e+00
5 29 -1.000282054196819e+00 -1.892163558090136e-03 -9.350189321231700e-04 -1.007700392819630e+00
5 30 -1.000282164799575e+00 -1.892532605872861e-03 -9.346913856990723e-04 -1.007699360170098e+00
5 31 -1.000282303989715e+00 -1.892953602634657e-03 -9.343380783407778e-04 -1.007698117030944e+00
6 0 -1.000282695430628e+00 -1.893547992591804e-03 -9.336820621995607e-04 -1.007696208723941e+00
6 1 -1.000282875468715e+00 -1.894023779274848e-03 -9.333226701073919e-04 -1.007694690642424e+00
6 2 -1.000283065265755e+00 -1.894497816645914e-03 -9.329847254510000e-04 -1.007693126201848e+00
6 3 -1.000283257664779e+00 -1.894951703518716e-03 -9.326822022460093e-04 -1.007691575627042e+00
6 4 -1.000283445477917e+00 -1.895368010175449e-03 -9.324269999082535e-04 -1.007690098130644e+00
6 5 -1.000283621730285e+00 -1.895730943738369e-03 -9.322284529930823e-04 -1.007688749701368e+00
6 6 -1.000283779890200e+00 -1.896026922790323e-03 -9.320930481677698e-04 -1.007687581075878e+00
6 7 -1.000283914082946e+00 -1.896245044229360e-03 -9.320243471728434e-04 -1.007686635952828e+00
6 8 -1.000284019285751e+00 -1.896377432568476e-03 -9.320230932346059e-04 -1.007685949493063e+00
6 9 -1.000284091501043e+00 -1.896419468160299e-03 -9.320874617265423e-04 -1.007685547137994e+00
6 10 -1.000284127904043e+00 -1.896369895872996e-03 -9.322134061344428e-04 -1.007685443768433e+00
6 11 -1.000284126959665e+00 -1.896230819744706e-03 -9.323950473953663e-04 -1.007685643217376e+00
6 12 -1.000284088502911e+00 -1.896007591860566e-03 -9.326250578251989e-04 -1.007686138142827e+00
6 13 -1.000284013776275e+00 -1.895708604598826e-03 -9.328950004686480e-04 -1.007686910262068e+00
6 14 -1.000283905417714e+00 -1.895344994723587e-03 -9.331956004051407e-04 -1.007687930945812e+00
6 15 -1.000283767394026e+00 -1.894930266815791e-03 -9.335169433862503e-04 -1.007689162166008e+00
6 16 -1.000283604877154e+00 -1.894479843309427e-03 -9.338486152112455e-04 -1.007690557782504e+00
6 17 -1.000283424064394e+00 -1.894010548929251e-03 -9.341798101439575e-04 -1.007692065142530e+00
6 18 -1.000283231947008e+00 -1.893540038253289e-03 -9.344994472735305e-04 -1.007693626955573e+00
6 19 -1.000283036035261e+00 -1.893086176893465e-03 -9.347963375421123e-04 -1.007695183394110e+00
6 20 -1.000282844051245e+00 -1.892666390268219e-03 -9.350594378921274e-04 -1.007696674356411e+00
6 21 -1.000282663603929e+00 -1.892296998989467e-03 -9.352782123457467e-04 -1.007698041811800e+00
6 22 -1.000282501862870e+00 -1.891992565103335e-03 -9.354430972096863e-04 -1.007699232134982e+00
6 23 -1.000282365247803e+00 -1.891765277545374e-03 -9.355460445332882e-04 -1.007700198326891e+00
6 24 -1.000282259150871e+00 -1.891624407975816e-03 -9.355810972848863e-04 -1.007700902015018e+00
6 25 -1.000282187706822e+00 -1.891575869526434e-03 -9.355449328800917e-04 -1.007701315126441e+00
6 26 -1.000282153623876e+00 -1.891621909709885e-03 -9.354373023881349e-04 -1.007701421134965e+00
6 27 -1.000282158083996e+00 -1.891760963230760e-03 -9.352612961715220e-04 -1.007701215803593e+00
6 28 -1.000282200716187e+00 -1.891987680601250e-03 -9.350233843213291e-04 -1.007700707374366e+00
6 29 -1.000282279641201e+00 -1.892293136133511e-03 -9.347332072117470e-04 -1.007699916194149e+00
6 30 -1.000282391581198e+00 -1.892665206251678e-03 -9.344031208475027e-04 -1.007698873801284e+00
6 31 -1.000282532024189e+00 -1.893089097372834e-03 -9.340475294298157e-04 -1.007697621530926e+00
7 0 -1.000282921555631e+00 -1.893749801536018e-03 -9.330718321117257e-04 -1.007695624901326e+00
7 1 -1.000283102639696e+00 -1.894228043182817e-03 -9.327111192030907e-04 -1.007694099254518e+00
7 2 -1.000283293313484e+00 -1.894704224245921e-03 -9.323722058849740e-04 -1.007692528433845e+00
7 3 -1.000283486386247e+00 -1.895159862816763e-03 -9.320691025787045e-04 -1.007690972902945e+00
7 4 -1.000283674643424e+00 -1.895577462456477e-03 -9.318137303344171e-04 -1.007689492062719e+00
7 5 -1.000283851091638e+00 -1.895941180069922e-03 -9.316154293566698e-04 -1.007688142032839e+00
7 6 -1.000284009189906e+00 -1.896237402641803e-03 -9.314806756138669e-04 -1.007686973617966e+00
7 7 -1.000284143064126e+00 -1.896455215546218e-03 -9.314130046750434e-04 -1.007686030517960e+00
7 8 -1.000284247702264e+00 -1.896586752497215e-03 -9.314131198214818e-04 -1.007685347826814e+00
7 9 -1.000284319127331e+00 -1.896627423743647e-03 -9.314791444121424e-04 -1.007684950852234e+00
7 10 -1.000284354544317e+00 -1.896576024166342e-03 -9.316069692550131e-04 -1.007684854277687e+00
7 11 -1.000284352456164e+00 -1.896434726626475e-03 -9.317906436413445e-04 -1.007685061680661e+00
7 12 -1.000284312742802e+00 -1.896208968455759e-03 -9.320227620076092e-04 -1.007685565414144e+00
7 13 -1.000284236696645e+00 -1.895907240193388e-03 -9.322948069285840e-04 -1.007686346853058e+00
7 14 -1.000284127008237e+00 -1.895540785496599e-03 -9.325974239306600e-04 -1.007687377002964e+00
7 15 -1.000283987697230e+00 -1.895123220241529e-03 -9.329206226904384e-04 -1.007688617463169e+00
7 16 -1.000283823986447e+00 -1.894670078216991e-03 -9.332539183833230e-04 -1.007690021728561e+00
7 17 -1.000283642120039e+00 -1.894198291064201e-03 -9.335864424789245e-04 -1.007691536804201e+00
7 18 -1.000283449130185e+00 -1.893725611260117e-03 -9.339070621272499e-04 -1.007693105094905e+00
7 19 -1.000283252560421e+00 -1.893269989088979e-03 -9.342045499103149e-04 -1.007694666519134e+00
7 20 -1.000283060157173e+00 -1.892848918015094e-03 -9.344678394015267e-04 -1.007696160782229e+00
7 21 -1.000282879544045e+00 -1.892478767545268e-03 -9.346863865001830e-04 -1.007697529729027e+00
7 22 -1.000282717895250e+00 -1.892174127672026e-03 -9.348506347521628e-04 -1.007698719682662e+00
7 23 -1.000282581625301e+00 -1.891947193287998e-03 -9.349525592412033e-04 -1.007699683666854e+00
7 24 -1.000282476111652e+00 -1.891807219979546e-03 -9.349862417640130e-04 -1.007700383404236e+00
7 25 -1.000282405465633e+00 -1.891760083842402e-03 -9.349484129372830e-04 -1.007700790983955e+00
7 26 -1.000282372364370e+00 -1.891807976349312e-03 -9.348388886296255e-04 -1.007700890100802e+00
7 27 -1.000282377952332e+00 -1.891949259667654e-03 -9.346608325247745e-04 -1.007700676787965e+00
7 28 -1.000282421816078e+00 -1.892178498164326e-03 -9.344207939469547e-04 -1.007700159595901e+00
7 29 -1.000282502030443e+00 -1.892486669679781e-03 -9.341284959541737e-04 -1.007699359206097e+00
7 30 -1.000282615269722e+00 -1.892861547489305e-03 -9.337963775774988e-04 -1.007698307505099e+00
7 31 -1.000282756973652e+00 -1.893288232045809e-03 -9.334389225092275e-04 -1.007697046177241e+00
8 0 -1.000283135909120e+00 -1.894007302057100e-03 -9.321668026180017e-04 -1.007694984562598e+00
8 1 -1.000283318094899e+00 -1.894488035238388e-03 -9.318050277930403e-04 -1.007693451008091e+00
8 2 -1.000283509748025e+00 -1.894966521736277e-03 -9.314652653172614e-04 -1.007691873088546e+00
8 3 -1.000283703639982e+00 -1.895424192743478e-03 -9.311615573027424e-04 -1.007690311534609e+00
8 4 -1.000283892523859e+00 -1.895843474352687e-03 -9.309058466536823e-04 -1.007688825977101e+00
8 5 -1.000284069380686e+00 -1.896208458135277e-03 -9.307074849132396e-04 -1.007687472720639e+00
8 6 -1.000284227651868e+00 -1.896505480362254e-03 -9.305729492353139e-04 -1.007686302702451e+00
8 7 -1.000284361454675e+00 -1.896723592652602e-03 -9.305057667941229e-04 -1.007685359695709e+00
8 8 -1.000284465778074e+00 -1.896854913836835e-03 -9.305066230579723e-04 -1.007684678803360e+00
8 9 -1.000284536655889e+00 -1.896894859297103e-03 -9.305736141364042e-04 -1.007684285275499e+00
8 10 -1.000284571313526e+00 -1.896842249340717e-03 -9.307025946677699e-04 -1.007684193672068e+00
8 11 -1.000284568283347e+00 -1.896699301967693e-03 -9.308875703081310e-04 -1.007684407384287e+00
8 12 -1.000284527482587e+00 -1.896471517829675e-03 -9.311210864839871e-04 -1.007684918522304e+00
8 13 -1.000284450247170e+00 -1.896167466428261e-03 -9.313945734030444e-04 -1.007685708171300e+00
8 14 -1.000284339315290e+00 -1.895798482701533e-03 -9.316986223915970e-04 -1.007686747012760e+00
8 15 -1.000284198756251e+00 -1.895378282362859e-03 -9.320231884423015e-04 -1.007687996301434e+00
8 16 -1.000284033842467e+00 -1.894922503510498e-03 -9.323577334581586e-04 -1.007689409181504e+00
8 17 -1.000283850865528e+00 -1.894448182104976e-03 -9.326913396962942e-04 -1.007690932316096e+00
8 18 -1.000283656900814e+00 -1.893973170322960e-03 -9.330128317953921e-04 -1.007692507792039e+00
8 19 -1.000283459528976e+00 -1.893515509288757e-03 -9.333109481844320e-04 -1.007694075247547e+00
8 20 -1.000283266526135e+00 -1.893092770978908e-03 -9.335745973074167e-04 -1.007695574156404e+00
8 21 -1.000283085537338e+00 -1.892721388243946e-03 -9.337932196313935e-04 -1.007696946188828e+00
8 22 -1.000282923749451e+00 -1.892415996790364e-03 -9.339572542938213e-04 -1.007698137556622e+00
8 23 -1.000282787580510e+00 -1.892188817761093e-03 -9.340586842304615e-04 -1.007699101239523e+00
8 24 -1.000282682402404e+00 -1.892049112874956e-03 -9.340916111804890e-04 -1.007699798983863e+00
8 25 -1.000282612312345e+00 -1.892002744840895e-03 -9.340527960524000e-04 -1.007700202966566e+00
8 26 -1.000282579965648e+00 -1.892051873465216e-03 -9.339420933358537e-04 -1.007700297028462e+00
8 27 -1.000282586478199e+00 -1.892194812306558e-03 -9.337627124765712e-04 -1.007700077400762e+00
8 28 -1.000282631402091e+00 -1.892426061799739e-03 -9.335212548513435e-04 -1.007699552876865e+00
8 29 -1.000282712772883e+00 -1.892736522951551e-03 -9.332274999852349e-04 -1.007698744416980e+00
8 30 -1.000282827222116e+00 -1.893113882521078e-03 -9.328939445740420e-04 -1.007697684211054e+00
8 31 -1.000282970144798e+00 -1.893543148157358e-03 -9.325351278722886e-04 -1.007696414260128e+00
9 0 -1.000283330269945e+00 -1.894310364611561e-03 -9.310016246732389e-04 -1.007694313299164e+00
9 1 -1.000283513569068e+00 -1.894793525874259e-03 -9.306390974018806e-04 -1.007692771811447e+00
9 2 -1.000283706264596e+00 -1.895274386366544e-03 -9.302986490757675e-04 -1.007691186360766e+00
9 3 -1.000283901087773e+00 -1.895734287857721e-03 -9.299943461401399e-04 -1.007689617962157e+00
9 4 -1.000284090755023e+00 -1.896155571271646e-03 -9.297381520473686e-04 -1.007688126509161e+00
9 5 -1.000284268215789e+00 -1.896522250231792e-03 -9.295394352917972e-04 -1.007686768537976e+00
9 6 -1.000284426886312e+00 -1.896820593270637e-03 -9.294046865182532e-04 -1.007685595177059e+00
9 7 -1.000284560866337e+00 -1.897039597584981e-03 -9.293374422071943e-04 -1.007684650341340e+00
9 8 -1.000284665136026e+00 -1.897171343830492e-03 -9.293383916956763e-04 -1.007683969217846e+00
9 9 -1.000284735729895e+00 -1.897211227682341e-03 -9.294056287982570e-04 -1.007683577077224e+00
9 10 -1.000284769883766e+00 -1.897158069373335e-03 -9.295350000001515e-04 -1.007683488434051e+00
9 11 -1.000284766149721e+00 -1.897014106615724e-03 -9.297204977058882e-04 -1.007683706569341e+00
9 12 -1.000284724473108e+00 -1.896784878924835e-03 -9.299546493372940e-04 -1.007684223422180e+00
9 13 -1.000284646225104e+00 -1.896479012462750e-03 -9.302288621966306e-04 -1.007685019852402e+00
9 14 -1.000284534184777e+00 -1.896107914416687e-03 -9.305336999534067e-04 -1.007686066271039e+00
9 15 -1.000284392466136e+00 -1.895685385179367e-03 -9.308590863439943e-04 -1.007687323629116e+00
9 16 -1.000284226388047e+00 -1.895227156028336e-03 -9.311944503593844e-04 -1.007688744747697e+00
9 17 -1.000284042288143e+00 -1.894750360329625e-03 -9.315288415289979e-04 -1.007690275962135e+00
9 18 -1.000283847285416e+00 -1.894272947696206e-03 -9.318510530952863e-04 -1.007691859041127e+00
9 19 -1.000283649000005e+00 -1.893813052791005e-03 -9.321497942022650e-04 -1.007693433327426e+00
9 20 -1.000283455242041e+00 -1.893388333555072e-03 -9.324139472989138e-04 -1.007694938033539e+00
9 21 -1.000283273683988e+00 -1.893015297833298e-03 -9.326329319136892e-04 -1.007696314612489e+00
9 22 -1.000283111532658e+00 -1.892708642485858e-03 -9.327971729075869e-04 -1.007697509110804e+00
9 23 -1.000282975218019e+00 -1.892480633950412e-03 -9.328986461480391e-04 -1.007698474399954e+00
9 24 -1.000282870115750e+00 -1.892340562304292e-03 -9.329314530042613e-04 -1.007699172177032e+00
9 25 -1.000282800318937e+00 -1.892294301284084e-03 -9.328923600756693e-04 -1.007699574628325e+00
9 26 -1.000282768471245e+00 -1.892344004360889e-03 -9.327812335675381e-04 -1.007699665660712e+00
9 27 -1.000282775669804e+00 -1.892487961709427e-03 -9.326013008384900e-04 -1.007699441625123e+00
9 28 -1.000282821441376e+00 -1.892720634260053e-03 -9.323591867212683e-04 -1.007698911483810e+00
9 29 -1.000282903790392e+00 -1.893032869088139e-03 -9.320646979304840e-04 -1.007698096408430e+00
9 30 -1.000283019312545e+00 -1.893412286816131e-03 -9.317303600194155e-04 -1.007697028834870e+00
9 31 -1.000283163363521e+00 -1.893843819097650e-03 -9.313707415513953e-04 -1.007695751035971e+00
10 0 -1.000283497249864e+00 -1.894647120845502e-03 -9.296213450823260e-04 -1.007693637530199e+00
10 1 -1.000283681629865e+00 -1.895132550571677e-03 -9.292584101164524e-04 -1.007692088397121e+00
10 2 -1.000283875389326e+00 -1.895615759251924e-03 -9.289174729200697e-04 -1.007690495281970e+00
10 3 -1.000284071218480e+00 -1.896078000270685e-03 -9.286126155152081e-04 -1.007688919490255e+00
10 4 -1.000284261794226e+00 -1.896501524842059e-03 -9.283558202807638e-04 -1.007687421201093e+00
10 5 -1.000284440029596e+00 -1.896870258956974e-03 -9.281564780312730e-04 -1.007686057220077e+00
10 6 -1.000284599309070e+00 -1.897170389233835e-03 -9.280211040916501e-04 -1.007684878917554e+00
10 7 -1.000284733706771e+00 -1.897390840320199e-03 -9.279532602959952e-04 -1.007683930412025e+00
10 8 -1.000284838184790e+00 -1.897523633157317e-03 -9.279536605694153e-04 -1.007683247045595e+00
10 9 -1.000284908768276e+00 -1.897564119560471e-03 -9.280204217547164e-04 -1.007682854186801e+00
10 10 -1.000284942692966e+00 -1.897511093965356e-03 -9.281494111940645e-04 -1.007682766385217e+00
10 11 -1.000284938520070e+00 -1.897366787577882e-03 -9.283346388568208e-04 -1.007682986892110e+00
10 12 -1.000284896212747e+00 -1.897136753077743e-03 -9.285686447999094e-04 -1.007683507553418e+00
10 13 -1.000284817167921e+00 -1.896829649104303e-03 -9.288428427036197e-04 -1.007684309075995e+00
10 14 -1.000284704197313e+00 -1.896456933346842e-03 -9.291477961450069e-04 -1.007685361664151e+00
10 15 -1.000284561452941e+00 -1.896032472280578e-03 -9.294734230564655e-04 -1.007686626017965e+00
10 16 -1.000284394295074e+00 -1.895572075463663e-03 -9.298091417106352e-04 -1.007688054675852e+00
10 17 -1.000284209104103e+00 -1.895092963013968e-03 -9.301439862500581e-04 -1.007689593672364e+00
10 18 -1.000284013041369e+00 -1.894613176079111e-03 -9.304667300530970e-04 -1.007691184470136e+00
10 19 -1.000283813767423e+00 -1.894150941909455e-03 -9.307660589781917e-04 -1.007692766112813e+00
10 20 -1.000283619129381e+00 -1.893724008231920e-03 -9.310308307291250e-04 -1.007694277532693e+00
10 21 -1.000283436831878e+00 -1.893348966260741e-03 -9.312504404323503e-04 -1.007695659932377e+00
10 22 -1.000283274108042e+00 -1.893040586943827e-03 -9.314152896047604e-04 -1.007696859146131e+00
10 23 -1.000283137407712e+00 -1.892811199435918e-03 -9.315173318128164e-04 -1.007697827876950e+00
10 24 -1.000283032119680e+00 -1.892670143401694e-03 -9.315506475877546e-04 -1.007698527701402e+00
10 25 -1.000282962343104e+00 -1.892623327374734e-03 -9.315119854380704e-04 -1.007698930736711e+00
10 26 -1.000282930720469e+00 -1.892672923616546e-03 -9.314011974779636e-04 -1.007699020874285e+00
10 27 -1.000282938340498e+00 -1.892817224743027e-03 -9.312215011209942e-04 -1.007698794502798e+00
10 28 -1.000282984714644e+00 -1.893050678203168e-03 -9.309795145721144e-04 -1.007698260672884e+00
10 29 -1.000283067825664e+00 -1.893364102380197e-03 -9.306850406055038e-04 -1.007697440691688e+00
10 30 -1.000283184241850e+00 -1.893745074785625e-03 -9.303506038454317e-04 -1.007696367173691e+00
10 31 -1.000283329286509e+00 -1.894178470685323e-03 -9.299907756955524e-04 -1.007695082608219e+00
11 0 -1.000283630565391e+00 -1.895004454031535e-03 -9.280796333548903e-04 -1.007692983391015e+00
11 1 -1.000283815951699e+00 -1.895491904705748e-03 -9.277166520131316e-04 -1.007691427196347e+00
11 2 -1.000284010755041e+00 -1.895977344396395e-03 -9.273754437856794e-04 -1.007689826581588e+00
11 3 -1.000284207625485e+00 -1.896441942365104e-03 -9.270700977863812e-04 -1.007688243137820e+00
11 4 -1.000284399199043e+00 -1.896867859033853e-03 -9.268126133964835e-04 -1.007686737341394e+00
11 5 -1.000284578348856e+00 -1.897238926643916e-03 -9.266124075317724e-04 -1.007685366294396e+00
11 6 -1.000284738422309e+00 -1.897541239115754e-03 -9.264760291751349e-04 -1.007684181650061e+00
11 7 -1.000284873460964e+00 -1.897763633390940e-03 -9.264070799586625e-04 -1.007683227783876e+00
11 8 -1.000284978400450e+00 -1.897898051524023e-03 -9.264063185341642e-04 -1.007682540257407e+00
11 9 -1.000285049246849e+00 -1.897939778949258e-03 -9.264719097662057e-04 -1.007682144610466e+00
11 10 -1.000285083225153e+00 -1.897887559487844e-03 -9.265997698104158e-04 -1.007682055507045e+00
11 11 -1.000285078894640e+00 -1.897743591948676e-03 -9.267839552311347e-04 -1.007682276250456e+00
11 12 -1.000285036225427e+00 -1.897513416273199e-03 -9.270170478481453e-04 -1.007682798674209e+00
11 13 -1.000284956629928e+00 -1.897205698441090e-03 -9.272904966660792e-04 -1.007683603409229e+00
11 14 -1.000284842943083e+00 -1.896831922972126e-03 -9.275948933332524e-04 -1.007684660524371e+00
11 15 -1.000284699346593e+00 -1.896406001102357e-03 -9.279201758661874e-04 -1.007685930531763e+00
11 16 -1.000284531235320e+00 -1.895943802715242e-03 -9.282557736639372e-04 -1.007687365738997e+00
11 17 -1.000284345027548e+00 -1.895462620881678e-03 -9.285907223718796e-04 -1.007688911918056e+00
11 18 -1.000284147924237e+00 -1.894980578972801e-03 -9.289137876764623e-04 -1.007690510248953e+00
11 19 -1.000283947625697e+00 -1.894515992078931e-03 -9.292136400398647e-04 -1.007692099484553e+00
11 20 -1.000283752017387e+00 -1.894086697731130e-03 -9.294791155910110e-04 -1.007693618269766e+00
11 21 -1.000283568839501e+00 -1.893709375655816e-03 -9.296995823785451e-04 -1.007695007533438e+00
11 22 -1.000283405356925e+00 -1.893398881260923e-03 -9.298654095269003e-04 -1.007696212858102e+00
11 23 -1.000283268046696e+00 -1.893167621526477e-03 -9.299685137755559e-04 -1.007697186724257e+00
11 24 -1.000283162319509e+00 -1.893025004630793e-03 -9.300029363978682e-04 -1.007697890522239e+00
11 25 -1.000283092290364e+00 -1.892976995791297e-03 -9.299653863446230e-04 -1.007698296225852e+00
11 26 -1.000283060610924e+00 -1.893025810307808e-03 -9.298556769026562e-04 -1.007698387630603e+00
11 27 -1.000283068372179e+00 -1.893169769215549e-03 -9.296769874331274e-04 -1.007698161078999e+00
11 28 -1.000283115080992e+00 -1.893403333188716e-03 -9.294358992498151e-04 -1.007697625625855e+00
11 29 -1.000283198708773e+00 -1.893717318059688e-03 -9.291421809640777e-04 -1.007696802633097e+00
11 30 -1.000283315805846e+00 -1.894099282614840e-03 -9.288083278258131e-04 -1.007695724820157e+00
11 31 -1.000283461671264e+00 -1.894534067500459e-03 -9.284488879454004e-04 -1.007694434829157e+00
12 0 -1.000283725259370e+00 -1.895368530955725e-03 -9.264366215969885e-04 -1.007692375700902e+00
12 1 -1.000283911539091e+00 -1.895857678811824e-03 -9.260739524344448e-04 -1.007690813295468e+00
12 2 -1.000284107326351e+00 -1.896345147380956e-03 -9.257326991378922e-04 -1.007689205631772e+00
12 3 -1.000284305233330e+00 -1.896812029157251e-03 -9.254269497693745e-04 -1.007687614570933e+00
12 4 -1.000284497855354e+00 -1.897240396397046e-03 -9.251687175182943e-04 -1.007686100886262e+00
12 5 -1.000284678023817e+00 -1.897613985355012e-03 -9.249674471005546e-04 -1.007684721991428e+00
12 6 -1.000284839045208e+00 -1.897918790051342e-03 -9.248297285247264e-04 -1.007683529852630e+00
12 7 -1.000284974922878e+00 -1.898143547751089e-03 -9.247592167535496e-04 -1.007682569146170e+00
12 8 -1.000285080558576e+00 -1.898280105383159e-03 -9.247567341132478e-04 -1.007681875709082e+00
12 9 -1.000285151930300e+00 -1.898323662157238e-03 -9.248205161580725e-04 -1.007681475318922e+00
12 10 -1.000285186242067e+00 -1.898272888635746e-03 -9.249465527354938e-04 -1.007681382828695e+00
12 11 -1.000285182040351e+00 -1.898129926744151e-03 -9.251289734214859e-04 -1.007681601673181e+00
12 12 -1.000285139291218e+00 -1.897900278335503e-03 -9.253604294656698e-04 -1.007682123754226e+00
12 13 -1.000285059411757e+00 -1.897592591360826e-03 -9.256324332971263e-04 -1.007682929706298e+00
12 14 -1.000284945249745e+00 -1.897218352578368e-03 -9.259356315514297e-04 -1.007683989538854e+00
12 15 -1.000284801007040e+00 -1.896791495113299e-03 -9.262600063641945e-04 -1.007685263646047e+00
12 16 -1.000284632105014e+00 -1.896327929046001e-03 -9.265950185746789e-04 -1.007686704165191e+00
12 17 -1.000284444993609e+00 -1.895845003799944e-03 -9.269297220215313e-04 -1.007688256653969e+00
12 18 -1.000284246909140e+00 -1.895360912342946e-03 -9.272528878801352e-04 -1.007689862044300e+00
12 19 -1.000284045589385e+00 -1.894894049353996e-03 -9.275531801547656e-04 -1.007691458818095e+00
12 20 -1.000283848957961e+00 -1.894462338861194e-03 -9.278194168260280e-04 -1.007692985336622e+00
12 21 -1.000283664792736e+00 -1.894082551171642e-03 -9.280409362017640e-04 -1.007694382241431e+00
12 22 -1.000283500394747e+00 -1.893769633438070e-03 -9.282080670341301e-04 -1.007695594832967e+00
12 23 -1.000283362274528e+00 -1.893536082303985e-03 -9.283126772363765e-04 -1.007696575324277e+00
12 24 -1.000283255872444e+00 -1.893391390261309e-03 -9.283487532663632e-04 -1.007697284862222e+00
12 25 -1.000283185328309e+00 -1.893341598710025e-03 -9.283129448720757e-04 -1.007697695209171e+00
12 26 -1.000283153312980e+00 -1.893388988806841e-03 -9.282050025825262e-04 -1.007697789987651e+00
12 27 -1.000283160930474e+00 -1.893531935150968e-03 -9.280280407428296e-04 -1.007697565411127e+00
12 28 -1.000283207694027e+00 -1.893764937707044e-03 -9.277885759068201e-04 -1.007697030454354e+00
12 29 -1.000283291574342e+00 -1.894078835580470e-03 -9.274963151825215e-04 -1.007696206452173e+00
12 30 -1.000283409113725e+00 -1.894461193712712e-03 -9.271636978217569e-04 -1.007695126151993e+00
12 31 -1.000283555595977e+00 -1.894896841372241e-03 -9.268052228255142e-04 -1.007693832279031e+00
13 0 -1.000283777866696e+00 -1.895725349928697e-03 -9.247564572852306e-04 -1.007691837055572e+00
13 1 -1.000283964893767e+00 -1.896215808968876e-03 -9.243944387718292e-04 -1.007690269519504e+00
13 2 -1.000284161568107e+00 -1.896705028697023e-03 -9.240533625637915e-04 -1.007688655520789e+00
13 3 -1.000284360467677e+00 -1.897174035287364e-03 -9.237473069313221e-04 -1.007687057164595e+00
13 4 -1.000284554148927e+00 -1.897604818983138e-03 -9.234882943685386e-04 -1.007685535509341e+00
13 5 -1.000284735401378e+00 -1.897981021443566e-03 -9.232857981746903e-04 -1.007684148283394e+00
13 6 -1.000284897488420e+00 -1.898288533202404e-03 -9.231464561151852e-04 -1.007682947784242e+00
13 7 -1.000285034370882e+00 -1.898515983504087e-03 -9.230739885656822e-04 -1.007681979021788e+00
13 8 -1.000285140910373e+00 -1.898655111543941e-03 -9.230692975361301e-04 -1.007681278154315e+00
13 9 -1.000285213048890e+00 -1.898701013957347e-03 -9.231307081126556e-04 -1.007680871254193e+00
13 10 -1.000285247960260e+00 -1.898652268464199e-03 -9.232543052511041e-04 -1.007680773429930e+00
13 11 -1.000285244167948e+00 -1.898510937918258e-03 -9.234343154416597e-04 -1.007680988321406e+00
13 12 -1.000285201623098e+00 -1.898282462136972e-03 -9.236634848756187e-04 -1.007681507976876e+00
13 13 -1.000285121736325e+00 -1.897975446335931e-03 -9.239334147981011e-04 -1.007682313113870e+00
13 14 -1.000285007357341e+00 -1.897601355041747e-03 -9.242348304711252e-04 -1.007683373760410e+00
13 15 -1.000284862698047e+00 -1.897174119902756e-03 -9.245577793909144e-04 -1.007684650266205e+00
13 16 -1.000284693197375e+00 -1.896709669675692e-03 -9.248917728175763e-04 -1.007686094664715e+00
13 17 -1.000284505329434e+00 -1.896225391211987e-03 -9.252258993504990e-04 -1.007687652356126e+00
13 18 -1.000284306360105e+00 -1.895739531625372e-03 -9.255489487184104e-04 -1.007689264068823e+00
13 19 -1.000284104060872e+00 -1.895270554099437e-03 -9.258495866307558e-04 -1.007690868043610e+00
13 20 -1.000283906392045e+00 -1.894836463016546e-03 -9.261166157038685e-04 -1.007692402371505e+00
13 21 -1.000283721170053e+00 -1.894454118104351e-03 -9.263393426836624e-04 -1.007693807403436e+00
13 22 -1.000283555735082e+00 -1.894138561792882e-03 -9.265080504978060e-04 -1.007695028138650e+00
13 23 -1.000283416636011e+00 -1.893902388416377e-03 -9.266145491345769e-04 -1.007696016488978e+00
13 24 -1.000283309349391e+00 -1.893755187308375e-03 -9.266527566670989e-04 -1.007696733310186e+00
13 25 -1.000283238047935e+00 -1.893703092911435e-03 -9.266192453585113e-04 -1.007697150092783e+00
13 26 -1.000283205431124e+00 -1.893748472696272e-03 -9.265136811970460e-04 -1.007697250215488e+00
13 27 -1.000283212626295e+00 -1.893889777712251e-03 -9.263390901179810e-04 -1.007697029685173e+00
13 28 -1.000283259163677e+00 -1.894121571445895e-03 -9.261019000045253e-04 -1.007696497316005e+00
13 29 -1.000283343023799e+00 -1.894434741105763e-03 -9.258117320086379e-04 -1.007695674335209e+00
13 30 -1.000283460751143e+00 -1.894816882519358e-03 -9.254809444441187e-04 -1.007694593440183e+00
13 31 -1.000283607623848e+00 -1.895252837198725e-03 -9.251239630456950e-04 -1.007693297366759e+00
14 0 -1.000283786521253e+00 -1.896061280638783e-03 -9.231046855477523e-04 -1.007691387073625e+00
14 1 -1.000283974122588e+00 -1.896552618556836e-03 -9.227436210814496e-04 -1.007689815671332e+00
14 2 -1.000284171554565e+00 -1.897043248277633e-03 -9.224029284707156e-04 -1.007688196282929e+00
14 3 -1.000284371365968e+00 -1.897514142799770e-03 -9.220966671571542e-04 -1.007686591222084e+00
14 4 -1.000284566077719e+00 -1.897947219460198e-03 -9.218368645163657e-04 -1.007685061810031e+00
14 5 -1.000284748438891e+00 -1.898326029972381e-03 -9.216330233489258e-04 -1.007683666081660e+00
14 6 -1.000284911669103e+00 -1.898636361556382e-03 -9.214918347885009e-04 -1.007682456671830e+00
14 7 -1.000285049683877e+00 -1.898866731257018e-03 -9.214170937407279e-04 -1.007681478944204e+00
14 8 -1.000285157299939e+00 -1.899008762136278e-03 -9.214097939606916e-04 -1.007680769411891e+00
14 9 -1.000285230416858e+00 -1.899057435852764e-03 -9.214683652588462e-04 -1.007680354487809e+00
14 10 -1.000285266170343e+00 -1.899011221264740e-03 -9.215890060568473e-04 -1.007680249592253e+00
14 11 -1.000285263051569e+00 -1.898872083057519e-03 -9.217660604108065e-04 -1.007680458635444e+00
14 12 -1.000285220986381e+00 -1.898645377535817e-03 -9.219923908630851e-04 -1.007680973884291e+00
14 13 -1.000285141367977e+00 -1.898339644204903e-03 -9.222597083430945e-04 -1.007681776215765e+00
14 14 -1.000285027037123e+00 -1.897966301848158e-03 -9.225588365880647e-04 -1.007682835753486e+00
14 15 -1.000284882205403e+00 -1.897539257431740e-03 -9.228799072993424e-04 -1.007684112877350e+00
14 16 -1.000284712319740e+00 -1.897074436218504e-03 -9.232124996436464e-04 -1.007685559586854e+00
14 17 -1.000284523869909e+00 -1.896589242217924e-03 -9.235457519596028e-04 -1.007687121187286e+00
14 18 -1.000284324144402e+00 -1.896101959410921e-03 -9.238684836496385e-04 -1.007688738255467e+00
14 19 -1.000284120943509e+00 -1.895631106158077e-03 -9.241693688834890e-04 -1.007690348829235e+00
14 20 -1.000283922261580e+00 -1.895194758226467e-03 -9.244371979085415e-04 -1.007691890752226e+00
14 21 -1.000283735953054e+00 -1.894809860109229e-03 -9.246612459011820e-04 -1.007693304092507e+00
14 22 -1.000283569398644e+00 -1.894491549205296e-03 -9.248317467517069e-04 -1.007694533541105e+00
14 23 -1.000283429188853e+00 -1.894252521894156e-03 -9.249404451185661e-04 -1.007695530686467e+00
14 24 -1.000283320841662e+00 -1.894102473530562e-03 -9.249811786832109e-04 -1.007696256055938e+00
14 25 -1.000283248569713e+00 -1.894047645135386e-03 -9.249504266299516e-04 -1.007696680817403e+00
14 26 -1.000283215109480e+00 -1.894090507457929e-03 -9.248477528483744e-04 -1.007696788044602e+00
14 27 -1.000283221620878e+00 -1.894229607588644e-03 -9.246760761002347e-04 -1.007696573469115e+00
14 28 -1.000283267660952e+00 -1.894459594248498e-03 -9.244417153262103e-04 -1.007696045670515e+00
14 29 -1.000283351230236e+00 -1.894771425945683e-03 -9.241541839264516e-04 -1.007695225691609e+00
14 30 -1.000283468885566e+00 -1.895152752974049e-03 -9.238257372956555e-04 -1.007694146103699e+00
14 31 -1.000283615909170e+00 -1.895588451808184e-03 -9.234707077391830e-04 -1.007692849581471e+00
15 0 -1.000283751003779e+00 -1.896363574902851e-03 -9.215455838287007e-04 -1.007691041808584e+00
15 1 -1.000283938986201e+00 -1.896855330523431e-03 -9.211857285067522e-04 -1.007689467937868e+00
15 2 -1.000284137019219e+00 -1.897346979988543e-03 -9.208455992627110e-04 -1.007687844296804e+00
15 3 -1.000284337628618e+00 -1.897819458062791e-03 -9.205392291719713e-04 -1.007686233364521e+00
15 4 -1.000284533304407e+00 -1.898254620700194e-03 -9.202786471930429e-04 -1.007684696693557e+00
15 5 -1.000284716757992e+00 -1.898635937512356e-03 -9.200733860496020e-04 -1.007683292606199e+00
15 6 -1.000284881166093e+00 -1.898949096504492e-03 -9.199301933681484e-04 -1.007682074068269e+00
15 7 -1.000285020397900e+00 -1.899182502689164e-03 -9.198529441923890e-04 -1.007681086803867e+00
15 8 -1.000285129222357e+00 -1.899327658999287e-03 -9.198427327308233e-04 -1.007680367700919e+00
15 9 -1.000285203491841e+00 -1.899379423974441e-03 -9.198981056124245e-04 -1.007679943545704e+00
15 10 -1.000285240297391e+00 -1.899336145667771e-03 -9.200153893494279e-04 -1.007679830114793e+00
15 11 -1.000285238089770e+00 -1.899199675338245e-03 -9.201890612699753e-04 -1.007680031643526e+00
15 12 -1.000285196760180e+00 -1.898975267693150e-03 -9.204121161710658e-04 -1.007680540680916e+00
15 13 -1.000285117674281e+00 -1.898671376179805e-03 -9.206763907955684e-04 -1.007681338333261e+00
15 14 -1.000285003653425e+00 -1.898299351992320e-03 -9.209728238492611e-04 -1.007682394893157e+00
15 15 -1.000284858898463e+00 -1.897873055021741e-03 -9.212916474368143e-04 -1.007683670844379e+00
15 16 -1.000284688854357e+00 -1.897408385119250e-03 -9.216225231497574e-04 -1.007685118223358e+00
15 17 -1.000284500017537e+00 -1.896922742990792e-03 -9.219546507497115e-04 -1.007686682305539e+00
15 18 -1.000284299691535e+00 -1.896434431321078e-03 -9.222768879939138e-04 -1.007688303572450e+00
15 19 -1.000284095699624e+00 -1.895962008411160e-03 -9.225779237337099e-04 -1.007689919904107e+00
15 20 -1.000283896066214e+00 -1.895523609564619e-03 -9.228465398764015e-04 -1.007691468929296e+00
15 21 -1.000283708681628e+00 -1.895136256032537e-03 -9.230719812806505e-04 -1.007692890452156e+00
15 22 -1.000283540966914e+00 -1.894815176499760e-03 -9.232444303640181e-04 -1.007694128859831e+00
15 23 -1.000283399556066e+00 -1.894573170318971e-03 -9.233555601588675e-04 -1.007695135406475e+00
15 24 -1.000283290012348e+00 -1.894420044241315e-03 -9.233991186952730e-04 -1.007695870265477e+00
15 25 -1.000283216593864e+00 -1.894362155175809e-03 -9.233714809595271e-04 -1.007696304243789e+00
15 26 -1.000283182080925e+00 -1.894402089915752e-03 -9.232720960175451e-04 -1.007696420061203e+00
15 27 -1.000283187673927e+00 -1.894538507517284e-03 -9.231037606339197e-04 -1.007696213115996e+00
15 28 -1.000283232965569e+00 -1.894766160588348e-03 -9.228726678653234e-04 -1.007695691687851e+00
15 29 -1.000283315985868e+00 -1.895076099419842e-03 -9.225882055561522e-04 -1.007694876565439e+00
15 30 -1.000283433313711e+00 -1.895456049919298e-03 -9.222625093053629e-04 -1.007693800123449e+00
15 31 -1.000283580244844e+00 -1.895890944449657e-03 -9.219098029127414e-04 -1.007692504907085e+00
16 0 -1.000283672732665e+00 -1.896620831355915e-03 -9.201395713073359e-04 -1.007690813322264e+00
16 1 -1.000283860890439e+00 -1.897112532652955e-03 -9.197811214916239e-04 -1.007689238460150e+00
16 2 -1.000284059347069e+00 -1.897604777989178e-03 -9.194417007746450e-04 -1.007687611850227e+00
16 3 -1.000284260612239e+00 -1.898078479779923e-03 -9.191353109087424e-04 -1.007685996088938e+00
16 4 -1.000284457150639e+00 -1.898515446232795e-03 -9.188739796938635e-04 -1.007684452920466e+00
16 5 -1.000284641640109e+00 -1.898899075875777e-03 -9.186672685261290e-04 -1.007683040924672e+00
16 6 -1.000284807216982e+00 -1.899214965393998e-03 -9.185219819658210e-04 -1.007681813379590e+00
16 7 -1.000284947704926e+00 -1.899451412044757e-03 -9.184420782107674e-04 -1.007680816363054e+00
16 8 -1.000285057824055e+00 -1.899599799020648e-03 -9.184287579092324e-04 -1.007680087143710e+00
16 9 -1.000285133376517e+00 -1.899654858228946e-03 -9.184806927512591e-04 -1.007679652899828e+00
16 10 -1.000285171403740e+00 -1.899614809632245e-03 -9.185943466666932e-04 -1.007679529795276e+00
16 11 -1.000285170309485e+00 -1.899481380192879e-03 -9.187643401300132e-04 -1.007679722432991e+00
16 12 -1.000285129942424e+00 -1.899259708823651e-03 -9.189838109466162e-04 -1.007680223696616e+00
16 13 -1.000285051631733e+00 -1.898958145806199e-03 -9.192447336506957e-04 -1.007681014982618e+00
16 14 -1.000284938169598e+00 -1.898587955413498e-03 -9.195381745621743e-04 -1.007682066819493e+00
16 15 -1.000284793736006e+00 -1.898162929893197e-03 -9.198544781556036e-04 -1.007683339864742e+00
16 16 -1.000284623764091e+00 -1.897698922988865e-03 -9.201833986365617e-04 -1.007684786260790e+00
16 17 -1.000284434747907e+00 -1.897213312188011e-03 -9.205142055501754e-04 -1.007686351318169e+00
16 18 -1.000284233998131e+00 -1.896724400316145e-03 -9.208358021636675e-04 -1.007687975481750e+00
16 19 -1.000284029354349e+00 -1.896250768880325e-03 -9.211368981223323e-04 -1.007689596524546e+00
16 20 -1.000283828865763e+00 -1.895810598530341e-03 -9.214062712138718e-04 -1.007691151901524e+00
16 21 -1.000283640455030e+00 -1.895420976519205e-03 -9.216331372048957e-04 -1.007692581181705e+00
16 22 -1.000283471581991e+00 -1.895097216095806e-03 -9.218076251243378e-04 -1.007693828463193e+00
16 23 -1.000283328924560e+00 -1.894852216915653e-03 -9.219213322988415e-04 -1.007694844666701e+00
16 24 -1.000283218093454e+00 -1.894695898216169e-03 -9.219679118168032e-04 -1.007695589599550e+00
16 25 -1.000283143395918e+00 -1.894634737519629e-03 -9.219436278260597e-04 -1.007696033683634e+00
16 26 -1.000283107661199e+00 -1.894671446089782e-03 -9.218478057371062e-04 -1.007696159249184e+00
16 27 -1.000283112136641e+00 -1.894804806885936e-03 -9.216831091538015e-04 -1.007695961315226e+00
16 28 -1.000283156458172e+00 -1.895029691135198e-03 -9.214555929416868e-04 -1.007695447807594e+00
16 29 -1.000283238693608e+00 -1.895337257512858e-03 -9.211745074651328e-04 -1.007694639201738e+00
16 30 -1.000283355452554e+00 -1.895715325372930e-03 -9.208518574715262e-04 -1.007693567613801e+00
16 31 -1.000283502053056e+00 -1.896148901710912e-03 -9.205017474858694e-04 -1.007692275396318e+00
17 0 -1.000283554701030e+00 -1.896823400387617e-03 -9.189408104272483e-04 -1.007690709405899e+00
17 1 -1.000283742823587e+00 -1.897314581878839e-03 -9.185838982129128e-04 -1.007689135054282e+00
17 2 -1.000283941512245e+00 -1.897806981120832e-03 -9.182452933299374e-04 -1.007687506858767e+00
17 3 -1.000284143267845e+00 -1.898281504610430e-03 -9.179389629850950e-04 -1.007685887481510e+00
17 4 -1.000284340536201e+00 -1.898719928226328e-03 -9.176769306782125e-04 -1.007684338811822e+00
17 5 -1.000284525966996e+00 -1.899105593139721e-03 -9.174687838329114e-04 -1.007682919647659e+00
17 6 -1.000284692660265e+00 -1.899424015919351e-03 -9.173213829124099e-04 -1.007681683548990e+00
17 7 -1.000284834396644e+00 -1.899663394191364e-03 -9.172387703184815e-04 -1.007680676927745e+00
17 8 -1.000284945848104e+00 -1.899814996241017e-03 -9.172222555979414e-04 -1.007679937425003e+00
17 9 -1.000285022765389e+00 -1.899873428725477e-03 -9.172706384862204e-04 -1.007679492614742e+00
17 10 -1.000285062137301e+00 -1.899836781176361e-03 -9.173805238250700e-04 -1.007679359064391e+00
17 11 -1.000285062315896e+00 -1.899706650007070e-03 -9.175466799725813e-04 -1.007679541773219e+00
17 12 -1.000285023101059e+00 -1.899488048323693e-03 -9.177623941174703e-04 -1.007680033999664e+00
17 13 -1.000284945777860e+00 -1.899189209970435e-03 -9.180197859801097e-04 -1.007680817480272e+00
17 14 -1.000284833100638e+00 -1.898821296448359e-03 -9.183100567857399e-04 -1.007681863036986e+00
17 15 -1.000284689219278e+00 -1.898398014680152e-03 -9.186236699558032e-04 -1.007683131563597e+00
17 16 -1.000284519545830e+00 -1.897935153570261e-03 -9.189504784275611e-04 -1.007684575372927e+00
17 17 -1.000284330563151e+00 -1.897450048363267e-03 -9.192798276638793e-04 -1.007686139873894e+00
17 18 -1.000284129580878e+00 -1.896960983407089e-03 -9.196006724342270e-04 -1.007687765534633e+00
17 19 -1.000283924447563e+00 -1.896486545919832e-03 -9.199017481347701e-04 -1.007689390075734e+00
17 20 -1.000283723231018e+00 -1.896044946325429e-03 -9.201718314981636e-04 -1.007690950825295e+00
17 21 -1.000283533881620e+00 -1.895653324970506e-03 -9.204001103447895e-04 -1.007692387154097e+00
17 22 -1.000283363895115e+00 -1.895327069869019e-03 -9.205766602535577e-04 -1.007693642896522e+00
17 23 -1.000283219992118e+00 -1.895079174436998e-03 -9.206930021090686e-04 -1.007694668653326e+00
17 24 -1.000283107831077e+00 -1.894919667222151e-03 -9.207426923214826e-04 -1.007695423867596e+00
17 25 -1.000283031770169e+00 -1.894855146750830e-03 -9.207218807128824e-04 -1.007695878566232e+00
17 26 -1.000282994690940e+00 -1.894888452764091e-03 -9.206297637107871e-04 -1.007696014668398e+00
17 27 -1.000282997892486e+00 -1.895018499380568e-03 -9.204688655365850e-04 -1.007695826782098e+00
17 28 -1.000283041059876e+00 -1.895240286342430e-03 -9.202450968189893e-04 -1.007695322439469e+00
17 29 -1.000283122305423e+00 -1.895545092839850e-03 -9.199675646533636e-04 -1.007694521756499e+00
17 30 -1.000283238276813e+00 -1.895920845933825e-03 -9.196481366353404e-04 -1.007693456538989e+00
17 31 -1.000283384322365e+00 -1.896352643412514e-03 -9.193007908746849e-04 -1.007692168890446e+00
18 0 -1.000283401363759e+00 -1.896963718516079e-03 -9.179951058321176e-04 -1.007690733432151e+00
18 1 -1.000283589243205e+00 -1.897453937391312e-03 -9.176397987381661e-04 -1.007689161065207e+00
18 2 -1.000283787964835e+00 -1.897946045797567e-03 -9.173020791842031e-04 -1.007687532718561e+00
18 3 -1.000283990028183e+00 -1.898420961036287e-03 -9.169958772341381e-04 -1.007685911066159e+00
18 4 -1.000284187867352e+00 -1.898860443231701e-03 -9.167332089223287e-04 -1.007684358090788e+00
18 5 -1.000284374110361e+00 -1.899247791824207e-03 -9.165236850272470e-04 -1.007682932761317e+00
18 6 -1.000284541826348e+00 -1.899568457251729e-03 -9.163742200578573e-04 -1.007681688879119e+00
18 7 -1.000284684756908e+00 -1.899810549375901e-03 -9.162889388794282e-04 -1.007680673158055e+00
18 8 -1.000284797528304e+00 -1.899965230878774e-03 -9.162692576638792e-04 -1.007679923589262e+00
18 9 -1.000284875840690e+00 -1.900026989334710e-03 -9.163141018068327e-04 -1.007679468131216e+00
18 10 -1.000284916629341e+00 -1.899993786292721e-03 -9.164202157219806e-04 -1.007679323756125e+00
18 11 -1.000284918191865e+00 -1.899867086065353e-03 -9.165825159744945e-04 -1.007679495873727e+00
18 12 -1.000284880274833e+00 -1.899651770570327e-03 -9.167944405557349e-04 -1.007679978143631e+00
18 13 -1.000284804113171e+00 -1.899355948459667e-03 -9.170482558734292e-04 -1.007680752679473e+00
18 14 -1.000284692416236e+00 -1.898990666794836e-03 -9.173352993778993e-04 -1.007681790642427e+00
18 15 -1.000284549295937e+00 -1.898569532967783e-03 -9.176461552840514e-04 -1.007683053215272e+00
18 16 -1.000284380134925e+00 -1.898108254760307e-03 -9.179707783325730e-04 -1.007684492938846e+00
18 17 -1.000284191396356e+00 -1.897624107551359e-03 -9.182985939026601e-04 -1.007686055380466e+00
18 18 -1.000283990380521e+00 -1.897135339216064e-03 -9.186186120776830e-04 -1.007687681090995e+00
18 19 -1.000283784937277e+00 -1.896660525227614e-03 -9.189195968334565e-04 -1.007689307794717e+00
18 20 -1.000283583146383e+00 -1.896217889491406e-03 -9.191903259665462e-04 -1.007690872743482e+00
18 21 -1.000283392980427e+00 -1.895824610714483e-03 -9.194199615856888e-04 -1.007692315153503e+00
18 22 -1.000283221966781e+00 -1.895496138932471e-03 -9.195985283814300e-04 -1.007693578630885e+00
18 23 -1.000283076865766e+00 -1.895245551153594e-03 -9.197174728860189e-04 -1.007694613482288e+00
18 24 -1.000282963382030e+00 -1.895082978172775e-03 -9.197702555387576e-04 -1.007695378801710e+00
18 25 -1.000282885924708e+00 -1.895015135722688e-03 -9.197529112720002e-04 -1.007695844225172e+00
18 26 -1.000282847429165e+00 -1.895044991258042e-03 -9.196645067739386e-04 -1.007695991254510e+00
18 27 -1.000282849249043e+00 -1.895171592047372e-03 -9.195074267310391e-04 -1.007695814071140e+00
18 28 -1.000282891122446e+00 -1.895390071081751e-03 -9.192874375546832e-04 -1.007695319789279e+00
18 29 -1.000282971211115e+00 -1.895691835704694e-03 -9.190135021605963e-04 -1.007694528132795e+00
18 30 -1.000283086206808e+00 -1.896064931159690e-03 -9.186973487916288e-04 -1.007693470556526e+00
18 31 -1.000283231495054e+00 -1.896494558829216e-03 -9.183528265439937e-04 -1.007692188867790e+00
19 0 -1.000283218478377e+00 -1.897036564727923e-03 -9.173381850244672e-04 -1.007690884321341e+00
19 1 -1.000283405916581e+00 -1.897525415757758e-03 -9.169844887703352e-04 -1.007689315335147e+00
19 2 -1.000283604471413e+00 -1.898016800973812e-03 -9.166476875662287e-04 -1.007687688274021e+00
19 3 -1.000283806648782e+00 -1.898491664892478e-03 -9.163416728402062e-04 -1.007686065769068e+00
19 4 -1.000284004878720e+00 -1.898931768864165e-03 -9.160784511387662e-04 -1.007684509841686e+00
19 5 -1.000284191774783e+00 -1.899320387520618e-03 -9.158676541923727e-04 -1.007683079578611e+00
19 6 -1.000284360381649e+00 -1.899642921588787e-03 -9.157162469152508e-04 -1.007681828973183e+00
19 7 -1.000284504407312e+00 -1.899887408513411e-03 -9.156284311355581e-04 -1.007680804997399e+00
19 8 -1.000284618436566e+00 -1.900044918773494e-03 -9.156057229496513e-04 -1.007680045956681e+00
19 9 -1.000284698121759e+00 -1.900109831369076e-03 -9.156471669525361e-04 -1.007679580168587e+00
19 10 -1.000284740345707e+00 -1.900079986865011e-03 -9.157496417153028e-04 -1.007679424996615e+00
19 11 -1.000284743350787e+00 -1.899956720795234e-03 -9.159082072478038e-04 -1.007679586259943e+00
19 12 -1.000284706827693e+00 -1.899744783612072e-03 -9.161164475387856e-04 -1.007680058030450e+00
19 13 -1.000284631957153e+00 -1.899452154974546e-03 -9.163667709974052e-04 -1.007680822821253e+00
19 14 -1.000284521398262e+00 -1.899089760232324e-03 -9.166506477432992e-04 -1.007681852165376e+00
19 15 -1.000284379218613e+00 -1.898671096699305e-03 -9.169587811321985e-04 -1.007683107576268e+00
19 16 -1.000284210764193e+00 -1.898211777703465e-03 -9.172812276845507e-04 -1.007684541871904e+00
19 17 -1.000284022470588e+00 -1.897729003413120e-03 -9.176074933678429e-04 -1.007686100832183e+00
19 18 -1.000283821620784e+00 -1.897240968733782e-03 -9.179266444155382e-04 -1.007687725147031e+00
19 19 -1.000283616058335e+00 -1.896766220476398e-03 -9.182274747487376e-04 -1.007689352600200e+00
19 20 -1.000283413867928e+00 -1.896322979222600e-03 -9.184987657945732e-04 -1.007690920420579e+00
19 21 -1.000283223038004e+00 -1.895928445831617e-03 -9.187296577438821e-04 -1.007692367719190e+00
19 22 -1.000283051121987e+00 -1.895598117365296e-03 -9.189101286005314e-04 -1.007693637917748e+00
19 23 -1.000282904915412e+00 -1.895345141326107e-03 -9.190315543010153e-04 -1.007694681065379e+00
19 24 -1.000282790165955e+00 -1.895179740027130e-03 -9.190873026482327e-04 -1.007695455934855e+00
19 25 -1.000282711331902e+00 -1.895108738157745e-03 -9.190732974144653e-04 -1.007695931790128e+00
19 26 -1.000282671401870e+00 -1.895135225091220e-03 -9.189884802335667e-04 -1.007696089725693e+00
19 27 -1.000282671784640e+00 -1.895258378086627e-03 -9.188351013967933e-04 -1.007695923497369e+00
19 28 -1.000282712273176e+00 -1.895473463244223e-03 -9.186187875927572e-04 -1.007695439792820e+00
19 29 -1.000282791081838e+00 -1.895772019150592e-03 -9.183483609329444e-04 -1.007694657925216e+00
19 30 -1.000282904950933e+00 -1.896142215324840e-03 -9.180354131820663e-04 -1.007693608970650e+00
19 31 -1.000283049308724e+00 -1.896569365385510e-03 -9.176936675694718e-04 -1.007692334404691e+00
20 0 -1.000283012904086e+00 -1.897039234632876e-03 -9.169944191494799e-04 -1.007691156607795e+00
20 1 -1.000283199719405e+00 -1.897526363854292e-03 -9.166422815847730e-04 -1.007689592272621e+00
20 2 -1.000283397913821e+00 -1.898016620615901e-03 -9.163063977950952e-04 -1.007687967886773e+00
20 3 -1.000283600007127e+00 -1.898490991915592e-03 -9.160006213536754e-04 -1.007686345985448e+00
20 4 -1.000283798433026e+00 -1.898931257171292e-03 -9.157369484787726e-04 -1.007684788572333e+00
20 5 -1.000283985798261e+00 -1.899320684152495e-03 -9.155250284698671e-04 -1.007683354794406e+00
20 6 -1.000284155130400e+00 -1.899644642351025e-03 -9.153718702307198e-04 -1.007682098780065e+00
20 7 -1.000284300110641e+00 -1.899891114928998e-03 -9.152817438335955e-04 -1.007681067705767e+00
20 8 -1.000284415288186e+00 -1.900051096885813e-03 -9.152562556626976e-04 -1.007680300143771e+00
20 9 -1.000284496272102e+00 -1.900118873037005e-03 -9.152945597369860e-04 -1.007679824732179e+00
20 10 -1.000284539895654e+00 -1.900092174477599e-03 -9.153936586269564e-04 -1.007679659197822e+00
20 11 -1.000284544347230e+00 -1.899972216321878e-03 -9.155487449104234e-04 -1.007679809752684e+00
20 12 -1.000284509261332e+00 -1.899763622462498e-03 -9.157535376226227e-04 -1.007680270875964e+00
20 13 -1.000284435762647e+00 -1.899474244654336e-03 -9.160005775825732e-04 -1.007681025487315e+00
20 14 -1.000284326456639e+00 -1.899114883641827e-03 -9.162814603014508e-04 -1.007682045510553e+00
20 15 -1.000284185361775e+00 -1.898698920049531e-03 -9.165870030138957e-04 -1.007683292819586e+00
20 16 -1.000284017781407e+00 -1.898241863004025e-03 -9.169073599089850e-04 -1.007684720548331e+00
20 17 -1.000283830116806e+00 -1.897760825157086e-03 -9.172321144225145e-04 -1.007686274735055e+00
20 18 -1.000283629626469e+00 -1.897273934023030e-03 -9.175503876176600e-04 -1.007687896259595e+00
20 19 -1.000283424140284e+00 -1.896799691701077e-03 -9.178510045686331e-04 -1.007689523019125e+00
20 20 -1.000283221740516e+00 -1.896356298492387e-03 -9.181227537119280e-04 -1.007691092274391e+00
20 21 -1.000283030424390e+00 -1.895960960384819e-03 -9.183547577395222e-04 -1.007692543084612e+00
20 22 -1.000282857764893e+00 -1.895629205029221e-03 -9.185369527621730e-04 -1.007693818737218e+00
20 23 -1.000282710587097e+00 -1.895374234913742e-03 -9.186606497189531e-04 -1.007694869069419e+00
20 24 -1.000282594676954e+00 -1.895206349531357e-03 -9.187191309728973e-04 -1.007695652573007e+00
20 25 -1.000282514538105e+00 -1.895132469782638e-03 -9.187082179124323e-04 -1.007696138173640e+00
20 26 -1.000282473209662e+00 -1.895155796423845e-03 -9.186267364534265e-04 -1.007696306584344e+00
20 27 -1.000282472154031e+00 -1.895275628928563e-03 -9.184768113659358e-04 -1.007696151151958e+00
20 28 -1.000282511218946e+00 -1.895487361736290e-03 -9.182639379608947e-04 -1.007695678144165e+00
20 29 -1.000282588672736e+00 -1.895782662893870e-03 -9.179968060196090e-04 -1.007694906459931e+00
20 30 -1.000282701306914e+00 -1.896149827354092e-03 -9.176868796807955e-04 -1.007693866783388e+00
20 31 -1.000282844596267e+00 -1.896574285157158e-03 -9.173477647031656e-04 -1.007692600235770e+00
21 0 -1.000282792363918e+00 -1.896971630290058e-03 -9.169760177344264e-04 -1.007691540598675e+00
21 1 -1.000282978397478e+00 -1.897456746963047e-03 -9.166253341010018e-04 -1.007689982015351e+00
21 2 -1.000283176050747e+00 -1.897945510703034e-03 -9.162903373558648e-04 -1.007688361600087e+00
21 3 -1.000283377864339e+00 -1.898418964580109e-03 -9.159848460059562e-04 -1.007686741742667e+00
21 4 -1.000283576283184e+00 -1.898858922425245e-03 -9.157208450122687e-04 -1.007685184372918e+00
21 5 -1.000283763915195e+00 -1.899248663689723e-03 -9.155079960788308e-04 -1.007683748637390e+00
21 6 -1.000283933778969e+00 -1.899573546452509e-03 -9.153533435635557e-04 -1.007682488737048e+00
21 7 -1.000284079536784e+00 -1.899821519626557e-03 -9.152612152328835e-04 -1.007681451991574e+00
21 8 -1.000284195709391e+00 -1.899983522057341e-03 -9.152332957601709e-04 -1.007680677183040e+00
21 9 -1.000284277868606e+00 -1.900053762305897e-03 -9.152688348088003e-04 -1.007680193219647e+00
21 10 -1.000284322802897e+00 -1.900029877912437e-03 -9.153649432941384e-04 -1.007680018149504e+00
21 11 -1.000284328650086e+00 -1.899912976751752e-03 -9.155169298976022e-04 -1.007680158545290e+00
21 12 -1.000284294990430e+00 -1.899707565846343e-03 -9.157186331957951e-04 -1.007680609272950e+00
21 13 -1.000284222892839e+00 -1.899421374728364e-03 -9.159627130341898e-04 -1.007681353650757e+00
21 14 -1.000284114907657e+00 -1.899065081137021e-03 -9.162408789774260e-04 -1.007682363998151e+00
21 15 -1.000283975001165e+00 -1.898651946799204e-03 -9.165440522773277e-04 -1.007683602566032e+00
21 16 -1.000283808429761e+00 -1.898197370935565e-03 -9.168624765312812e-04 -1.007685022831071e+00
21 17 -1.000283621555076e+00 -1.897718369666237e-03 -9.171858069935004e-04 -1.007686571125846e+00
21 18 -1.000283421604891e+00 -1.897232991021837e-03 -9.175032173778071e-04 -1.007688188564096e+00
21 19 -1.000283216388439e+00 -1.896759677781993e-03 -9.178035649168940e-04 -1.007689813206681e+00
21 20 -1.000283013978158e+00 -1.896316593713609e-03 -9.180756480949178e-04 -1.007691382400181e+00
21 21 -1.000282822372645e+00 -1.895920932833351e-03 -9.183085764381119e-04 -1.007692835207231e+00
21 22 -1.000282649157330e+00 -1.895588235859121e-03 -9.184922502193022e-04 -1.007694114835931e+00
21 23 -1.000282501180080e+00 -1.895331742522508e-03 -9.186179240349830e-04 -1.007695170965449e+00
21 24 -1.000282384258797e+00 -1.895161811956395e-03 -9.186788060455142e-04 -1.007695961858144e+00
21 25 -1.000282302936783e+00 -1.895085444756260e-03 -9.186706278420981e-04 -1.007696456148460e+00
21 26 -1.000282260298938e+00 -1.895105938465534e-03 -9.185921122503566e-04 -1.007696634208104e+00
21 27 -1.000282257857863e+00 -1.895222702633436e-03 -9.184452710224326e-04 -1.007696489006436e+00
21 28 -1.000282295514030e+00 -1.895431250504717e-03 -9.182354812199830e-04 -1.007696026413241e+00
21 29 -1.000282371589044e+00 -1.895723372786395e-03 -9.179713142978235e-04 -1.007695264925538e+00
21 30 -1.000282482926239e+00 -1.896087486177778e-03 -9.176641205559065e-04 -1.007694234837299e+00
21 31 -1.000282625048913e+00 -1.896509137033714e-03 -9.173274002062781e-04 -1.007692976906091e+00
22 0 -1.000282565175334e+00 -1.896836264179215e-03 -9.172827096837140e-04 -1.007692022627056e+00
22 1 -1.000282750296604e+00 -1.897319150482732e-03 -9.169333298642618e-04 -1.007690470688998e+00
22 2 -1.000282947247142e+00 -1.897806109540272e-03 -9.165991660163241e-04 -1.007688855400464e+00
22 3 -1.000283148594511e+00 -1.898278252233833e-03 -9.162940048125580e-04 -1.007687238961240e+00
22 4 -1.000283346802108e+00 -1.898717442168009e-03 -9.160298182475141e-04 -1.007685683173180e+00
22 5 -1.000283534487130e+00 -1.899106988743042e-03 -9.158162744325474e-04 -1.007684247121107e+00
22 6 -1.000283704667775e+00 -1.899432258854970e-03 -9.156604439599739e-04 -1.007682985013022e+00
22 7 -1.000283850995937e+00 -1.899681188417963e-03 -9.155667002271497e-04 -1.007681944245252e+00
22 8 -1.000283967972003e+00 -1.899844681614834e-03 -9.155367909582926e-04 -1.007681163744824e+00
22 9 -1.000284051137976e+00 -1.899916891778112e-03 -9.155700430935648e-04 -1.007680672629104e+00
22 10 -1.000284097244132e+00 -1.899895382586539e-03 -9.156636556409675e-04 -1.007680489212629e+00
22 11 -1.000284104383212e+00 -1.899781171974200e-03 -9.158130331577577e-04 -1.007680620382599e+00
22 12 -1.000284072085190e+00 -1.899578664055980e-03 -9.160121148318147e-04 -1.007681061356688e+00
22 13 -1.000284001365414e+00 -1.899295476288870e-03 -9.162536620360525e-04 -1.007681795829339e+00
22 14 -1.000283894719611e+00 -1.898942169679524e-03 -9.165294821747084e-04 -1.007682796505761e+00
22 15 -1.000283756060856e+00 -1.898531889448573e-03 -9.168305862391098e-04 -1.007684026016053e+00
22 16 -1.000283590596154e+00 -1.898079923279233e-03 -9.171472962298479e-04 -1.007685438193646e+00
22 17 -1.000283404643624e+00 -1.897603185069399e-03 -9.174693323365153e-04 -1.007686979690936e+00
22 18 -1.000283205395106e+00 -1.897119633997639e-03 -9.177859177796112e-04 -1.007688591891411e+00
22 19 -1.000283000632894e+00 -1.896647641183278e-03 -9.180859415624325e-04 -1.007690213063749e+00
22 20 -1.000282798412612e+00 -1.896205319160805e-03 -9.183582142339289e-04 -1.007691780690749e+00
22 21 -1.000282606726838e+00 -1.895809833245864e-03 -9.185918371789301e-04 -1.007693233893744e+00
22 22 -1.000282433165771e+00 -1.895476718759418e-03 -9.187766834736416e-04 -1.007694515860539e+00
22 23 -1.000282284592260e+00 -1.895219233089786e-03 -9.189039632344783e-04 -1.007695576173259e+00
22 24 -1.000282166848483e+00 -1.895047775187597e-03 -9.189668242605896e-04 -1.007696372925337e+00
22 25 -1.000282084510229e+00 -1.894969406104603e-03 -9.189609231860868e-04 -1.007696874517553e+00
22 26 -1.000282040701857e+00 -1.894987502075872e-03 -9.188848955663557e-04 -1.007697061032956e+00
22 27 -1.000282036980885e+00 -1.895101566232307e-03 -9.187406573471996e-04 -1.007696925109515e+00
22 28 -1.000282073296406e+00 -1.895307216314623e-03 -9.185334856979010e-04 -1.007696472256828e+00
22 29 -1.000282148020478e+00 -1.895596354247674e-03 -9.182718520156439e-04 -1.007695720597526e+00
22 30 -1.000282258046897e+00 -1.895957510466063e-03 -9.179670095320207e-04 -1.007694700051526e+00
22 31 -1.000282398947735e+00 -1.896376343380356e-03 -9.176323675629168e-04 -1.007693451016640e+00
23 0 -1.000282339955143e+00 -1.896638176441153e-03 -9.179019019372222e-04 -1.007692585409255e+00
23 1 -1.000282524066561e+00 -1.897118694910947e-03 -9.175536385068848e-04 -1.007691040770653e+00
23 2 -1.000282720177603e+00 -1.897603601507743e-03 -9.172202340142644e-04 -1.007689431584386e+00
23 3 -1.000282920888041e+00 -1.898074084496344e-03 -9.169154463430262e-04 -1.007687819821903e+00
23 4 -1.000283118686460e+00 -1.898512070898737e-03 -9.166512329004216e-04 -1.007686267107208e+00
23 5 -1.000283306207182e+00 -1.898900917121406e-03 -9.164372626272927e-04 -1.007684832404257e+00
23 6 -1.000283476476550e+00 -1.899226018728091e-03 -9.162806226522851e-04 -1.007683569862211e+00
23 7 -1.000283623144927e+00 -1.899475320578831e-03 -9.161857176081594e-04 -1.007682526884184e+00
23 8 -1.000283740701251e+00 -1.899639715354496e-03 -9.161543393945923e-04 -1.007681742471100e+00
23 9 -1.000283824666437e+00 -1.899713324510953e-03 -9.161858703534781e-04 -1.007681245879958e+00
23 10 -1.000283871760750e+00 -1.899693660330698e-03 -9.162775746109203e-04 -1.007681055626539e+00
23 11 -1.000283880038992e+00 -1.899581671370522e-03 -9.164249296731366e-04 -1.007681178854652e+00
23 12 -1.000283848986587e+00 -1.899381676678942e-03 -9.166219526857168e-04 -1.007681611085585e+00
23 13 -1.000283779569510e+00 -1.899101196184510e-03 -9.168614844297112e-04 -1.007682336353178e+00
23 14 -1.000283674231536e+00 -1.898750684981502e-03 -9.171354097202905e-04 -1.007683327723724e+00
23 15 -1.000283536833612e+00 -1.898343178467774e-03 -9.174348122503498e-04 -1.007684548194558e+00
23 16 -1.000283372532702e+00 -1.897893855051891e-03 -9.177500798004557e-04 -1.007685951957125e+00
23 17 -1.000283187601009e+00 -1.897419524332214e-03 -9.180709889941313e-04 -1.007687485997818e+00
23 18 -1.000282989190491e+00 -1.896938050651414e-03 -9.183868073305257e-04 -1.007689091995649e+00
23 19 -1.000282785051316e+00 -1.896467723997892e-03 -9.186864535207631e-04 -1.007690708463008e+00
23 20 -1.000282583216072e+00 -1.896026592851391e-03 -9.189587521605769e-04 -1.007692273064149e+00
23 21 -1.000282391664073e+00 -1.895631777750192e-03 -9.191928032426617e-04 -1.007693725033162e+00
23 22 -1.000282217982174e+00 -1.895298789831423e-03 -9.193784635977726e-04 -1.007695007598837e+00
23 23 -1.000282069039604e+00 -1.895040883667999e-03 -9.195069125010169e-04 -1.007696070311792e+00
23 24 -1.000281950694207e+00 -1.894868476850970e-03 -9.195712527013811e-04 -1.007696871163275e+00
23 25 -1.000281867545996e+00 -1.894788669530974e-03 -9.195670831044395e-04 -1.007697378386358e+00
23 26 -1.000281822751018e+00 -1.894804895425212e-03 -9.194929717483573e-04 -1.007697571839167e+00
23 27 -1.000281817904612e+00 -1.894916730869378e-03 -9.193507605809185e-04 -1.007697443887641e+00
23 28 -1.000281852998368e+00 -1.895119879661851e-03 -9.191456490395915e-04 -1.007696999733091e+00
23 29 -1.000281926450022e+00 -1.895406339448235e-03 -9.188860293613580e-04 -1.007696257165403e+00
23 30 -1.000282035200669e+00 -1.895764742333347e-03 -9.185830769455419e-04 -1.007695245760272e+00
23 31 -1.000282174869686e+00 -1.896180850340690e-03 -9.182501281425873e-04 -1.007694005573047e+00
24 0 -1.000282125305994e+00 -1.896384766194372e-03 -9.188092870387073e-04 -1.007693208519172e+00
24 1 -1.000282308346632e+00 -1.896862865140192e-03 -9.184619219820841e-04 -1.007691671569424e+00
24 2 -1.000282503511411e+00 -1.897345545073963e-03 -9.181291859448494e-04 -1.007690069242632e+00
24 3 -1.000282703436532e+00 -1.897814078373471e-03 -9.178248119416199e-04 -1.007688463251754e+00
24 4 -1.000282900641623e+00 -1.898250466710837e-03 -9.175607422388549e-04 -1.007686914999502e+00
24 5 -1.000283087785281e+00 -1.898638128814204e-03 -9.173466411613705e-04 -1.007685483274203e+00
24 6 -1.000283257910159e+00 -1.898962507856124e-03 -9.171896012402810e-04 -1.007684222102252e+00
24 7 -1.000283404674088e+00 -1.899211579551898e-03 -9.170940415573397e-04 -1.007683178822777e+00
24 8 -1.000283522564107e+00 -1.899376248975824e-03 -9.170617771170968e-04 -1.007682392435765e+00
24 9 -1.000283607089718e+00 -1.899450630389651e-03 -9.170922221469056e-04 -1.007681892262300e+00
24 10 -1.000283654950437e+00 -1.899432209024544e-03 -9.171826810307689e-04 -1.007681696946577e+00
24 11 -1.000283664171563e+00 -1.899321887200831e-03 -9.173286782783205e-04 -1.007681813821717e+00
24 12 -1.000283634201364e+00 -1.899123920113177e-03 -9.175242824378511e-04 -1.007682238652923e+00
24 13 -1.000283565962643e+00 -1.898845748630065e-03 -9.177623880458552e-04 -1.007682955763241e+00
24 14 -1.000283461851961e+00 -1.898497736768079e-03 -9.180349345835339e-04 -1.007683938541462e+00
24 15 -1.000283325681111e+00 -1.898092820668407e-03 -9.183330597988982e-04 -1.007685150326875e+00
24 16 -1.000283162558073e+00 -1.897646075630635e-03 -9.186472025899040e-04 -1.007686545657406e+00
24 17 -1.000282978708401e+00 -1.897174208905801e-03 -9.189671848360746e-04 -1.007688071855042e+00
24 18 -1.000282781241839e+00 -1.896694987817188e-03 -9.192823109211609e-04 -1.007689670908429e+00
24 19 -1.000282577872581e+00 -1.896226614734274e-03 -9.195815267330385e-04 -1.007691281600384e+00
24 20 -1.000282376604731e+00 -1.895787063214287e-03 -9.198536739208727e-04 -1.007692841816058e+00
24 21 -1.000282185397375e+00 -1.895393394178886e-03 -9.200878590283677e-04 -1.007694290953363e+00
24 22 -1.000282011825879e+00 -1.895061076607060e-03 -9.202739341665227e-04 -1.007695572342338e+00
24 23 -1.000281862757004e+00 -1.894803341986700e-03 -9.204030620530880e-04 -1.007696635568794e+00
24 24 -1.000281744055108e+00 -1.894630604562544e-03 -9.204683176276520e-04 -1.007697438592688e+00
24 25 -1.000281660335191e+00 -1.894549980377245e-03 -9.204652626293038e-04 -1.007697949552508e+00
24 26 -1.000281614775889e+00 -1.894564936949222e-03 -9.203924208669027e-04 -1.007698148154408e+00
24 27 -1.000281609001720e+00 -1.894675100695124e-03 -9.202515847286351e-04 -1.007698026562009e+00
24 28 -1.000281643039034e+00 -1.894876239938066e-03 -9.200479000413012e-04 -1.007697589731727e+00
24 29 -1.000281715344793e+00 -1.895160428903698e-03 -9.197897031822779e-04 -1.007696855175160e+00
24 30 -1.000281822902459e+00 -1.895516385243561e-03 -9.194881142582206e-04 -1.007695852167143e+00
24 31 -1.000281961375436e+00 -1.895929962129036e-03 -9.191564179213000e-04 -1.007694620450931e+00
25 0 -1.000281929493809e+00 -1.896085539877019e-03 -9.199698557800262e-04 -1.007693868989885e+00
25 1 -1.000282111442092e+00 -1.896561256558303e-03 -9.196231455326386e-04 -1.007692339835229e+00
25 2 -1.000282305588381e+00 -1.897041616922447e-03 -9.192909707441102e-04 -1.007690744874675e+00
25 3 -1.000282504608160e+00 -1.897507980805811e-03 -9.189870451739931e-04 -1.007689145542542e+00
25 4 -1.000282701056719e+00 -1.897942432954230e-03 -9.187232960219095e-04 -1.007687602985071e+00
25 5 -1.000282887623154e+00 -1.898328467677394e-03 -9.185093765925826e-04 -1.007686175766286e+00
25 6 -1.000283057374090e+00 -1.898651593218341e-03 -9.183523721545516e-04 -1.007684917729867e+00
25 7 -1.000283203983708e+00 -1.898899837026830e-03 -9.182566985751781e-04 -1.007683876082042e+00
25 8 -1.000283321946895e+00 -1.899064140023315e-03 -9.182241726151397e-04 -1.007683089746532e+00
25 9 -1.000283406771834e+00 -1.899138634316393e-03 -9.182542160166944e-04 -1.007682588030035e+00
25 10 -1.000283455147262e+00 -1.899120803636196e-03 -9.183441463582793e-04 -1.007682389627125e+00
25 11 -1.000283465078522e+00 -1.899011529138046e-03 -9.184895062548188e-04 -1.007682501985556e+00
25 12 -1.000283435985640e+00 -1.898815025878003e-03 -9.186843866675452e-04 -1.007682921045280e+00
25 13 -1.000283368756186e+00 -1.898538677097425e-03 -9.189217087931206e-04 -1.007683631357221e+00
25 14 -1.000283265746000e+00 -1.898192773939022e-03 -9.191934427974348e-04 -1.007684606581914e+00
25 15 -1.000283130722419e+00 -1.897790167606424e-03 -9.194907598007895e-04 -1.007685810362509e+00
25 16 -1.000282968747319e+00 -1.897345840504282e-03 -9.198041323970270e-04 -1.007687197558623e+00
25 17 -1.000282786000751e+00 -1.896876403534467e-03 -9.201234142578594e-04 -1.007688715816303e+00
25 18 -1.000282589549620e+00 -1.896399528425257e-03 -9.204379384576047e-04 -1.007690307436222e+00
25 19 -1.000282387069553e+00 -1.895933326373225e-03 -9.207366759066576e-04 -1.007691911489026e+00
25 20 -1.000282186531565e+00 -1.895495687567330e-03 -9.210084886273447e-04 -1.007693466113073e+00
25 21 -1.000281995868187e+00 -1.895103600636853e-03 -9.212424972558025e-04 -1.007694910915474e+00
25 22 -1.000281822635660e+00 -1.894772476192451e-03 -9.214285603747711e-04 -1.007696189383619e+00
25 23 -1.000281673689638e+00 -1.894515503228357e-03 -9.215578394494895e-04 -1.007697251203807e+00
25 24 -1.000281554891518e+00 -1.894343070349869e-03 -9.216234013767310e-04 -1.007698054377762e+00
25 25 -1.000281470861247e+00 -1.894262285159931e-03 -9.216207940229286e-04 -1.007698567027502e+00
25 26 -1.000281424789911e+00 -1.894276623891905e-03 -9.215485219482300e-04 -1.007698768786456e+00
25 27 -1.000281418321498e+00 -1.894385738278374e-03 -9.214083533700357e-04 -1.007698651692881e+00
25 28 -1.000281451508175e+00 -1.894585437321136e-03 -9.212054062322404e-04 -1.007698220530703e+00
25 29 -1.000281522838192e+00 -1.894867849494417e-03 -9.209479872463367e-04 -1.007697492598881e+00
25 30 -1.000281629330718e+00 -1.895221758249563e-03 -9.206471868829819e-04 -1.007696496927052e+00
25 31 -1.000281766688145e+00 -1.895633092018115e-03 -9.203162611870014e-04 -1.007695272988567e+00
26 0 -1.000281760127535e+00 -1.895751781390932e-03 -9.213392636526328e-04 -1.007694542046870e+00
26 1 -1.000281941002808e+00 -1.896225242283295e-03 -9.209929441847447e-04 -1.007693020501136e+00
26 2 -1.000282134096360e+00 -1.896703276400570e-03 -9.206612086173034e-04 -1.007691433139208e+00
26 3 -1.000282332124219e+00 -1.897167331033092e-03 -9.203577578159418e-04 -1.007689841107300e+00
26 4 -1.000282527680564e+00 -1.897599579411030e-03 -9.200945035773861e-04 -1.007688305269633e+00
26 5 -1.000282713490162e+00 -1.897983602059005e-03 -9.198810810567840e-04 -1.007686883925274e+00
26 6 -1.000282882650556e+00 -1.898304987460471e-03 -9.197245555815321e-04 -1.007685630681495e+00
26 7 -1.000283028860637e+00 -1.898551833741419e-03 -9.196293227798267e-04 -1.007684592547289e+00
26 8 -1.000283146632538e+00 -1.898715139744210e-03 -9.195971800119104e-04 -1.007683808297537e+00
26 9 -1.000283231483199e+00 -1.898789079917595e-03 -9.196275311315872e-04 -1.007683307146414e+00
26 10 -1.000283280101021e+00 -1.898771162381447e-03 -9.197176781321071e-04 -1.007683107758315e+00
26 11 -1.000283290481857e+00 -1.898662273205396e-03 -9.198631516490328e-04 -1.007683217615900e+00
26 12 -1.000283262027550e+00 -1.898466612486172e-03 -9.200580357632566e-04 -1.007683632757924e+00
26 13 -1.000283195599609e+00 -1.898191529286816e-03 -9.202952508373144e-04 -1.007684337893557e+00
26 14 -1.000283093521080e+00 -1.897847262907439e-03 -9.205667721787778e-04 -1.007685306894026e+00
26 15 -1.000282959521293e+00 -1.897446597531605e-03 -9.208637811399528e-04 -1.007686503655902e+00
26 16 -1.000282798620842e+00 -1.897004436746279e-03 -9.211767646169264e-04 -1.007687883322492e+00
26 17 -1.000282616957247e+00 -1.896537304682145e-03 -9.214955939923623e-04 -1.007689393840017e+00
26 18 -1.000282421555442e+00 -1.896062782107816e-03 -9.218096229336250e-04 -1.007690977812765e+00
26 19 -1.000282220051115e+00 -1.895598888636907e-03 -9.221078447591776e-04 -1.007692574606781e+00
26 20 -1.000282020378754e+00 -1.895163425849844e-03 -9.223791439041989e-04 -1.007694122636577e+00
26 21 -1.000281830439104e+00 -1.894773300327843e-03 -9.226126616243142e-04 -1.007695561755534e+00
26 22 -1.000281657762496e+00 -1.894443850255648e-03 -9.227982745051272e-04 -1.007696835658504e+00
26 23 -1.000281509185221e+00 -1.894188203996718e-03 -9.229271595279940e-04 -1.007697894194426e+00
26 24 -1.000281390556182e+00 -1.894016702876804e-03 -9.229923966731645e-04 -1.007698695479101e+00
26 25 -1.000281306489900e+00 -1.893936421962084e-03 -9.229895437558708e-04 -1.007699207697243e+00
26 26 -1.000281260179294e+00 -1.893950820806996e-03 -9.229171113420026e-04 -1.007699410491768e+00
26 27 -1.000281253277402e+00 -1.894059550625329e-03 -9.227768699487648e-04 -1.007699295857654e+00
26 28 -1.000281285852266e+00 -1.894258435453061e-03 -9.225739374193750e-04 -1.007698868485859e+00
26 29 -1.000281356414201e+00 -1.894539633439549e-03 -9.223166190358736e-04 -1.007698145536817e+00
26 30 -1.000281462009983e+00 -1.894891971637948e-03 -9.220160023283756e-04 -1.007697155859910e+00
26 31 -1.000281598374485e+00 -1.895301435187867e-03 -9.216853379981604e-04 -1.007695938710740e+00
27 0 -1.000281623853874e+00 -1.895396150909058e-03 -9.228654967579989e-04 -1.007695201968224e+00
27 1 -1.000281803716470e+00 -1.895867568633201e-03 -9.225192898577408e-04 -1.007693687554245e+00
27 2 -1.000281995762975e+00 -1.896343357939265e-03 -9.221878580489985e-04 -1.007692107734838e+00
27 3 -1.000282192749679e+00 -1.896805050531945e-03 -9.218848950269154e-04 -1.007690523369145e+00
27 4 -1.000282387311473e+00 -1.897234910286392e-03 -9.216222966070760e-04 -1.007688995024398e+00
27 5 -1.000282572212719e+00 -1.897616611189281e-03 -9.214096735796553e-04 -1.007687580704212e+00
27 6 -1.000282740587689e+00 -1.897935834020982e-03 -9.212540600718307e-04 -1.007686333734542e+00
27 7 -1.000282886167388e+00 -1.898180763961788e-03 -9.211598151889317e-04 -1.007685300869852e+00
27 8 -1.000283003489888e+00 -1.898342477828239e-03 -9.211286954990965e-04 -1.007684520668980e+00
27 9 -1.000283088090667e+00 -1.898415215385649e-03 -9.211600612002433e-04 -1.007684022178886e+00
27 10 -1.000283136668381e+00 -1.898396534135021e-03 -9.212511703252509e-04 -1.007683823954112e+00
27 11 -1.000283147220323e+00 -1.898287350978742e-03 -9.213975124666252e-04 -1.007683933430698e+00
27 12 -1.000283119140845e+00 -1.898091876835512e-03 -9.215931361073525e-04 -1.007684346666224e+00
27 13 -1.000283053275451e+00 -1.897817451427524e-03 -9.218309326300149e-04 -1.007685048452401e+00
27 14 -1.000282951923576e+00 -1.897474285454060e-03 -9.221028554623530e-04 -1.007686012801668e+00
27 15 -1.000282818784645e+00 -1.897075116869388e-03 -9.224000719121036e-04 -1.007687203802961e+00
27 16 -1.000282658844527e+00 -1.896634787656585e-03 -9.227130636136269e-04 -1.007688576833757e+00
27 17 -1.000282478202738e+00 -1.896169747865014e-03 -9.230317057272381e-04 -1.007690080105482e+00
27 18 -1.000282283844478e+00 -1.895697495139117e-03 -9.233453637462676e-04 -1.007691656507001e+00
27 19 -1.000282083365561e+00 -1.895235960608418e-03 -9.236430491211645e-04 -1.007693245696408e+00
27 20 -1.000281884662015e+00 -1.894802855623408e-03 -9.239136692101017e-04 -1.007694786376273e+00
27 21 -1.000281695598925e+00 -1.894414998129219e-03 -9.241463921282438e-04 -1.007696218673648e+00
27 22 -1.000281523674848e+00 -1.894087642265507e-03 -9.243311246514620e-04 -1.007697486533713e+00
27 23 -1.000281375699026e+00 -1.893833839631862e-03 -9.244590762859849e-04 -1.007698540024820e+00
27 24 -1.000281257498752e+00 -1.893663864515680e-03 -9.245233603832841e-04 -1.007699337444759e+00
27 25 -1.000281173673064e+00 -1.893584736829636e-03 -9.245195675614171e-04 -1.007699847117223e+00
27 26 -1.000281127406083e+00 -1.893599874558145e-03 -9.244462399155568e-04 -1.007700048776789e+00
27 27 -1.000281120349012e+00 -1.893708902031100e-03 -9.243051782032380e-04 -1.007699934460279e+00
27 28 -1.000281152575021e+00 -1.893907631710776e-03 -9.241015291381366e-04 -1.007699508849807e+00
27 29 -1.000281222606361e+00 -1.894188225906125e-03 -9.238436246321200e-04 -1.007698789046325e+00
27 30 -1.000281327508365e+00 -1.894539531853553e-03 -9.235425750949535e-04 -1.007697803789759e+00
27 31 -1.000281463040761e+00 -1.894947570752405e-03 -9.232116491117092e-04 -1.007696592178259e+00
28 0 -1.000281526080476e+00 -1.895032222611356e-03 -9.244907795064674e-04 -1.007695823053534e+00
28 1 -1.000281705030107e+00 -1.895501889624390e-03 -9.241443995065471e-04 -1.007694315015663e+00
28 2 -1.000281896075646e+00 -1.895975602582473e-03 -9.238131228765749e-04 -1.007692742390383e+00
28 3 -1.000282092011939e+00 -1.896434971538896e-03 -9.235106414505618e-04 -1.007691165761374e+00
28 4 -1.000282285514963e+00 -1.896862349683927e-03 -9.232488354764215e-04 -1.007689645395123e+00
28 5 -1.000282469391046e+00 -1.897241507932338e-03 -9.230372869994318e-04 -1.007688238980866e+00
28 6 -1.000282636815502e+00 -1.897558227807709e-03 -9.228829890285694e-04 -1.007686999529267e+00
28 7 -1.000282781557597e+00 -1.897800794766739e-03 -9.227902482950979e-04 -1.007685973492422e+00
28 8 -1.000282898189140e+00 -1.897960380869054e-03 -9.227607597011043e-04 -1.007685199153787e+00
28 9 -1.000282982273332e+00 -1.898031311639434e-03 -9.227938156691109e-04 -1.007684705324739e+00
28 10 -1.000283030529289e+00 -1.898011216867007e-03 -9.228866043307214e-04 -1.007684510374726e+00
28 11 -1.000283040966538e+00 -1.897901068989588e-03 -9.230345469933010e-04 -1.007684621613399e+00
28 12 -1.000283012982904e+00 -1.897705115392809e-03 -9.232316282510363e-04 -1.007685035035822e+00
28 13 -1.000282947418640e+00 -1.897430712040078e-03 -9.234706821092109e-04 -1.007685735436431e+00
28 14 -1.000282846559823e+00 -1.897088065548116e-03 -9.237436133937620e-04 -1.007686696893345e+00
28 15 -1.000282714085268e+00 -1.896689890113114e-03 -9.240415521160669e-04 -1.007687883619407e+00
28 16 -1.000282554953925e+00 -1.896250985553790e-03 -9.243549557572620e-04 -1.007689251168045e+00
28 17 -1.000282375233168e+00 -1.895787743427937e-03 -9.246736886699777e-04 -1.007690747970802e+00
28 18 -1.000282181872239e+00 -1.895317589525344e-03 -9.249871177629665e-04 -1.007692317170777e+00
28 19 -1.000281982428812e+00 -1.894858373190917e-03 -9.252842669540466e-04 -1.007693898703030e+00
28 20 -1.000281784760110e+00 -1.894427717364721e-03 -9.255540666061531e-04 -1.007695431558909e+00
28 21 -1.000281596692998e+00 -1.894042347975644e-03 -9.257857178663643e-04 -1.007696856156410e+00
28 22 -1.000281425689478e+00 -1.893717426596036e-03 -9.259691690722190e-04 -1.007698116724725e+00
28 23 -1.000281278525038e+00 -1.893465914961579e-03 -9.260956774592584e-04 -1.007699163599972e+00
28 24 -1.000281160997181e+00 -1.893298003307908e-03 -9.261584082093648e-04 -1.007699955322504e+00
28 25 -1.000281077680119e+00 -1.893220635868777e-03 -9.261530068100533e-04 -1.007700460425869e+00
28 26 -1.000281031738840e+00 -1.893237165446483e-03 -9.260780725758602e-04 -1.007700658815638e+00
28 27 -1.000281024811717e+00 -1.893347163801293e-03 -9.259354644112689e-04 -1.007700542654953e+00
28 28 -1.000281056965971e+00 -1.893546405601664e-03 -9.257303857855761e-04 -1.007700116701913e+00
28 29 -1.000281126725260e+00 -1.893827031876631e-03 -9.254712216626894e-04 -1.007699398078858e+00
28 30 -1.000281231163852e+00 -1.894177886012060e-03 -9.251691302527121e-04 -1.007698415490777e+00
28 31 -1.000281366057761e+00 -1.894585003023102e-03 -9.248374216137843e-04 -1.007697207945080e+00
29 0 -1.000281470741531e+00 -1.894673975989604e-03 -9.261536629824941e-04 -1.007696380666164e+00
29 1 -1.000281648914084e+00 -1.895142255194702e-03 -9.258068231785664e-04 -1.007694877993975e+00
29 2 -1.000281839044160e+00 -1.895614142988561e-03 -9.254755403329828e-04 -1.007693311929353e+00
29 3 -1.000282033961989e+00 -1.896071318442487e-03 -9.251735106281796e-04 -1.007691742803247e+00
29 4 -1.000282226383403e+00 -1.896496219205472e-03 -9.249126006059171e-04 -1.007690230589223e+00
29 5 -1.000282409157377e+00 -1.896872712930165e-03 -9.247023602724484e-04 -1.007688832655127e+00
29 6 -1.000282575502944e+00 -1.897186686508673e-03 -9.245497324084223e-04 -1.007687601674586e+00
29 7 -1.000282719232348e+00 -1.897426534982835e-03 -9.244589569637553e-04 -1.007686583761412e+00
29 8 -1.000282834957734e+00 -1.897583539153417e-03 -9.244316489620359e-04 -1.007685816875011e+00
29 9 -1.000282918278163e+00 -1.897652127364525e-03 -9.244670122551996e-04 -1.007685329531805e+00
29 10 -1.000282965942538e+00 -1.897630021807107e-03 -9.245621419219503e-04 -1.007685139848036e+00
29 11 -1.000282975982878e+00 -1.897518273155581e-03 -9.247123654253270e-04 -1.007685254931925e+00
29 12 -1.000282947811409e+00 -1.897321189802565e-03 -9.249115764077569e-04 -1.007685670636363e+00
29 13 -1.000282882274333e+00 -1.897046169182028e-03 -9.251525249067170e-04 -1.007686371677545e+00
29 14 -1.000282781655214e+00 -1.896703438497666e-03 -9.254270428587332e-04 -1.007687332120806e+00
29 15 -1.000282649622196e+00 -1.896305711337184e-03 -9.257262016158743e-04 -1.007688516230238e+00
29 16 -1.000282491115955e+00 -1.895867766336634e-03 -9.260404158673303e-04 -1.007689879670794e+00
29 17 -1.000282312178864e+00 -1.895405954725391e-03 -9.263595235066806e-04 -1.007691371040025e+00
29 18 -1.000282119729620e+00 -1.894937644938072e-03 -9.266728814409197e-04 -1.007692933693803e+00
29 19 -1.000281921291128e+00 -1.894480614540586e-03 -9.269695201995178e-04 -1.007694507817646e+00
29 20 -1.000281724682909e+00 -1.894052403114777e-03 -9.272383930735789e-04 -1.007696032681534e+00
29 21 -1.000281537692379e+00 -1.893669644657734e-03 -9.274687390324175e-04 -1.007697449000831e+00
29 22 -1.000281367741613e+00 -1.893347403465598e-03 -9.276505567211060e-04 -1.007698701311103e+00
29 23 -1.000281221567090e+00 -1.893098542035513e-03 -9.277751637792984e-04 -1.007699740253658e+00
29 24 -1.000281104929575e+00 -1.892933152659373e-03 -9.278357942861635e-04 -1.007700524662830e+00
29 25 -1.000281022369981e+00 -1.892858085910973e-03 -9.278281698685864e-04 -1.007701023345664e+00
29 26 -1.000280977024442e+00 -1.892876608175145e-03 -9.277509711895301e-04 -1.007701216451848e+00
29 27 -1.000280970507994e+00 -1.892988215237136e-03 -9.276061405146056e-04 -1.007701096349914e+00
29 28 -1.000281002871172e+00 -1.893188619442628e-03 -9.273989632659264e-04 -1.007700667955324e+00
29 29 -1.000281072628508e+00 -1.893469915738953e-03 -9.271379024305865e-04 -1.007699948492272e+00
29 30 -1.000281176853159e+00 -1.893820919323650e-03 -9.268341885775583e-04 -1.007698966707710e+00
29 31 -1.000281311328066e+00 -1.894227655973149e-03 -9.265011963246446e-04 -1.007697761589203e+00
30 0 -1.000281460119227e+00 -1.894335259100117e-03 -9.277912321450997e-04 -1.007696852298552e+00
30 1 -1.000281637682097e+00 -1.894802571250248e-03 -9.274436520319773e-04 -1.007695353761932e+00
30 2 -1.000281827019088e+00 -1.895272959688386e-03 -9.271121913889760e-04 -1.007693793359034e+00
30 3 -1.000282020991103e+00 -1.895728160058752e-03 -9.268105580089502e-04 -1.007692231201699e+00
30 4 -1.000282212350915e+00 -1.896150686283014e-03 -9.265506071494259e-04 -1.007690726990059e+00
30 5 -1.000282393989194e+00 -1.896524499039025e-03 -9.263418538591489e-04 -1.007689337775642e+00
30 6 -1.000282559169763e+00 -1.896835591176847e-03 -9.261911831233244e-04 -1.007688115886306e+00
30 7 -1.000282701750911e+00 -1.897072472086510e-03 -9.261027570262036e-04 -1.007687107075408e+00
30 8 -1.000282816390087e+00 -1.897226540280857e-03 -9.260780966268565e-04 -1.007686348942840e+00
30 9 -1.000282898728877e+00 -1.897292340030555e-03 -9.261162998916894e-04 -1.007685869662042e+00
30 10 -1.000282945554152e+00 -1.897267702777078e-03 -9.262143482296534e-04 -1.007685687037085e+00
30 11 -1.000282954929924e+00 -1.897153777361582e-03 -9.263674522763676e-04 -1.007685807906911e+00
30 12 -1.000282926293338e+00 -1.896954955384881e-03 -9.265693911335352e-04 -1.007686227907798e+00
30 13 -1.000282860507553e+00 -1.896678699277774e-03 -9.268128082034913e-04 -1.007686931599662e+00
30 14 -1.000282759864502e+00 -1.896335280670738e-03 -9.270894413015907e-04 -1.007687892957026e+00
30 15 -1.000282628031908e+00 -1.895937435810115e-03 -9.273902831990844e-04 -1.007689076220542e+00
30 16 -1.000282469941537e+00 -1.895499944132073e-03 -9.277056875223409e-04 -1.007690437097727e+00
30 17 -1.000282291619013e+00 -1.895039136467980e-03 -9.280254503991568e-04 -1.007691924291044e+00
30 18 -1.000282099959226e+00 -1.894572340788529e-03 -9.283389078954618e-04 -1.007693481318702e+00
30 19 -1.000281902455063e+00 -1.894117275787861e-03 -9.286350912731173e-04 -1.007695048579904e+00
30 20 -1.000281706890838e+00 -1.893691406119312e-03 -9.289029751746837e-04 -1.007696565602004e+00
30 21 -1.000281521014846e+00 -1.893311277736588e-03 -9.291318384513431e-04 -1.007697973392216e+00
30 22 -1.000281352207562e+00 -1.892991856943784e-03 -9.293117360642354e-04 -1.007699216802448e+00
30 23 -1.000281207162813e+00 -1.892745901453070e-03 -9.294340568243838e-04 -1.007700246804719e+00
30 24 -1.000281091599035e+00 -1.892583395255307e-03 -9.294921191593950e-04 -1.007701022567953e+00
30 25 -1.000281010016498e+00 -1.892511080749741e-03 -9.294817395348195e-04 -1.007701513226279e+00
30 26 -1.000280965513870e+00 -1.892532120242638e-03 -9.294017002309405e-04 -1.007701699236759e+00
30 27 -1.000280959673437e+00 -1.892645913484518e-03 -9.292540481086694e-04 -1.007701573243381e+00
30 28 -1.000280992519098e+00 -1.892848088427346e-03 -9.290441730402934e-04 -1.007701140393914e+00
30 29 -1.000281062545997e+00 -1.893130670430995e-03 -9.287806395800037e-04 -1.007700418092029e+00
30 30 -1.000281166815913e+00 -1.893482422694907e-03 -9.284747737174486e-04 -1.007699435203487e+00
30 31 -1.000281301108915e+00 -1.893889338940498e-03 -9.281400352348540e-04 -1.007698230768283e+00
31 0 -1.000281494732418e+00 -1.894029244423219e-03 -9.293413712910367e-04 -1.007697218600788e+00
31 1 -1.000281671878396e+00 -1.894496052359079e-03 -9.289927862434281e-04 -1.007695722795949e+00
31 2 -1.000281860577201e+00 -1.894965329889669e-03 -9.286609716789504e-04 -1.007694166922952e+00
31 3 -1.000282053714326e+00 -1.895418854443150e-03 -9.283596539073034e-04 -1.007692610917278e+00
31 4 -1.000282244075052e+00 -1.895839204959142e-03 -9.281006792479806e-04 -1.007691114236375e+00
31 5 -1.000282424589214e+00 -1.896210427700763e-03 -9.278935261625379e-04 -1.007689733633237e+00
31 6 -1.000282588564796e+00 -1.896518617774434e-03 -9.277450173517484e-04 -1.007688521094926e+00
31 7 -1.000282729907342e+00 -1.896752399028678e-03 -9.276592299890634e-04 -1.007687522006585e+00
31 8 -1.000282843322654e+00 -1.896903291983303e-03 -9.276375808738336e-04 -1.007686773587515e+00
31 9 -1.000282924499839e+00 -1.896965965561808e-03 -9.276790480575461e-04 -1.007686303633391e+00
31 10 -1.000282970270593e+00 -1.896938373301169e-03 -9.277804823134221e-04 -1.007686129588620e+00
31 11 -1.000282978739348e+00 -1.896821778407611e-03 -9.279369592229281e-04 -1.007686257964929e+00
31 12 -1.000282949377708e+00 -1.896620674477963e-03 -9.281421250522120e-04 -1.007686684116173e+00
31 13 -1.000282883075985e+00 -1.896342609752934e-03 -9.283884982755251e-04 -1.007687392374581e+00
31 14 -1.000282782144966e+00 -1.895997922529350e-03 -9.286677040490222e-04 -1.007688356549276e+00
31 15 -1.000282650262364e+00 -1.895599394490009e-03 -9.289706383842120e-04 -1.007689540782715e+00
31 16 -1.000282492360961e+00 -1.895161828099161e-03 -9.292875775334713e-04 -1.007690900753387e+00
31 17 -1.000282314458598e+00 -1.894701554474226e-03 -9.296082627206366e-04 -1.007692385203300e+00
31 18 -1.000282123433923e+00 -1.894235879498260e-03 -9.299219994142603e-04 -1.007693937756416e+00
31 19 -1.000281926755667e+00 -1.893782478423168e-03 -9.302178127351155e-04 -1.007695498980097e+00
31 20 -1.000281732176933e+00 -1.893358752814869e-03 -9.304846946259715e-04 -1.007697008626627e+00
31 21 -1.000281547408946e+00 -1.892981168223405e-03 -9.307119634367908e-04 -1.007698407977287e+00
31 22 -1.000281379790602e+00 -1.892664595974643e-03 -9.308897346708078e-04 -1.007699642198050e+00
31 23 -1.000281235971011e+00 -1.892421687304207e-03 -9.310094770415680e-04 -1.007700662604818e+00
31 24 -1.000281121622228e+00 -1.892262311806780e-03 -9.310646053145590e-04 -1.007701428728708e+00
31 25 -1.000281041198170e+00 -1.892193093739652e-03 -9.310510447528246e-04 -1.007701910071106e+00
31 26 -1.000280997753040e+00 -1.892217077983414e-03 -9.309676948797563e-04 -1.007702087447076e+00
31 27 -1.000280992828324e+00 -1.892333551851489e-03 -9.308167248688000e-04 -1.007701953835419e+00
31 28 -1.000281026412334e+00 -1.892538039804629e-03 -9.306036487576813e-04 -1.007701514682706e+00
31 29 -1.000281096971138e+00 -1.892822476557200e-03 -9.303371530474569e-04 -1.007700787643429e+00
31 30 -1.000281201545167e+00 -1.893175551418128e-03 -9.300286783387789e-04 -1.007699801774965e+00
31 31 -1.000281335901905e+00 -1.893583204420755e-03 -9.296917865477558e-04 -1.007698596240439e+00
