1.304524920602836e-06
1.000000000000000e-12
1.000000000000000e-17
3.539518856819626e-01
1.942922498626091e-01
-7.949180579205871e-02
-1.500017464083440e+00
1.901109735892602e-07
32
32
-4.380418310045796e-04
1
0 0 -1.000282087087471e+00 -1.894421227090859e-03 -9.289849874487751e-04 -1.007695327354845e+00
0 1 -1.000282205669252e+00 -1.894732615271229e-03 -9.287552397339330e-04 -1.007694329206054e+00
0 2 -1.000282331806683e+00 -1.895045395502978e-03 -9.285361467216039e-04 -1.007693292370749e+00
0 3 -1.000282460711710e+00 -1.895347463963124e-03 -9.283365631937177e-04 -1.007692256758069e+00
0 4 -1.000282587520306e+00 -1.895627214430919e-03 -9.281642820824658e-04 -1.007691262019622e+00
0 5 -1.000282707465369e+00 -1.895873983011605e-03 -9.280257191892692e-04 -1.007690346050673e+00
0 6 -1.000282816043421e+00 -1.896078444281025e-03 -9.279256991550507e-04 -1.007689543585840e+00
0 7 -1.000282909171385e+00 -1.896232945897706e-03 -9.278673454979360e-04 -1.007688884934741e+00
0 8 -1.000282983329986e+00 -1.896331772270082e-03 -9.278520678298410e-04 -1.007688394895779e+00
0 9 -1.000283035690202e+00 -1.896371331332094e-03 -9.278796314848581e-04 -1.007688091878962e+00
0 10 -1.000283064219075e+00 -1.896350261870716e-03 -9.279482892488645e-04 -1.007687987260890e+00
0 11 -1.000283067761186e+00 -1.896269461900913e-03 -9.280549520655156e-04 -1.007688084987352e+00
0 12 -1.000283046092217e+00 -1.896132040784756e-03 -9.281953762970049e-04 -1.007688381432516e+00
0 13 -1.000282999941129e+00 -1.895943198963357e-03 -9.283643497539463e-04 -1.007688865518650e+00
0 14 -1.000282930977912e+00 -1.895710039846003e-03 -9.285558660310953e-04 -1.007689519095315e+00
0 15 -1.000282841764903e+00 -1.895441319300839e-03 -9.287632842530127e-04 -1.007690317570444e+00
0 16 -1.000282735671289e+00 -1.895147139404723e-03 -9.289794776588743e-04 -1.007691230777985e+00
0 17 -1.000282616752338e+00 -1.894838594168445e-03 -9.291969798190790e-04 -1.007692224059197e+00
0 18 -1.000282489596795e+00 -1.894527375759067e-03 -9.294081417718330e-04 -1.007693259527690e+00
0 19 -1.000282359147786e+00 -1.894225350962492e-03 -9.296053150824636e-04 -1.007694297480607e+00
0 20 -1.000282230504447e+00 -1.893944119860061e-03 -9.297810723580789e-04 -1.007695297909222e+00
0 21 -1.000282108713149e+00 -1.893694571498146e-03 -9.299284683823300e-04 -1.007696222053119e+00
0 22 -1.000281998558256e+00 -1.893486453583642e-03 -9.300413350351253e-04 -1.007697033935616e+00
0 23 -1.000281904362695e+00 -1.893327974334760e-03 -9.301145944809523e-04 -1.007697701815302e+00
0 24 -1.000281829808228e+00 -1.893225454865041e-03 -9.301445680240858e-04 -1.007698199488658e+00
0 25 -1.000281777784332e+00 -1.893183050181708e-03 -9.301292519141047e-04 -1.007698507381373e+00
0 26 -1.000281750273051e+00 -1.893202555496076e-03 -9.300685277122267e-04 -1.007698613372326e+00
0 27 -1.000281748275037e+00 -1.893283311191999e-03 -9.299642766615780e-04 -1.007698513305891e+00
0 28 -1.000281771779431e+00 -1.893422214404326e-03 -9.298203759534301e-04 -1.007698211164863e+00
0 29 -1.000281819777602e+00 -1.893613838684183e-03 -9.296425673750359e-04 -1.007697718895462e+00
0 30 -1.000281890318180e+00 -1.893850656771260e-03 -9.294382019767565e-04 -1.007697055895063e+00
0 31 -1.000281980598671e+00 -1.894123355558933e-03 -9.292158764173800e-04 -1.007696248191083e+00
1 0 -1.000282164523119e+00 -1.894281036416568e-03 -9.297858725055341e-04 -1.007695414400880e+00
1 1 -1.000282283112565e+00 -1.894592634721391e-03 -9.295554909781624e-04 -1.007694416075852e+00
1 2 -1.000282409139307e+00 -1.894905327247196e-03 -9.293360896859820e-04 -1.007693379991388e+00
1 3 -1.000282537819680e+00 -1.895207013680821e-03 -9.291365359496070e-04 -1.007692346025871e+00
1 4 -1.000282664298378e+00 -1.895486102598587e-03 -9.289646226930982e-04 -1.007691353765829e+00
1 5 -1.000282783820955e+00 -1.895731955696050e-03 -9.288267525204475e-04 -1.007690441009854e+00
1 6 -1.000282891900090e+00 -1.895935283122303e-03 -9.287277233235193e-04 -1.007689642367828e+00
1 7 -1.000282984471878e+00 -1.896088476763418e-03 -9.286706192653098e-04 -1.007688988001145e+00
1 8 -1.000283058038547e+00 -1.896185872026516e-03 -9.286568003461694e-04 -1.007688502542345e+00
1 9 -1.000283109793986e+00 -1.896223932381980e-03 -9.286859747898275e-04 -1.007688204224831e+00
1 10 -1.000283137728525e+00 -1.896201354395090e-03 -9.287563329837857e-04 -1.007688104245141e+00
1 11 -1.000283140709483e+00 -1.896119093912557e-03 -9.288647199670872e-04 -1.007688206372499e+00
1 12 -1.000283118533959e+00 -1.895980316092797e-03 -9.290068249245998e-04 -1.007688506814257e+00
1 13 -1.000283071950314e+00 -1.895790273079838e-03 -9.291773703127305e-04 -1.007688994341366e+00
1 14 -1.000283002645169e+00 -1.895556113904495e-03 -9.293702894649310e-04 -1.007689650673018e+00
1 15 -1.000282913193984e+00 -1.895286632241213e-03 -9.295788887294753e-04 -1.007690451112685e+00
1 16 -1.000282806975015e+00 -1.894991958849171e-03 -9.297959973394466e-04 -1.007691365419635e+00
1 17 -1.000282688048273e+00 -1.894683206394326e-03 -9.300141145841327e-04 -1.007692358892750e+00
1 18 -1.000282561002847e+00 -1.894372075012745e-03 -9.302255683151406e-04 -1.007693393637049e+00
1 19 -1.000282430777764e+00 -1.894070428312091e-03 -9.304226995211723e-04 -1.007694429975631e+00
1 20 -1.000282302463639e+00 -1.893789851989276e-03 -9.305980835058554e-04 -1.007695427960024e+00
1 21 -1.000282181094144e+00 -1.893541210082466e-03 -9.307447903212481e-04 -1.007696348922356e+00
1 22 -1.000282071437341e+00 -1.893334215835689e-03 -9.308566782525945e-04 -1.007697157006914e+00
1 23 -1.000281977797038e+00 -1.893177034962793e-03 -9.309287058824873e-04 -1.007697820616702e+00
1 24 -1.000281903833807e+00 -1.893075939441374e-03 -9.309572403460475e-04 -1.007698313710886e+00
1 25 -1.000281852414549e+00 -1.893035030043596e-03 -9.309403322093379e-04 -1.007698616890674e+00
1 26 -1.000281825498081e+00 -1.893056044590080e-03 -9.308779237494829e-04 -1.007698718216980e+00
1 27 -1.000281824062081e+00 -1.893138265284690e-03 -9.307719603452493e-04 -1.007698613715315e+00
1 28 -1.000281848073997e+00 -1.893278532727966e-03 -9.306263839697524e-04 -1.007698307541000e+00
1 29 -1.000281896505677e+00 -1.893471367742610e-03 -9.304469999146163e-04 -1.007697811797171e+00
1 30 -1.000281967389103e+00 -1.893709196034658e-03 -9.302412198550671e-04 -1.007697146016540e+00
1 31 -1.000282057908553e+00 -1.893982664984673e-03 -9.300176959701149e-04 -1.007696336335009e+00
2 0 -1.000282265863231e+00 -1.894182669916322e-03 -9.304225084193012e-04 -1.007695412111254e+00
2 1 -1.000282384556562e+00 -1.894494685844508e-03 -9.301914325166640e-04 -1.007694412923040e+00
2 2 -1.000282510564777e+00 -1.894807498625375e-03 -9.299716635607302e-04 -1.007693376921305e+00
2 3 -1.000282639104983e+00 -1.895109003355588e-03 -9.297720843528291e-04 -1.007692343979551e+00
2 4 -1.000282765327174e+00 -1.895387615630992e-03 -9.296004899570364e-04 -1.007691353643621e+00
2 5 -1.000282884486588e+00 -1.895632715635258e-03 -9.294632708810339e-04 -1.007690443637163e+00
2 6 -1.000282992109770e+00 -1.895835042903353e-03 -9.293651990833163e-04 -1.007689648463261e+00
2 7 -1.000283084150394e+00 -1.895987028380495e-03 -9.293093207238911e-04 -1.007688998148732e+00
2 8 -1.000283157131184e+00 -1.896083054391251e-03 -9.292969479463431e-04 -1.007688517169679e+00
2 9 -1.000283208268510e+00 -1.896119637170159e-03 -9.293277330350279e-04 -1.007688223587895e+00
2 10 -1.000283235576326e+00 -1.896095529968685e-03 -9.293998038497668e-04 -1.007688128419517e+00
2 11 -1.000283237945954e+00 -1.896011747268346e-03 -9.295099384777521e-04 -1.007688235250721e+00
2 12 -1.000283215198037e+00 -1.895871512546736e-03 -9.296537579534354e-04 -1.007688540109828e+00
2 13 -1.000283168103023e+00 -1.895680133541272e-03 -9.298259188201840e-04 -1.007689031599799e+00
2 14 -1.000283098367219e+00 -1.895444810040484e-03 -9.300202932212505e-04 -1.007689691289224e+00
2 15 -1.000283008582632e+00 -1.895174380005293e-03 -9.302301325076186e-04 -1.007690494353416e+00
2 16 -1.000282902140390e+00 -1.894879010550790e-03 -9.304482186059099e-04 -1.007691410450303e+00
2 17 -1.000282783109225e+00 -1.894569841224186e-03 -9.306670134070589e-04 -1.007692404808559e+00
2 18 -1.000282656082347e+00 -1.894258588200012e-03 -9.308788195243699e-04 -1.007693439497771e+00
2 19 -1.000282525998047e+00 -1.893957119601833e-03 -9.310759658865091e-04 -1.007694474842138e+00
2 20 -1.000282397941389e+00 -1.893677014238313e-03 -9.312510284390407e-04 -1.007695470930338e+00
2 21 -1.000282276936009e+00 -1.893429118371960e-03 -9.313970896641624e-04 -1.007696389165893e+00
2 22 -1.000282167735927e+00 -1.893223117156742e-03 -9.315080317345091e-04 -1.007697193796282e+00
2 23 -1.000282074627422e+00 -1.893067138663981e-03 -9.315788485703134e-04 -1.007697853356190e+00
2 24 -1.000282001250667e+00 -1.892967408956666e-03 -9.316059532990176e-04 -1.007698341960175e+00
2 25 -1.000281950450012e+00 -1.892927976447336e-03 -9.315874510368383e-04 -1.007698640382510e+00
2 26 -1.000281924160434e+00 -1.892950522239809e-03 -9.315233444694573e-04 -1.007698736868117e+00
2 27 -1.000281923335461e+00 -1.893034269600238e-03 -9.314156429544683e-04 -1.007698627630363e+00
2 28 -1.000281947919063e+00 -1.893176000182506e-03 -9.312683542912383e-04 -1.007698317008713e+00
2 29 -1.000281996861205e+00 -1.893370178178898e-03 -9.310873495503530e-04 -1.007697817279053e+00
2 30 -1.000282068174335e+00 -1.893609177279117e-03 -9.308801034679223e-04 -1.007697148128435e+00
2 31 -1.000282159026242e+00 -1.893883599537802e-03 -9.306553254379407e-04 -1.007696335822800e+00
3 0 -1.000282387154213e+00 -1.894129984824138e-03 -9.308701487687117e-04 -1.007695320499758e+00
3 1 -1.000282506043924e+00 -1.894442610114967e-03 -9.306383442493605e-04 -1.007694319793587e+00
3 2 -1.000282632126732e+00 -1.894755746705839e-03 -9.304181623752910e-04 -1.007693283202269e+00
3 3 -1.000282760616773e+00 -1.895057277245757e-03 -9.302185029848422e-04 -1.007692250620661e+00
3 4 -1.000282886665800e+00 -1.895335616527690e-03 -9.300471644203141e-04 -1.007691261579448e+00
3 5 -1.000283005535565e+00 -1.895580155546164e-03 -9.299105267571376e-04 -1.007690353751347e+00
3 6 -1.000283112763681e+00 -1.895781655747736e-03 -9.298133389420402e-04 -1.007689561554765e+00
3 7 -1.000283204318957e+00 -1.895932580150570e-03 -9.297586128541347e-04 -1.007688914901577e+00
3 8 -1.000283276742650e+00 -1.896027351987305e-03 -9.297476161234957e-04 -1.007688438127510e+00
3 9 -1.000283327272354e+00 -1.896062535638138e-03 -9.297799474699595e-04 -1.007688149134118e+00
3 10 -1.000283353945243e+00 -1.896036937965870e-03 -9.298536741711522e-04 -1.007688058763159e+00
3 11 -1.000283355677070e+00 -1.895951630546135e-03 -9.299655096833757e-04 -1.007688170418332e+00
3 12 -1.000283332313127e+00 -1.895809895208433e-03 -9.301110095002621e-04 -1.007688479944141e+00
3 13 -1.000283284647665e+00 -1.895617097012459e-03 -9.302847661604873e-04 -1.007688975765536e+00
3 14 -1.000283214409001e+00 -1.895380489954888e-03 -9.304805910677783e-04 -1.007689639285543e+00
3 15 -1.000283124208602e+00 -1.895108961225525e-03 -9.306916799206588e-04 -1.007690445532154e+00
3 16 -1.000283017453811e+00 -1.894812720321641e-03 -9.309107665780069e-04 -1.007691364039742e+00
3 17 -1.000282898225592e+00 -1.894502940435340e-03 -9.311302750858994e-04 -1.007692359942665e+00
3 18 -1.000282771124765e+00 -1.894191361132227e-03 -9.313424820389655e-04 -1.007693395249900e+00
3 19 -1.000282641092298e+00 -1.893889862919759e-03 -9.315397023200488e-04 -1.007694430261051e+00
3 20 -1.000282513211053e+00 -1.893610025860027e-03 -9.317145093839604e-04 -1.007695425076467e+00
3 21 -1.000282392497818e+00 -1.893362686371143e-03 -9.318599948990962e-04 -1.007696341146958e+00
3 22 -1.000282283695353e+00 -1.893157508715995e-03 -9.319700624505715e-04 -1.007697142801860e+00
3 23 -1.000282191074579e+00 -1.893002589502862e-03 -9.320397393715259e-04 -1.007697798689975e+00
3 24 -1.000282118256761e+00 -1.892904114021612e-03 -9.320654824875601e-04 -1.007698283067808e+00
3 25 -1.000282068064613e+00 -1.892866082437964e-03 -9.320454484399049e-04 -1.007698576873305e+00
3 26 -1.000282042409675e+00 -1.892890122040625e-03 -9.319796973316564e-04 -1.007698668530230e+00
3 27 -1.000282042221133e+00 -1.892975398555497e-03 -9.318703005917157e-04 -1.007698554439322e+00
3 28 -1.000282067418575e+00 -1.893118634464685e-03 -9.317213311267990e-04 -1.007698239128670e+00
3 29 -1.000282116928459e+00 -1.893314235659355e-03 -9.315387253272641e-04 -1.007697735056028e+00
3 30 -1.000282188741540e+00 -1.893554520952350e-03 -9.313300200116546e-04 -1.007697062075817e+00
3 31 -1.000282280006578e+00 -1.893830043069425e-03 -9.311039806628079e-04 -1.007696246600471e+00
4 0 -1.000282523661869e+00 -1.894125050817668e-03 -9.311111946955566e-04 -1.007695143224321e+00
4 1 -1.000282642832785e+00 -1.894438453114840e-03 -9.308786573370026e-04 -1.007694140405557e+00
4 2 -1.000282769080254e+00 -1.894752104087370e-03 -9.306580344907383e-04 -1.007693102576511e+00
4 3 -1.000282897611918e+00 -1.895053866758536e-03 -9.304582430947741e-04 -1.007692069678387e+00
4 4 -1.000283023577805e+00 -1.895332147321660e-03 -9.302870860762975e-04 -1.007691081252595e+00
4 5 -1.000283142242779e+00 -1.895576339355106e-03 -9.301509361889293e-04 -1.007690174946912e+00
4 6 -1.000283249152163e+00 -1.895777217763622e-03 -9.300545237700611e-04 -1.007689385120795e+00
4 7 -1.000283340286726e+00 -1.895927269362375e-03 -9.300008310073262e-04 -1.007688741595726e+00
4 8 -1.000283412203579e+00 -1.896020950755257e-03 -9.299910852404502e-04 -1.007688268588718e+00
4 9 -1.000283462159611e+00 -1.896054868075897e-03 -9.300248359498964e-04 -1.007687983858348e+00
4 10 -1.000283488214020e+00 -1.896027876644309e-03 -9.301000949339231e-04 -1.007687898084463e+00
4 11 -1.000283489306383e+00 -1.895941101262869e-03 -9.302135166462957e-04 -1.007688014496080e+00
4 12 -1.000283465306653e+00 -1.895797879828572e-03 -9.303605960171049e-04 -1.007688328756570e+00
4 13 -1.000283417033674e+00 -1.895603634375017e-03 -9.305358650443914e-04 -1.007688829109628e+00
4 14 -1.000283346239396e+00 -1.895365674647442e-03 -9.307330767361300e-04 -1.007689496783650e+00
4 15 -1.000283255557004e+00 -1.895092940026490e-03 -9.309453733847000e-04 -1.007690306645814e+00
4 16 -1.000283148412652e+00 -1.894795686424768e-03 -9.311654431168514e-04 -1.007691228090310e+00
4 17 -1.000283028902383e+00 -1.894485125906345e-03 -9.313856734993377e-04 -1.007692226137478e+00
4 18 -1.000282901637804e+00 -1.894173028074847e-03 -9.315983144443175e-04 -1.007693262712555e+00
4 19 -1.000282771566057e+00 -1.893871293615303e-03 -9.317956643744840e-04 -1.007694298064768e+00
4 20 -1.000282643771404e+00 -1.893591512034493e-03 -9.319702914015859e-04 -1.007695292279724e+00
4 21 -1.000282523267185e+00 -1.893344517898765e-03 -9.321152938684930e-04 -1.007696206830202e+00
4 22 -1.000282414787943e+00 -1.893139962296154e-03 -9.322245940248070e-04 -1.007697006103655e+00
4 23 -1.000282322591922e+00 -1.892985917893853e-03 -9.322932486418289e-04 -1.007697658840920e+00
4 24 -1.000282250283793e+00 -1.892888536271602e-03 -9.323177530787272e-04 -1.007698139420812e+00
4 25 -1.000282200666502e+00 -1.892851775408610e-03 -9.322963103066035e-04 -1.007698428929013e+00
4 26 -1.000282175629453e+00 -1.892877213497257e-03 -9.322290335942168e-04 -1.007698515956548e+00
4 27 -1.000282176078140e+00 -1.892963962145137e-03 -9.321180529101486e-04 -1.007698397084151e+00
4 28 -1.000282201907752e+00 -1.893108686889324e-03 -9.319675025416502e-04 -1.007698077025353e+00
4 29 -1.000282252020589e+00 -1.893305736208765e-03 -9.317833799735701e-04 -1.007697568421264e+00
4 30 -1.000282324384474e+00 -1.893547373332344e-03 -9.315732801740301e-04 -1.007696891300227e+00
4 31 -1.000282416127358e+00 -1.893824099278782e-03 -9.313460221086666e-04 -1.007696072232557e+00
5 0 -1.000282670064310e+00 -1.894168063282284e-03 -9.311359328412727e-04 -1.007694887426259e+00
5 1 -1.000282789589946e+00 -1.894482379130012e-03 -9.309026895052116e-04 -1.007693881985264e+00
5 2 -1.000282916085353e+00 -1.894796714316198e-03 -9.306816160816757e-04 -1.007692842321219e+00
5 3 -1.000283044748580e+00 -1.895098905916973e-03 -9.304816463919601e-04 -1.007691808444223e+00
5 4 -1.000283170724499e+00 -1.895377343900746e-03 -9.303105900889823e-04 -1.007690819932002e+00
5 5 -1.000283289277401e+00 -1.895621415931559e-03 -9.301748163630633e-04 -1.007689914434878e+00
5 6 -1.000283395956567e+00 -1.895821901452288e-03 -9.300790413233987e-04 -1.007689126281561e+00
5 7 -1.000283486751166e+00 -1.895971302077756e-03 -9.300262222771754e-04 -1.007688485230878e+00
5 8 -1.000283558231010e+00 -1.896064099017117e-03 -9.300175520988397e-04 -1.007688015407117e+00
5 9 -1.000283607669608e+00 -1.896096931980815e-03 -9.300525382255098e-04 -1.007687734448906e+00
5 10 -1.000283633146007e+00 -1.896068697551884e-03 -9.301291449244800e-04 -1.007687652893292e+00
5 11 -1.000283633622004e+00 -1.895980567912862e-03 -9.302439751557719e-04 -1.007687773809109e+00
5 12 -1.000283608991329e+00 -1.895835932799255e-03 -9.303924696829164e-04 -1.007688092687848e+00
5 13 -1.000283560097373e+00 -1.895640268707403e-03 -9.305691056028477e-04 -1.007688597595584e+00
5 14 -1.000283488716442e+00 -1.895400940261421e-03 -9.307675830881589e-04 -1.007689269584296e+00
5 15 -1.000283397504731e+00 -1.895126939702500e-03 -9.309809963950885e-04 -1.007690083353700e+00
5 16 -1.000283289908977e+00 -1.894828571621461e-03 -9.312019920226940e-04 -1.007691008146602e+00
5 17 -1.000283170042603e+00 -1.894517090957451e-03 -9.314229229125639e-04 -1.007692008853471e+00
5 18 -1.000283042530897e+00 -1.894204303026414e-03 -9.316360120667932e-04 -1.007693047295460e+00
5 19 -1.000282912330521e+00 -1.893902135589201e-03 -9.318335402081812e-04 -1.007694083647743e+00
5 20 -1.000282784530619e+00 -1.893622195160431e-03 -9.320080685085436e-04 -1.007695077955847e+00
5 21 -1.000282664144480e+00 -1.893375322405775e-03 -9.321526995139621e-04 -1.007695991688662e+00
5 22 -1.000282555901718e+00 -1.893171163573581e-03 -9.322613698869557e-04 -1.007696789265735e+00
5 23 -1.000282464051113e+00 -1.893017775970606e-03 -9.323291598621809e-04 -1.007697439494161e+00
5 24 -1.000282392183795e+00 -1.892921285796042e-03 -9.323525968208590e-04 -1.007697916850718e+00
5 25 -1.000282343085590e+00 -1.892885616369895e-03 -9.323299240517011e-04 -1.007698202547336e+00
5 26 -1.000282318625837e+00 -1.892912303318860e-03 -9.322613022631513e-04 -1.007698285324322e+00
5 27 -1.000282319687825e+00 -1.893000409755116e-03 -9.321489135755388e-04 -1.007698161927969e+00
5 28 -1.000282346143316e+00 -1.893146548897305e-03 -9.319969464033211e-04 -1.007697837246609e+00
5 29 -1.000282396870852e+00 -1.893345014991732e-03 -9.318114522925697e-04 -1.007697324098901e+00
5 30 -1.000282469815031e+00 -1.893588016973995e-03 -9.316000788328157e-04 -1.007696642687116e+00
5 31 -1.000282562081914e+00 -1.893866003549628e-03 -9.313716946015326e-04 -1.007695819745219e+00
6 0 -1.000282820667742e+00 -1.894257334593534e-03 -9.309429772299945e-04 -1.007694563406973e+00
6 1 -1.000282940607390e+00 -1.894572664177020e-03 -9.307090844536444e-04 -1.007693554939080e+00
6 2 -1.000283067424005e+00 -1.894887825950723e-03 -9.304875701500016e-04 -1.007692512917186e+00
6 3 -1.000283196303341e+00 -1.895190625684558e-03 -9.302873850393697e-04 -1.007691477439909e+00
6 4 -1.000283322381786e+00 -1.895469430140339e-03 -9.301163474277632e-04 -1.007690488145460e+00
6 5 -1.000283440919313e+00 -1.895713612862808e-03 -9.299808259363488e-04 -1.007689582714283e+00
6 6 -1.000283547465320e+00 -1.895913948838401e-03 -9.298855265246961e-04 -1.007688795473678e+00
6 7 -1.000283638013643e+00 -1.896062944992049e-03 -9.298333875105539e-04 -1.007688156149578e+00
6 8 -1.000283709143186e+00 -1.896155097392524e-03 -9.298255753181598e-04 -1.007687688802920e+00
6 9 -1.000283758140633e+00 -1.896187069748952e-03 -9.298615646595987e-04 -1.007687410980325e+00
6 10 -1.000283783101811e+00 -1.896157791116511e-03 -9.299392815570630e-04 -1.007687333100945e+00
6 11 -1.000283783008331e+00 -1.896068473543334e-03 -9.300552861209098e-04 -1.007687458093839e+00
6 12 -1.000283757776065e+00 -1.895922552470042e-03 -9.302049734090748e-04 -1.007687781294098e+00
6 13 -1.000283708271978e+00 -1.895725554028904e-03 -9.303827744165348e-04 -1.007688290601014e+00
6 14 -1.000283636296332e+00 -1.895484894366833e-03 -9.305823450938201e-04 -1.007688966896157e+00
6 15 -1.000283544528584e+00 -1.895209617140334e-03 -9.307967387293540e-04 -1.007689784712022e+00
6 16 -1.000283436437108e+00 -1.894910076359448e-03 -9.310185648402074e-04 -1.007690713133887e+00
6 17 -1.000283316154565e+00 -1.894597572543100e-03 -9.312401443663647e-04 -1.007691716910456e+00
6 18 -1.000283188322371e+00 -1.894283950904861e-03 -9.314536749564337e-04 -1.007692757742550e+00
6 19 -1.000283057909532e+00 -1.893981171691904e-03 -9.316514203033936e-04 -1.007693795711551e+00
6 20 -1.000282930013178e+00 -1.893700865116542e-03 -9.318259335752561e-04 -1.007694790799831e+00
6 21 -1.000282809649923e+00 -1.893453885878423e-03 -9.319703179808335e-04 -1.007695704446349e+00
6 22 -1.000282701548040e+00 -1.893249884150215e-03 -9.320785190053915e-04 -1.007696501074969e+00
6 23 -1.000282609950480e+00 -1.893096910890160e-03 -9.321456339409494e-04 -1.007697149531058e+00
6 24 -1.000282538438323e+00 -1.893001075830830e-03 -9.321682156756620e-04 -1.007697624362079e+00
6 25 -1.000282489783475e+00 -1.892966276382283e-03 -9.321445407385048e-04 -1.007697906880035e+00
6 26 -1.000282465838054e+00 -1.892994014073810e-03 -9.320748088695360e-04 -1.007697985950111e+00
6 27 -1.000282467465589e+00 -1.893083311312012e-03 -9.319612447748520e-04 -1.007697858462723e+00
6 28 -1.000282494516363e+00 -1.893230735573239e-03 -9.318080815092246e-04 -1.007697529463820e+00
6 29 -1.000282545846475e+00 -1.893430531855009e-03 -9.316214164335128e-04 -1.007697011937527e+00
6 30 -1.000282619377818e+00 -1.893674858075145e-03 -9.314089428284004e-04 -1.007696326253473e+00
6 31 -1.000282712194251e+00 -1.893954112222149e-03 -9.311795725659600e-04 -1.007695499308389e+00
7 0 -1.000282969635418e+00 -1.894389364122197e-03 -9.305393880350809e-04 -1.007694184160986e+00
7 1 -1.000283090031997e+00 -1.894705767516108e-03 -9.303049299373740e-04 -1.007693172381591e+00
7 2 -1.000283217230333e+00 -1.895021865195905e-03 -9.300830047382206e-04 -1.007692127573406e+00
7 3 -1.000283346401528e+00 -1.895325427453395e-03 -9.298825792837863e-04 -1.007691089939969e+00
7 4 -1.000283472670492e+00 -1.895604791971549e-03 -9.297114810619047e-04 -1.007690099201501e+00
7 5 -1.000283591289430e+00 -1.895849310703751e-03 -9.295760803499886e-04 -1.007689193094553e+00
7 6 -1.000283697804126e+00 -1.896049745328806e-03 -9.294810777336415e-04 -1.007688405974288e+00
7 7 -1.000283788209148e+00 -1.896198598254950e-03 -9.294294000178741e-04 -1.007687767564915e+00
7 8 -1.000283859088426e+00 -1.896290370104104e-03 -9.294221964129555e-04 -1.007687301895800e+00
7 9 -1.000283907737830e+00 -1.896321738292401e-03 -9.294589186949430e-04 -1.007687026452667e+00
7 10 -1.000283932266348e+00 -1.896291654501114e-03 -9.295374645699137e-04 -1.007686951565813e+00
7 11 -1.000283931672340e+00 -1.896201361544784e-03 -9.296543617960965e-04 -1.007687080050326e+00
7 12 -1.000283905891307e+00 -1.896054332408013e-03 -9.298049710429622e-04 -1.007687407106913e+00
7 13 -1.000283855811770e+00 -1.895856135895210e-03 -9.299836885505883e-04 -1.007687920485920e+00
7 14 -1.000283783256511e+00 -1.895614234366417e-03 -9.301841359738945e-04 -1.007688600911223e+00
7 15 -1.000283690927655e+00 -1.895337719695142e-03 -9.303993332770401e-04 -1.007689422754404e+00
7 16 -1.000283582315588e+00 -1.895036994308162e-03 -9.306218587267299e-04 -1.007690354942684e+00
7 17 -1.000283461573391e+00 -1.894723405167279e-03 -9.308440059074705e-04 -1.007691362076556e+00
7 18 -1.000283333360344e+00 -1.894408839797942e-03 -9.310579506704930e-04 -1.007692405725347e+00
7 19 -1.000283202659982e+00 -1.894105294958713e-03 -9.312559411221816e-04 -1.007693445861009e+00
7 20 -1.000283074580161e+00 -1.893824430397634e-03 -9.314305209129146e-04 -1.007694442382243e+00
7 21 -1.000282954144145e+00 -1.893577122321835e-03 -9.315747898730911e-04 -1.007695356673116e+00
7 22 -1.000282846082577e+00 -1.893373033320865e-03 -9.316826970140566e-04 -1.007696153134050e+00
7 23 -1.000282754636373e+00 -1.893220216984366e-03 -9.317493507849447e-04 -1.007696800619753e+00
7 24 -1.000282683380292e+00 -1.893124775974327e-03 -9.317713224693821e-04 -1.007697273718778e+00
7 25 -1.000282635076014e+00 -1.893090591675147e-03 -9.317469126694057e-04 -1.007697553813006e+00
7 26 -1.000282611562048e+00 -1.893119141540844e-03 -9.316763492489867e-04 -1.007697629862771e+00
7 27 -1.000282613685493e+00 -1.893209416652630e-03 -9.315618883149829e-04 -1.007697498875433e+00
7 28 -1.000282641277920e+00 -1.893357946844601e-03 -9.314077973043792e-04 -1.007697166031716e+00
7 29 -1.000282693175027e+00 -1.893558934558856e-03 -9.312202099834482e-04 -1.007696644463211e+00
7 30 -1.000282767277317e+00 -1.893804492078693e-03 -9.310068560171028e-04 -1.007695954693723e+00
7 31 -1.000282860647086e+00 -1.894084970586606e-03 -9.307766813694028e-04 -1.007695123774811e+00
8 0 -1.000283111219487e+00 -1.894558983405306e-03 -9.299404542834766e-04 -1.007693764793770e+00
8 1 -1.000283232097956e+00 -1.894876478171015e-03 -9.297055402407730e-04 -1.007692749549076e+00
8 2 -1.000283359723384e+00 -1.895193583771715e-03 -9.294832541006541e-04 -1.007691701636875e+00
8 3 -1.000283489250381e+00 -1.895498032282572e-03 -9.292825763882019e-04 -1.007690661378209e+00
8 4 -1.000283615789937e+00 -1.895778127633200e-03 -9.291113433828041e-04 -1.007689668593528e+00
8 5 -1.000283734583477e+00 -1.896023193561548e-03 -9.289759296365481e-04 -1.007688761098961e+00
8 6 -1.000283841169569e+00 -1.896223970039606e-03 -9.288810361230816e-04 -1.007687973305627e+00
8 7 -1.000283931539416e+00 -1.896372945288822e-03 -9.288295860658987e-04 -1.007687334967383e+00
8 8 -1.000284002277684e+00 -1.896464614166409e-03 -9.288227204494482e-04 -1.007686870114812e+00
8 9 -1.000284050685239e+00 -1.896495657238663e-03 -9.288598779624759e-04 -1.007686596205497e+00
8 10 -1.000284074880255e+00 -1.896465038171913e-03 -9.289389392555523e-04 -1.007686523512866e+00
8 11 -1.000284073874103e+00 -1.896374020032414e-03 -9.290564125096971e-04 -1.007686654768650e+00
8 12 -1.000284047618454e+00 -1.896226103481841e-03 -9.292076372158435e-04 -1.007686985067174e+00
8 13 -1.000283997020430e+00 -1.896026891460808e-03 -9.293869869330299e-04 -1.007687502033495e+00
8 14 -1.000283923923158e+00 -1.895783885793215e-03 -9.295880592150845e-04 -1.007688186251792e+00
8 15 -1.000283831050138e+00 -1.895506221674785e-03 -9.298038494538908e-04 -1.007689011944699e+00
8 16 -1.000283721913278e+00 -1.895204346825393e-03 -9.300269125590684e-04 -1.007689947887466e+00
8 17 -1.000283600686297e+00 -1.894889653365170e-03 -9.302495214062041e-04 -1.007690958532593e+00
8 18 -1.000283472047247e+00 -1.894574071892229e-03 -9.304638342861992e-04 -1.007692005312028e+00
8 19 -1.000283340995867e+00 -1.894269638552831e-03 -9.306620848668226e-04 -1.007693048076334e+00
8 20 -1.000283212653178e+00 -1.893988047402276e-03 -9.308368058720632e-04 -1.007694046623087e+00
8 21 -1.000283092052163e+00 -1.893740202472345e-03 -9.309810908127684e-04 -1.007694962259382e+00
8 22 -1.000282983929316e+00 -1.893535786408664e-03 -9.310888880092120e-04 -1.007695759336222e+00
8 23 -1.000282892527296e+00 -1.893382864319617e-03 -9.311553108484884e-04 -1.007696406688364e+00
8 24 -1.000282821418543e+00 -1.893287541781106e-03 -9.311769401805659e-04 -1.007696878913606e+00
8 25 -1.000282773358682e+00 -1.893253694814542e-03 -9.311520897916856e-04 -1.007697157430540e+00
8 26 -1.000282750176799e+00 -1.893282787529259e-03 -9.310810041157700e-04 -1.007697231261734e+00
8 27 -1.000282752707463e+00 -1.893373789940528e-03 -9.309659593982280e-04 -1.007697097500461e+00
8 28 -1.000282780766913e+00 -1.893523203727908e-03 -9.308112463218522e-04 -1.007696761434277e+00
8 29 -1.000282833173231e+00 -1.893725197339350e-03 -9.306230234816370e-04 -1.007696236318179e+00
8 30 -1.000282907807747e+00 -1.893971844816839e-03 -9.304090451595685e-04 -1.007695542810577e+00
8 31 -1.000283001712811e+00 -1.894253456331870e-03 -9.301782807338950e-04 -1.007694708103623e+00
9 0 -1.000283239985482e+00 -1.894759569178295e-03 -9.291691407842644e-04 -1.007693321859832e+00
9 1 -1.000283361351798e+00 -1.895078129676192e-03 -9.289339013096049e-04 -1.007692303132686e+00
9 2 -1.000283489432721e+00 -1.895396275289825e-03 -9.287113213258666e-04 -1.007691251921506e+00
9 3 -1.000283619365277e+00 -1.895701698650461e-03 -9.285103916391880e-04 -1.007690208672847e+00
9 4 -1.000283746244659e+00 -1.895982666374764e-03 -9.283389572914929e-04 -1.007689213322063e+00
9 5 -1.000283865298855e+00 -1.896228468309838e-03 -9.282034003648208e-04 -1.007688303785437e+00
9 6 -1.000283972055811e+00 -1.896429815271695e-03 -9.281084277606497e-04 -1.007687514555729e+00
9 7 -1.000284062499436e+00 -1.896579172442361e-03 -9.280569661381145e-04 -1.007686875446109e+00
9 8 -1.000284133210950e+00 -1.896671018986008e-03 -9.280501568767313e-04 -1.007686410520675e+00
9 9 -1.000284181491934e+00 -1.896702027871816e-03 -9.280874363745513e-04 -1.007686137242633e+00
9 10 -1.000284205465402e+00 -1.896671163461150e-03 -9.281666810936110e-04 -1.007686065862988e+00
9 11 -1.000284204151346e+00 -1.896579697707255e-03 -9.282843933758785e-04 -1.007686199064205e+00
9 12 -1.000284177513461e+00 -1.896431148179993e-03 -9.284359046722872e-04 -1.007686531866189e+00
9 13 -1.000284126473906e+00 -1.896231142376458e-03 -9.286155777980255e-04 -1.007687051796633e+00
9 14 -1.000284052893350e+00 -1.895987213431566e-03 -9.288169973359800e-04 -1.007687739322926e+00
9 15 -1.000283959514565e+00 -1.895708533135482e-03 -9.290331447724281e-04 -1.007688568536627e+00
9 16 -1.000283849869503e+00 -1.895405589355357e-03 -9.292565612073519e-04 -1.007689508073688e+00
9 17 -1.000283728151771e+00 -1.895089816241657e-03 -9.294795059382163e-04 -1.007690522245086e+00
9 18 -1.000283599058390e+00 -1.894773186691619e-03 -9.296941237478951e-04 -1.007691572344718e+00
9 19 -1.000283467606484e+00 -1.894467777688535e-03 -9.298926354179551e-04 -1.007692618094191e+00
9 20 -1.000283338932215e+00 -1.894185320861217e-03 -9.300675627322511e-04 -1.007693619176648e+00
9 21 -1.000283218080851e+00 -1.893936752991633e-03 -9.302119912889009e-04 -1.007694536803814e+00
9 22 -1.000283109797869e+00 -1.893731783566841e-03 -9.303198645430326e-04 -1.007695335253556e+00
9 23 -1.000283018331390e+00 -1.893578497924797e-03 -9.303862934134770e-04 -1.007695983311655e+00
9 24 -1.000282947255785e+00 -1.893483014697156e-03 -9.304078584234019e-04 -1.007696455552262e+00
9 25 -1.000282899325120e+00 -1.893449215302997e-03 -9.303828757039071e-04 -1.007696733396198e+00
9 26 -1.000282876363479e+00 -1.893478561350218e-03 -9.303115952865612e-04 -1.007696805893894e+00
9 27 -1.000282879197092e+00 -1.893570012618233e-03 -9.301963019953399e-04 -1.007696670190917e+00
9 28 -1.000282907630785e+00 -1.893720053366878e-03 -9.300412969827244e-04 -1.007696331649418e+00
9 29 -1.000282960468606e+00 -1.893922828229078e-03 -9.298527501924783e-04 -1.007695803618289e+00
9 30 -1.000283035575819e+00 -1.894170381936756e-03 -9.296384278769088e-04 -1.007695106865458e+00
9 31 -1.000283129977250e+00 -1.894452990832544e-03 -9.294073122181242e-04 -1.007694268704225e+00
10 0 -1.000283351020130e+00 -1.894983313939015e-03 -9.282552137134172e-04 -1.007692872659465e+00
10 1 -1.000283472861041e+00 -1.895302872741189e-03 -9.280197936566903e-04 -1.007691850569097e+00
10 2 -1.000283601407917e+00 -1.895622049632232e-03 -9.277969996974260e-04 -1.007690795993623e+00
10 3 -1.000283731779848e+00 -1.895928498039137e-03 -9.275958298347463e-04 -1.007689749508117e+00
10 4 -1.000283859054878e+00 -1.896210445020117e-03 -9.274241381721237e-04 -1.007688751173309e+00
10 5 -1.000283978445282e+00 -1.896457142176190e-03 -9.272883169793453e-04 -1.007687839022535e+00
10 6 -1.000284085465432e+00 -1.896659265075199e-03 -9.271930833754591e-04 -1.007687047652294e+00
10 7 -1.000284176088487e+00 -1.896809248135507e-03 -9.271413737710031e-04 -1.007686406961673e+00
10 8 -1.000284246888293e+00 -1.896901545466145e-03 -9.271343390836042e-04 -1.007685941079060e+00
10 9 -1.000284295162755e+00 -1.896932811699751e-03 -9.271714252371368e-04 -1.007685667507457e+00
10 10 -1.000284319034995e+00 -1.896902000417598e-03 -9.272505175986699e-04 -1.007685596511372e+00
10 11 -1.000284317528890e+00 -1.896810380974661e-03 -9.273681255805182e-04 -1.007685730759669e+00
10 12 -1.000284290615714e+00 -1.896661476810450e-03 -9.275195849920885e-04 -1.007686065231689e+00
10 13 -1.000284239228671e+00 -1.896460929565532e-03 -9.276992603581915e-04 -1.007686587388942e+00
10 14 -1.000284165242450e+00 -1.896216294092320e-03 -9.279007359253025e-04 -1.007687277609849e+00
10 15 -1.000284071416086e+00 -1.895936770415797e-03 -9.281169910508691e-04 -1.007688109878409e+00
10 16 -1.000283961299239e+00 -1.895632879933712e-03 -9.283405625271321e-04 -1.007689052709292e+00
10 17 -1.000283839103962e+00 -1.895316094272108e-03 -9.285637028079657e-04 -1.007690070283545e+00
10 18 -1.000283709545796e+00 -1.894998426162269e-03 -9.287785477733208e-04 -1.007691123761840e+00
10 19 -1.000283577659718e+00 -1.894691992968921e-03 -9.289773084463862e-04 -1.007692172734981e+00
10 20 -1.000283448598306e+00 -1.894408565491331e-03 -9.291524969527341e-04 -1.007693176763259e+00
10 21 -1.000283327421149e+00 -1.894159117074119e-03 -9.292971893443281e-04 -1.007694096947983e+00
10 22 -1.000283218885548e+00 -1.893953390111226e-03 -9.294053191690249e-04 -1.007694897472311e+00
10 23 -1.000283127248728e+00 -1.893799498189312e-03 -9.294719871919517e-04 -1.007695547045709e+00
10 24 -1.000283056091199e+00 -1.893703582408727e-03 -9.294937645795242e-04 -1.007696020187112e+00
10 25 -1.000283008169930e+00 -1.893669539875847e-03 -9.294689600089001e-04 -1.007696298285509e+00
10 26 -1.000282985308488e+00 -1.893698840592925e-03 -9.293978180992362e-04 -1.007696370383945e+00
10 27 -1.000282988329216e+00 -1.893790445458232e-03 -9.292826195618549e-04 -1.007696233644647e+00
10 28 -1.000283017029941e+00 -1.893940832802262e-03 -9.291276622090151e-04 -1.007695893469227e+00
10 29 -1.000283070204911e+00 -1.894144134467023e-03 -9.289391138370818e-04 -1.007695363267346e+00
10 30 -1.000283145707074e+00 -1.894392375787991e-03 -9.287247405911999e-04 -1.007694663887182e+00
10 31 -1.000283240546726e+00 -1.894675807690193e-03 -9.284935267923096e-04 -1.007693822739209e+00
11 0 -1.000283440114806e+00 -1.895221541250698e-03 -9.272340764831044e-04 -1.007692434531429e+00
11 1 -1.000283562398647e+00 -1.895541992432953e-03 -9.269986271385370e-04 -1.007691409327018e+00
11 2 -1.000283691403833e+00 -1.895862151759765e-03 -9.267757076850637e-04 -1.007690351452869e+00
11 3 -1.000283822231805e+00 -1.896169635183673e-03 -9.265743204765132e-04 -1.007689301610533e+00
11 4 -1.000283949942712e+00 -1.896452629693427e-03 -9.264023280191731e-04 -1.007688299991323e+00
11 5 -1.000284069731510e+00 -1.896700346011843e-03 -9.262661339761069e-04 -1.007687384757556e+00
11 6 -1.000284177096700e+00 -1.896903419802307e-03 -9.261704692846361e-04 -1.007686590627303e+00
11 7 -1.000284267997730e+00 -1.897054248056435e-03 -9.261182867906700e-04 -1.007685947608882e+00
11 8 -1.000284338997359e+00 -1.897147251252775e-03 -9.261107565248481e-04 -1.007685479923578e+00
11 9 -1.000284387385412e+00 -1.897179055606162e-03 -9.261473451820595e-04 -1.007685205147157e+00
11 10 -1.000284411280355e+00 -1.897148593004241e-03 -9.262259587013775e-04 -1.007685133592978e+00
11 11 -1.000284409705188e+00 -1.897057119032002e-03 -9.263431253964590e-04 -1.007685267951986e+00
11 12 -1.000284382634171e+00 -1.896908151803629e-03 -9.264941979522187e-04 -1.007685603197914e+00
11 13 -1.000284331007117e+00 -1.896707336014400e-03 -9.266735558771057e-04 -1.007686126759885e+00
11 14 -1.000284256708518e+00 -1.896462237668278e-03 -9.268747960181123e-04 -1.007686818959013e+00
11 15 -1.000284162509950e+00 -1.896182075654842e-03 -9.270909067223366e-04 -1.007687653699436e+00
11 16 -1.000284051975868e+00 -1.895877397209399e-03 -9.273144292572560e-04 -1.007688599396761e+00
11 17 -1.000283929334765e+00 -1.895559705475909e-03 -9.275376163233770e-04 -1.007689620118443e+00
11 18 -1.000283799319514e+00 -1.895241048761779e-03 -9.277526008454707e-04 -1.007690676902408e+00
11 19 -1.000283666982562e+00 -1.894933582538364e-03 -9.279515882624947e-04 -1.007691729212594e+00
11 20 -1.000283537493444e+00 -1.894649116957054e-03 -9.281270821551486e-04 -1.007692736482715e+00
11 21 -1.000283415927657e+00 -1.894398664702587e-03 -9.282721466385771e-04 -1.007693659692003e+00
11 22 -1.000283307056895e+00 -1.894192006059444e-03 -9.283807004027766e-04 -1.007694462910366e+00
11 23 -1.000283215150787e+00 -1.894037289532828e-03 -9.284478277664287e-04 -1.007695114747033e+00
11 24 -1.000283143799797e+00 -1.893940686832986e-03 -9.284700830600958e-04 -1.007695589637263e+00
11 25 -1.000283095768000e+00 -1.893906120362945e-03 -9.284457580633224e-04 -1.007695868905734e+00
11 26 -1.000283072882973e+00 -1.893935079380986e-03 -9.283750802280454e-04 -1.007695941552629e+00
11 27 -1.000283075967913e+00 -1.894026537447140e-03 -9.282603130069239e-04 -1.007695804720028e+00
11 28 -1.000283104818413e+00 -1.894176978548837e-03 -9.281057378140812e-04 -1.007695463812538e+00
11 29 -1.000283158223460e+00 -1.894380532942005e-03 -9.279175080668406e-04 -1.007694932265724e+00
11 30 -1.000283234027781e+00 -1.894629217112003e-03 -9.277033781004437e-04 -1.007694230975956e+00
11 31 -1.000283329230635e+00 -1.894913266103519e-03 -9.274723228441002e-04 -1.007693387423028e+00
12 0 -1.000283503918493e+00 -1.895465051210772e-03 -9.261453651264899e-04 -1.007692024175029e+00
12 1 -1.000283626596741e+00 -1.895786254944589e-03 -9.259100373229397e-04 -1.007690996224322e+00
12 2 -1.000283756035003e+00 -1.896107310072768e-03 -9.256870856271596e-04 -1.007689935243899e+00
12 3 -1.000283887317965e+00 -1.896415798366330e-03 -9.254855131301536e-04 -1.007688882054760e+00
12 4 -1.000284015487950e+00 -1.896699868082507e-03 -9.253131887278070e-04 -1.007687876978247e+00
12 5 -1.000284135721849e+00 -1.896948688181311e-03 -9.251765280313578e-04 -1.007686958311942e+00
12 6 -1.000284243500652e+00 -1.897152851139729e-03 -9.250802797082872e-04 -1.007686160908802e+00
12 7 -1.000284334767500e+00 -1.897304710999640e-03 -9.250274199015946e-04 -1.007685514906296e+00
12 8 -1.000284406070621e+00 -1.897398647274551e-03 -9.250191462741736e-04 -1.007685044644049e+00
12 9 -1.000284454687707e+00 -1.897431249050844e-03 -9.250549555563165e-04 -1.007684767800258e+00
12 10 -1.000284478728156e+00 -1.897401416709240e-03 -9.251327844328688e-04 -1.007684694769853e+00
12 11 -1.000284477209450e+00 -1.897310381352449e-03 -9.252491917580981e-04 -1.007684828300633e+00
12 12 -1.000284450104033e+00 -1.897161644497576e-03 -9.253995599486271e-04 -1.007685163396451e+00
12 13 -1.000284398353495e+00 -1.896960842596470e-03 -9.255782962896821e-04 -1.007685687489378e+00
12 14 -1.000284323847534e+00 -1.896715542039247e-03 -9.257790216805515e-04 -1.007686380876636e+00
12 15 -1.000284229366198e+00 -1.896434970727458e-03 -9.259947433310763e-04 -1.007687217412704e+00
12 16 -1.000284118485353e+00 -1.896129692990432e-03 -9.262180158602425e-04 -1.007688165440188e+00
12 17 -1.000283995447244e+00 -1.895811236073738e-03 -9.264411002917456e-04 -1.007689188934133e+00
12 18 -1.000283865000123e+00 -1.895491678174634e-03 -9.266561330004463e-04 -1.007690248825027e+00
12 19 -1.000283732212828e+00 -1.895183209388977e-03 -9.268553173545000e-04 -1.007691304458255e+00
12 20 -1.000283602271830e+00 -1.894897678184338e-03 -9.270311487148797e-04 -1.007692315141503e+00
12 21 -1.000283480269617e+00 -1.894646137856831e-03 -9.271766772834036e-04 -1.007693241724892e+00
12 22 -1.000283370994287e+00 -1.894438409841761e-03 -9.272858035822355e-04 -1.007694048151359e+00
12 23 -1.000283278730581e+00 -1.894282682644782e-03 -9.273535907645561e-04 -1.007694702910324e+00
12 24 -1.000283207082218e+00 -1.894185165532285e-03 -9.273765693161173e-04 -1.007695180328376e+00
12 25 -1.000283158824297e+00 -1.894149814979990e-03 -9.273530044470587e-04 -1.007695461635838e+00
12 26 -1.000283135792892e+00 -1.894178149723639e-03 -9.272830950047771e-04 -1.007695535755993e+00
12 27 -1.000283138816891e+00 -1.894269167009729e-03 -9.271690754138875e-04 -1.007695399774532e+00
12 28 -1.000283167694491e+00 -1.894419367754456e-03 -9.270151992402679e-04 -1.007695059062433e+00
12 29 -1.000283221214039e+00 -1.894622891843144e-03 -9.268275939861015e-04 -1.007694527045515e+00
12 30 -1.000283297216341e+00 -1.894871757825898e-03 -9.266139901722792e-04 -1.007693824634708e+00
12 31 -1.000283392693577e+00 -1.895156195037552e-03 -9.263833415547391e-04 -1.007692979348773e+00
13 0 -1.000283540055613e+00 -1.895704480833739e-03 -9.250313653730431e-04 -1.007691657029362e+00
13 1 -1.000283663064893e+00 -1.896026269034868e-03 -9.247963035112396e-04 -1.007690626803396e+00
13 2 -1.000283792894508e+00 -1.896348099458757e-03 -9.245734128906956e-04 -1.007689563026668e+00
13 3 -1.000283924613990e+00 -1.896657524436799e-03 -9.243716929146444e-04 -1.007688506627823e+00
13 4 -1.000284053248727e+00 -1.896942656306250e-03 -9.241990167587105e-04 -1.007687498052536e+00
13 5 -1.000284173957542e+00 -1.897192622841014e-03 -9.240618129918184e-04 -1.007686575734783e+00
13 6 -1.000284282202826e+00 -1.897397971547759e-03 -9.239648518293534e-04 -1.007685774670935e+00
13 7 -1.000284373909277e+00 -1.897551009606006e-03 -9.239111382156226e-04 -1.007685125143021e+00
13 8 -1.000284445607703e+00 -1.897646069945239e-03 -9.239019038865309e-04 -1.007684651629846e+00
13 9 -1.000284494560243e+00 -1.897679697433763e-03 -9.239366832901383e-04 -1.007684371937166e+00
13 10 -1.000284518863288e+00 -1.897650752366278e-03 -9.240134534599535e-04 -1.007684296570645e+00
13 11 -1.000284517524296e+00 -1.897560431409705e-03 -9.241288151075499e-04 -1.007684428367809e+00
13 12 -1.000284490508995e+00 -1.897412208711390e-03 -9.242781920735211e-04 -1.007684762397724e+00
13 13 -1.000284438755831e+00 -1.897211701619319e-03 -9.244560301863168e-04 -1.007685286130518e+00
13 14 -1.000284364155076e+00 -1.896966466361972e-03 -9.246559841328577e-04 -1.007685979873231e+00
13 15 -1.000284269490982e+00 -1.896685729661716e-03 -9.248710894263449e-04 -1.007686817462558e+00
13 16 -1.000284158346927e+00 -1.896380063304635e-03 -9.250939233063362e-04 -1.007687767197479e+00
13 17 -1.000284034975546e+00 -1.896061010204372e-03 -9.253167630662462e-04 -1.007688792985665e+00
13 18 -1.000283904137931e+00 -1.895740671936850e-03 -9.255317537837184e-04 -1.007689855668886e+00
13 19 -1.000283770917789e+00 -1.895431268861680e-03 -9.257310991739334e-04 -1.007690914485637e+00
13 20 -1.000283640518011e+00 -1.895144685321588e-03 -9.259072870245127e-04 -1.007691928622658e+00
13 21 -1.000283518048438e+00 -1.894892014563021e-03 -9.260533532928861e-04 -1.007692858799743e+00
13 22 -1.000283408314763e+00 -1.894683120527164e-03 -9.261631785232674e-04 -1.007693668824884e+00
13 23 -1.000283315618878e+00 -1.894526235365160e-03 -9.262318003232385e-04 -1.007694327052654e+00
13 24 -1.000283243580632e+00 -1.894427611711983e-03 -9.262557181860481e-04 -1.007694807679532e+00
13 25 -1.000283194989757e+00 -1.894391247637749e-03 -9.262331619037950e-04 -1.007695091814951e+00
13 26 -1.000283171695014e+00 -1.894418700183439e-03 -9.261642923697574e-04 -1.007695168274708e+00
13 27 -1.000283174535527e+00 -1.894509000205191e-03 -9.260513053247395e-04 -1.007695034054298e+00
13 28 -1.000283203316785e+00 -1.894658676308603e-03 -9.258984159550940e-04 -1.007694694455366e+00
13 29 -1.000283256831143e+00 -1.894861889109319e-03 -9.257117143213563e-04 -1.007694162858281e+00
13 30 -1.000283332919990e+00 -1.895110670061206e-03 -9.254988955741930e-04 -1.007693460154547e+00
13 31 -1.000283428572655e+00 -1.895395252897170e-03 -9.252688820777233e-04 -1.007692613870704e+00
14 0 -1.000283547205678e+00 -1.895930664557739e-03 -9.239353206774476e-04 -1.007691346730355e+00
14 1 -1.000283670470236e+00 -1.896252847700019e-03 -9.237006564166207e-04 -1.007690314784382e+00
14 2 -1.000283800634793e+00 -1.896575304366026e-03 -9.234779147424575e-04 -1.007689248625129e+00
14 3 -1.000283932756034e+00 -1.896885563259607e-03 -9.232760874860165e-04 -1.007688189272931e+00
14 4 -1.000284061843892e+00 -1.897171704672571e-03 -9.231030509534191e-04 -1.007687177288006e+00
14 5 -1.000284183039620e+00 -1.897422817082472e-03 -9.229652477548215e-04 -1.007686251237426e+00
14 6 -1.000284291786513e+00 -1.897629403003419e-03 -9.228674720245747e-04 -1.007685446264191e+00
14 7 -1.000284383989485e+00 -1.897783720875944e-03 -9.228127608923045e-04 -1.007684792804302e+00
14 8 -1.000284456159842e+00 -1.897880053325782e-03 -9.228023851524815e-04 -1.007684315490844e+00
14 9 -1.000284505541384e+00 -1.897914895458664e-03 -9.228359241028398e-04 -1.007684032277500e+00
14 10 -1.000284530213944e+00 -1.897887060249580e-03 -9.229114039936353e-04 -1.007683953805956e+00
14 11 -1.000284529170748e+00 -1.897797701343129e-03 -9.230254767990408e-04 -1.007684083032873e+00
14 12 -1.000284502366216e+00 -1.897650256036491e-03 -9.231736168070032e-04 -1.007684415124632e+00
14 13 -1.000284450730991e+00 -1.897450312570002e-03 -9.233503171137968e-04 -1.007684937622752e+00
14 14 -1.000284376151317e+00 -1.897205406689392e-03 -9.235492751997710e-04 -1.007685630877683e+00
14 15 -1.000284281411133e+00 -1.896924753559615e-03 -9.237635640883616e-04 -1.007686468741387e+00
14 16 -1.000284170097032e+00 -1.896618922541331e-03 -9.239857919289053e-04 -1.007687419500214e+00
14 17 -1.000284046468302e+00 -1.896299463532053e-03 -9.242082584536464e-04 -1.007688447021327e+00
14 18 -1.000283915296003e+00 -1.895978494412857e-03 -9.244231213876241e-04 -1.007689512079030e+00
14 19 -1.000283781676764e+00 -1.895668260303219e-03 -9.246225874264713e-04 -1.007690573820417e+00
14 20 -1.000283650828719e+00 -1.895380677369933e-03 -9.247991387252425e-04 -1.007691591321366e+00
14 21 -1.000283527878626e+00 -1.895126876456251e-03 -9.249457976482831e-04 -1.007692525175572e+00
14 22 -1.000283417650197e+00 -1.894916763840411e-03 -9.250564229832223e-04 -1.007693339053323e+00
14 23 -1.000283324463920e+00 -1.894758617522384e-03 -9.251260223480833e-04 -1.007694001164122e+00
14 24 -1.000283251958167e+00 -1.894658737739243e-03 -9.251510581797086e-04 -1.007694485557593e+00
14 25 -1.000283202940418e+00 -1.894621169940312e-03 -9.251297182996361e-04 -1.007694773200455e+00
14 26 -1.000283179275729e+00 -1.894647516649860e-03 -9.250621185908053e-04 -1.007694852774865e+00
14 27 -1.000283181817487e+00 -1.894736850958060e-03 -9.249504077077772e-04 -1.007694721155964e+00
14 28 -1.000283210382872e+00 -1.894885739000355e-03 -9.247987524885760e-04 -1.007694383542911e+00
14 29 -1.000283263772843e+00 -1.895088372503673e-03 -9.246131951231397e-04 -1.007693853236509e+00
14 30 -1.000283339833922e+00 -1.895336806031900e-03 -9.244013859906937e-04 -1.007693151075745e+00
14 31 -1.000283435556849e+00 -1.895621287421486e-03 -9.241722081647287e-04 -1.007692304563927e+00
15 0 -1.000283525143560e+00 -1.896134981138506e-03 -9.228997047328589e-04 -1.007691104658572e+00
15 1 -1.000283648578327e+00 -1.896457356035613e-03 -9.226655505637517e-04 -1.007690071609501e+00
15 2 -1.000283779009206e+00 -1.896780267554786e-03 -9.224430357292598e-04 -1.007689003567966e+00
15 3 -1.000283911482782e+00 -1.897091227254756e-03 -9.222411420080766e-04 -1.007687941626917e+00
15 4 -1.000284040995413e+00 -1.897378288276228e-03 -9.220677479972910e-04 -1.007686926447665e+00
15 5 -1.000284162671786e+00 -1.897630503130764e-03 -9.219293102946768e-04 -1.007685996722612e+00
15 6 -1.000284271936384e+00 -1.897838331143391e-03 -9.218306476199682e-04 -1.007685187738925e+00
15 7 -1.000284364673920e+00 -1.897993982115805e-03 -9.217748315008564e-04 -1.007684530089542e+00
15 8 -1.000284437374933e+00 -1.898091686495412e-03 -9.217631762097508e-04 -1.007684048570874e+00
15 9 -1.000284487262654e+00 -1.898127885767451e-03 -9.217953120543369e-04 -1.007683761299784e+00
15 10 -1.000284512397304e+00 -1.898101340107764e-03 -9.218693211591673e-04 -1.007683679074451e+00
15 11 -1.000284511754280e+00 -1.898013153434833e-03 -9.219819131842397e-04 -1.007683804995027e+00
15 12 -1.000284485272750e+00 -1.897866718366949e-03 -9.221286194810119e-04 -1.007684134352801e+00
15 13 -1.000284433871261e+00 -1.897667585047977e-03 -9.223039879641380e-04 -1.007684654791333e+00
15 14 -1.000284359427432e+00 -1.897423258887906e-03 -9.225017671449149e-04 -1.007685346737244e+00
15 15 -1.000284264720219e+00 -1.897142933510018e-03 -9.227150751628527e-04 -1.007686184090526e+00
15 16 -1.000284153335086e+00 -1.896837166449220e-03 -9.229365569677630e-04 -1.007687135155466e+00
15 17 -1.000284029534194e+00 -1.896517506030157e-03 -9.231585391240861e-04 -1.007688163786004e+00
15 18 -1.000283898095421e+00 -1.896196078675684e-03 -9.233731958792147e-04 -1.007689230712787e+00
15 19 -1.000283764125759e+00 -1.895885147436358e-03 -9.235727405377539e-04 -1.007690295011354e+00
15 20 -1.000283632856695e+00 -1.895596654908974e-03 -9.237496520476534e-04 -1.007691315661390e+00
15 21 -1.000283509430832e+00 -1.895341766068891e-03 -9.238969393028218e-04 -1.007692253138852e+00
15 22 -1.000283398689785e+00 -1.895130428107705e-03 -9.240084372123192e-04 -1.007693070978034e+00
15 23 -1.000283304973464e+00 -1.894970965302648e-03 -9.240791201341906e-04 -1.007693737238750e+00
15 24 -1.000283231940438e+00 -1.894869727638519e-03 -9.241054098194836e-04 -1.007694225813145e+00
15 25 -1.000283182418292e+00 -1.894830811848571e-03 -9.240854477614562e-04 -1.007694517508842e+00
15 26 -1.000283158291332e+00 -1.894855871603683e-03 -9.240192988899664e-04 -1.007694600852809e+00
15 27 -1.000283160430705e+00 -1.894944029395277e-03 -9.239090571999468e-04 -1.007694472574131e+00
15 28 -1.000283188669242e+00 -1.895091897114000e-03 -9.237588330495422e-04 -1.007694137740864e+00
15 29 -1.000283241820772e+00 -1.895293706458383e-03 -9.235746132400872e-04 -1.007693609543851e+00
15 30 -1.000283317741254e+00 -1.895541544306889e-03 -9.233639966705446e-04 -1.007692908738563e+00
15 31 -1.000283413426990e+00 -1.895825681938113e-03 -9.231358205774378e-04 -1.007692062774532e+00
16 0 -1.000283474740630e+00 -1.896309674392993e-03 -9.219645347745578e-04 -1.007690939584120e+00
16 1 -1.000283598254713e+00 -1.896632032227607e-03 -9.217309794061378e-04 -1.007689906086102e+00
16 2 -1.000283728873889e+00 -1.896955211478104e-03 -9.215087569184002e-04 -1.007688836729387e+00
16 3 -1.000283861637586e+00 -1.897266713519803e-03 -9.213068372140048e-04 -1.007687772658322e+00
16 4 -1.000283991530887e+00 -1.897554570345501e-03 -9.211330995239200e-04 -1.007686754618158e+00
16 5 -1.000284113663621e+00 -1.897807803316028e-03 -9.209940132165975e-04 -1.007685821413957e+00
16 6 -1.000284223442565e+00 -1.898016831965591e-03 -9.208944217304281e-04 -1.007685008469066e+00
16 7 -1.000284316732580e+00 -1.898173819222153e-03 -9.208374329578406e-04 -1.007684346530561e+00
16 8 -1.000284390002853e+00 -1.898272943344092e-03 -9.208244079393901e-04 -1.007683860561259e+00
16 9 -1.000284440454524e+00 -1.898310590453412e-03 -9.208550316452242e-04 -1.007683568850244e+00
16 10 -1.000284466125965e+00 -1.898285464637200e-03 -9.209274456995189e-04 -1.007683482366399e+00
16 11 -1.000284465971975e+00 -1.898198615346489e-03 -9.210384215641031e-04 -1.007683604371966e+00
16 12 -1.000284439913152e+00 -1.898053384262821e-03 -9.211835529089308e-04 -1.007683930306079e+00
16 13 -1.000284388852006e+00 -1.897855275736191e-03 -9.213574486195386e-04 -1.007684447941453e+00
16 14 -1.000284314653141e+00 -1.897611756210735e-03 -9.215539141492234e-04 -1.007685137810768e+00
16 15 -1.000284220086116e+00 -1.897331988916402e-03 -9.217661175143208e-04 -1.007685973892336e+00
16 16 -1.000284108731136e+00 -1.897026510873092e-03 -9.219867443359117e-04 -1.007686924537481e+00
16 17 -1.000283984849459e+00 -1.896706860262610e-03 -9.222081519370607e-04 -1.007687953614625e+00
16 18 -1.000283853222262e+00 -1.896385163651865e-03 -9.224225352983843e-04 -1.007689021836917e+00
16 19 -1.000283718963778e+00 -1.896073694361586e-03 -9.226221177944035e-04 -1.007690088231468e+00
16 20 -1.000283587316429e+00 -1.895784415241500e-03 -9.227993766797810e-04 -1.007691111699779e+00
16 21 -1.000283463437154e+00 -1.895528520986193e-03 -9.229473069884105e-04 -1.007692052612020e+00
16 22 -1.000283352184834e+00 -1.895315996808684e-03 -9.230597186227530e-04 -1.007692874372945e+00
16 23 -1.000283257918885e+00 -1.895155211730681e-03 -9.231315515717181e-04 -1.007693544894066e+00
16 24 -1.000283184318841e+00 -1.895052565609298e-03 -9.231591852058162e-04 -1.007694037905754e+00
16 25 -1.000283134233930e+00 -1.895012208605781e-03 -9.231407113210508e-04 -1.007694334045889e+00
16 26 -1.000283109570021e+00 -1.895035849544036e-03 -9.230761388344295e-04 -1.007694421669974e+00
16 27 -1.000283111218940e+00 -1.895122665588093e-03 -9.229675015768865e-04 -1.007694297340902e+00
16 28 -1.000283139032502e+00 -1.895269320503986e-03 -9.228188485735165e-04 -1.007693965972799e+00
16 29 -1.000283191841023e+00 -1.895470092985461e-03 -9.226361068078036e-04 -1.007693440621139e+00
16 30 -1.000283267513753e+00 -1.895717110277068e-03 -9.224268186886861e-04 -1.007692741929971e+00
16 31 -1.000283363056570e+00 -1.896000675888075e-03 -9.221997697485468e-04 -1.007691897265806e+00
17 0 -1.000283397927820e+00 -1.896448136772523e-03 -9.211658002729580e-04 -1.007690857410292e+00
17 1 -1.000283521427994e+00 -1.896770270754573e-03 -9.209329067072970e-04 -1.007689824130356e+00
17 2 -1.000283652150874e+00 -1.897093521691542e-03 -9.207110284412524e-04 -1.007688754071631e+00
17 3 -1.000283785131842e+00 -1.897405388129988e-03 -9.205091213742297e-04 -1.007687688407052e+00
17 4 -1.000283915347530e+00 -1.897693887802874e-03 -9.203350632332999e-04 -1.007686667945296e+00
17 5 -1.000284037895324e+00 -1.897948016925639e-03 -9.201953350217903e-04 -1.007685731586800e+00
17 6 -1.000284148166051e+00 -1.898158159997447e-03 -9.200948051707659e-04 -1.007684914878086e+00
17 7 -1.000284242005658e+00 -1.898316436443883e-03 -9.200366189486939e-04 -1.007684248712291e+00
17 8 -1.000284315862114e+00 -1.898416974340485e-03 -9.200221850171654e-04 -1.007683758215596e+00
17 9 -1.000284366913905e+00 -1.898456105028824e-03 -9.200512437006794e-04 -1.007683461851287e+00
17 10 -1.000284393176326e+00 -1.898432475445547e-03 -9.201219975342622e-04 -1.007683370766197e+00
17 11 -1.000284393581585e+00 -1.898347077683781e-03 -9.202312825435979e-04 -1.007683488397493e+00
17 12 -1.000284368028909e+00 -1.898203197891580e-03 -9.203747583463403e-04 -1.007683810350262e+00
17 13 -1.000284317401333e+00 -1.898006288752336e-03 -9.205470981696013e-04 -1.007684324548574e+00
17 14 -1.000284243546692e+00 -1.897763771024554e-03 -9.207421670066452e-04 -1.007685011655951e+00
17 15 -1.000284149221304e+00 -1.897484770139061e-03 -9.209531851826212e-04 -1.007685845755403e+00
17 16 -1.000284037996245e+00 -1.897179794512551e-03 -9.211728821152886e-04 -1.007686795272845e+00
17 17 -1.000283914127965e+00 -1.896860363622451e-03 -9.213936496206800e-04 -1.007687824119277e+00
17 18 -1.000283782397160e+00 -1.896538595709784e-03 -9.216077066730076e-04 -1.007688893017514e+00
17 19 -1.000283647921937e+00 -1.896226766625439e-03 -9.218072885951948e-04 -1.007689960970637e+00
17 20 -1.000283515952957e+00 -1.895936852787884e-03 -9.219848716857127e-04 -1.007690986822331e+00
17 21 -1.000283391659535e+00 -1.895680072979330e-03 -9.221334376801352e-04 -1.007691930853031e+00
17 22 -1.000283279916487e+00 -1.895466445876278e-03 -9.222467722590189e-04 -1.007692756349633e+00
17 23 -1.000283185102008e+00 -1.895304382050644e-03 -9.223197813338071e-04 -1.007693431082179e+00
17 24 -1.000283110916565e+00 -1.895200329765511e-03 -9.223488007589596e-04 -1.007693928620498e+00
17 25 -1.000283060231819e+00 -1.895158492930052e-03 -9.223318701449285e-04 -1.007694229428207e+00
17 26 -1.000283034976753e+00 -1.895180637317905e-03 -9.222689396455695e-04 -1.007694321679848e+00
17 27 -1.000283036066006e+00 -1.895265997710313e-03 -9.221619807707064e-04 -1.007694201758687e+00
17 28 -1.000283063372908e+00 -1.895411293816724e-03 -9.220149792974261e-04 -1.007693874408049e+00
17 29 -1.000283115747176e+00 -1.895610856696927e-03 -9.218337996820390e-04 -1.007693352527637e+00
17 30 -1.000283191074705e+00 -1.895856860627074e-03 -9.216259239966289e-04 -1.007692656626310e+00
17 31 -1.000283286374707e+00 -1.896139648907023e-03 -9.214000819782999e-04 -1.007691813961427e+00
18 0 -1.000283297622307e+00 -1.896545146886546e-03 -9.205340730095370e-04 -1.007690861014200e+00
18 1 -1.000283421016263e+00 -1.896866859519694e-03 -9.203018779339582e-04 -1.007689828608636e+00
18 2 -1.000283551754578e+00 -1.897189984192451e-03 -9.200803807652842e-04 -1.007688758485479e+00
18 3 -1.000283684871943e+00 -1.897502024142475e-03 -9.198785214507872e-04 -1.007687691822254e+00
18 4 -1.000283815339763e+00 -1.897790990149856e-03 -9.197041748913604e-04 -1.007686669468170e+00
18 5 -1.000283938245841e+00 -1.898045860099101e-03 -9.195638331779359e-04 -1.007685730398208e+00
18 6 -1.000284048967312e+00 -1.898256989521245e-03 -9.194623892249605e-04 -1.007684910264492e+00
18 7 -1.000284143332803e+00 -1.898416459471959e-03 -9.194030244915121e-04 -1.007684240092634e+00
18 8 -1.000284217770080e+00 -1.898518351871331e-03 -9.193871936179355e-04 -1.007683745162782e+00
18 9 -1.000284269435408e+00 -1.898558945923701e-03 -9.194146911744808e-04 -1.007683444107635e+00
18 10 -1.000284296320640e+00 -1.898536832339239e-03 -9.194837806975947e-04 -1.007683348252718e+00
18 11 -1.000284297334094e+00 -1.898452944952198e-03 -9.195913636364923e-04 -1.007683461216889e+00
18 12 -1.000284272351510e+00 -1.898310511923977e-03 -9.197331661715833e-04 -1.007683778783221e+00
18 13 -1.000284222233850e+00 -1.898114930632599e-03 -9.199039258904252e-04 -1.007684289043005e+00
18 14 -1.000284148809273e+00 -1.897873571387552e-03 -9.200975675260405e-04 -1.007684972809581e+00
18 15 -1.000284054817601e+00 -1.897595515751710e-03 -9.203073650402512e-04 -1.007685804292980e+00
18 16 -1.000283943817120e+00 -1.897291236242001e-03 -9.205260939730308e-04 -1.007686752019162e+00
18 17 -1.000283820055588e+00 -1.896972225690557e-03 -9.207461828052521e-04 -1.007687779968679e+00
18 18 -1.000283688309492e+00 -1.896650586122179e-03 -9.209598757080533e-04 -1.007688848900369e+00
18 19 -1.000283553697475e+00 -1.896338588366216e-03 -9.211594206638506e-04 -1.007689917817824e+00
18 20 -1.000283421475525e+00 -1.896048215146095e-03 -9.213372943024307e-04 -1.007690945529464e+00
18 21 -1.000283296822788e+00 -1.895790702493838e-03 -9.214864671090567e-04 -1.007691892246077e+00
18 22 -1.000283184627957e+00 -1.895576096664540e-03 -9.216007023155544e-04 -1.007692721153046e+00
18 23 -1.000283089286590e+00 -1.895412845337306e-03 -9.216748722649854e-04 -1.007693399890383e+00
18 24 -1.000283014519422e+00 -1.895307442192962e-03 -9.217052688348162e-04 -1.007693901873900e+00
18 25 -1.000282963220559e+00 -1.895264143064637e-03 -9.216898792081813e-04 -1.007694207395240e+00
18 26 -1.000282937342694e+00 -1.895284769942422e-03 -9.216285953320070e-04 -1.007694304446212e+00
18 27 -1.000282937824420e+00 -1.895368615863659e-03 -9.215233270183793e-04 -1.007694189224153e+00
18 28 -1.000282964562292e+00 -1.895512458736832e-03 -9.213779964000561e-04 -1.007693866290504e+00
18 29 -1.000283016427722e+00 -1.895710685725473e-03 -9.211984039014596e-04 -1.007693348373922e+00
18 30 -1.000283091326071e+00 -1.895955522979974e-03 -9.209919696312553e-04 -1.007692655829503e+00
18 31 -1.000283186293093e+00 -1.896237359264077e-03 -9.207673666344915e-04 -1.007691815784284e+00
19 0 -1.000283177620394e+00 -1.896597054550493e-03 -9.200933516447996e-04 -1.007690950180200e+00
19 1 -1.000283300819909e+00 -1.896918164673042e-03 -9.198618648139737e-04 -1.007689919271385e+00
19 2 -1.000283431484836e+00 -1.897240970294491e-03 -9.196407696362708e-04 -1.007688849723280e+00
19 3 -1.000283564652671e+00 -1.897552986662636e-03 -9.194389895038648e-04 -1.007687782693541e+00
19 4 -1.000283695292968e+00 -1.897842225063853e-03 -9.192643961216220e-04 -1.007686759047566e+00
19 5 -1.000283818487034e+00 -1.898097652531844e-03 -9.191234916310364e-04 -1.007685817811440e+00
19 6 -1.000283929601064e+00 -1.898309602939360e-03 -9.190211911094400e-04 -1.007684994721162e+00
19 7 -1.000284024448759e+00 -1.898470125734365e-03 -9.189607090738408e-04 -1.007684320915751e+00
19 8 -1.000284099439579e+00 -1.898573262426631e-03 -9.189435432739658e-04 -1.007683821813967e+00
19 9 -1.000284151708760e+00 -1.898615244448801e-03 -9.189695404333724e-04 -1.007683516207263e+00
19 10 -1.000284179225052e+00 -1.898594609145869e-03 -9.190370232639939e-04 -1.007683415594484e+00
19 11 -1.000284180872412e+00 -1.898512233514430e-03 -9.191429563152204e-04 -1.007683523776041e+00
19 12 -1.000284156502004e+00 -1.898371287766120e-03 -9.192831295623421e-04 -1.007683836717604e+00
19 13 -1.000284106951116e+00 -1.898177112524480e-03 -9.194523426880010e-04 -1.007684342686758e+00
19 14 -1.000284034026081e+00 -1.897937024553112e-03 -9.196445792062185e-04 -1.007685022660348e+00
19 15 -1.000283940447444e+00 -1.897660056855925e-03 -9.198531668019302e-04 -1.007685850993633e+00
19 16 -1.000283829757424e+00 -1.897356640151939e-03 -9.200709272728335e-04 -1.007686796334387e+00
19 17 -1.000283706191619e+00 -1.897038234008228e-03 -9.202903254452079e-04 -1.007687822756443e+00
19 18 -1.000283574518890e+00 -1.896716917151665e-03 -9.205036305320260e-04 -1.007688891079114e+00
19 19 -1.000283439855121e+00 -1.896404947894430e-03 -9.207031041460046e-04 -1.007689960331156e+00
19 20 -1.000283307458405e+00 -1.896114307536946e-03 -9.208812253892391e-04 -1.007690989310048e+00
19 21 -1.000283182514702e+00 -1.895856241901771e-03 -9.210309557863460e-04 -1.007691938179683e+00
19 22 -1.000283069923996e+00 -1.895640818169800e-03 -9.211460376706317e-04 -1.007692770043613e+00
19 23 -1.000282974097261e+00 -1.895476515451835e-03 -9.212213109322716e-04 -1.007693452427775e+00
19 24 -1.000282898774141e+00 -1.895369867987701e-03 -9.212530252077036e-04 -1.007693958606524e+00
19 25 -1.000282846870292e+00 -1.895325179457252e-03 -9.212391180011766e-04 -1.007694268708882e+00
19 26 -1.000282820361686e+00 -1.895344325129230e-03 -9.211794259503918e-04 -1.007694370549358e+00
19 27 -1.000282820211056e+00 -1.895426654954396e-03 -9.210757990974905e-04 -1.007694260139800e+00
19 28 -1.000282846339122e+00 -1.895569005370073e-03 -9.209320968477319e-04 -1.007693941855003e+00
19 29 -1.000282897640606e+00 -1.895765821308338e-03 -9.207540565211238e-04 -1.007693428243443e+00
19 30 -1.000282972042432e+00 -1.896009383470229e-03 -9.205490379512651e-04 -1.007692739493941e+00
19 31 -1.000283066599315e+00 -1.896290129785739e-03 -9.203256594496146e-04 -1.007691902587601e+00
20 0 -1.000283042460233e+00 -1.896601908973501e-03 -9.198601811876245e-04 -1.007691121621033e+00
20 1 -1.000283165384370e+00 -1.896922258293379e-03 -9.196293855614691e-04 -1.007690092775060e+00
20 2 -1.000283295889823e+00 -1.897244564033621e-03 -9.194086980003199e-04 -1.007689024420535e+00
20 3 -1.000283429020251e+00 -1.897556360290019e-03 -9.192070260138045e-04 -1.007687957671385e+00
20 4 -1.000283559746729e+00 -1.897845666454512e-03 -9.190322374127928e-04 -1.007686933383958e+00
20 5 -1.000283683147402e+00 -1.898101446792741e-03 -9.188908419285756e-04 -1.007685990609837e+00
20 6 -1.000283794580809e+00 -1.898314021714110e-03 -9.187877732260430e-04 -1.007685165143823e+00
20 7 -1.000283889848767e+00 -1.898475416915783e-03 -9.187262752014753e-04 -1.007684488214948e+00
20 8 -1.000283965344972e+00 -1.898579640591827e-03 -9.187078852392199e-04 -1.007683985360257e+00
20 9 -1.000284018185444e+00 -1.898622882485817e-03 -9.187324983486064e-04 -1.007683675513723e+00
20 10 -1.000284046316973e+00 -1.898603631575447e-03 -9.187984915693545e-04 -1.007683570335629e+00
20 11 -1.000284048599736e+00 -1.898522711827756e-03 -9.189028870981050e-04 -1.007683673800379e+00
20 12 -1.000284024860345e+00 -1.898383237821485e-03 -9.190415338118817e-04 -1.007683982053419e+00
20 13 -1.000283975911711e+00 -1.898190493915421e-03 -9.192092899544117e-04 -1.007684483541327e+00
20 14 -1.000283903536819e+00 -1.897951741959608e-03 -9.194001952982690e-04 -1.007685159412812e+00
20 15 -1.000283810434763e+00 -1.897675963509671e-03 -9.196076288165359e-04 -1.007685984181484e+00
20 16 -1.000283700129111e+00 -1.897373543430382e-03 -9.198244559864485e-04 -1.007686926633554e+00
20 17 -1.000283576840487e+00 -1.897055902867041e-03 -9.200431761217238e-04 -1.007687950955653e+00
20 18 -1.000283445327051e+00 -1.896735090931370e-03 -9.202560832866176e-04 -1.007689018049781e+00
20 19 -1.000283310698606e+00 -1.896423346160881e-03 -9.204554540516645e-04 -1.007690086994089e+00
20 20 -1.000283178211950e+00 -1.896132640797544e-03 -9.206337717534495e-04 -1.007691116599867e+00
20 21 -1.000283053056630e+00 -1.895874222942400e-03 -9.207839904725662e-04 -1.007692067007955e+00
20 22 -1.000282940141052e+00 -1.895658173428113e-03 -9.208998334535785e-04 -1.007692901262431e+00
20 23 -1.000282843889084e+00 -1.895492995685182e-03 -9.209761112244901e-04 -1.007693586795984e+00
20 24 -1.000282768057075e+00 -1.895385257735615e-03 -9.210090356021264e-04 -1.007694096760324e+00
20 25 -1.000282715580398e+00 -1.895339305167262e-03 -9.209964990505299e-04 -1.007694411137561e+00
20 26 -1.000282688457013e+00 -1.895357061888097e-03 -9.209382867143592e-04 -1.007694517576434e+00
20 27 -1.000282687673182e+00 -1.895437931523288e-03 -9.208361920307592e-04 -1.007694411910240e+00
20 28 -1.000282713173889e+00 -1.895578807055657e-03 -9.206940151956929e-04 -1.007694098329577e+00
20 29 -1.000282763877861e+00 -1.895774190396463e-03 -9.205174347513539e-04 -1.007693589200873e+00
20 30 -1.000282837734764e+00 -1.896016417330155e-03 -9.203137546406946e-04 -1.007692904540544e+00
20 31 -1.000282931819914e+00 -1.896295976947942e-03 -9.200915417524019e-04 -1.007692071173480e+00
21 0 -1.000282897258638e+00 -1.896559527095152e-03 -9.198430758085301e-04 -1.007691369083041e+00
21 1 -1.000283019836766e+00 -1.896878985673401e-03 -9.196129297781401e-04 -1.007690342789511e+00
21 2 -1.000283150102544e+00 -1.897200628966660e-03 -9.193926422601165e-04 -1.007689276203874e+00
21 3 -1.000283283108834e+00 -1.897512016142407e-03 -9.191911055741701e-04 -1.007688210374043e+00
21 4 -1.000283413831608e+00 -1.897801182240538e-03 -9.190161819916640e-04 -1.007687186121949e+00
21 5 -1.000283537349457e+00 -1.898057097078622e-03 -9.188743857255734e-04 -1.007686242497682e+00
21 6 -1.000283649016878e+00 -1.898270076168194e-03 -9.187706655122575e-04 -1.007685415327661e+00
21 7 -1.000283744627193e+00 -1.898432129955825e-03 -9.187082907847257e-04 -1.007684735904693e+00
21 8 -1.000283820561306e+00 -1.898537241607664e-03 -9.186888335920268e-04 -1.007684229859650e+00
21 9 -1.000283873918572e+00 -1.898581567060220e-03 -9.187122306413345e-04 -1.007683916247058e+00
21 10 -1.000283902625953e+00 -1.898563554027891e-03 -9.187769057638126e-04 -1.007683806869928e+00
21 11 -1.000283905521483e+00 -1.898483979288975e-03 -9.188799316436226e-04 -1.007683905862170e+00
21 12 -1.000283882408132e+00 -1.898345905980126e-03 -9.190172100013419e-04 -1.007684209539756e+00
21 13 -1.000283834074496e+00 -1.898154564621814e-03 -9.191836522877193e-04 -1.007684706524757e+00
21 14 -1.000283762279497e+00 -1.897917162931833e-03 -9.193733491754400e-04 -1.007685378139736e+00
21 15 -1.000283669699482e+00 -1.897642630277808e-03 -9.195797256906237e-04 -1.007686199063457e+00
21 16 -1.000283559837627e+00 -1.897341303378183e-03 -9.197956869182352e-04 -1.007687138231791e+00
21 17 -1.000283436897327e+00 -1.897024561047671e-03 -9.200137645956335e-04 -1.007688159959687e+00
21 18 -1.000283305623265e+00 -1.896704417422719e-03 -9.202262772928133e-04 -1.007689225251239e+00
21 19 -1.000283171116001e+00 -1.896393084882844e-03 -9.204255168985783e-04 -1.007690293256138e+00
21 20 -1.000283038627758e+00 -1.896102519601420e-03 -9.206039716040733e-04 -1.007691322823113e+00
21 21 -1.000282913348446e+00 -1.895843964432691e-03 -9.207545896094321e-04 -1.007692274094428e+00
21 22 -1.000282800191709e+00 -1.895627505800629e-03 -9.208710784903054e-04 -1.007693110079833e+00
21 23 -1.000282703591152e+00 -1.895461663091781e-03 -9.209482245604414e-04 -1.007693798143966e+00
21 24 -1.000282627316837e+00 -1.895353030016827e-03 -9.209822074921312e-04 -1.007694311339679e+00
21 25 -1.000282574321282e+00 -1.895305986800737e-03 -9.209708799259195e-04 -1.007694629523044e+00
21 26 -1.000282546622440e+00 -1.895322499718168e-03 -9.209139805195623e-04 -1.007694740194316e+00
21 27 -1.000282545228705e+00 -1.895402020705434e-03 -9.208132518559430e-04 -1.007694639021950e+00
21 28 -1.000282570108432e+00 -1.895541494894644e-03 -9.206724416723036e-04 -1.007694330022275e+00
21 29 -1.000282620203993e+00 -1.895735478099399e-03 -9.204971765165535e-04 -1.007693825385089e+00
21 30 -1.000282693488054e+00 -1.895976359778461e-03 -9.202947100659980e-04 -1.007693144954666e+00
21 31 -1.000282787057489e+00 -1.896254680469482e-03 -9.200735620722011e-04 -1.007692315394836e+00
22 0 -1.000282747526482e+00 -1.896471500295372e-03 -9.200422596442780e-04 -1.007691683534726e+00
22 1 -1.000282869700786e+00 -1.896789970863205e-03 -9.198127006349342e-04 -1.007690660189610e+00
22 2 -1.000282999655403e+00 -1.897110813226037e-03 -9.195927939417985e-04 -1.007689595884061e+00
22 3 -1.000283132455128e+00 -1.897421617045039e-03 -9.193914169503600e-04 -1.007688531580035e+00
22 4 -1.000283263084128e+00 -1.897710439916204e-03 -9.192164249175652e-04 -1.007687508040987e+00
22 5 -1.000283386625074e+00 -1.897966265154079e-03 -9.190743341445490e-04 -1.007686564288719e+00
22 6 -1.000283498432098e+00 -1.898179411987809e-03 -9.189701050513221e-04 -1.007685736153173e+00
22 7 -1.000283594293583e+00 -1.898341884706443e-03 -9.189070274663787e-04 -1.007685054962487e+00
22 8 -1.000283670581098e+00 -1.898447650859768e-03 -9.188867008528938e-04 -1.007684546413140e+00
22 9 -1.000283724380689e+00 -1.898492841938818e-03 -9.189090949953324e-04 -1.007684229653059e+00
22 10 -1.000283753602536e+00 -1.898475873094653e-03 -9.189726718162716e-04 -1.007684116603416e+00
22 11 -1.000283757064957e+00 -1.898397481386211e-03 -9.190745463741855e-04 -1.007684211537306e+00
22 12 -1.000283734548931e+00 -1.898260684514185e-03 -9.192106653391345e-04 -1.007684510926000e+00
22 13 -1.000283686819662e+00 -1.898070663731210e-03 -9.193759851704487e-04 -1.007685003556928e+00
22 14 -1.000283615612326e+00 -1.897834575694087e-03 -9.195646393588020e-04 -1.007685670921393e+00
22 15 -1.000283523580230e+00 -1.897561298865019e-03 -9.197700922891795e-04 -1.007686487863613e+00
22 16 -1.000283414205127e+00 -1.897261121091961e-03 -9.199852842177055e-04 -1.007687423475184e+00
22 17 -1.000283291671412e+00 -1.896945376304984e-03 -9.202027767269763e-04 -1.007688442210718e+00
22 18 -1.000283160707951e+00 -1.896626039718797e-03 -9.204149111629808e-04 -1.007689505191846e+00
22 19 -1.000283026403370e+00 -1.896315292463773e-03 -9.206139936305846e-04 -1.007690571658509e+00
22 20 -1.000282894002359e+00 -1.896025068309462e-03 -9.207925176211311e-04 -1.007691600518806e+00
22 21 -1.000282768691925e+00 -1.895766597204878e-03 -9.209434283314773e-04 -1.007692551941550e+00
22 22 -1.000282655387394e+00 -1.895549962529393e-03 -9.210604226089065e-04 -1.007693388929557e+00
22 23 -1.000282558528458e+00 -1.895383690679031e-03 -9.211382682550494e-04 -1.007694078807340e+00
22 24 -1.000282481895415e+00 -1.895274392308918e-03 -9.211731184852136e-04 -1.007694594555861e+00
22 25 -1.000282428454822e+00 -1.895226473865668e-03 -9.211627922846644e-04 -1.007694915930422e+00
22 26 -1.000282400241926e+00 -1.895241935909234e-03 -9.211069893480822e-04 -1.007695030306021e+00
22 27 -1.000282398284925e+00 -1.895320271188955e-03 -9.210074101734314e-04 -1.007694933206768e+00
22 28 -1.000282422573652e+00 -1.895458470559362e-03 -9.208677588389202e-04 -1.007694628491432e+00
22 29 -1.000282472072823e+00 -1.895651138792390e-03 -9.206936176284594e-04 -1.007694128185130e+00
22 30 -1.000282544777559e+00 -1.895890715695221e-03 -9.204921966286779e-04 -1.007693451966669e+00
22 31 -1.000282637806543e+00 -1.896167791520760e-03 -9.202719747776725e-04 -1.007692626340079e+00
23 0 -1.000282598967650e+00 -1.896341139166682e-03 -9.204497247805235e-04 -1.007692053439988e+00
23 1 -1.000282720695130e+00 -1.896658560633069e-03 -9.202206721206689e-04 -1.007691033331206e+00
23 2 -1.000282850278406e+00 -1.896978492921943e-03 -9.200011156746536e-04 -1.007689971733762e+00
23 3 -1.000282982796607e+00 -1.897288560453847e-03 -9.197999187778676e-04 -1.007688909506817e+00
23 4 -1.000283113245054e+00 -1.897576849131351e-03 -9.196249295136882e-04 -1.007687887334088e+00
23 5 -1.000283236713820e+00 -1.897832362952793e-03 -9.194826644867816e-04 -1.007686944184012e+00
23 6 -1.000283348560259e+00 -1.898045433434944e-03 -9.193780914124981e-04 -1.007686115861818e+00
23 7 -1.000283444571646e+00 -1.898208068369875e-03 -9.193145134311888e-04 -1.007685433700511e+00
23 8 -1.000283521114211e+00 -1.898314229909023e-03 -9.192935487058786e-04 -1.007684923430794e+00
23 9 -1.000283575264635e+00 -1.898360035287524e-03 -9.193151909692532e-04 -1.007684604263226e+00
23 10 -1.000283604919909e+00 -1.898343876796672e-03 -9.193779310083662e-04 -1.007684488208520e+00
23 11 -1.000283608881681e+00 -1.898266460708555e-03 -9.194789164520371e-04 -1.007684579653596e+00
23 12 -1.000283586911419e+00 -1.898130767233706e-03 -9.196141283286264e-04 -1.007684875203616e+00
23 13 -1.000283539752881e+00 -1.897941935020465e-03 -9.197785575300158e-04 -1.007685363794437e+00
23 14 -1.000283469118830e+00 -1.897707074649704e-03 -9.199663711565040e-04 -1.007686027074444e+00
23 15 -1.000283377640055e+00 -1.897435016677516e-03 -9.201710658584964e-04 -1.007686840047701e+00
23 16 -1.000283268776527e+00 -1.897136001092884e-03 -9.203856117117343e-04 -1.007687771962058e+00
23 17 -1.000283146692532e+00 -1.896821316212473e-03 -9.206025957900393e-04 -1.007688787417741e+00
23 18 -1.000283016099466e+00 -1.896502896029596e-03 -9.208143788910280e-04 -1.007689847664572e+00
23 19 -1.000282882071885e+00 -1.896192886446059e-03 -9.210132799953023e-04 -1.007690912048101e+00
23 20 -1.000282749844236e+00 -1.895903193014740e-03 -9.211917993178268e-04 -1.007691939556147e+00
23 21 -1.000282624597305e+00 -1.895645025339534e-03 -9.213428828244765e-04 -1.007692890408926e+00
23 22 -1.000282511244370e+00 -1.895428455283465e-03 -9.214602215243878e-04 -1.007693727630092e+00
23 23 -1.000282414227377e+00 -1.895262007302112e-03 -9.215385700561627e-04 -1.007694418533013e+00
23 24 -1.000282337333136e+00 -1.895152299736652e-03 -9.215740615700421e-04 -1.007694936056054e+00
23 25 -1.000282283538641e+00 -1.895103755670524e-03 -9.215644897137053e-04 -1.007695259883051e+00
23 26 -1.000282254892958e+00 -1.895118400290039e-03 -9.215095252419025e-04 -1.007695377292298e+00
23 27 -1.000282252440870e+00 -1.895195758034870e-03 -9.214108369080378e-04 -1.007695283689864e+00
23 28 -1.000282276190962e+00 -1.895332857470376e-03 -9.212720946137555e-04 -1.007694982799507e+00
23 29 -1.000282325128250e+00 -1.895524345639032e-03 -9.210988451071346e-04 -1.007694486499654e+00
23 30 -1.000282397268995e+00 -1.895762707349053e-03 -9.208982636327353e-04 -1.007693814316747e+00
23 31 -1.000282489753074e+00 -1.896038578762580e-03 -9.206787970629829e-04 -1.007692992602647e+00
24 0 -1.000282457267534e+00 -1.896173357604348e-03 -9.210495925563940e-04 -1.007692465117219e+00
24 1 -1.000282578521695e+00 -1.896489707834825e-03 -9.208209491300684e-04 -1.007691448412670e+00
24 2 -1.000282707687148e+00 -1.896808654601648e-03 -9.206017013647453e-04 -1.007690389851446e+00
24 3 -1.000282839859227e+00 -1.897117859878437e-03 -9.204007009107380e-04 -1.007689330177056e+00
24 4 -1.000282970046808e+00 -1.897405442431021e-03 -9.202257891998943e-04 -1.007688309975597e+00
24 5 -1.000283093350295e+00 -1.897660433397102e-03 -9.200834806684328e-04 -1.007687368139283e+00
24 6 -1.000283205133808e+00 -1.897873184911188e-03 -9.199787446278337e-04 -1.007686540420899e+00
24 7 -1.000283301187593e+00 -1.898035718017782e-03 -9.199148896607096e-04 -1.007685858126870e+00
24 8 -1.000283377876857e+00 -1.898141999908605e-03 -9.198935438689425e-04 -1.007685346989031e+00
24 9 -1.000283432273107e+00 -1.898188144123496e-03 -9.199147155620051e-04 -1.007685026247783e+00
24 10 -1.000283462264069e+00 -1.898172530566857e-03 -9.199769138016063e-04 -1.007684907971844e+00
24 11 -1.000283466638395e+00 -1.898095844973290e-03 -9.200773067649578e-04 -1.007684996632148e+00
24 12 -1.000283445141422e+00 -1.897961039658752e-03 -9.202118973999183e-04 -1.007685288940629e+00
24 13 -1.000283398498335e+00 -1.897773218949482e-03 -9.203756997302876e-04 -1.007685773958776e+00
24 14 -1.000283328401588e+00 -1.897539453863795e-03 -9.205629050178208e-04 -1.007686433474859e+00
24 15 -1.000283237460688e+00 -1.897268531772419e-03 -9.207670340964246e-04 -1.007687242641421e+00
24 16 -1.000283129114298e+00 -1.896970647862012e-03 -9.209810795526753e-04 -1.007688170856712e+00
24 17 -1.000283007506394e+00 -1.896657046111658e-03 -9.211976478616618e-04 -1.007689182866332e+00
24 18 -1.000282877329998e+00 -1.896339618453770e-03 -9.214091156200297e-04 -1.007690240054266e+00
24 19 -1.000282743643881e+00 -1.896030472465567e-03 -9.216078141123849e-04 -1.007691301884125e+00
24 20 -1.000282611669724e+00 -1.895741480423901e-03 -9.217862521281133e-04 -1.007692327441698e+00
24 21 -1.000282486578928e+00 -1.895483825055544e-03 -9.219373795301182e-04 -1.007693277021398e+00
24 22 -1.000282373279169e+00 -1.895267559000979e-03 -9.220548856043733e-04 -1.007694113694007e+00
24 23 -1.000282276210861e+00 -1.895101195946801e-03 -9.221335177014809e-04 -1.007694804790917e+00
24 24 -1.000282199163355e+00 -1.894991352072169e-03 -9.221693972174783e-04 -1.007695323239292e+00
24 25 -1.000282145119970e+00 -1.894942456618169e-03 -9.221603027102929e-04 -1.007695648684037e+00
24 26 -1.000282116139479e+00 -1.894956548857269e-03 -9.221058868267015e-04 -1.007695768338991e+00
24 27 -1.000282113279402e+00 -1.895033174797800e-03 -9.220077970785286e-04 -1.007695677522747e+00
24 28 -1.000282136563720e+00 -1.895169391294613e-03 -9.218696795623832e-04 -1.007695379851760e+00
24 29 -1.000282184994991e+00 -1.895359879165145e-03 -9.216970562929325e-04 -1.007694887081659e+00
24 30 -1.000282256608457e+00 -1.895597160999913e-03 -9.214970786226887e-04 -1.007694218605627e+00
24 31 -1.000282348563670e+00 -1.895871913403324e-03 -9.212781711605747e-04 -1.007693400636654e+00
25 0 -1.000282327878188e+00 -1.895974498877188e-03 -9.218187561578230e-04 -1.007692903183312e+00
25 1 -1.000282448650355e+00 -1.896289796177761e-03 -9.215904106174506e-04 -1.007691889922560e+00
25 2 -1.000282577367163e+00 -1.896607718739204e-03 -9.213714206431435e-04 -1.007690834612359e+00
25 3 -1.000282709141286e+00 -1.896915967370859e-03 -9.211706292425664e-04 -1.007689777872376e+00
25 4 -1.000282838997019e+00 -1.897202697274751e-03 -9.209958709739573e-04 -1.007688760176460e+00
25 5 -1.000282962047770e+00 -1.897456972485568e-03 -9.208536546190386e-04 -1.007687820319857e+00
25 6 -1.000283073667877e+00 -1.897669173394338e-03 -9.207489453171783e-04 -1.007686993976711e+00
25 7 -1.000283169654574e+00 -1.897831343399936e-03 -9.206850498994763e-04 -1.007686312396463e+00
25 8 -1.000283246376299e+00 -1.897937464868724e-03 -9.206635977595570e-04 -1.007685801279162e+00
25 9 -1.000283300903675e+00 -1.897983658453774e-03 -9.206846012020843e-04 -1.007685479861078e+00
25 10 -1.000283331119474e+00 -1.897968302842405e-03 -9.207465751610924e-04 -1.007685360234839e+00
25 11 -1.000283335803637e+00 -1.897892074352735e-03 -9.208466952476435e-04 -1.007685446922107e+00
25 12 -1.000283314689419e+00 -1.897757907919599e-03 -9.209809738583681e-04 -1.007685736710548e+00
25 13 -1.000283268486922e+00 -1.897570882939249e-03 -9.211444368732281e-04 -1.007686218760091e+00
25 14 -1.000283198871048e+00 -1.897338038897797e-03 -9.213312892594809e-04 -1.007686874976448e+00
25 15 -1.000283108432101e+00 -1.897068126594572e-03 -9.215350660822793e-04 -1.007687680643130e+00
25 16 -1.000283000588874e+00 -1.896771301401472e-03 -9.217487736503187e-04 -1.007688605296581e+00
25 17 -1.000282879465715e+00 -1.896458765852810e-03 -9.219650315186698e-04 -1.007689613821973e+00
25 18 -1.000282749736972e+00 -1.896142370258027e-03 -9.221762289066260e-04 -1.007690667739075e+00
25 19 -1.000282616444314e+00 -1.895834181987417e-03 -9.223747087605606e-04 -1.007691726638349e+00
25 20 -1.000282484794512e+00 -1.895546036317814e-03 -9.225529892782772e-04 -1.007692749718222e+00
25 21 -1.000282359946872e+00 -1.895289083823226e-03 -9.227040263843817e-04 -1.007693697366796e+00
25 22 -1.000282246800266e+00 -1.895073350992324e-03 -9.228215120601196e-04 -1.007694532726185e+00
25 23 -1.000282149789848e+00 -1.894907332069890e-03 -9.229001937358710e-04 -1.007695223174658e+00
25 24 -1.000282072703306e+00 -1.894797631026121e-03 -9.229361907222507e-04 -1.007695741660630e+00
25 25 -1.000282018525815e+00 -1.894748672539845e-03 -9.229272769808183e-04 -1.007696067824288e+00
25 26 -1.000281989321411e+00 -1.894762499100651e-03 -9.228730975745875e-04 -1.007696188849426e+00
25 27 -1.000281986156128e+00 -1.894838667431507e-03 -9.227752897865519e-04 -1.007696100000855e+00
25 28 -1.000282009065440e+00 -1.894974252000255e-03 -9.226374880236023e-04 -1.007695804819812e+00
25 29 -1.000282057065931e+00 -1.895163957413691e-03 -9.224652022284831e-04 -1.007695314968083e+00
25 30 -1.000282128208844e+00 -1.895400335461179e-03 -9.222655715019260e-04 -1.007694649729682e+00
25 31 -1.000282219671168e+00 -1.895674096479009e-03 -9.220470076692053e-04 -1.007693835196787e+00
26 0 -1.000282215807888e+00 -1.895752107834395e-03 -9.227277765634951e-04 -1.007693351078107e+00
26 1 -1.000282336107791e+00 -1.896066410564039e-03 -9.224996073117902e-04 -1.007692341169490e+00
26 2 -1.000282464362060e+00 -1.896383308684824e-03 -9.222808170028289e-04 -1.007691289202650e+00
26 3 -1.000282595701115e+00 -1.896690541756979e-03 -9.220802424200884e-04 -1.007690235669992e+00
26 4 -1.000282725166114e+00 -1.896976303909466e-03 -9.219057103020717e-04 -1.007689220921986e+00
26 5 -1.000282847885864e+00 -1.897229696793346e-03 -9.217637205317722e-04 -1.007688283638933e+00
26 6 -1.000282959248032e+00 -1.897441135549776e-03 -9.216592293069268e-04 -1.007687459392958e+00
26 7 -1.000283055060432e+00 -1.897602693977640e-03 -9.215955350418418e-04 -1.007686779348853e+00
26 8 -1.000283131698733e+00 -1.897708379166588e-03 -9.215742590749127e-04 -1.007686269143485e+00
26 9 -1.000283186237091e+00 -1.897754329691138e-03 -9.215954058530444e-04 -1.007685947974627e+00
26 10 -1.000283216558008e+00 -1.897738934474048e-03 -9.216574832327144e-04 -1.007685827923048e+00
26 11 -1.000283221437381e+00 -1.897662871799091e-03 -9.217576616533706e-04 -1.007685913525917e+00
26 12 -1.000283200600740e+00 -1.897529070110982e-03 -9.218919509799566e-04 -1.007686201613403e+00
26 13 -1.000283154747028e+00 -1.897342594168456e-03 -9.220553769887419e-04 -1.007686681413231e+00
26 14 -1.000283085537087e+00 -1.897110461456027e-03 -9.222421462846986e-04 -1.007687334921006e+00
26 15 -1.000282995545014e+00 -1.896841394478135e-03 -9.224457970592998e-04 -1.007688137527929e+00
26 16 -1.000282888172005e+00 -1.896545515174212e-03 -9.226593406564844e-04 -1.007689058891271e+00
26 17 -1.000282767524086e+00 -1.896233988750585e-03 -9.228754039421535e-04 -1.007690064025488e+00
26 18 -1.000282638257181e+00 -1.895918625796281e-03 -9.230863852216498e-04 -1.007691114583033e+00
26 19 -1.000282505395166e+00 -1.895611453375031e-03 -9.232846370523739e-04 -1.007692170284791e+00
26 20 -1.000282374128447e+00 -1.895324267705918e-03 -9.234626867381839e-04 -1.007693190451650e+00
26 21 -1.000282249602073e+00 -1.895068183062212e-03 -9.236134987004096e-04 -1.007694135581428e+00
26 22 -1.000282136703200e+00 -1.894853193513685e-03 -9.237307732404475e-04 -1.007694968909650e+00
26 23 -1.000282039858079e+00 -1.894687765755871e-03 -9.238092659100700e-04 -1.007695657888902e+00
26 24 -1.000281962848518e+00 -1.894578482085038e-03 -9.238451031149431e-04 -1.007696175520415e+00
26 25 -1.000281908657046e+00 -1.894529752219688e-03 -9.238360640080254e-04 -1.007696501473933e+00
26 26 -1.000281879348403e+00 -1.894543610797034e-03 -9.237817969428669e-04 -1.007696622938950e+00
26 27 -1.000281875992605e+00 -1.894619613772361e-03 -9.236839413863788e-04 -1.007696535162578e+00
26 28 -1.000281898632201e+00 -1.894754841795665e-03 -9.235461333655600e-04 -1.007696241645870e+00
26 29 -1.000281946293666e+00 -1.894944012532801e-03 -9.233738834596702e-04 -1.007695753989055e+00
26 30 -1.000282017040673e+00 -1.895179697510588e-03 -9.231743295634745e-04 -1.007695091394890e+00
26 31 -1.000282108064852e+00 -1.895452632867156e-03 -9.229558802721840e-04 -1.007694279857223e+00
27 0 -1.000282125423164e+00 -1.895514655426341e-03 -9.237419969592147e-04 -1.007693791659594e+00
27 1 -1.000282245278594e+00 -1.895828059860731e-03 -9.235138766705292e-04 -1.007692784883179e+00
27 2 -1.000282373073933e+00 -1.896143972169372e-03 -9.232952216540561e-04 -1.007691736224942e+00
27 3 -1.000282503957181e+00 -1.896450169253140e-03 -9.230948643862149e-04 -1.007690686051191e+00
27 4 -1.000282632987280e+00 -1.896734885147734e-03 -9.229206235294056e-04 -1.007689674582382e+00
27 5 -1.000282755310274e+00 -1.896987262303043e-03 -9.227789880385539e-04 -1.007688740370196e+00
27 6 -1.000282866329651e+00 -1.897197755759067e-03 -9.226749008965328e-04 -1.007687918865292e+00
27 7 -1.000282961866904e+00 -1.897358476696522e-03 -9.226116449245333e-04 -1.007687241123408e+00
27 8 -1.000283038308713e+00 -1.897463465648649e-03 -9.225908234969920e-04 -1.007686732689129e+00
27 9 -1.000283092737183e+00 -1.897508889261253e-03 -9.226124217163779e-04 -1.007686412688604e+00
27 10 -1.000283123039296e+00 -1.897493157678611e-03 -9.226749285035915e-04 -1.007686293155319e+00
27 11 -1.000283127991636e+00 -1.897416962390682e-03 -9.227754971972559e-04 -1.007686378606254e+00
27 12 -1.000283107316553e+00 -1.897283236568201e-03 -9.229101226917705e-04 -1.007686665879223e+00
27 13 -1.000283061706233e+00 -1.897097041393248e-03 -9.230738176651276e-04 -1.007687144236122e+00
27 14 -1.000282992811645e+00 -1.896865382856593e-03 -9.232607778561665e-04 -1.007687795731010e+00
27 15 -1.000282903194350e+00 -1.896596964404867e-03 -9.234645340243542e-04 -1.007688595835481e+00
27 16 -1.000282796240768e+00 -1.896301881927916e-03 -9.236780944994077e-04 -1.007689514306330e+00
27 17 -1.000282676040434e+00 -1.895991268740370e-03 -9.238940873097652e-04 -1.007690516272542e+00
27 18 -1.000282547231799e+00 -1.895676899352043e-03 -9.241049149716345e-04 -1.007691563510725e+00
27 19 -1.000282414821107e+00 -1.895370762262085e-03 -9.243029365342028e-04 -1.007692615869971e+00
27 20 -1.000282283981704e+00 -1.895084614083723e-03 -9.244806882514511e-04 -1.007693632798489e+00
27 21 -1.000282159842707e+00 -1.894829529753864e-03 -9.246311463213294e-04 -1.007694574916129e+00
27 22 -1.000282047276947e+00 -1.894615465693582e-03 -9.247480251656189e-04 -1.007695405570880e+00
27 23 -1.000281950698401e+00 -1.894450854109700e-03 -9.248260954983532e-04 -1.007696092314184e+00
27 24 -1.000281873879092e+00 -1.894342247207209e-03 -9.248614988529231e-04 -1.007696608229263e+00
27 25 -1.000281819794598e+00 -1.894294029871726e-03 -9.248520293567726e-04 -1.007696933048664e+00
27 26 -1.000281790505730e+00 -1.894308217805047e-03 -9.247973505686342e-04 -1.007697054003749e+00
27 27 -1.000281787081693e+00 -1.894384354544231e-03 -9.246991172467557e-04 -1.007696966361114e+00
27 28 -1.000281809567344e+00 -1.894519515423116e-03 -9.245609797757091e-04 -1.007696673617914e+00
27 29 -1.000281856994597e+00 -1.894708420248655e-03 -9.243884609784175e-04 -1.007696187346885e+00
27 30 -1.000281927435619e+00 -1.894943650118573e-03 -9.241887084406387e-04 -1.007695526700404e+00
27 31 -1.000282018093348e+00 -1.895215957771662e-03 -9.239701382452033e-04 -1.007694717600720e+00
28 0 -1.000282060271652e+00 -1.895271224147689e-03 -9.248228339016609e-04 -1.007694207853136e+00
28 1 -1.000282179727406e+00 -1.895583861143972e-03 -9.245946328996749e-04 -1.007693203868360e+00
28 2 -1.000282307084987e+00 -1.895898864278095e-03 -9.243760427612275e-04 -1.007692158356670e+00
28 3 -1.000282437509256e+00 -1.896204044954650e-03 -9.241758942599706e-04 -1.007691111563983e+00
28 4 -1.000282566077113e+00 -1.896487676350232e-03 -9.240019990004526e-04 -1.007690103579475e+00
28 5 -1.000282687952823e+00 -1.896738943165541e-03 -9.238608335592388e-04 -1.007689172818049e+00
28 6 -1.000282798557533e+00 -1.896948344062714e-03 -9.237573230377145e-04 -1.007688354594112e+00
28 7 -1.000282893729116e+00 -1.897108033394855e-03 -9.236947272115591e-04 -1.007687679833551e+00
28 8 -1.000282969868763e+00 -1.897212092614175e-03 -9.236746225130798e-04 -1.007687173962771e+00
28 9 -1.000283024070603e+00 -1.897256725257563e-03 -9.236969650102359e-04 -1.007686856006357e+00
28 10 -1.000283054230525e+00 -1.897240372651705e-03 -9.237602140533921e-04 -1.007686737917493e+00
28 11 -1.000283059130448e+00 -1.897163750393690e-03 -9.238614938069910e-04 -1.007686824157807e+00
28 12 -1.000283038494365e+00 -1.897029807825859e-03 -9.239967710813029e-04 -1.007687111536599e+00
28 13 -1.000282993012536e+00 -1.896843613935429e-03 -9.241610326694650e-04 -1.007687589314355e+00
28 14 -1.000282924330616e+00 -1.896612173920061e-03 -9.243484522273757e-04 -1.007688239570341e+00
28 15 -1.000282835001606e+00 -1.896344181787575e-03 -9.245525436072149e-04 -1.007689037827084e+00
28 16 -1.000282728400387e+00 -1.896049715744850e-03 -9.247663038029597e-04 -1.007689953916059e+00
28 17 -1.000282608602516e+00 -1.895739884179747e-03 -9.249823546503393e-04 -1.007690953061051e+00
28 18 -1.000282480230756e+00 -1.895426430773721e-03 -9.251930972992589e-04 -1.007691997148899e+00
28 19 -1.000282348274654e+00 -1.895121308593161e-03 -9.253908946157712e-04 -1.007693046149715e+00
28 20 -1.000282217890406e+00 -1.894836235420820e-03 -9.255682923081602e-04 -1.007694059639251e+00
28 21 -1.000282094190056e+00 -1.894582245348573e-03 -9.257182812192770e-04 -1.007694998366997e+00
28 22 -1.000281982030029e+00 -1.894369253584361e-03 -9.258345941953525e-04 -1.007695825807812e+00
28 23 -1.000281885809202e+00 -1.894205652355371e-03 -9.259120228445473e-04 -1.007696509632615e+00
28 24 -1.000281809286345e+00 -1.894097956371104e-03 -9.259467317225168e-04 -1.007697023032967e+00
28 25 -1.000281755426000e+00 -1.894050516521761e-03 -9.259365402672591e-04 -1.007697345835491e+00
28 26 -1.000281726280476e+00 -1.894065319141879e-03 -9.258811390963616e-04 -1.007697465348138e+00
28 27 -1.000281722913319e+00 -1.894141884314313e-03 -9.257822101814788e-04 -1.007697376893287e+00
28 28 -1.000281745366893e+00 -1.894277270911168e-03 -9.256434296022061e-04 -1.007697084000461e+00
28 29 -1.000281792673983e+00 -1.894466189833313e-03 -9.254703436568491e-04 -1.007696598250059e+00
28 30 -1.000281862911002e+00 -1.894701220973363e-03 -9.252701212616563e-04 -1.007695938777254e+00
28 31 -1.000281953288324e+00 -1.894973123592286e-03 -9.250511974048063e-04 -1.007695131462679e+00
29 0 -1.000282022934199e+00 -1.895031165187387e-03 -9.259292002311100e-04 -1.007694583330495e+00
29 1 -1.000282142050602e+00 -1.895343195833258e-03 -9.257007892248926e-04 -1.007693581687575e+00
29 2 -1.000282269008701e+00 -1.895657402116917e-03 -9.254821886561164e-04 -1.007692539037428e+00
29 3 -1.000282398988807e+00 -1.895961625685163e-03 -9.252822311189991e-04 -1.007691495515934e+00
29 4 -1.000282527085114e+00 -1.896244176551041e-03 -9.251087223752293e-04 -1.007690491085044e+00
29 5 -1.000282648480313e+00 -1.896494281512695e-03 -9.249681248123964e-04 -1.007689564020323e+00
29 6 -1.000282758614422e+00 -1.896702484923562e-03 -9.248653411413776e-04 -1.007688749490453e+00
29 7 -1.000282853343899e+00 -1.896860988409933e-03 -9.248036019752219e-04 -1.007688078275476e+00
29 8 -1.000282929087388e+00 -1.896963920133245e-03 -9.247844497775256e-04 -1.007687575662283e+00
29 9 -1.000282982954513e+00 -1.897007527806594e-03 -9.248078032954934e-04 -1.007687260548213e+00
29 10 -1.000283012854062e+00 -1.896990292737141e-03 -9.248720820740830e-04 -1.007687144776408e+00
29 11 -1.000283017577841e+00 -1.896912964822000e-03 -9.249743691726120e-04 -1.007687232719623e+00
29 12 -1.000282996856437e+00 -1.896778520586922e-03 -9.251105911212391e-04 -1.007687521122852e+00
29 13 -1.000282951383142e+00 -1.896592047835757e-03 -9.252756977642835e-04 -1.007687999209537e+00
29 14 -1.000282882802891e+00 -1.896360561466469e-03 -9.254638308920566e-04 -1.007688649050567e+00
29 15 -1.000282793664266e+00 -1.896092755963289e-03 -9.256684781783150e-04 -1.007689446188426e+00
29 16 -1.000282687334337e+00 -1.895798701132823e-03 -9.258826163133607e-04 -1.007690360501135e+00
29 17 -1.000282567877920e+00 -1.895489488614016e-03 -9.260988533510098e-04 -1.007691357283154e+00
29 18 -1.000282439904576e+00 -1.895176837653345e-03 -9.263095842210923e-04 -1.007692398513222e+00
29 19 -1.000282308388647e+00 -1.894872670153591e-03 -9.265071736769188e-04 -1.007693444271034e+00
29 20 -1.000282178469655e+00 -1.894588667325305e-03 -9.266841768768860e-04 -1.007694454255290e+00
29 21 -1.000282055242115e+00 -1.894335822780656e-03 -9.268336004664207e-04 -1.007695389347136e+00
29 22 -1.000281943544734e+00 -1.894124008779853e-03 -9.269491985121428e-04 -1.007696213157306e+00
29 23 -1.000281847759100e+00 -1.893961573475375e-03 -9.270257889665589e-04 -1.007696893492518e+00
29 24 -1.000281771627670e+00 -1.893854987783206e-03 -9.270595675977358e-04 -1.007697403675587e+00
29 25 -1.000281718100180e+00 -1.893808560672952e-03 -9.270483888881778e-04 -1.007697723655045e+00
29 26 -1.000281689216171e+00 -1.893824240098191e-03 -9.269919804901702e-04 -1.007697840846643e+00
29 27 -1.000281686029008e+00 -1.893901512800403e-03 -9.268920615974265e-04 -1.007697750662220e+00
29 28 -1.000281708573927e+00 -1.894037410529062e-03 -9.267523446867752e-04 -1.007697456698995e+00
29 29 -1.000281755879943e+00 -1.894226624173066e-03 -9.265784111771875e-04 -1.007696970580698e+00
29 30 -1.000281826023172e+00 -1.894461721453513e-03 -9.263774629928223e-04 -1.007696311459652e+00
29 31 -1.000281916217160e+00 -1.894733457919237e-03 -9.261579642938092e-04 -1.007695505206448e+00
30 0 -1.000282014913912e+00 -1.894803739620213e-03 -9.270190147170647e-04 -1.007694903188394e+00
30 1 -1.000282133764849e+00 -1.895115349591782e-03 -9.267902687076971e-04 -1.007693903343864e+00
30 2 -1.000282260377638e+00 -1.895428903148633e-03 -9.265715801243220e-04 -1.007692863156641e+00
30 3 -1.000282389945906e+00 -1.895732266730091e-03 -9.263717866711672e-04 -1.007691822667378e+00
30 4 -1.000282517579801e+00 -1.896013783610006e-03 -9.261986887850943e-04 -1.007690821719641e+00
30 5 -1.000282638480035e+00 -1.896262720977731e-03 -9.260587330131423e-04 -1.007689898452347e+00
30 6 -1.000282748106043e+00 -1.896469668998384e-03 -9.259567967872443e-04 -1.007689087884917e+00
30 7 -1.000282842334255e+00 -1.896626878559080e-03 -9.258960776068549e-04 -1.007688420641817e+00
30 8 -1.000282917602899e+00 -1.896728528451610e-03 -9.258780783082149e-04 -1.007687921854765e+00
30 9 -1.000282971039968e+00 -1.896770916386603e-03 -9.259026724621577e-04 -1.007687610272673e+00
30 10 -1.000283000570778e+00 -1.896752571167074e-03 -9.259682302493648e-04 -1.007687497602464e+00
30 11 -1.000283005001321e+00 -1.896674285822900e-03 -9.260717835714936e-04 -1.007687588097801e+00
30 12 -1.000282984073430e+00 -1.896539073748801e-03 -9.262092090283380e-04 -1.007687878406564e+00
30 13 -1.000282938488116e+00 -1.896352051694199e-03 -9.263754102364290e-04 -1.007688357681389e+00
30 14 -1.000282869894160e+00 -1.896120254553412e-03 -9.265644877458652e-04 -1.007689007951280e+00
30 15 -1.000282780840135e+00 -1.895852387499738e-03 -9.267698936922423e-04 -1.007689804746229e+00
30 16 -1.000282674689484e+00 -1.895558521662196e-03 -9.269845761236574e-04 -1.007690717960442e+00
30 17 -1.000282555499979e+00 -1.895249740617182e-03 -9.272011230777340e-04 -1.007691712932290e+00
30 18 -1.000282427870895e+00 -1.894937746394247e-03 -9.274119192726539e-04 -1.007692751710725e+00
30 19 -1.000282296763384e+00 -1.894634435329899e-03 -9.276093288429250e-04 -1.007693794469147e+00
30 20 -1.000282167301443e+00 -1.894351455987338e-03 -9.277859148620925e-04 -1.007694801019418e+00
30 21 -1.000282044562389e+00 -1.894099763517115e-03 -9.279346997788162e-04 -1.007695732371113e+00
30 22 -1.000281933366624e+00 -1.893889186986144e-03 -9.280494614703808e-04 -1.007696552274909e+00
30 23 -1.000281838076851e+00 -1.893728027873002e-03 -9.281250495966593e-04 -1.007697228684790e+00
30 24 -1.000281762416687e+00 -1.893622708715835e-03 -9.281576981785482e-04 -1.007697735072653e+00
30 25 -1.000281709317850e+00 -1.893577490502051e-03 -9.281453042238352e-04 -1.007698051531638e+00
30 26 -1.000281680803457e+00 -1.893594275472419e-03 -9.280876402468518e-04 -1.007698165611916e+00
30 27 -1.000281677912668e+00 -1.893672508357368e-03 -9.279864716743531e-04 -1.007698072845017e+00
30 28 -1.000281700669205e+00 -1.893809183891218e-03 -9.278455578884088e-04 -1.007697776929046e+00
30 29 -1.000281748093676e+00 -1.893998962400555e-03 -9.276705263916074e-04 -1.007697289565608e+00
30 30 -1.000281818257265e+00 -1.894234388966905e-03 -9.274686219947358e-04 -1.007696629958071e+00
30 31 -1.000281908372341e+00 -1.894506205515141e-03 -9.272483462357237e-04 -1.007695823998742e+00
31 0 -1.000282036568164e+00 -1.894597757164081e-03 -9.280507525702414e-04 -1.007695154592948e+00
31 1 -1.000282155238391e+00 -1.894909149734973e-03 -9.278215561378037e-04 -1.007694155929733e+00
31 2 -1.000282281573893e+00 -1.895222221224199e-03 -9.276027024920330e-04 -1.007693117707579e+00
31 3 -1.000282410778950e+00 -1.895524856506269e-03 -9.274030367841990e-04 -1.007692079890540e+00
31 4 -1.000282537977816e+00 -1.895805427237720e-03 -9.272303547430353e-04 -1.007691082217208e+00
31 5 -1.000282658388199e+00 -1.896053237600782e-03 -9.270910868846670e-04 -1.007690162697897e+00
31 6 -1.000282767488654e+00 -1.896258921721976e-03 -9.269900843797438e-04 -1.007689356205411e+00
31 7 -1.000282861176019e+00 -1.896414779720595e-03 -9.269305089112418e-04 -1.007688693205488e+00
31 8 -1.000282935909444e+00 -1.896515043101101e-03 -9.269138186066588e-04 -1.007688198665023e+00
31 9 -1.000282988837609e+00 -1.896556063716056e-03 -9.269398349993166e-04 -1.007687891168353e+00
31 10 -1.000283017905530e+00 -1.896536423627248e-03 -9.270068716175187e-04 -1.007687782264713e+00
31 11 -1.000283021937070e+00 -1.896456965918450e-03 -9.271119021890790e-04 -1.007687876063452e+00
31 12 -1.000283000689310e+00 -1.896320748806611e-03 -9.272507461214205e-04 -1.007688169087225e+00
31 13 -1.000282954875273e+00 -1.896132927023934e-03 -9.274182525592886e-04 -1.007688650387071e+00
31 14 -1.000282886152147e+00 -1.895900565343209e-03 -9.276084719319611e-04 -1.007689301917349e+00
31 15 -1.000282797073140e+00 -1.895632389691805e-03 -9.278148126895069e-04 -1.007690099162650e+00
31 16 -1.000282691002434e+00 -1.895338482094492e-03 -9.280301878593009e-04 -1.007691012002327e+00
31 17 -1.000282571994592e+00 -1.895029926864997e-03 -9.282471606013063e-04 -1.007692005790668e+00
31 18 -1.000282444641838e+00 -1.894718416810568e-03 -9.284581011782542e-04 -1.007693042622311e+00
31 19 -1.000282313894744e+00 -1.894415829645030e-03 -9.286553693345056e-04 -1.007694082744125e+00
31 20 -1.000282184863670e+00 -1.894133786605835e-03 -9.288315337579182e-04 -1.007695086066633e+00
31 21 -1.000282062609715e+00 -1.893883207599173e-03 -9.289796329116285e-04 -1.007696013720298e+00
31 22 -1.000281951934964e+00 -1.893673879601501e-03 -9.290934710870745e-04 -1.007696829595152e+00
31 23 -1.000281857182285e+00 -1.893514056724695e-03 -9.291679335341847e-04 -1.007697501798010e+00
31 24 -1.000281782054739e+00 -1.893410110839216e-03 -9.291992968802436e-04 -1.007698003960954e+00
31 25 -1.000281729463662e+00 -1.893366250973694e-03 -9.291855058028417e-04 -1.007698316338257e+00
31 26 -1.000281701412782e+00 -1.893384327887059e-03 -9.291263844392595e-04 -1.007698426636294e+00
31 27 -1.000281698923509e+00 -1.893463736926844e-03 -9.290237528856421e-04 -1.007698330532518e+00
31 28 -1.000281722004013e+00 -1.893601427305752e-03 -9.288814264590014e-04 -1.007698031855311e+00
31 29 -1.000281769662149e+00 -1.893792019641198e-03 -9.287050871009675e-04 -1.007697542415353e+00
31 30 -1.000281839959780e+00 -1.894028026939049e-03 -9.285020298719752e-04 -1.007696881498820e+00
31 31 -1.000281930103871e+00 -1.894300168021121e-03 -9.282808006694608e-04 -1.007696075050847e+00
