1.038044384501375e-06
1.000000000000000e-12
1.000000000000000e-17
3.539486177381881e-01
1.942857225185209e-01
-6.548613239170448e-02
-1.500017464083440e+00
1.901109735892602e-07
32
32
-9.001520177837822e-04
1
0 0 -1.000281830587232e+00 -1.894094612828915e-03 -9.298645198006667e-04 -1.007696394164402e+00
0 1 -1.000281978465980e+00 -1.894483828229311e-03 -9.295750972981770e-04 -1.007695147243969e+00
0 2 -1.000282135779914e+00 -1.894874671544245e-03 -9.292996188166274e-04 -1.007693851930496e+00
0 3 -1.000282296577728e+00 -1.895251991852011e-03 -9.290493510657684e-04 -1.007692558100408e+00
0 4 -1.000282454822371e+00 -1.895601293307763e-03 -9.288341017596845e-04 -1.007691315240720e+00
0 5 -1.000282604600768e+00 -1.895909290058524e-03 -9.286618187525500e-04 -1.007690170587079e+00
0 6 -1.000282740324994e+00 -1.896164395234241e-03 -9.285383364789532e-04 -1.007689167390642e+00
0 7 -1.000282856921263e+00 -1.896357128732846e-03 -9.284672704583040e-04 -1.007688343367291e+00
0 8 -1.000282950003425e+00 -1.896480433608826e-03 -9.284500461904411e-04 -1.007687729372377e+00
0 9 -1.000283016027425e+00 -1.896529895551786e-03 -9.284860375439006e-04 -1.007687348334706e+00
0 10 -1.000283052422883e+00 -1.896503864343880e-03 -9.285727819281162e-04 -1.007687214473799e+00
0 11 -1.000283057697428e+00 -1.896403479860802e-03 -9.287062361858846e-04 -1.007687332815618e+00
0 12 -1.000283031508829e+00 -1.896232607333223e-03 -9.288810395203808e-04 -1.007687699015887e+00
0 13 -1.000282974699637e+00 -1.895997687291269e-03 -9.290907573915701e-04 -1.007688299496307e+00
0 14 -1.000282889289517e+00 -1.895707505972637e-03 -9.293280908446633e-04 -1.007689111894127e+00
0 15 -1.000282778421907e+00 -1.895372892718307e-03 -9.295850471727775e-04 -1.007690105817752e+00
0 16 -1.000282646263713e+00 -1.895006351575795e-03 -9.298530795408477e-04 -1.007691243892477e+00
0 17 -1.000282497859005e+00 -1.894621634523009e-03 -9.301232141998498e-04 -1.007692483073154e+00
0 18 -1.000282338940234e+00 -1.894233264239453e-03 -9.303861913145499e-04 -1.007693776192875e+00
0 19 -1.000282175703409e+00 -1.893856016505960e-03 -9.306326461701178e-04 -1.007695073705315e+00
0 20 -1.000282014556722e+00 -1.893504376043016e-03 -9.308533512806056e-04 -1.007696325563845e+00
0 21 -1.000281861854436e+00 -1.893191983350032e-03 -9.310395289865914e-04 -1.007697483168035e+00
0 22 -1.000281723629010e+00 -1.892931092809193e-03 -9.311832306324832e-04 -1.007698501300714e+00
0 23 -1.000281605334860e+00 -1.892732064458080e-03 -9.312777631647846e-04 -1.007699339974252e+00
0 24 -1.000281511616959e+00 -1.892602914015629e-03 -9.313181285271823e-04 -1.007699966100787e+00
0 25 -1.000281446116668e+00 -1.892548946929380e-03 -9.313014293942612e-04 -1.007700354900203e+00
0 26 -1.000281411324999e+00 -1.892572500464608e-03 -9.312271906862192e-04 -1.007700490967533e+00
0 27 -1.000281408490236e+00 -1.892672812605303e-03 -9.310975510409959e-04 -1.007700368939293e+00
0 28 -1.000281437583016e+00 -1.892846029109318e-03 -9.309172900213351e-04 -1.007699993721757e+00
0 29 -1.000281497318348e+00 -1.893085351889174e-03 -9.306936730742432e-04 -1.007699380268799e+00
0 30 -1.000281585230715e+00 -1.893381323214228e-03 -9.304361159395311e-04 -1.007698552922066e+00
0 31 -1.000281697795435e+00 -1.893722231089175e-03 -9.301556913825109e-04 -1.007697544352323e+00
1 0 -1.000281928785958e+00 -1.893920932796872e-03 -9.308667463008689e-04 -1.007696496440558e+00
1 1 -1.000282076675638e+00 -1.894310477317413e-03 -9.305763273232225e-04 -1.007695249252662e+00
1 2 -1.000282233814227e+00 -1.894701179966527e-03 -9.303003668396306e-04 -1.007693955133685e+00
1 3 -1.000282394257185e+00 -1.895077895093856e-03 -9.300501523684604e-04 -1.007692663911528e+00
1 4 -1.000282551981134e+00 -1.895426150452088e-03 -9.298354910488548e-04 -1.007691424969596e+00
1 5 -1.000282701093021e+00 -1.895732701073540e-03 -9.296643086230834e-04 -1.007690285389617e+00
1 6 -1.000282836030582e+00 -1.895986016611661e-03 -9.295423967897119e-04 -1.007689288224631e+00
1 7 -1.000282951750419e+00 -1.896176686946251e-03 -9.294733094282748e-04 -1.007688470955697e+00
1 8 -1.000283043900273e+00 -1.896297735719996e-03 -9.294583939895433e-04 -1.007687864176154e+00
1 9 -1.000283108972057e+00 -1.896344836353980e-03 -9.294969331968352e-04 -1.007687490536737e+00
1 10 -1.000283144431993e+00 -1.896316429833515e-03 -9.295863641859526e-04 -1.007687363974080e+00
1 11 -1.000283148823587e+00 -1.896213747179083e-03 -9.297225386852106e-04 -1.007687489236795e+00
1 12 -1.000283121838439e+00 -1.896040741329912e-03 -9.298999902686872e-04 -1.007687861718621e+00
1 13 -1.000283064349550e+00 -1.895803933800864e-03 -9.301121824333903e-04 -1.007688467604303e+00
1 14 -1.000282978402468e+00 -1.895512182093756e-03 -9.303517217814423e-04 -1.007689284327824e+00
1 15 -1.000282867161071e+00 -1.895176374659410e-03 -9.306105320778884e-04 -1.007690281334701e+00
1 16 -1.000282734806610e+00 -1.894809060577180e-03 -9.308799968398859e-04 -1.007691421132793e+00
1 17 -1.000282586390833e+00 -1.894424021106235e-03 -9.311510891384172e-04 -1.007692660609540e+00
1 18 -1.000282427646713e+00 -1.894035791095558e-03 -9.314145144385148e-04 -1.007693952584486e+00
1 19 -1.000282264763517e+00 -1.893659140791916e-03 -9.316608928720160e-04 -1.007695247553048e+00
1 20 -1.000282104135789e+00 -1.893308532124994e-03 -9.318810013737458e-04 -1.007696495563656e+00
1 21 -1.000281952097910e+00 -1.892997566711610e-03 -9.320660856464515e-04 -1.007697648159974e+00
1 22 -1.000281814656991e+00 -1.892738445355673e-03 -9.322082384462954e-04 -1.007698660312934e+00
1 23 -1.000281697237469e+00 -1.892541461438434e-03 -9.323008249461692e-04 -1.007699492261225e+00
1 24 -1.000281604450806e+00 -1.892414553163671e-03 -9.323389201660741e-04 -1.007700111173718e+00
1 25 -1.000281539902635e+00 -1.892362940538083e-03 -9.323197119601009e-04 -1.007700492547487e+00
1 26 -1.000281506047422e+00 -1.892388870738434e-03 -9.322428194311572e-04 -1.007700621264347e+00
1 27 -1.000281504097408e+00 -1.892491490304511e-03 -9.321104812812888e-04 -1.007700492246412e+00
1 28 -1.000281533989041e+00 -1.892666855598179e-03 -9.319275796798486e-04 -1.007700110673269e+00
1 29 -1.000281594406406e+00 -1.892908084861168e-03 -9.317014813460078e-04 -1.007699491748045e+00
1 30 -1.000281682857653e+00 -1.893205646067768e-03 -9.314416977548043e-04 -1.007698660026376e+00
1 31 -1.000281795797394e+00 -1.893547765349432e-03 -9.311593880082005e-04 -1.007697648348960e+00
2 0 -1.000282057032505e+00 -1.893799693775920e-03 -9.316634334512123e-04 -1.007696486178583e+00
2 1 -1.000282205085160e+00 -1.894189894874650e-03 -9.313719193115101e-04 -1.007695237638993e+00
2 2 -1.000282362194029e+00 -1.894580785046694e-03 -9.310953811095037e-04 -1.007693943659591e+00
2 3 -1.000282522415681e+00 -1.894957211515822e-03 -9.308451302409860e-04 -1.007692654059997e+00
2 4 -1.000282679735156e+00 -1.895304713499537e-03 -9.306309762049283e-04 -1.007691418158179e+00
2 5 -1.000282828274834e+00 -1.895610075585867e-03 -9.304608254570780e-04 -1.007690282916165e+00
2 6 -1.000282962494376e+00 -1.895861813956209e-03 -9.303404294802388e-04 -1.007689291217584e+00
2 7 -1.000283077377975e+00 -1.896050580083627e-03 -9.302732826052440e-04 -1.007688480331221e+00
2 8 -1.000283168605479e+00 -1.896169471580063e-03 -9.302606559128177e-04 -1.007687880604422e+00
2 9 -1.000283232704144e+00 -1.896214245117563e-03 -9.303017421972665e-04 -1.007687514418273e+00
2 10 -1.000283267177476e+00 -1.896183431059376e-03 -9.303938788665129e-04 -1.007687395425894e+00
2 11 -1.000283270606871e+00 -1.896078352668707e-03 -9.305328122189140e-04 -1.007687528088359e+00
2 12 -1.000283242720947e+00 -1.895903054467619e-03 -9.307129689887665e-04 -1.007687907518461e+00
2 13 -1.000283184427353e+00 -1.895664145308729e-03 -9.309277086501516e-04 -1.007688519637393e+00
2 14 -1.000283097802597e+00 -1.895370562565379e-03 -9.311695405014338e-04 -1.007689341642561e+00
2 15 -1.000282986036723e+00 -1.895033264347598e-03 -9.314303012601088e-04 -1.007690342777853e+00
2 16 -1.000282853331362e+00 -1.894664856657163e-03 -9.317013008959193e-04 -1.007691485391789e+00
2 17 -1.000282704751925e+00 -1.894279162577442e-03 -9.319734552431156e-04 -1.007692726261736e+00
2 18 -1.000282546037675e+00 -1.893890741900427e-03 -9.322374308609604e-04 -1.007694018151704e+00
2 19 -1.000282383376591e+00 -1.893514372127555e-03 -9.324838283703095e-04 -1.007695311558202e+00
2 20 -1.000282223154570e+00 -1.893164504773676e-03 -9.327034249344425e-04 -1.007696556586684e+00
2 21 -1.000282071690366e+00 -1.892854713782367e-03 -9.328874861305600e-04 -1.007697704891753e+00
2 22 -1.000281934969012e+00 -1.892597155770108e-03 -9.330281436092966e-04 -1.007698711606085e+00
2 23 -1.000281818387218e+00 -1.892402064846764e-03 -9.331188190107017e-04 -1.007699537175600e+00
2 24 -1.000281726524183e+00 -1.892277307124039e-03 -9.331546591707005e-04 -1.007700149013885e+00
2 25 -1.000281662950043e+00 -1.892228020454553e-03 -9.331329365262208e-04 -1.007700522890623e+00
2 26 -1.000281630081816e+00 -1.892256362727365e-03 -9.330533648208084e-04 -1.007700643978082e+00
2 27 -1.000281629093720e+00 -1.892361387295717e-03 -9.329182843454781e-04 -1.007700507495751e+00
2 28 -1.000281659885107e+00 -1.892539057221680e-03 -9.327326819860885e-04 -1.007700118915009e+00
2 29 -1.000281721105484e+00 -1.892782401398526e-03 -9.325040280289731e-04 -1.007699493712076e+00
2 30 -1.000281810232328e+00 -1.893081806074138e-03 -9.322419322961213e-04 -1.007698656685513e+00
2 31 -1.000281923694532e+00 -1.893425426213906e-03 -9.319576434931339e-04 -1.007697640880029e+00
3 0 -1.000282210305003e+00 -1.893735674387313e-03 -9.322235295351719e-04 -1.007696363660871e+00
3 1 -1.000282358666656e+00 -1.894126834579837e-03 -9.319308635027280e-04 -1.007695112736254e+00
3 2 -1.000282515892886e+00 -1.894518233815155e-03 -9.316536727055824e-04 -1.007693817834389e+00
3 3 -1.000282676035663e+00 -1.894894700024296e-03 -9.314032946398716e-04 -1.007692528807328e+00
3 4 -1.000282833082881e+00 -1.895241771323896e-03 -9.311895442454447e-04 -1.007691294948124e+00
3 5 -1.000282981167183e+00 -1.895546249451873e-03 -9.310203124386806e-04 -1.007690163137615e+00
3 6 -1.000283114765535e+00 -1.895796685269600e-03 -9.309013146560076e-04 -1.007689176125442e+00
3 7 -1.000283228885762e+00 -1.895983780867184e-03 -9.308359902110008e-04 -1.007688370999629e+00
3 8 -1.000283319236754e+00 -1.896100698201053e-03 -9.308255386848634e-04 -1.007687777887573e+00
3 9 -1.000283382379163e+00 -1.896143269555938e-03 -9.308690679126595e-04 -1.007687418919298e+00
3 10 -1.000283415853082e+00 -1.896110109513898e-03 -9.309638202050352e-04 -1.007687307474295e+00
3 11 -1.000283418278315e+00 -1.896002631090030e-03 -9.311054403196158e-04 -1.007687447727148e+00
3 12 -1.000283389422206e+00 -1.895824970612985e-03 -9.312882510784424e-04 -1.007687834502049e+00
3 13 -1.000283330229937e+00 -1.895583827255908e-03 -9.315055098367250e-04 -1.007688453440261e+00
3 14 -1.000283242812928e+00 -1.895288223893627e-03 -9.317496295157119e-04 -1.007689281478032e+00
3 15 -1.000283130392117e+00 -1.894949196132744e-03 -9.320123598426208e-04 -1.007690287626676e+00
3 16 -1.000282997194653e+00 -1.894579416366575e-03 -9.322849364789218e-04 -1.007691434040338e+00
3 17 -1.000282848304979e+00 -1.894192760253511e-03 -9.325582163394300e-04 -1.007692677348544e+00
3 18 -1.000282689474208e+00 -1.893803824433752e-03 -9.328228243434837e-04 -1.007693970219640e+00
3 19 -1.000282526894674e+00 -1.893427406417215e-03 -9.330693379361338e-04 -1.007695263109657e+00
3 20 -1.000282366949022e+00 -1.893077960201445e-03 -9.332885303285307e-04 -1.007696506140340e+00
3 21 -1.000282215945220e+00 -1.892769044296847e-03 -9.334716826688573e-04 -1.007697651039862e+00
3 22 -1.000282079850336e+00 -1.892512782232207e-03 -9.336109611735082e-04 -1.007698653070076e+00
3 23 -1.000281964036696e+00 -1.892319358620565e-03 -9.336998395535317e-04 -1.007699472856825e+00
3 24 -1.000281873053752e+00 -1.892196575711028e-03 -9.337335321595585e-04 -1.007700078036942e+00
3 25 -1.000281810437677e+00 -1.892149495536799e-03 -9.337093921606047e-04 -1.007700444638058e+00
3 26 -1.000281778568563e+00 -1.892180190909923e-03 -9.336272247113616e-04 -1.007700558115490e+00
3 27 -1.000281778582147e+00 -1.892287624108556e-03 -9.334894689121316e-04 -1.007700413985603e+00
3 28 -1.000281810339340e+00 -1.892467664951621e-03 -9.333012138822577e-04 -1.007700018017649e+00
3 29 -1.000281872452794e+00 -1.892713250825205e-03 -9.330700315335062e-04 -1.007699385973995e+00
3 30 -1.000281962366070e+00 -1.893014681687757e-03 -9.328056290825001e-04 -1.007698542916520e+00
3 31 -1.000282076478235e+00 -1.893360034495329e-03 -9.325193449782848e-04 -1.007697522121020e+00
4 0 -1.000282382597987e+00 -1.893731404303119e-03 -9.325248932387872e-04 -1.007696133815560e+00
4 1 -1.000282531402562e+00 -1.894123788439368e-03 -9.322310650934568e-04 -1.007694879566745e+00
4 2 -1.000282688888578e+00 -1.894515998159045e-03 -9.319531728212420e-04 -1.007693582717704e+00
4 3 -1.000282849097908e+00 -1.894892830695822e-03 -9.317025814705637e-04 -1.007692293192118e+00
4 4 -1.000283006015665e+00 -1.895239810647482e-03 -9.314891143617104e-04 -1.007691060299162e+00
4 5 -1.000283153779169e+00 -1.895543743859319e-03 -9.313206511731273e-04 -1.007689930880094e+00
4 6 -1.000283286877309e+00 -1.895793202504191e-03 -9.312028769690550e-04 -1.007688947591817e+00
4 7 -1.000283400336613e+00 -1.895978926141066e-03 -9.311391830024401e-04 -1.007688147380745e+00
4 8 -1.000283489890841e+00 -1.896094128965160e-03 -9.311307052194984e-04 -1.007687560188807e+00
4 9 -1.000283552130880e+00 -1.896134708518366e-03 -9.311764747490794e-04 -1.007687207922667e+00
4 10 -1.000283584631323e+00 -1.896099355335234e-03 -9.312736470093119e-04 -1.007687103708313e+00
4 11 -1.000283586049409e+00 -1.895989566190892e-03 -9.314177730405621e-04 -1.007687251446100e+00
4 12 -1.000283556191419e+00 -1.895809565806968e-03 -9.316030788718091e-04 -1.007687645675334e+00
4 13 -1.000283496041517e+00 -1.895566143119447e-03 -9.318227258662121e-04 -1.007688271751852e+00
4 14 -1.000283407748588e+00 -1.895268408729405e-03 -9.320690355362391e-04 -1.007689106336616e+00
4 15 -1.000283294567868e+00 -1.894927480374811e-03 -9.323336743261681e-04 -1.007690118187160e+00
4 16 -1.000283160756118e+00 -1.894556103601421e-03 -9.326078058586543e-04 -1.007691269236242e+00
4 17 -1.000283011421530e+00 -1.894168215462129e-03 -9.328822287537263e-04 -1.007692515933110e+00
4 18 -1.000282852332303e+00 -1.893778460143210e-03 -9.331475252415297e-04 -1.007693810813215e+00
4 19 -1.000282689690621e+00 -1.893401667183493e-03 -9.333942470613618e-04 -1.007695104251882e+00
4 20 -1.000282529881338e+00 -1.893052305694009e-03 -9.336131596621835e-04 -1.007696346346257e+00
4 21 -1.000282379206843e+00 -1.892743931485436e-03 -9.337955547497172e-04 -1.007697488858195e+00
4 22 -1.000282243621084e+00 -1.892488647503324e-03 -9.339336270330996e-04 -1.007698487140837e+00
4 23 -1.000282128476333e+00 -1.892296600698227e-03 -9.340208955745321e-04 -1.007699301965330e+00
4 24 -1.000282038295898e+00 -1.892175540076761e-03 -9.340526353593850e-04 -1.007699901161972e+00
4 25 -1.000281976584760e+00 -1.892130460940273e-03 -9.340262734169387e-04 -1.007700260992252e+00
4 26 -1.000281945688036e+00 -1.892163358570617e-03 -9.339416993044767e-04 -1.007700367176021e+00
4 27 -1.000281946704129e+00 -1.892273110095007e-03 -9.338014438094906e-04 -1.007700215513637e+00
4 28 -1.000281979455722e+00 -1.892455495936554e-03 -9.336106915447921e-04 -1.007699812066217e+00
4 29 -1.000282042517725e+00 -1.892703363207137e-03 -9.333771103145617e-04 -1.007699172884636e+00
4 30 -1.000282133297768e+00 -1.893006924086449e-03 -9.331105002018655e-04 -1.007698323305029e+00
4 31 -1.000282248162109e+00 -1.893354173652157e-03 -9.328222858317010e-04 -1.007697296852581e+00
5 0 -1.000282567170640e+00 -1.893787056248303e-03 -9.325552387238854e-04 -1.007695805994416e+00
5 1 -1.000282716534374e+00 -1.894180880302146e-03 -9.322602872957402e-04 -1.007694547615796e+00
5 2 -1.000282874412034e+00 -1.894574169169473e-03 -9.319816749921633e-04 -1.007693247874827e+00
5 3 -1.000283034830357e+00 -1.894951679320482e-03 -9.317307947916229e-04 -1.007691956802588e+00
5 4 -1.000283191766167e+00 -1.895298909988139e-03 -9.315174808941646e-04 -1.007690723764605e+00
5 5 -1.000283339355646e+00 -1.895602657797180e-03 -9.313496064682773e-04 -1.007689595606155e+00
5 6 -1.000283472093705e+00 -1.895851501883875e-03 -9.312328332472505e-04 -1.007688614936758e+00
5 7 -1.000283585019926e+00 -1.896036204671876e-03 -9.311705134481246e-04 -1.007687818605830e+00
5 8 -1.000283673887839e+00 -1.896150018596396e-03 -9.311637297036966e-04 -1.007687236411098e+00
5 9 -1.000283735314241e+00 -1.896188893703404e-03 -9.312114474362804e-04 -1.007686890071953e+00
5 10 -1.000283766904822e+00 -1.896151585353480e-03 -9.313107465216480e-04 -1.007686792490708e+00
5 11 -1.000283767351888e+00 -1.896039664915239e-03 -9.314570957479736e-04 -1.007686947316141e+00
5 12 -1.000283736499412e+00 -1.895857438676487e-03 -9.316446355245359e-04 -1.007687348817214e+00
5 13 -1.000283675370421e+00 -1.895611781136341e-03 -9.318664415416063e-04 -1.007687982070335e+00
5 14 -1.000283586152206e+00 -1.895311889146228e-03 -9.321147528375881e-04 -1.007688823458756e+00
5 15 -1.000283472136285e+00 -1.894968963837349e-03 -9.323811597270525e-04 -1.007689841475630e+00
5 16 -1.000283337612034e+00 -1.894595827929703e-03 -9.326567589020720e-04 -1.007690997813613e+00
5 17 -1.000283187715327e+00 -1.894206486547784e-03 -9.329322936365505e-04 -1.007692248715354e+00
5 18 -1.000283028236088e+00 -1.893815640362138e-03 -9.331983042841387e-04 -1.007693546550926e+00
5 19 -1.000282865391419e+00 -1.893438161570034e-03 -9.334453155987071e-04 -1.007694841578279e+00
5 20 -1.000282705573668e+00 -1.893088546249922e-03 -9.336640818748509e-04 -1.007696083830643e+00
5 21 -1.000282555085041e+00 -1.892780360278711e-03 -9.338458999259734e-04 -1.007697225062607e+00
5 22 -1.000282419871718e+00 -1.892525699312299e-03 -9.339829857815330e-04 -1.007698220677234e+00
5 23 -1.000282305270977e+00 -1.892334685888561e-03 -9.340688954878277e-04 -1.007699031550906e+00
5 24 -1.000282215784550e+00 -1.892215028432267e-03 -9.340989554670969e-04 -1.007699625670216e+00
5 25 -1.000282154890219e+00 -1.892171667283854e-03 -9.340706566425860e-04 -1.007699979497056e+00
5 26 -1.000282124901493e+00 -1.892206530880848e-03 -9.339839623349293e-04 -1.007700078986584e+00
5 27 -1.000282126882065e+00 -1.892318420400476e-03 -9.338414841949509e-04 -1.007699920199302e+00
5 28 -1.000282160618032e+00 -1.892503033985599e-03 -9.336484920297812e-04 -1.007699509471437e+00
5 29 -1.000282224647072e+00 -1.892753133057395e-03 -9.334127401730694e-04 -1.007698863133985e+00
5 30 -1.000282316340275e+00 -1.893058843998474e-03 -9.331441131208329e-04 -1.007698006797447e+00
5 31 -1.000282432029425e+00 -1.893408079502798e-03 -9.328541141238248e-04 -1.007696974244565e+00
6 0 -1.000282756823857e+00 -1.893900437712344e-03 -9.323127153995240e-04 -1.007695393535381e+00
6 1 -1.000282906840522e+00 -1.894295859759540e-03 -9.320167288192283e-04 -1.007694130388070e+00
6 2 -1.000283065225724e+00 -1.894690452613755e-03 -9.317374110800972e-04 -1.007692826928803e+00
6 3 -1.000283225986677e+00 -1.895068923636771e-03 -9.314861820732099e-04 -1.007691533327236e+00
6 4 -1.000283383086719e+00 -1.895416735755383e-03 -9.312728888796961e-04 -1.007690299043512e+00
6 5 -1.000283530655089e+00 -1.895720663249410e-03 -9.311054032827178e-04 -1.007689170970824e+00
6 6 -1.000283663186617e+00 -1.895969277639670e-03 -9.309893716847863e-04 -1.007688191718373e+00
6 7 -1.000283775727824e+00 -1.896153348952214e-03 -9.309281175990562e-04 -1.007687398086310e+00
6 8 -1.000283864046172e+00 -1.896266152547628e-03 -9.309226824335463e-04 -1.007686819774599e+00
6 9 -1.000283924779026e+00 -1.896303676180567e-03 -9.309719793022131e-04 -1.007686478358779e+00
6 10 -1.000283955558566e+00 -1.896264726369725e-03 -9.310730268674337e-04 -1.007686386556048e+00
6 11 -1.000283955108478e+00 -1.896150937078248e-03 -9.312212264800884e-04 -1.007686547795753e+00
6 12 -1.000283923307723e+00 -1.895966686180744e-03 -9.314106476525873e-04 -1.007686956101484e+00
6 13 -1.000283861216479e+00 -1.895718926043892e-03 -9.316342943363588e-04 -1.007687596287639e+00
6 14 -1.000283771059825e+00 -1.895416934725848e-03 -9.318843355126597e-04 -1.007688444468863e+00
6 15 -1.000283656166147e+00 -1.895071994764634e-03 -9.321522956646604e-04 -1.007689468873647e+00
6 16 -1.000283520859259e+00 -1.894697007264821e-03 -9.324292123923586e-04 -1.007690630944560e+00
6 17 -1.000283370305628e+00 -1.894306049568599e-03 -9.327057788850588e-04 -1.007691886698948e+00
6 18 -1.000283210320661e+00 -1.893913885475988e-03 -9.329724962379998e-04 -1.007693188315706e+00
6 19 -1.000283047140798e+00 -1.893535438649448e-03 -9.332198620994730e-04 -1.007694485903804e+00
6 20 -1.000282887170860e+00 -1.893185242849771e-03 -9.334386167534328e-04 -1.007695729396040e+00
6 21 -1.000282736718242e+00 -1.892876886290565e-03 -9.336200567495104e-04 -1.007696870499428e+00
6 22 -1.000282601726903e+00 -1.892622470699185e-03 -9.337564118796533e-04 -1.007697864624304e+00
6 23 -1.000282487524682e+00 -1.892432108232237e-03 -9.338412656557040e-04 -1.007698672708636e+00
6 24 -1.000282398597161e+00 -1.892313481077929e-03 -9.338699846053559e-04 -1.007699262851737e+00
6 25 -1.000282338400073e+00 -1.892271488796440e-03 -9.338401107439129e-04 -1.007699611673803e+00
6 26 -1.000282309219968e+00 -1.892308006321169e-03 -9.337516675397192e-04 -1.007699705326694e+00
6 27 -1.000282312089700e+00 -1.892421770729336e-03 -9.336073337741191e-04 -1.007699540097957e+00
6 28 -1.000282346761718e+00 -1.892608407861085e-03 -9.334124509870332e-04 -1.007699122572526e+00
6 29 -1.000282411738409e+00 -1.892860601360691e-03 -9.331748469845347e-04 -1.007698469342349e+00
6 30 -1.000282504355203e+00 -1.893168397404364e-03 -9.329044783011851e-04 -1.007697606281049e+00
6 31 -1.000282620909162e+00 -1.893519629206816e-03 -9.326129157572236e-04 -1.007696567426497e+00
7 0 -1.000282944192803e+00 -1.894067082976787e-03 -9.318060839245646e-04 -1.007694913138314e+00
7 1 -1.000283094929968e+00 -1.894464196923351e-03 -9.315091970308689e-04 -1.007693644775184e+00
7 2 -1.000283253918045e+00 -1.894860265823770e-03 -9.312292222069383e-04 -1.007692336922207e+00
7 3 -1.000283415141082e+00 -1.895239941456474e-03 -9.309776039296945e-04 -1.007691039913600e+00
7 4 -1.000283572544258e+00 -1.895588640849385e-03 -9.307642036474520e-04 -1.007689803338909e+00
7 5 -1.000283720244371e+00 -1.895893103738907e-03 -9.305968969138836e-04 -1.007688674181063e+00
7 6 -1.000283852730122e+00 -1.896141879966914e-03 -9.304813230912384e-04 -1.007687695095380e+00
7 7 -1.000283965048667e+00 -1.896325731863749e-03 -9.304207879423634e-04 -1.007686902881696e+00
7 8 -1.000284052975062e+00 -1.896437941653560e-03 -9.304163050290415e-04 -1.007686327192032e+00
7 9 -1.000284113161112e+00 -1.896474518523127e-03 -9.304667506699809e-04 -1.007685989507014e+00
7 10 -1.000284143259834e+00 -1.896434304384815e-03 -9.305690993359072e-04 -1.007685902404683e+00
7 11 -1.000284142021317e+00 -1.896318981247174e-03 -9.307187026076746e-04 -1.007686069136009e+00
7 12 -1.000284109355379e+00 -1.896132985740728e-03 -9.309095766003666e-04 -1.007686483514070e+00
7 13 -1.000284046356201e+00 -1.895883337396848e-03 -9.311346701868497e-04 -1.007687130118899e+00
7 14 -1.000283955284638e+00 -1.895579387386557e-03 -9.313860974707342e-04 -1.007687984815715e+00
7 15 -1.000283839505183e+00 -1.895232494618078e-03 -9.316553301529432e-04 -1.007689015577911e+00
7 16 -1.000283703376587e+00 -1.894855636761783e-03 -9.319333571228364e-04 -1.007690183597608e+00
7 17 -1.000283552097565e+00 -1.894462964620015e-03 -9.322108288698025e-04 -1.007691444657235e+00
7 18 -1.000283391511705e+00 -1.894069309184110e-03 -9.324782114697483e-04 -1.007692750726592e+00
7 19 -1.000283227878430e+00 -1.893689652284901e-03 -9.327259765433889e-04 -1.007694051740191e+00
7 20 -1.000283067619495e+00 -1.893338574498373e-03 -9.329448483878000e-04 -1.007695297498149e+00
7 21 -1.000282917052572e+00 -1.893029697597228e-03 -9.331261184150004e-04 -1.007696439621996e+00
7 22 -1.000282782124954e+00 -1.892775142329096e-03 -9.332620224915758e-04 -1.007697433486946e+00
7 23 -1.000282668160934e+00 -1.892585024853877e-03 -9.333461611444002e-04 -1.007698240046634e+00
7 24 -1.000282579636049e+00 -1.892467016563504e-03 -9.333739280755658e-04 -1.007698827464851e+00
7 25 -1.000282519990043e+00 -1.892425992047820e-03 -9.333429016492394e-04 -1.007699172471639e+00
7 26 -1.000282491488157e+00 -1.892463788044898e-03 -9.332531497280172e-04 -1.007699261369595e+00
7 27 -1.000282495137383e+00 -1.892579091676485e-03 -9.331074019852316e-04 -1.007699090631988e+00
7 28 -1.000282530660695e+00 -1.892767469160704e-03 -9.329110551982338e-04 -1.007698667056832e+00
7 29 -1.000282596528495e+00 -1.893021537357526e-03 -9.326719942502350e-04 -1.007698007467734e+00
7 30 -1.000282690042873e+00 -1.893331271084663e-03 -9.324002321917012e-04 -1.007697137979647e+00
7 31 -1.000282807467332e+00 -1.893684430204085e-03 -9.321073936801642e-04 -1.007696092872737e+00
8 0 -1.000283122041395e+00 -1.894280440927647e-03 -9.310544652597594e-04 -1.007694384094498e+00
8 1 -1.000283273537857e+00 -1.894679273131121e-03 -9.307568539844905e-04 -1.007693110276596e+00
8 2 -1.000283433199890e+00 -1.895076930740414e-03 -9.304763023907533e-04 -1.007691797531369e+00
8 3 -1.000283594985594e+00 -1.895458005497837e-03 -9.302242762228353e-04 -1.007690496377643e+00
8 4 -1.000283752818037e+00 -1.895807860829503e-03 -9.300106520182871e-04 -1.007689256563878e+00
8 5 -1.000283900796624e+00 -1.896113191359651e-03 -9.298433136444703e-04 -1.007688125200283e+00
8 6 -1.000284033398200e+00 -1.896362512269399e-03 -9.297279014694126e-04 -1.007687145032259e+00
8 7 -1.000284145664288e+00 -1.896546563312011e-03 -9.296677148353746e-04 -1.007686352907862e+00
8 8 -1.000284233370971e+00 -1.896658617327032e-03 -9.296637538806063e-04 -1.007685778482460e+00
8 9 -1.000284293177845e+00 -1.896694687863831e-03 -9.297148752143800e-04 -1.007685443194139e+00
8 10 -1.000284322752232e+00 -1.896653634979144e-03 -9.298180280362633e-04 -1.007685359533453e+00
8 11 -1.000284320864517e+00 -1.896537172093757e-03 -9.299685338426764e-04 -1.007685530621746e+00
8 12 -1.000284287449998e+00 -1.896349779408945e-03 -9.301603748333756e-04 -1.007685950104972e+00
8 13 -1.000284223632477e+00 -1.896098530529196e-03 -9.303864633997368e-04 -1.007686602364927e+00
8 14 -1.000284131705313e+00 -1.895792839116699e-03 -9.306388759546888e-04 -1.007687463045269e+00
8 15 -1.000284015066990e+00 -1.895444132538744e-03 -9.309090465880080e-04 -1.007688499883404e+00
8 16 -1.000283878110275e+00 -1.895065460075091e-03 -9.311879279375137e-04 -1.007689673830850e+00
8 17 -1.000283726066455e+00 -1.894671044181506e-03 -9.314661370062368e-04 -1.007690940435271e+00
8 18 -1.000283564808858e+00 -1.894275784388599e-03 -9.317341106478232e-04 -1.007692251447970e+00
8 19 -1.000283400622595e+00 -1.893894725023729e-03 -9.319822969091739e-04 -1.007693556610691e+00
8 20 -1.000283239950066e+00 -1.893542500598047e-03 -9.322014032308309e-04 -1.007694805564373e+00
8 21 -1.000283089123846e+00 -1.893232776230958e-03 -9.323827115627504e-04 -1.007695949810858e+00
8 22 -1.000282954100010e+00 -1.892977703951958e-03 -9.325184560144958e-04 -1.007696944649028e+00
8 23 -1.000282840205404e+00 -1.892787418232956e-03 -9.326022430802233e-04 -1.007697751001353e+00
8 24 -1.000282751912009e+00 -1.892669595392518e-03 -9.326294799670026e-04 -1.007698337045676e+00
8 25 -1.000282692650149e+00 -1.892629101518697e-03 -9.325977657010580e-04 -1.007698679570027e+00
8 26 -1.000282664670150e+00 -1.892667751762630e-03 -9.325071952691202e-04 -1.007698764976494e+00
8 27 -1.000282668959104e+00 -1.892784199459913e-03 -9.323605307839802e-04 -1.007698589875399e+00
8 28 -1.000282705215848e+00 -1.892973966352242e-03 -9.321632052390735e-04 -1.007698161233620e+00
8 29 -1.000282771883346e+00 -1.893229616096065e-03 -9.319231418533264e-04 -1.007697496068226e+00
8 30 -1.000282866233947e+00 -1.893541063702182e-03 -9.316503925838917e-04 -1.007696620704485e+00
8 31 -1.000282984500107e+00 -1.893896004752078e-03 -9.313566201041777e-04 -1.007695569642228e+00
9 0 -1.000283283545756e+00 -1.894532149137956e-03 -9.300866588184381e-04 -1.007693827418880e+00
9 1 -1.000283435810183e+00 -1.894932657794407e-03 -9.297885320803734e-04 -1.007692548123343e+00
9 2 -1.000283596190345e+00 -1.895331953247779e-03 -9.295075121110488e-04 -1.007691230182766e+00
9 3 -1.000283758616614e+00 -1.895714565087368e-03 -9.292550816997865e-04 -1.007689924313445e+00
9 4 -1.000283916986877e+00 -1.896065797714513e-03 -9.290411321413060e-04 -1.007688680445635e+00
9 5 -1.000284065378929e+00 -1.896372292085238e-03 -9.288735592204030e-04 -1.007687545848771e+00
9 6 -1.000284198252561e+00 -1.896622517228161e-03 -9.287580119824003e-04 -1.007686563398301e+00
9 7 -1.000284310637669e+00 -1.896807176328262e-03 -9.286977949712772e-04 -1.007685770036910e+00
9 8 -1.000284398304786e+00 -1.896919516946640e-03 -9.286939099745399e-04 -1.007685195474336e+00
9 9 -1.000284457914328e+00 -1.896955539766406e-03 -9.287452116852851e-04 -1.007684861160129e+00
9 10 -1.000284487140819e+00 -1.896914105024414e-03 -9.288486437250007e-04 -1.007684779552567e+00
9 11 -1.000284484768035e+00 -1.896796939683474e-03 -9.289995181854782e-04 -1.007684953697244e+00
9 12 -1.000284450750430e+00 -1.896608550710549e-03 -9.291918040605923e-04 -1.007685377122627e+00
9 13 -1.000284386235949e+00 -1.896356050780350e-03 -9.294183971704227e-04 -1.007686034055525e+00
9 14 -1.000284293545950e+00 -1.896048903178054e-03 -9.296713547209027e-04 -1.007686899953994e+00
9 15 -1.000284176109466e+00 -1.895698593191856e-03 -9.299420896817264e-04 -1.007687942347637e+00
9 16 -1.000284038351005e+00 -1.895318233856879e-03 -9.302215323230156e-04 -1.007689121966882e+00
9 17 -1.000283885533451e+00 -1.894922114524693e-03 -9.305002769089024e-04 -1.007690394134415e+00
9 18 -1.000283723560214e+00 -1.894525201783496e-03 -9.307687384067068e-04 -1.007691710382683e+00
9 19 -1.000283558743709e+00 -1.894142604196783e-03 -9.310173450903429e-04 -1.007693020250396e+00
9 20 -1.000283397549830e+00 -1.893789015140503e-03 -9.312367876094785e-04 -1.007694273199295e+00
9 21 -1.000283246330136e+00 -1.893478151231341e-03 -9.314183345682219e-04 -1.007695420581806e+00
9 22 -1.000283111054665e+00 -1.893222206946945e-03 -9.315542105970836e-04 -1.007696417581809e+00
9 23 -1.000282997058840e+00 -1.893031348647951e-03 -9.316380171379502e-04 -1.007697225044983e+00
9 24 -1.000282908817622e+00 -1.892913272844656e-03 -9.316651611896597e-04 -1.007697811112985e+00
9 25 -1.000282849758725e+00 -1.892872853587669e-03 -9.316332463462660e-04 -1.007698152578736e+00
9 26 -1.000282822124442e+00 -1.892911901757769e-03 -9.315423764510841e-04 -1.007698235889210e+00
9 27 -1.000282826888720e+00 -1.893029054500328e-03 -9.313953261974845e-04 -1.007698057737592e+00
9 28 -1.000282863732588e+00 -1.893219806101911e-03 -9.311975443664664e-04 -1.007697625208429e+00
9 29 -1.000282931077195e+00 -1.893476682683504e-03 -9.309569725036219e-04 -1.007696955466343e+00
9 30 -1.000283026169899e+00 -1.893789553286989e-03 -9.306836824892696e-04 -1.007696075007739e+00
9 31 -1.000283145215842e+00 -1.894146060817586e-03 -9.303893575194508e-04 -1.007695018520861e+00
10 0 -1.000283422554928e+00 -1.894812380254445e-03 -9.289400479073825e-04 -1.007693264937846e+00
10 1 -1.000283575565774e+00 -1.895214457549878e-03 -9.286416377261552e-04 -1.007691980357021e+00
10 2 -1.000283736679814e+00 -1.895615375069729e-03 -9.283602801146509e-04 -1.007690657123580e+00
10 3 -1.000283899799049e+00 -1.895999600761369e-03 -9.281074696608466e-04 -1.007689346155888e+00
10 4 -1.000284058794122e+00 -1.896352376977446e-03 -9.278931111118172e-04 -1.007688097581547e+00
10 5 -1.000284207717879e+00 -1.896660284568795e-03 -9.277251150940122e-04 -1.007686958854827e+00
10 6 -1.000284341008566e+00 -1.896911736761672e-03 -9.276091466726089e-04 -1.007685973015811e+00
10 7 -1.000284453678938e+00 -1.897097387618586e-03 -9.275485270977671e-04 -1.007685177144352e+00
10 8 -1.000284541487569e+00 -1.897210444427278e-03 -9.275442747710016e-04 -1.007684601053745e+00
10 9 -1.000284601088656e+00 -1.897246878204818e-03 -9.275952600655707e-04 -1.007684266258902e+00
10 10 -1.000284630156592e+00 -1.897205531524390e-03 -9.276984405271532e-04 -1.007684185241940e+00
10 11 -1.000284627481251e+00 -1.897088126790798e-03 -9.278491395538228e-04 -1.007684361028555e+00
10 12 -1.000284593029254e+00 -1.896899180105508e-03 -9.280413340176258e-04 -1.007684787083201e+00
10 13 -1.000284527966238e+00 -1.896645826680026e-03 -9.282679236842275e-04 -1.007685447527014e+00
10 14 -1.000284434635901e+00 -1.896337564529738e-03 -9.285209656689849e-04 -1.007686317675961e+00
10 15 -1.000284316493169e+00 -1.895985924078456e-03 -9.287918689459542e-04 -1.007687364888116e+00
10 16 -1.000284177990817e+00 -1.895604071830697e-03 -9.290715561247128e-04 -1.007688549700765e+00
10 17 -1.000284024421093e+00 -1.895206356584796e-03 -9.293506105961248e-04 -1.007689827230430e+00
10 18 -1.000283861716582e+00 -1.894807807694744e-03 -9.296194339753547e-04 -1.007691148799514e+00
10 19 -1.000283696217511e+00 -1.894423597116958e-03 -9.298684395018889e-04 -1.007692463741612e+00
10 20 -1.000283534415268e+00 -1.894068479858432e-03 -9.300883017096814e-04 -1.007693721325813e+00
10 21 -1.000283382683812e+00 -1.893756230317498e-03 -9.302702725118535e-04 -1.007694872730732e+00
10 22 -1.000283247011785e+00 -1.893499094866276e-03 -9.304065600000514e-04 -1.007695872991214e+00
10 23 -1.000283132748795e+00 -1.893307283871943e-03 -9.304907501659002e-04 -1.007696682834127e+00
10 24 -1.000283044379123e+00 -1.893188528354569e-03 -9.305182363579486e-04 -1.007697270316614e+00
10 25 -1.000282985334723e+00 -1.893147726425513e-03 -9.304866105294440e-04 -1.007697612183463e+00
10 26 -1.000282957857021e+00 -1.893186702108724e-03 -9.303959668847828e-04 -1.007697694870522e+00
10 27 -1.000282962914055e+00 -1.893304094482410e-03 -9.302490726843770e-04 -1.007697515096771e+00
10 28 -1.000283000176083e+00 -1.893495388472236e-03 -9.300513718343197e-04 -1.007697080008525e+00
10 29 -1.000283068048990e+00 -1.893753089949287e-03 -9.298108036271018e-04 -1.007696406865668e+00
10 30 -1.000283163760905e+00 -1.894067037725339e-03 -9.295374399909030e-04 -1.007695522289514e+00
10 31 -1.000283283494398e+00 -1.894424835560093e-03 -9.292429662239330e-04 -1.007694461118634e+00
11 0 -1.000283533818947e+00 -1.895110243417859e-03 -9.276591331674925e-04 -1.007692718383932e+00
11 1 -1.000283687525668e+00 -1.895513720561957e-03 -9.273606833767790e-04 -1.007691428915181e+00
11 2 -1.000283849360643e+00 -1.895916181016627e-03 -9.270791337462412e-04 -1.007690100497873e+00
11 3 -1.000284013198037e+00 -1.896302034206453e-03 -9.268259845578751e-04 -1.007688784248614e+00
11 4 -1.000284172880301e+00 -1.896656459819484e-03 -9.266111521608649e-04 -1.007687530500108e+00
11 5 -1.000284322432985e+00 -1.896965974406868e-03 -9.264425646057937e-04 -1.007686386909916e+00
11 6 -1.000284456269153e+00 -1.897218927889628e-03 -9.263259098074088e-04 -1.007685396710900e+00
11 7 -1.000284569379538e+00 -1.897405914560547e-03 -9.262645364084371e-04 -1.007684597157382e+00
11 8 -1.000284657504763e+00 -1.897520087928977e-03 -9.262594934490774e-04 -1.007684018211749e+00
11 9 -1.000284717286003e+00 -1.897557373668710e-03 -9.263096836927655e-04 -1.007683681505761e+00
11 10 -1.000284746390284e+00 -1.897516579731220e-03 -9.264120972818763e-04 -1.007683599599896e+00
11 11 -1.000284743606169e+00 -1.897399406388588e-03 -9.265620888591594e-04 -1.007683775555448e+00
11 12 -1.000284708905031e+00 -1.897210361081252e-03 -9.267536636722765e-04 -1.007684202828214e+00
11 13 -1.000284643463014e+00 -1.896956584048486e-03 -9.269797456668813e-04 -1.007684865487360e+00
11 14 -1.000284549639561e+00 -1.896647591607596e-03 -9.272324109697117e-04 -1.007685738756327e+00
11 15 -1.000284430909828e+00 -1.896294944736854e-03 -9.275030818384402e-04 -1.007686789864713e+00
11 16 -1.000284291750276e+00 -1.895911851108629e-03 -9.277826882279583e-04 -1.007687979191984e+00
11 17 -1.000284137479113e+00 -1.895512709218780e-03 -9.280618149501758e-04 -1.007689261675349e+00
11 18 -1.000283974056048e+00 -1.895112604441191e-03 -9.283308592593413e-04 -1.007690588444197e+00
11 19 -1.000283807848623e+00 -1.894726768923268e-03 -9.285802245170934e-04 -1.007691908632537e+00
11 20 -1.000283645374832e+00 -1.894370019851548e-03 -9.288005703334016e-04 -1.007693171310261e+00
11 21 -1.000283493033601e+00 -1.894056193456549e-03 -9.289831293982966e-04 -1.007694327464473e+00
11 22 -1.000283356835998e+00 -1.893797595209518e-03 -9.291200872352148e-04 -1.007695331953379e+00
11 23 -1.000283242150772e+00 -1.893604489670827e-03 -9.292050048841115e-04 -1.007696145348318e+00
11 24 -1.000283153477470e+00 -1.893484655347125e-03 -9.292332491791273e-04 -1.007696735576968e+00
11 25 -1.000283094259002e+00 -1.893443029675868e-03 -9.292023847217424e-04 -1.007697079284636e+00
11 26 -1.000283066743115e+00 -1.893481466682252e-03 -9.291124783018046e-04 -1.007697162840621e+00
11 27 -1.000283071899362e+00 -1.893598625256795e-03 -9.289662705505124e-04 -1.007696982932040e+00
11 28 -1.000283109394692e+00 -1.893789999383461e-03 -9.287691803223380e-04 -1.007696546708669e+00
11 29 -1.000283177626927e+00 -1.894048092901115e-03 -9.285291241001020e-04 -1.007695871469208e+00
11 30 -1.000283273811509e+00 -1.894362731360302e-03 -9.282561539109382e-04 -1.007694983908691e+00
11 31 -1.000283394113984e+00 -1.894721494195001e-03 -9.279619388969075e-04 -1.007693918972834e+00
12 0 -1.000283613176730e+00 -1.895414221612490e-03 -9.262937552612176e-04 -1.007692208542428e+00
12 1 -1.000283767502192e+00 -1.895818876557221e-03 -9.259955092397174e-04 -1.007690914769189e+00
12 2 -1.000283930017446e+00 -1.896222741791505e-03 -9.257139195026854e-04 -1.007689581475505e+00
12 3 -1.000284094570449e+00 -1.896610173605262e-03 -9.254604856986108e-04 -1.007688259964711e+00
12 4 -1.000284254975667e+00 -1.896966290852466e-03 -9.252451336919201e-04 -1.007687000774143e+00
12 5 -1.000284405230108e+00 -1.897277544066217e-03 -9.250758110480960e-04 -1.007685851775097e+00
12 6 -1.000284539718952e+00 -1.897532214721139e-03 -9.249582344109707e-04 -1.007684856414216e+00
12 7 -1.000284653406822e+00 -1.897720828910597e-03 -9.248957891692207e-04 -1.007684052151313e+00
12 8 -1.000284742011103e+00 -1.897836474958018e-03 -9.248895675704920e-04 -1.007683469137659e+00
12 9 -1.000284802153718e+00 -1.897875019414918e-03 -9.249385200673125e-04 -1.007683129168303e+00
12 10 -1.000284831487422e+00 -1.897835220156059e-03 -9.250396866715588e-04 -1.007683044932998e+00
12 11 -1.000284828792108e+00 -1.897718738696051e-03 -9.251884717511499e-04 -1.007683219582489e+00
12 12 -1.000284794036292e+00 -1.897530056389894e-03 -9.253789280069167e-04 -1.007683646619507e+00
12 13 -1.000284728399069e+00 -1.897276300811682e-03 -9.256040226528829e-04 -1.007684310116829e+00
12 14 -1.000284634248446e+00 -1.896966989402794e-03 -9.258558692029202e-04 -1.007685185258529e+00
12 15 -1.000284515073312e+00 -1.896613697830941e-03 -9.261259200678625e-04 -1.007686239194090e+00
12 16 -1.000284375368247e+00 -1.896229660988599e-03 -9.264051272169641e-04 -1.007687432186864e+00
12 17 -1.000284220473034e+00 -1.895829315526870e-03 -9.266840888011830e-04 -1.007688719028196e+00
12 18 -1.000284056371527e+00 -1.895427794205496e-03 -9.269532064448330e-04 -1.007690050678053e+00
12 19 -1.000283889457145e+00 -1.895040384049993e-03 -9.272028789113697e-04 -1.007691376083379e+00
12 20 -1.000283726274580e+00 -1.894681962567306e-03 -9.274237526815273e-04 -1.007692644116037e+00
12 21 -1.000283573249253e+00 -1.894366429322852e-03 -9.276070396061277e-04 -1.007693805561811e+00
12 22 -1.000283436417553e+00 -1.894106153676239e-03 -9.277448976078044e-04 -1.007694815081905e+00
12 23 -1.000283321171557e+00 -1.893911462442321e-03 -9.278308542999682e-04 -1.007695633061549e+00
12 24 -1.000283232031448e+00 -1.893790192761518e-03 -9.278602383170383e-04 -1.007696227259077e+00
12 25 -1.000283172457382e+00 -1.893747335135501e-03 -9.278305725809489e-04 -1.007696574172875e+00
12 26 -1.000283144710385e+00 -1.893784789302268e-03 -9.277418801092526e-04 -1.007696660052714e+00
12 27 -1.000283149768924e+00 -1.893901251122519e-03 -9.275968569275681e-04 -1.007696481497155e+00
12 28 -1.000283187304239e+00 -1.894092241697929e-03 -9.274008776616476e-04 -1.007696045601028e+00
12 29 -1.000283255713550e+00 -1.894350280992958e-03 -9.271618164114554e-04 -1.007695369644444e+00
12 30 -1.000283352206575e+00 -1.894665198572720e-03 -9.268896864576990e-04 -1.007694480342824e+00
12 31 -1.000283472937990e+00 -1.895024565170535e-03 -9.265961235819744e-04 -1.007693412702055e+00
13 0 -1.000283657698655e+00 -1.895712625291596e-03 -9.248970853647943e-04 -1.007691754485252e+00
13 1 -1.000283812542524e+00 -1.896118192449764e-03 -9.245992738609399e-04 -1.007690457151225e+00
13 2 -1.000283975671759e+00 -1.896523271857391e-03 -9.243177935777534e-04 -1.007689119471536e+00
13 3 -1.000284140910702e+00 -1.896912173930574e-03 -9.240641376312758e-04 -1.007687792917957e+00
13 4 -1.000284302047142e+00 -1.897269960903325e-03 -9.238482390577540e-04 -1.007686528223923e+00
13 5 -1.000284453049394e+00 -1.897583018162527e-03 -9.236780661097912e-04 -1.007685373476624e+00
13 6 -1.000284588273079e+00 -1.897839556108412e-03 -9.235593687497062e-04 -1.007684372349777e+00
13 7 -1.000284702653601e+00 -1.898030026702393e-03 -9.234955769833546e-04 -1.007683562532246e+00
13 8 -1.000284791880759e+00 -1.898147444282166e-03 -9.234878371341207e-04 -1.007682974396327e+00
13 9 -1.000284852551812e+00 -1.898187605002699e-03 -9.235351607073466e-04 -1.007682629939737e+00
13 10 -1.000284882298887e+00 -1.898149203199946e-03 -9.236346528027863e-04 -1.007682542027244e+00
13 11 -1.000284879886113e+00 -1.898033846358894e-03 -9.237817839552428e-04 -1.007682713949890e+00
13 12 -1.000284845271651e+00 -1.897845973242990e-03 -9.239706714385548e-04 -1.007683139311306e+00
13 13 -1.000284779629936e+00 -1.897592681660190e-03 -9.241943430123367e-04 -1.007683802242890e+00
13 14 -1.000284685330076e+00 -1.897283473068338e-03 -9.244449663864068e-04 -1.007684677943652e+00
13 15 -1.000284565867620e+00 -1.896929921354992e-03 -9.247140396918544e-04 -1.007685733534607e+00
13 16 -1.000284425748980e+00 -1.896545273604704e-03 -9.249925504580618e-04 -1.007686929209345e+00
13 17 -1.000284270330382e+00 -1.896143991818312e-03 -9.252711211459419e-04 -1.007688219651774e+00
13 18 -1.000284105616055e+00 -1.895741246024378e-03 -9.255401659143917e-04 -1.007689555681432e+00
13 19 -1.000283938022913e+00 -1.895352370848921e-03 -9.257900842259064e-04 -1.007690886077437e+00
13 20 -1.000283774121338e+00 -1.894992299812086e-03 -9.260115117462000e-04 -1.007692159522823e+00
13 21 -1.000283620363683e+00 -1.894674994746969e-03 -9.261956386224146e-04 -1.007693326600469e+00
13 22 -1.000283482813596e+00 -1.894412891287269e-03 -9.263345910555887e-04 -1.007694341761679e+00
13 23 -1.000283366889832e+00 -1.894216384264295e-03 -9.264218560415269e-04 -1.007695165181915e+00
13 24 -1.000283277137770e+00 -1.894093378294010e-03 -9.264527140909680e-04 -1.007695764416965e+00
13 25 -1.000283217040426e+00 -1.894048928559439e-03 -9.264246340698034e-04 -1.007696115776690e+00
13 26 -1.000283188878607e+00 -1.894084994569825e-03 -9.263375806297106e-04 -1.007696205342534e+00
13 27 -1.000283193646832e+00 -1.894200325074303e-03 -9.261941888176234e-04 -1.007696029570617e+00
13 28 -1.000283231028036e+00 -1.894390485226552e-03 -9.259997716587382e-04 -1.007695595444849e+00
13 29 -1.000283299426173e+00 -1.894648028257528e-03 -9.257621434206173e-04 -1.007694920171379e+00
13 30 -1.000283396052272e+00 -1.894962804541867e-03 -9.254912618328476e-04 -1.007694030432936e+00
13 31 -1.000283517056717e+00 -1.895322392123055e-03 -9.251987136024072e-04 -1.007692961246121e+00
14 0 -1.000283665781000e+00 -1.895994043083946e-03 -9.235234751343381e-04 -1.007691372916649e+00
14 1 -1.000283821023907e+00 -1.896400224290097e-03 -9.232263056161643e-04 -1.007690072895038e+00
14 2 -1.000283984678151e+00 -1.896806283070057e-03 -9.229450743590323e-04 -1.007688731480814e+00
14 3 -1.000284150547905e+00 -1.897196492812159e-03 -9.226912626908286e-04 -1.007687400289883e+00
14 4 -1.000284312396516e+00 -1.897555865401738e-03 -9.224748082027052e-04 -1.007686130236247e+00
14 5 -1.000284464164499e+00 -1.897870724362579e-03 -9.223037000370491e-04 -1.007684969617364e+00
14 6 -1.000284600177345e+00 -1.898129209048443e-03 -9.221837247468783e-04 -1.007683962338909e+00
14 7 -1.000284715339271e+00 -1.898321694204902e-03 -9.221183632371821e-04 -1.007683146333473e+00
14 8 -1.000284805309237e+00 -1.898441114318509e-03 -9.221088247671735e-04 -1.007682552217666e+00
14 9 -1.000284866655381e+00 -1.898483186661575e-03 -9.221541928229217e-04 -1.007682202223210e+00
14 10 -1.000284896983629e+00 -1.898446530975526e-03 -9.222516502077475e-04 -1.007682109428985e+00
14 11 -1.000284895035860e+00 -1.898332687388529e-03 -9.223967475669079e-04 -1.007682277312071e+00
14 12 -1.000284860752777e+00 -1.898146037105645e-03 -9.225836814953937e-04 -1.007682699627267e+00
14 13 -1.000284795296727e+00 -1.897893632236690e-03 -9.228055551876722e-04 -1.007683360617273e+00
14 14 -1.000284701030409e+00 -1.897584941891138e-03 -9.230546049305323e-04 -1.007684235549466e+00
14 15 -1.000284581448763e+00 -1.897231521950359e-03 -9.233223878822233e-04 -1.007685291568657e+00
14 16 -1.000284441063385e+00 -1.896846616383743e-03 -9.235999388680440e-04 -1.007686488847087e+00
14 17 -1.000284285241275e+00 -1.896444698931705e-03 -9.238779144253393e-04 -1.007687782003187e+00
14 18 -1.000284120002509e+00 -1.896040965438414e-03 -9.241467487889867e-04 -1.007689121750150e+00
14 19 -1.000283951784165e+00 -1.895650789033680e-03 -9.243968472589995e-04 -1.007690456724943e+00
14 20 -1.000283787180289e+00 -1.895289152784174e-03 -9.246188372176855e-04 -1.007691735438275e+00
14 21 -1.000283632669599e+00 -1.894970077379903e-03 -9.248038868515160e-04 -1.007692908276220e+00
14 22 -1.000283494343939e+00 -1.894706064657622e-03 -9.249440875970108e-04 -1.007693929475174e+00
14 23 -1.000283377651096e+00 -1.894507580680416e-03 -9.250328801981426e-04 -1.007694758985094e+00
14 24 -1.000283287165258e+00 -1.894382603834963e-03 -9.250654890017705e-04 -1.007695364133645e+00
14 25 -1.000283226397085e+00 -1.894336263201968e-03 -9.250393184586014e-04 -1.007695721007454e+00
14 26 -1.000283197652968e+00 -1.894370589925779e-03 -9.249542624000194e-04 -1.007695815476947e+00
14 27 -1.000283201950007e+00 -1.894484399513183e-03 -9.248128809562175e-04 -1.007695643807483e+00
14 28 -1.000283238989704e+00 -1.894673316195035e-03 -9.246204109670651e-04 -1.007695212821026e+00
14 29 -1.000283307189693e+00 -1.894929942043237e-03 -9.243845922549119e-04 -1.007694539598116e+00
14 30 -1.000283403769216e+00 -1.895244164100777e-03 -9.241153126239684e-04 -1.007693650737415e+00
14 31 -1.000283524881101e+00 -1.895603583524528e-03 -9.238240958636742e-04 -1.007692581216255e+00
15 0 -1.000283637191302e+00 -1.896247771843075e-03 -9.222262652559116e-04 -1.007691077644388e+00
15 1 -1.000283792699645e+00 -1.896654248139711e-03 -9.219299135791108e-04 -1.007689775903170e+00
15 2 -1.000283956770950e+00 -1.897061016846411e-03 -9.216490547124426e-04 -1.007688431540177e+00
15 3 -1.000284123193382e+00 -1.897452324480502e-03 -9.213951535221266e-04 -1.007687096285981e+00
15 4 -1.000284285708891e+00 -1.897813140465498e-03 -9.211781495447544e-04 -1.007685821213821e+00
15 5 -1.000284438232014e+00 -1.898129731855527e-03 -9.210060524666807e-04 -1.007684654818679e+00
15 6 -1.000284575058693e+00 -1.898390169719168e-03 -9.208846875030417e-04 -1.007683641234135e+00
15 7 -1.000284691061231e+00 -1.898584751617512e-03 -9.208175908553071e-04 -1.007682818641305e+00
15 8 -1.000284781865683e+00 -1.898706329416876e-03 -9.208060411427965e-04 -1.007682217914925e+00
15 9 -1.000284844007694e+00 -1.898750535924066e-03 -9.208492019986236e-04 -1.007681861543447e+00
15 10 -1.000284875062434e+00 -1.898715907984407e-03 -9.209443436580166e-04 -1.007681762850963e+00
15 11 -1.000284873743939e+00 -1.898603907600635e-03 -9.210871079116732e-04 -1.007681925539118e+00
15 12 -1.000284839969010e+00 -1.898418845618606e-03 -9.212717824860889e-04 -1.007682343558459e+00
15 13 -1.000284774880879e+00 -1.898167714208075e-03 -9.214915578788893e-04 -1.007683001311723e+00
15 14 -1.000284680828583e+00 -1.897859935100413e-03 -9.217387502931170e-04 -1.007683874185274e+00
15 15 -1.000284561299345e+00 -1.897507030961058e-03 -9.220049864404779e-04 -1.007684929398004e+00
15 16 -1.000284420803259e+00 -1.897122227786002e-03 -9.222813580116599e-04 -1.007686127148886e+00
15 17 -1.000284264712034e+00 -1.896719997063709e-03 -9.225585639640910e-04 -1.007687422035100e+00
15 18 -1.000284099056370e+00 -1.896315547880441e-03 -9.228270653033125e-04 -1.007688764702120e+00
15 19 -1.000283930289374e+00 -1.895924281257194e-03 -9.230772778510632e-04 -1.007690103676061e+00
15 20 -1.000283765025889e+00 -1.895561221594259e-03 -9.232998232428281e-04 -1.007691387317945e+00
15 21 -1.000283609769495e+00 -1.895240442932157e-03 -9.234858480983441e-04 -1.007692565830208e+00
15 22 -1.000283470640103e+00 -1.894974510741929e-03 -9.236274073064007e-04 -1.007693593237520e+00
15 23 -1.000283353115770e+00 -1.894773962863784e-03 -9.237178913044749e-04 -1.007694429257142e+00
15 24 -1.000283261802092e+00 -1.894646855143552e-03 -9.237524619714615e-04 -1.007695040971102e+00
15 25 -1.000283200241199e+00 -1.894598397162475e-03 -9.237284510849017e-04 -1.007695404215934e+00
15 26 -1.000283170769894e+00 -1.894630700762459e-03 -9.236456719586482e-04 -1.007695504616618e+00
15 27 -1.000283174433408e+00 -1.894742659223734e-03 -9.235065991817782e-04 -1.007695338207661e+00
15 28 -1.000283210957880e+00 -1.894929968410675e-03 -9.233163821954713e-04 -1.007694911604873e+00
15 29 -1.000283278781045e+00 -1.895185292992823e-03 -9.230826747803315e-04 -1.007694241716137e+00
15 30 -1.000283375136980e+00 -1.895498571243314e-03 -9.228152831159932e-04 -1.007693355007591e+00
15 31 -1.000283496187558e+00 -1.895857442274122e-03 -9.225256567840710e-04 -1.007692286369126e+00
16 0 -1.000283573065327e+00 -1.896464210732711e-03 -9.210556523401364e-04 -1.007690879179792e+00
16 1 -1.000283728696546e+00 -1.896870654719372e-03 -9.207602565927531e-04 -1.007689576743972e+00
16 2 -1.000283893062238e+00 -1.897277839747311e-03 -9.204798724648239e-04 -1.007688230321588e+00
16 3 -1.000284059939295e+00 -1.897669996539803e-03 -9.202259443841223e-04 -1.007686891724447e+00
16 4 -1.000284223052028e+00 -1.898032061309086e-03 -9.200084115611637e-04 -1.007685612158412e+00
16 5 -1.000284376291739e+00 -1.898350251986520e-03 -9.198353036280071e-04 -1.007684440296262e+00
16 6 -1.000284513926502e+00 -1.898612576735948e-03 -9.197124853465394e-04 -1.007683420486668e+00
16 7 -1.000284630797219e+00 -1.898809259022238e-03 -9.196435504956939e-04 -1.007682591154255e+00
16 8 -1.000284722496242e+00 -1.898933068467517e-03 -9.196298508008877e-04 -1.007681983435856e+00
16 9 -1.000284785524594e+00 -1.898979550903073e-03 -9.196706353026585e-04 -1.007681620089940e+00
16 10 -1.000284817423292e+00 -1.898947155004275e-03 -9.197632683031868e-04 -1.007681514707879e+00
16 11 -1.000284816873988e+00 -1.898837256834181e-03 -9.199034903958897e-04 -1.007681671245944e+00
16 12 -1.000284783764029e+00 -1.898654086794520e-03 -9.200856886427613e-04 -1.007682083887565e+00
16 13 -1.000284719211247e+00 -1.898404565210712e-03 -9.203031491378666e-04 -1.007682737238074e+00
16 14 -1.000284625544362e+00 -1.898098053338760e-03 -9.205482760810082e-04 -1.007683606848478e+00
16 15 -1.000284506236165e+00 -1.897746026897265e-03 -9.208127734789489e-04 -1.007684660058424e+00
16 16 -1.000284365788673e+00 -1.897361679910810e-03 -9.210877971790913e-04 -1.007685857140047e+00
16 17 -1.000284209572045e+00 -1.896959467733599e-03 -9.213640951200814e-04 -1.007687152714237e+00
16 18 -1.000284043621946e+00 -1.896554599552124e-03 -9.216321605055541e-04 -1.007688497400229e+00
16 19 -1.000283874402774e+00 -1.896162492610296e-03 -9.218824236898920e-04 -1.007689839648863e+00
16 20 -1.000283708546577e+00 -1.895798202971536e-03 -9.221055031012861e-04 -1.007691127699492e+00
16 21 -1.000283552579390e+00 -1.895475850627802e-03 -9.222925248341015e-04 -1.007692311590678e+00
16 22 -1.000283412648018e+00 -1.895208059819640e-03 -9.224355065685228e-04 -1.007693345146240e+00
16 23 -1.000283294260931e+00 -1.895005438150184e-03 -9.225277858484539e-04 -1.007694187851905e+00
16 24 -1.000283202056618e+00 -1.894876119857147e-03 -9.225644576965962e-04 -1.007694806535334e+00
16 25 -1.000283139611336e+00 -1.894825398601218e-03 -9.225427755543952e-04 -1.007695176765532e+00
16 26 -1.000283109295887e+00 -1.894855472713630e-03 -9.224624657945028e-04 -1.007695283897572e+00
16 27 -1.000283112188009e+00 -1.894965321057881e-03 -9.223259104063733e-04 -1.007695123704577e+00
16 28 -1.000283148043581e+00 -1.895150720942041e-03 -9.221381636300819e-04 -1.007694702559913e+00
16 29 -1.000283215326178e+00 -1.895404411203076e-03 -9.219067847821412e-04 -1.007694037157717e+00
16 30 -1.000283311290830e+00 -1.895716394073683e-03 -9.216414898878668e-04 -1.007693153787758e+00
16 31 -1.000283432114695e+00 -1.896074359873522e-03 -9.213536462526306e-04 -1.007692087207996e+00
17 0 -1.000283475857602e+00 -1.896635206994373e-03 -9.200567081935881e-04 -1.007690784461769e+00
17 1 -1.000283631465621e+00 -1.897041295191239e-03 -9.197623644616400e-04 -1.007689482374602e+00
17 2 -1.000283795992920e+00 -1.897448589711204e-03 -9.194825331668353e-04 -1.007688134852763e+00
17 3 -1.000283963210211e+00 -1.897841317031393e-03 -9.192286353463918e-04 -1.007686793753227e+00
17 4 -1.000284126828620e+00 -1.898204390701537e-03 -9.190106079346652e-04 -1.007685510382615e+00
17 5 -1.000284280719841e+00 -1.898523988779384e-03 -9.188364994506297e-04 -1.007684333564808e+00
17 6 -1.000284419126791e+00 -1.898788064219433e-03 -9.187122138169686e-04 -1.007683307842782e+00
17 7 -1.000284536860646e+00 -1.898986772182112e-03 -9.186414026629760e-04 -1.007682471870724e+00
17 8 -1.000284629480570e+00 -1.899112803491583e-03 -9.186254919812852e-04 -1.007681857041633e+00
17 9 -1.000284693452158e+00 -1.899161617753963e-03 -9.186638184559205e-04 -1.007681486387099e+00
17 10 -1.000284726280130e+00 -1.899131573447289e-03 -9.187538436530942e-04 -1.007681373778077e+00
17 11 -1.000284726610365e+00 -1.899023956070542e-03 -9.188914107904559e-04 -1.007681523446265e+00
17 12 -1.000284694296353e+00 -1.898842908653550e-03 -9.190710104490697e-04 -1.007681929836052e+00
17 13 -1.000284630425329e+00 -1.898595270736313e-03 -9.192860288215306e-04 -1.007682577789437e+00
17 14 -1.000284537299905e+00 -1.898290332441349e-03 -9.195289629430367e-04 -1.007683443060886e+00
17 15 -1.000284418372257e+00 -1.897939510535955e-03 -9.197915991435129e-04 -1.007684493152990e+00
17 16 -1.000284278129996e+00 -1.897555954191353e-03 -9.200651623247212e-04 -1.007685688454993e+00
17 17 -1.000284121935544e+00 -1.897154089401262e-03 -9.203404538767065e-04 -1.007686983655427e+00
17 18 -1.000283955823753e+00 -1.896749112442400e-03 -9.206080031053047e-04 -1.007688329389351e+00
17 19 -1.000283786265192e+00 -1.896356444561731e-03 -9.208582581721646e-04 -1.007689674070641e+00
17 20 -1.000283619904845e+00 -1.895991162623349e-03 -9.210818367867622e-04 -1.007690965849719e+00
17 21 -1.000283463287964e+00 -1.895667423567292e-03 -9.212698459556380e-04 -1.007692154626897e+00
17 22 -1.000283322586159e+00 -1.895397903611226e-03 -9.214142663455944e-04 -1.007693194042690e+00
17 23 -1.000283203337415e+00 -1.895193275688178e-03 -9.215083816210974e-04 -1.007694043360462e+00
17 24 -1.000283110213340e+00 -1.895061750330969e-03 -9.215472180591445e-04 -1.007694669154586e+00
17 25 -1.000283046825584e+00 -1.895008705439438e-03 -9.215279482344095e-04 -1.007695046720002e+00
17 26 -1.000283015581171e+00 -1.895036428225444e-03 -9.214502084667717e-04 -1.007695161128093e+00
17 27 -1.000283017593490e+00 -1.895143987785376e-03 -9.213162843695233e-04 -1.007695007869776e+00
17 28 -1.000283052652186e+00 -1.895327249725024e-03 -9.211311305499224e-04 -1.007694593048526e+00
17 29 -1.000283119251471e+00 -1.895579035842848e-03 -9.209022070226836e-04 -1.007693933111621e+00
17 30 -1.000283214672683e+00 -1.895889422613395e-03 -9.206391347815525e-04 -1.007693054135251e+00
17 31 -1.000283335113936e+00 -1.896246162856452e-03 -9.203531941730369e-04 -1.007691990705807e+00
18 0 -1.000283349248407e+00 -1.896754343843290e-03 -9.192676348996918e-04 -1.007690796695547e+00
18 1 -1.000283504688904e+00 -1.897159768301734e-03 -9.189743952697308e-04 -1.007689495981191e+00
18 2 -1.000283669239682e+00 -1.897566863168980e-03 -9.186951693247795e-04 -1.007688148356352e+00
18 3 -1.000283836670544e+00 -1.897959862314132e-03 -9.184413529537396e-04 -1.007686805685616e+00
18 4 -1.000284000684427e+00 -1.898323668241529e-03 -9.182228789380426e-04 -1.007685519340011e+00
18 5 -1.000284155137865e+00 -1.898644430055737e-03 -9.180478128350365e-04 -1.007684338261545e+00
18 6 -1.000284294252275e+00 -1.898910055177789e-03 -9.179220960312714e-04 -1.007683307159596e+00
18 7 -1.000284412811868e+00 -1.899110638598783e-03 -9.178494364972100e-04 -1.007682464895908e+00
18 8 -1.000284506344342e+00 -1.899238798638035e-03 -9.178313332209222e-04 -1.007681843104403e+00
18 9 -1.000284571280384e+00 -1.899289912682747e-03 -9.178672095921886e-04 -1.007681465082652e+00
18 10 -1.000284605087601e+00 -1.899262250407523e-03 -9.179546238797905e-04 -1.007681344983072e+00
18 11 -1.000284606374068e+00 -1.899157005581152e-03 -9.180895217148529e-04 -1.007681487323188e+00
18 12 -1.000284574956375e+00 -1.898978230386060e-03 -9.182664974006935e-04 -1.007681886826061e+00
18 13 -1.000284511887226e+00 -1.898732677887353e-03 -9.184790380522730e-04 -1.007682528594736e+00
18 14 -1.000284419438349e+00 -1.898429559143263e-03 -9.187197351059686e-04 -1.007683388618042e+00
18 15 -1.000284301035840e+00 -1.898080222023974e-03 -9.189804593346789e-04 -1.007684434598063e+00
18 16 -1.000284161147066e+00 -1.897697759496087e-03 -9.192525070167716e-04 -1.007685627081234e+00
18 17 -1.000284005120845e+00 -1.897296556104886e-03 -9.195267353492366e-04 -1.007686920865034e+00
18 18 -1.000283838985547e+00 -1.896891782841308e-03 -9.197937121825407e-04 -1.007688266641348e+00
18 19 -1.000283669212575e+00 -1.896498852682909e-03 -9.200439059634786e-04 -1.007689612826531e+00
18 20 -1.000283502455085e+00 -1.896132851725715e-03 -9.202679358704864e-04 -1.007690907518033e+00
18 21 -1.000283345273630e+00 -1.895807963653431e-03 -9.204568914283224e-04 -1.007692100508258e+00
18 22 -1.000283203861702e+00 -1.895536908146129e-03 -9.206027174191208e-04 -1.007693145278126e+00
18 23 -1.000283083784824e+00 -1.895330416600933e-03 -9.206986446280275e-04 -1.007694000886014e+00
18 24 -1.000282989746619e+00 -1.895196770638871e-03 -9.207396315519217e-04 -1.007694633664296e+00
18 25 -1.000282925393949e+00 -1.895141429171162e-03 -9.207227705171038e-04 -1.007695018638345e+00
18 26 -1.000282893170908e+00 -1.895166767403678e-03 -9.206476077512403e-04 -1.007695140592654e+00
18 27 -1.000282894228419e+00 -1.895271946149730e-03 -9.205163318757110e-04 -1.007694994725122e+00
18 28 -1.000282928392706e+00 -1.895452922923973e-03 -9.203337969967090e-04 -1.007694586851807e+00
18 29 -1.000282994192227e+00 -1.895702608036510e-03 -9.201073628513470e-04 -1.007693933149630e+00
18 30 -1.000283088938965e+00 -1.896011159604889e-03 -9.198465542005271e-04 -1.007693059452202e+00
18 31 -1.000283208856889e+00 -1.896366401941948e-03 -9.195625629275405e-04 -1.007692000140951e+00
19 0 -1.000283198010613e+00 -1.896817163310259e-03 -9.187183248151068e-04 -1.007690915296305e+00
19 1 -1.000283353145956e+00 -1.897221642029142e-03 -9.184261980182044e-04 -1.007689616925072e+00
19 2 -1.000283517581513e+00 -1.897628236407641e-03 -9.181476049483298e-04 -1.007688270195886e+00
19 3 -1.000283685091463e+00 -1.898021199106100e-03 -9.178939156374015e-04 -1.007686926942965e+00
19 4 -1.000283849375871e+00 -1.898385433678883e-03 -9.176750568970359e-04 -1.007685638562803e+00
19 5 -1.000284004281174e+00 -1.898707072343603e-03 -9.174991087530628e-04 -1.007684454077879e+00
19 6 -1.000284144011802e+00 -1.898973988369990e-03 -9.173720470642789e-04 -1.007683418329692e+00
19 7 -1.000284263328737e+00 -1.899176226855981e-03 -9.172976327899204e-04 -1.007682570358062e+00
19 8 -1.000284357731019e+00 -1.899306342456614e-03 -9.172774341324510e-04 -1.007681942014208e+00
19 9 -1.000284423616175e+00 -1.899359637371109e-03 -9.173109570347506e-04 -1.007681556844928e+00
19 10 -1.000284458415346e+00 -1.899334297348285e-03 -9.173958521929710e-04 -1.007681429274996e+00
19 11 -1.000284460698319e+00 -1.899231426950250e-03 -9.175281636002293e-04 -1.007681564106588e+00
19 12 -1.000284430243194e+00 -1.899054987574597e-03 -9.177025857914236e-04 -1.007681956348191e+00
19 13 -1.000284368065490e+00 -1.898811643313058e-03 -9.179127041109573e-04 -1.007682591378590e+00
19 14 -1.000284276402399e+00 -1.898510521090296e-03 -9.181512025620282e-04 -1.007683445443408e+00
19 15 -1.000284158649457e+00 -1.898162892483335e-03 -9.184100353026830e-04 -1.007684486473429e+00
19 16 -1.000284019248739e+00 -1.897781785011650e-03 -9.186805696376923e-04 -1.007685675206516e+00
19 17 -1.000283863530103e+00 -1.897381531204604e-03 -9.189537189496930e-04 -1.007686966586497e+00
19 18 -1.000283697509983e+00 -1.896977265335132e-03 -9.192200907107781e-04 -1.007688311401007e+00
19 19 -1.000283527655284e+00 -1.896584380296079e-03 -9.194701752009736e-04 -1.007689658107755e+00
19 20 -1.000283360622353e+00 -1.896217959755796e-03 -9.196945948190998e-04 -1.007690954788338e+00
19 21 -1.000283202982616e+00 -1.895892203077414e-03 -9.198844235760039e-04 -1.007692151161206e+00
19 22 -1.000283060947669e+00 -1.895619863153211e-03 -9.200315728519493e-04 -1.007693200577747e+00
19 23 -1.000282940107462e+00 -1.895411720561342e-03 -9.201292237078532e-04 -1.007694061917119e+00
19 24 -1.000282845195265e+00 -1.895276120034220e-03 -9.201722703780160e-04 -1.007694701290391e+00
19 25 -1.000282779891660e+00 -1.895218595315080e-03 -9.201577282950025e-04 -1.007695093467758e+00
19 26 -1.000282746677326e+00 -1.895241605555975e-03 -9.200850565760091e-04 -1.007695222954045e+00
19 27 -1.000282746741229e+00 -1.895344401387257e-03 -9.199563496679927e-04 -1.007695084654165e+00
19 28 -1.000282779947610e+00 -1.895523032376983e-03 -9.197763640139433e-04 -1.007694684090012e+00
19 29 -1.000282844861488e+00 -1.895770499544991e-03 -9.195523617470941e-04 -1.007694037154836e+00
19 30 -1.000282938828626e+00 -1.896077046938471e-03 -9.192937735784244e-04 -1.007693169419983e+00
19 31 -1.000283058102713e+00 -1.896430576558658e-03 -9.190117045777151e-04 -1.007692115036681e+00
20 0 -1.000283027840233e+00 -1.896821319001993e-03 -9.184292770524555e-04 -1.007691135929913e+00
20 1 -1.000283182544127e+00 -1.897224605253145e-03 -9.181382313468088e-04 -1.007689840785658e+00
20 2 -1.000283346729935e+00 -1.897630416885918e-03 -9.178602755969890e-04 -1.007688495918597e+00
20 3 -1.000283514181395e+00 -1.898023036122460e-03 -9.176067541305441e-04 -1.007687153095428e+00
20 4 -1.000283678601085e+00 -1.898387379455739e-03 -9.173875863219536e-04 -1.007685863698667e+00
20 5 -1.000283833830765e+00 -1.898709574816157e-03 -9.172108637166167e-04 -1.007684676790823e+00
20 6 -1.000283974063051e+00 -1.898977474076659e-03 -9.170825923622113e-04 -1.007683637305982e+00
20 7 -1.000284094040291e+00 -1.899181084659958e-03 -9.170065807521517e-04 -1.007682784425785e+00
20 8 -1.000284189236668e+00 -1.899312908694531e-03 -9.169844598631932e-04 -1.007682150187426e+00
20 9 -1.000284256019526e+00 -1.899368182983924e-03 -9.170158109988770e-04 -1.007681758361074e+00
20 10 -1.000284291785641e+00 -1.899345017551742e-03 -9.170983696914288e-04 -1.007681623623882e+00
20 11 -1.000284295067594e+00 -1.899244433871078e-03 -9.172282707891725e-04 -1.007681751049908e+00
20 12 -1.000284265604872e+00 -1.899070306030138e-03 -9.174003020960040e-04 -1.007682135929021e+00
20 13 -1.000284204374457e+00 -1.898829209761670e-03 -9.176081410289057e-04 -1.007682763920835e+00
20 14 -1.000284113576610e+00 -1.898530185802541e-03 -9.178445589074561e-04 -1.007683611541049e+00
20 15 -1.000283996573039e+00 -1.898184424989632e-03 -9.181015890680750e-04 -1.007684646969518e+00
20 16 -1.000283857776481e+00 -1.897804882716570e-03 -9.183706668982603e-04 -1.007685831162318e+00
20 17 -1.000283702493146e+00 -1.897405830838854e-03 -9.186427603838979e-04 -1.007687119241771e+00
20 18 -1.000283536722482e+00 -1.897002356821823e-03 -9.189085162369454e-04 -1.007688462126771e+00
20 19 -1.000283366921802e+00 -1.896609822578023e-03 -9.191584471678530e-04 -1.007689808353100e+00
20 20 -1.000283199745665e+00 -1.896243297984447e-03 -9.193831803897244e-04 -1.007691106023422e+00
20 21 -1.000283041771532e+00 -1.895916986346714e-03 -9.195737772071034e-04 -1.007692304819126e+00
20 22 -1.000282899224480e+00 -1.895643661924772e-03 -9.197221196666967e-04 -1.007693357998114e+00
20 23 -1.000282777714734e+00 -1.895434143137523e-03 -9.198213441119590e-04 -1.007694224293614e+00
20 24 -1.000282682001747e+00 -1.895296827631149e-03 -9.198662860219892e-04 -1.007694869624060e+00
20 25 -1.000282615797174e+00 -1.895237315248719e-03 -9.198538897470574e-04 -1.007695268527711e+00
20 26 -1.000282581616445e+00 -1.895258141928032e-03 -9.197835334331727e-04 -1.007695405247311e+00
20 27 -1.000282580685620e+00 -1.895358642727417e-03 -9.196572237401531e-04 -1.007695274406121e+00
20 28 -1.000282612906956e+00 -1.895534955951840e-03 -9.194796257673618e-04 -1.007694881236119e+00
20 29 -1.000282676882981e+00 -1.895780172217225e-03 -9.192579099816757e-04 -1.007694241343949e+00
20 30 -1.000282769995062e+00 -1.896084622474920e-03 -9.190014185160422e-04 -1.007693380029238e+00
20 31 -1.000282888529232e+00 -1.896436289380317e-03 -9.187211746510335e-04 -1.007692331197473e+00
21 0 -1.000282845155095e+00 -1.896766655825510e-03 -9.184109023726494e-04 -1.007691450646098e+00
21 1 -1.000282999316981e+00 -1.897168546576767e-03 -9.181208695280192e-04 -1.007690159495343e+00
21 2 -1.000283163127411e+00 -1.897573321571555e-03 -9.178435349407602e-04 -1.007688817390723e+00
21 3 -1.000283330384560e+00 -1.897965302285392e-03 -9.175902182369922e-04 -1.007687475996551e+00
21 4 -1.000283494798812e+00 -1.898329429412295e-03 -9.173708303715276e-04 -1.007686186642727e+00
21 5 -1.000283650212785e+00 -1.898651839255008e-03 -9.171934711918435e-04 -1.007684998390151e+00
21 6 -1.000283790812848e+00 -1.898920375886368e-03 -9.170641714060327e-04 -1.007683956222543e+00
21 7 -1.000283911328011e+00 -1.899125022804760e-03 -9.169867795314109e-04 -1.007683099421560e+00
21 8 -1.000284007212392e+00 -1.899258242844264e-03 -9.169629803618708e-04 -1.007682460171695e+00
21 9 -1.000284074807325e+00 -1.899315219770831e-03 -9.169924206216013e-04 -1.007682062431791e+00
21 10 -1.000284111478664e+00 -1.899293999003983e-03 -9.170729101490653e-04 -1.007681921101605e+00
21 11 -1.000284115724259e+00 -1.899195528155443e-03 -9.172006639848667e-04 -1.007682041504088e+00
21 12 -1.000284087246277e+00 -1.899023600658313e-03 -9.173705529030087e-04 -1.007682419196208e+00
21 13 -1.000284026983257e+00 -1.898784707716436e-03 -9.175763368673384e-04 -1.007683040113279e+00
21 14 -1.000283937097531e+00 -1.898487805033298e-03 -9.178108660798757e-04 -1.007683881044349e+00
21 15 -1.000283820914982e+00 -1.898144001319988e-03 -9.180662460259266e-04 -1.007684910429344e+00
21 16 -1.000283682816050e+00 -1.897766175915612e-03 -9.183339748124751e-04 -1.007686089461073e+00
21 17 -1.000283528079507e+00 -1.897368533691958e-03 -9.186050714156168e-04 -1.007687373465597e+00
21 18 -1.000283362683466e+00 -1.896966107086588e-03 -9.188702198893123e-04 -1.007688713523262e+00
21 19 -1.000283193070967e+00 -1.896574217354220e-03 -9.191199552606821e-04 -1.007690058281487e+00
21 20 -1.000283025889844e+00 -1.896207909597188e-03 -9.193449114145046e-04 -1.007691355900446e+00
21 21 -1.000282867718414e+00 -1.895881378886994e-03 -9.195361407713844e-04 -1.007692556063554e+00
21 22 -1.000282724790017e+00 -1.895607407989809e-03 -9.196855014326323e-04 -1.007693611975441e+00
21 23 -1.000282602730202e+00 -1.895396840430245e-03 -9.197860914694301e-04 -1.007694482262236e+00
21 24 -1.000282506320206e+00 -1.895258114746005e-03 -9.198326949230815e-04 -1.007695132685320e+00
21 25 -1.000282439298962e+00 -1.895196885742199e-03 -9.198221933534277e-04 -1.007695537582802e+00
21 26 -1.000282404213502e+00 -1.895215756041296e-03 -9.197538931152738e-04 -1.007695680962880e+00
21 27 -1.000282402324604e+00 -1.895314136518799e-03 -9.196297226544670e-04 -1.007695557189151e+00
21 28 -1.000282433571095e+00 -1.895488247587671e-03 -9.194542651608880e-04 -1.007695171218788e+00
21 29 -1.000282496592541e+00 -1.895731264946663e-03 -9.192346085707749e-04 -1.007694538379839e+00
21 30 -1.000282588806332e+00 -1.896033603973959e-03 -9.189800153070537e-04 -1.007693683701554e+00
21 31 -1.000282706532186e+00 -1.896383327718008e-03 -9.187014351562302e-04 -1.007692640837938e+00
22 0 -1.000282656866826e+00 -1.896655215447006e-03 -9.186632288702744e-04 -1.007691848103161e+00
22 1 -1.000282810395930e+00 -1.897055558663610e-03 -9.183741083513449e-04 -1.007690561566989e+00
22 2 -1.000282973718809e+00 -1.897459080500449e-03 -9.180973607141524e-04 -1.007689223026468e+00
22 3 -1.000283140652462e+00 -1.897850149909804e-03 -9.178442827388162e-04 -1.007687884012351e+00
22 4 -1.000283304920101e+00 -1.898213742231193e-03 -9.176247761883091e-04 -1.007686595764892e+00
22 5 -1.000283460370675e+00 -1.898536014496988e-03 -9.174469455353917e-04 -1.007685407301894e+00
22 6 -1.000283601190043e+00 -1.898804816790987e-03 -9.173168395895561e-04 -1.007684363612277e+00
22 7 -1.000283722099698e+00 -1.899010123392378e-03 -9.172383378306112e-04 -1.007683504031982e+00
22 8 -1.000283818539380e+00 -1.899144372836564e-03 -9.172131678550012e-04 -1.007682860847520e+00
22 9 -1.000283886829688e+00 -1.899202710469673e-03 -9.172410293915004e-04 -1.007682458163671e+00
22 10 -1.000283924310130e+00 -1.899183130625832e-03 -9.173197932983823e-04 -1.007682311064788e+00
22 11 -1.000283929447501e+00 -1.899086518831791e-03 -9.174457411949595e-04 -1.007682425091174e+00
22 12 -1.000283901909337e+00 -1.898916597454029e-03 -9.176138134464422e-04 -1.007682796042880e+00
22 13 -1.000283842597345e+00 -1.898679780286459e-03 -9.178178399847087e-04 -1.007683410115072e+00
22 14 -1.000283753636378e+00 -1.898384942436178e-03 -9.180507386403363e-04 -1.007684244362951e+00
22 15 -1.000283638315775e+00 -1.898043112122900e-03 -9.183046775159159e-04 -1.007685267488070e+00
22 16 -1.000283500981904e+00 -1.897667091527870e-03 -9.185712098540864e-04 -1.007686440929689e+00
22 17 -1.000283346883436e+00 -1.897271014903104e-03 -9.188414001419227e-04 -1.007687720234562e+00
22 18 -1.000283181973706e+00 -1.896869853651117e-03 -9.191059666408091e-04 -1.007689056668029e+00
22 19 -1.000283012677295e+00 -1.896478880055354e-03 -9.193554661798831e-04 -1.007690399019011e+00
22 20 -1.000282845630451e+00 -1.896113103996315e-03 -9.195805414615717e-04 -1.007691695540772e+00
22 21 -1.000282687407032e+00 -1.895786700206146e-03 -9.197722404823731e-04 -1.007692895958505e+00
22 22 -1.000282544243142e+00 -1.895512446860203e-03 -9.199224036682432e-04 -1.007693953465496e+00
22 23 -1.000282421774203e+00 -1.895301199057386e-03 -9.200240986136131e-04 -1.007694826623189e+00
22 24 -1.000282324797981e+00 -1.895161422610900e-03 -9.200720672216736e-04 -1.007695481077652e+00
22 25 -1.000282257075775e+00 -1.895098813922933e-03 -9.200631389735920e-04 -1.007695891006681e+00
22 26 -1.000282221181844e+00 -1.895116029666530e-03 -9.199965601581796e-04 -1.007696040220350e+00
22 27 -1.000282218408010e+00 -1.895212545138484e-03 -9.198741932311586e-04 -1.007695922854150e+00
22 28 -1.000282248726823e+00 -1.895384653050169e-03 -9.197005518779490e-04 -1.007695543616244e+00
22 29 -1.000282310812921e+00 -1.895625606205136e-03 -9.194826539144747e-04 -1.007694917575436e+00
22 30 -1.000282402118750e+00 -1.895925898622753e-03 -9.192296940656486e-04 -1.007694069502452e+00
22 31 -1.000282518997857e+00 -1.896273670645950e-03 -9.189525594703506e-04 -1.007693032802882e+00
23 0 -1.000282470132130e+00 -1.896491167417139e-03 -9.191760035359256e-04 -1.007692313887619e+00
23 1 -1.000282622960901e+00 -1.896889867747769e-03 -9.188876667386652e-04 -1.007691032418178e+00
23 2 -1.000282785701721e+00 -1.897291965190785e-03 -9.186114561208782e-04 -1.007689698114984e+00
23 3 -1.000282952194068e+00 -1.897681882653010e-03 -9.183586481414706e-04 -1.007688362348975e+00
23 4 -1.000283116178564e+00 -1.898044639454837e-03 -9.181391345072232e-04 -1.007687076236614e+00
23 5 -1.000283271515748e+00 -1.898366425019891e-03 -9.179610201224710e-04 -1.007685888712548e+00
23 6 -1.000283412396734e+00 -1.898635108980455e-03 -9.178303646286760e-04 -1.007684844726381e+00
23 7 -1.000283533541656e+00 -1.898840671505156e-03 -9.177510683686449e-04 -1.007683983620228e+00
23 8 -1.000283630382210e+00 -1.898975542983761e-03 -9.177248891231466e-04 -1.007683337732626e+00
23 9 -1.000283699224378e+00 -1.899034846606065e-03 -9.177515650432811e-04 -1.007682931265438e+00
23 10 -1.000283737386857e+00 -1.899016541022255e-03 -9.178290122249411e-04 -1.007682779442839e+00
23 11 -1.000283743310197e+00 -1.898921463637343e-03 -9.179535626485406e-04 -1.007682887983273e+00
23 12 -1.000283716631296e+00 -1.898753278002399e-03 -9.181202102764027e-04 -1.007683252896770e+00
23 13 -1.000283658218053e+00 -1.898518330668352e-03 -9.183228398491124e-04 -1.007683860612371e+00
23 14 -1.000283570159705e+00 -1.898225423713812e-03 -9.185544230919940e-04 -1.007684688434012e+00
23 15 -1.000283455709688e+00 -1.897885509536079e-03 -9.188071789108543e-04 -1.007685705316607e+00
23 16 -1.000283319179851e+00 -1.897511314985887e-03 -9.190727061647223e-04 -1.007686872946127e+00
23 17 -1.000283165787311e+00 -1.897116902772108e-03 -9.193421079697872e-04 -1.007688147098299e+00
23 18 -1.000283001458109e+00 -1.896717179458225e-03 -9.196061328673174e-04 -1.007689479240202e+00
23 19 -1.000282832594746e+00 -1.896327361584680e-03 -9.198553586365410e-04 -1.007690818327772e+00
23 20 -1.000282665817323e+00 -1.895962414417043e-03 -9.200804388342686e-04 -1.007692112740413e+00
23 21 -1.000282507690074e+00 -1.895636481003636e-03 -9.202724216331675e-04 -1.007693312283420e+00
23 22 -1.000282364446336e+00 -1.895362322155247e-03 -9.204231367449355e-04 -1.007694370180622e+00
23 23 -1.000282241725605e+00 -1.895150790580440e-03 -9.205256305109614e-04 -1.007695244973539e+00
23 24 -1.000282144336216e+00 -1.895010364525584e-03 -9.205746139285644e-04 -1.007695902239526e+00
23 25 -1.000282076055992e+00 -1.894946766896063e-03 -9.205668771544388e-04 -1.007696316042433e+00
23 26 -1.000282039480980e+00 -1.894962693739091e-03 -9.205016202311190e-04 -1.007696470038154e+00
23 27 -1.000282035929188e+00 -1.895057670903829e-03 -9.203806542817093e-04 -1.007696358174440e+00
23 28 -1.000282065402686e+00 -1.895228050623166e-03 -9.202084387540712e-04 -1.007695984946404e+00
23 29 -1.000282126607819e+00 -1.895467151695932e-03 -9.199919366134013e-04 -1.007695365193413e+00
23 30 -1.000282217029834e+00 -1.895765538149948e-03 -9.197402892144632e-04 -1.007694523448905e+00
23 31 -1.000282333055126e+00 -1.896111422009280e-03 -9.194643336256026e-04 -1.007693492881264e+00
24 0 -1.000282292090209e+00 -1.896280666853014e-03 -9.199291704627448e-04 -1.007692830935039e+00
24 1 -1.000282444176962e+00 -1.896677689399928e-03 -9.196414651435431e-04 -1.007691554797779e+00
24 2 -1.000282606262493e+00 -1.897078243077161e-03 -9.193657277720460e-04 -1.007690225250758e+00
24 3 -1.000282772211545e+00 -1.897466809239806e-03 -9.191132174634016e-04 -1.007688893484891e+00
24 4 -1.000282935786072e+00 -1.897828458933365e-03 -9.188938150265869e-04 -1.007687610463301e+00
24 5 -1.000283090863094e+00 -1.898149424512038e-03 -9.187156213708258e-04 -1.007686425000186e+00
24 6 -1.000283231644659e+00 -1.898417608114370e-03 -9.185846991995478e-04 -1.007685381962101e+00
24 7 -1.000283352855833e+00 -1.898623010834115e-03 -9.185049587367802e-04 -1.007684520648435e+00
24 8 -1.000283449926899e+00 -1.898758071426415e-03 -9.184781740241629e-04 -1.007683873397694e+00
24 9 -1.000283519155865e+00 -1.898817908006396e-03 -9.185041053992703e-04 -1.007683464456424e+00
24 10 -1.000283557846984e+00 -1.898800460315123e-03 -9.185806965326344e-04 -1.007683309138434e+00
24 11 -1.000283564420404e+00 -1.898706533508201e-03 -9.187043115458103e-04 -1.007683413294034e+00
24 12 -1.000283538487516e+00 -1.898539746860349e-03 -9.188699799422206e-04 -1.007683773102087e+00
24 13 -1.000283480886659e+00 -1.898306392399317e-03 -9.190716240091826e-04 -1.007684375190814e+00
24 14 -1.000283393674665e+00 -1.898015209564269e-03 -9.193022535322848e-04 -1.007685197085928e+00
24 15 -1.000283280071179e+00 -1.897677082621303e-03 -9.195541244704424e-04 -1.007686207977241e+00
24 16 -1.000283144354471e+00 -1.897304667857049e-03 -9.198188702533241e-04 -1.007687369787943e+00
24 17 -1.000282991709801e+00 -1.896911958058846e-03 -9.200876247397543e-04 -1.007688638522811e+00
24 18 -1.000282828034291e+00 -1.896513793261973e-03 -9.203511621810740e-04 -1.007689965860853e+00
24 19 -1.000282659705468e+00 -1.896125329372419e-03 -9.206000799300881e-04 -1.007691300944934e+00
24 20 -1.000282493323351e+00 -1.895761479357549e-03 -9.208250440339080e-04 -1.007692592308854e+00
24 21 -1.000282335437789e+00 -1.895436344537662e-03 -9.210171074572886e-04 -1.007693789873066e+00
24 22 -1.000282192273895e+00 -1.895162656199262e-03 -9.211680968180013e-04 -1.007694846932879e+00
24 23 -1.000282069469209e+00 -1.894951250617884e-03 -9.212710476144589e-04 -1.007695722055859e+00
24 24 -1.000281971836240e+00 -1.894810603037972e-03 -9.213206526051611e-04 -1.007696380800080e+00
24 25 -1.000281903162861e+00 -1.894746446718919e-03 -9.213136769931409e-04 -1.007696797166181e+00
24 26 -1.000281866060603e+00 -1.894761500782287e-03 -9.212492903487592e-04 -1.007696954706096e+00
24 27 -1.000281861867705e+00 -1.894855325592435e-03 -9.211292694120226e-04 -1.007696847228150e+00
24 28 -1.000281890610361e+00 -1.895024317699918e-03 -9.209580369348932e-04 -1.007696479058979e+00
24 29 -1.000281951022088e+00 -1.895261848392526e-03 -9.207425181699965e-04 -1.007695864846715e+00
24 30 -1.000282040617528e+00 -1.895558540711186e-03 -9.204918168986544e-04 -1.007695028916927e+00
24 31 -1.000282155813777e+00 -1.895902670239468e-03 -9.202167341099976e-04 -1.007694004220433e+00
25 0 -1.000282129594265e+00 -1.896031641001068e-03 -9.208936948697553e-04 -1.007693380057429e+00
25 1 -1.000282280924930e+00 -1.896427013149474e-03 -9.206064496557153e-04 -1.007692109319392e+00
25 2 -1.000282442306122e+00 -1.896825960561826e-03 -9.203311092455379e-04 -1.007690784871910e+00
25 3 -1.000282607629668e+00 -1.897213025329600e-03 -9.200789188300864e-04 -1.007689457712581e+00
25 4 -1.000282770681978e+00 -1.897573335973789e-03 -9.198597478519195e-04 -1.007688178627564e+00
25 5 -1.000282925360907e+00 -1.897893176834576e-03 -9.196816888656573e-04 -1.007686996277294e+00
25 6 -1.000283065884832e+00 -1.898160494584251e-03 -9.195507994419033e-04 -1.007685955403634e+00
25 7 -1.000283186989906e+00 -1.898365325662135e-03 -9.194709879025157e-04 -1.007685095215428e+00
25 8 -1.000283284111648e+00 -1.898500133298068e-03 -9.194440297033219e-04 -1.007684447999454e+00
25 9 -1.000283353547007e+00 -1.898560047672556e-03 -9.194696901847451e-04 -1.007684037993257e+00
25 10 -1.000283392592739e+00 -1.898543007174239e-03 -9.195459218558795e-04 -1.007683880546419e+00
25 11 -1.000283399655253e+00 -1.898449802007576e-03 -9.196691014573067e-04 -1.007683981589202e+00
25 12 -1.000283374326528e+00 -1.898284023506215e-03 -9.198342744732212e-04 -1.007684337421495e+00
25 13 -1.000283317420681e+00 -1.898051923970733e-03 -9.200353818914112e-04 -1.007684934828507e+00
25 14 -1.000283230966637e+00 -1.897762193031322e-03 -9.202654542011978e-04 -1.007685751522059e+00
25 15 -1.000283118153741e+00 -1.897425657236578e-03 -9.205167693246960e-04 -1.007686756898892e+00
25 16 -1.000282983228929e+00 -1.897054909753221e-03 -9.207809831029297e-04 -1.007687913100870e+00
25 17 -1.000282831346386e+00 -1.896663877488518e-03 -9.210492513025664e-04 -1.007689176354069e+00
25 18 -1.000282668373651e+00 -1.896267334533929e-03 -9.213123684662930e-04 -1.007690498552483e+00
25 19 -1.000282500661335e+00 -1.895880373539887e-03 -9.215609494750665e-04 -1.007691829038840e+00
25 20 -1.000282334786272e+00 -1.895517849584592e-03 -9.217856742048235e-04 -1.007693116523302e+00
25 21 -1.000282177279701e+00 -1.895193813785526e-03 -9.219776051730185e-04 -1.007694311072176e+00
25 22 -1.000282034353271e+00 -1.894920956688143e-03 -9.221285739620320e-04 -1.007695366091060e+00
25 23 -1.000281911636539e+00 -1.894710084574602e-03 -9.222316162309674e-04 -1.007696240218992e+00
25 24 -1.000281813939642e+00 -1.894569654336608e-03 -9.222814200302122e-04 -1.007696899044933e+00
25 25 -1.000281745053652e+00 -1.894505392945082e-03 -9.222747413226014e-04 -1.007697316559652e+00
25 26 -1.000281707598617e+00 -1.894520025144042e-03 -9.222107367044579e-04 -1.007697476266099e+00
25 27 -1.000281702926184e+00 -1.894613128237472e-03 -9.220911671335609e-04 -1.007697371887513e+00
25 28 -1.000281731080362e+00 -1.894781126296402e-03 -9.219204374417756e-04 -1.007697007632825e+00
25 29 -1.000281790816361e+00 -1.895017427903497e-03 -9.217054532822442e-04 -1.007696398003527e+00
25 30 -1.000281879673756e+00 -1.895312702032211e-03 -9.214552978006581e-04 -1.007695567154209e+00
25 31 -1.000281994096998e+00 -1.895655277162113e-03 -9.211807513237599e-04 -1.007694547846425e+00
26 0 -1.000281988946382e+00 -1.895753509189267e-03 -9.220326931862801e-04 -1.007693940577051e+00
26 1 -1.000282139535324e+00 -1.896147320418764e-03 -9.217457220066814e-04 -1.007692675101718e+00
26 2 -1.000282300189399e+00 -1.896544659069640e-03 -9.214706908204314e-04 -1.007691355906457e+00
26 3 -1.000282464828356e+00 -1.896930127956095e-03 -9.212188348238408e-04 -1.007690033789524e+00
26 4 -1.000282627265316e+00 -1.897288916703910e-03 -9.210000120626204e-04 -1.007688759342910e+00
26 5 -1.000282781422585e+00 -1.897607368899768e-03 -9.208223024872298e-04 -1.007687581045224e+00
26 6 -1.000282921539699e+00 -1.897873486277828e-03 -9.206917501277814e-04 -1.007686543476185e+00
26 7 -1.000283042369660e+00 -1.898077353761797e-03 -9.206122493094001e-04 -1.007685685709531e+00
26 8 -1.000283139359672e+00 -1.898211474171059e-03 -9.205855618041299e-04 -1.007685039930710e+00
26 9 -1.000283208812570e+00 -1.898271006376954e-03 -9.206114405229099e-04 -1.007684630315065e+00
26 10 -1.000283248024823e+00 -1.898253905070652e-03 -9.206878276660366e-04 -1.007684472192647e+00
26 11 -1.000283255396297e+00 -1.898160963506399e-03 -9.208110924060116e-04 -1.007684571518395e+00
26 12 -1.000283230506443e+00 -1.897995762640863e-03 -9.209762757902933e-04 -1.007684924660290e+00
26 13 -1.000283174151511e+00 -1.897764531504822e-03 -9.211773177746065e-04 -1.007685518511763e+00
26 14 -1.000283088338139e+00 -1.897475924713098e-03 -9.214072514096641e-04 -1.007686330927633e+00
26 15 -1.000282976229995e+00 -1.897140723635978e-03 -9.216583607738325e-04 -1.007687331475916e+00
26 16 -1.000282842046013e+00 -1.896771468008044e-03 -9.219223111465682e-04 -1.007688482490878e+00
26 17 -1.000282690911207e+00 -1.896382025312161e-03 -9.221902703807274e-04 -1.007689740404155e+00
26 18 -1.000282528664011e+00 -1.895987106843841e-03 -9.224530469264456e-04 -1.007691057319574e+00
26 19 -1.000282361627243e+00 -1.895601741878641e-03 -9.227012705299050e-04 -1.007692382784772e+00
26 20 -1.000282196352326e+00 -1.895240724195352e-03 -9.229256360653094e-04 -1.007693665701523e+00
26 21 -1.000282039348326e+00 -1.894918048009097e-03 -9.231172204092667e-04 -1.007694856307425e+00
26 22 -1.000281896808667e+00 -1.894646353347458e-03 -9.232678681928610e-04 -1.007695908153229e+00
26 23 -1.000281774349181e+00 -1.894436404036899e-03 -9.233706263526121e-04 -1.007696779992281e+00
26 24 -1.000281676771163e+00 -1.894296623865398e-03 -9.234201922618689e-04 -1.007697437493744e+00
26 25 -1.000281607861853e+00 -1.894232716889076e-03 -9.234133292595632e-04 -1.007697854692903e+00
26 26 -1.000281570242454e+00 -1.894247395614382e-03 -9.233491993771212e-04 -1.007698015101145e+00
26 27 -1.000281565270689e+00 -1.894340236102289e-03 -9.232295669646988e-04 -1.007697912414134e+00
26 28 -1.000281593001453e+00 -1.894507672325045e-03 -9.230588380933374e-04 -1.007697550777737e+00
26 29 -1.000281652205391e+00 -1.894743133688297e-03 -9.228439175694229e-04 -1.007696944596590e+00
26 30 -1.000281740441576e+00 -1.895037320162038e-03 -9.225938858900663e-04 -1.007696117897973e+00
26 31 -1.000281854177346e+00 -1.895378600220841e-03 -9.223195192501071e-04 -1.007695103290291e+00
27 0 -1.000281875646318e+00 -1.895456843304470e-03 -9.233028233920712e-04 -1.007694491057711e+00
27 1 -1.000282025536144e+00 -1.895849242737978e-03 -9.230159300360290e-04 -1.007693230507355e+00
27 2 -1.000282185467828e+00 -1.896245031136108e-03 -9.227411100593374e-04 -1.007691916517785e+00
27 3 -1.000282349388883e+00 -1.896628869805162e-03 -9.224895929361954e-04 -1.007690599689073e+00
27 4 -1.000282511140450e+00 -1.896986010958892e-03 -9.222712254705958e-04 -1.007689330408606e+00
27 5 -1.000282664672006e+00 -1.897302862529012e-03 -9.220940709068448e-04 -1.007688156951812e+00
27 6 -1.000282804248230e+00 -1.897567489690044e-03 -9.219641516449496e-04 -1.007687123705219e+00
27 7 -1.000282924644085e+00 -1.897770037068169e-03 -9.218853364315211e-04 -1.007686269568210e+00
27 8 -1.000283021324487e+00 -1.897903060698408e-03 -9.218593587749963e-04 -1.007685626578971e+00
27 9 -1.000283090604879e+00 -1.897961763745623e-03 -9.218859420561214e-04 -1.007685218799596e+00
27 10 -1.000283129788637e+00 -1.897944134283687e-03 -9.219629991320213e-04 -1.007685061486051e+00
27 11 -1.000283137276545e+00 -1.897850986574647e-03 -9.220868714057796e-04 -1.007685160561580e+00
27 12 -1.000283112643004e+00 -1.897685909336108e-03 -9.222525750231259e-04 -1.007685512406030e+00
27 13 -1.000283056673559e+00 -1.897455125865195e-03 -9.224540291199644e-04 -1.007686103967338e+00
27 14 -1.000282971359031e+00 -1.897167271900583e-03 -9.226842510462737e-04 -1.007686913194667e+00
27 15 -1.000282859842889e+00 -1.896833097710125e-03 -9.229355149358673e-04 -1.007687909785832e+00
27 16 -1.000282726320371e+00 -1.896465101170025e-03 -9.231994819988464e-04 -1.007689056234513e+00
27 17 -1.000282575890352e+00 -1.896077099133056e-03 -9.234673216537622e-04 -1.007690309154165e+00
27 18 -1.000282414363841e+00 -1.895683745843750e-03 -9.237298491970540e-04 -1.007691620844658e+00
27 19 -1.000282248036069e+00 -1.895300009603802e-03 -9.239777060417695e-04 -1.007692941055490e+00
27 20 -1.000282083431750e+00 -1.894940621768074e-03 -9.242016027980352e-04 -1.007694218888163e+00
27 21 -1.000281927035048e+00 -1.894619515042174e-03 -9.243926351133178e-04 -1.007695404770615e+00
27 22 -1.000281785017123e+00 -1.894349271045570e-03 -9.245426684597664e-04 -1.007696452428047e+00
27 23 -1.000281662974883e+00 -1.894140600209958e-03 -9.246447720961034e-04 -1.007697320766804e+00
27 24 -1.000281565694566e+00 -1.894001879537774e-03 -9.246936668314192e-04 -1.007697975583169e+00
27 25 -1.000281496952606e+00 -1.893938774278654e-03 -9.246861399763400e-04 -1.007698391010181e+00
27 26 -1.000281459363958e+00 -1.893953967375571e-03 -9.246213771510352e-04 -1.007698550624634e+00
27 27 -1.000281454284928e+00 -1.894047015694342e-03 -9.245011650006862e-04 -1.007698448152639e+00
27 28 -1.000281481773994e+00 -1.894214345168640e-03 -9.243299300562515e-04 -1.007698087733863e+00
27 29 -1.000281540610345e+00 -1.894449388610699e-03 -9.241145954829617e-04 -1.007697483729964e+00
27 30 -1.000281628366291e+00 -1.894742860667078e-03 -9.238642576549041e-04 -1.007696660089965e+00
27 31 -1.000281741526658e+00 -1.895083155276185e-03 -9.235897054974187e-04 -1.007695649311399e+00
28 0 -1.000281794165393e+00 -1.895152978631848e-03 -9.246558861676787e-04 -1.007695010114374e+00
28 1 -1.000281943425710e+00 -1.895544170218564e-03 -9.243688693369663e-04 -1.007693753960331e+00
28 2 -1.000282102667523e+00 -1.895938526700332e-03 -9.240941536597185e-04 -1.007692444929207e+00
28 3 -1.000282265864928e+00 -1.896320763554148e-03 -9.238429671669468e-04 -1.007691133431172e+00
28 4 -1.000282426887355e+00 -1.896676194752297e-03 -9.236251457033294e-04 -1.007689869646178e+00
28 5 -1.000282579713102e+00 -1.896991295116516e-03 -9.234487322282060e-04 -1.007688701633172e+00
28 6 -1.000282718634979e+00 -1.897254199037784e-03 -9.233197203667681e-04 -1.007687673562350e+00
28 7 -1.000282838454143e+00 -1.897455119690846e-03 -9.232419428409591e-04 -1.007686824126397e+00
28 8 -1.000282934658565e+00 -1.897586677969919e-03 -9.232170913840589e-04 -1.007686185175801e+00
28 9 -1.000283003582551e+00 -1.897644135359863e-03 -9.232448436476819e-04 -1.007685780612362e+00
28 10 -1.000283042543364e+00 -1.897625529232794e-03 -9.233230649111719e-04 -1.007685625565879e+00
28 11 -1.000283049950209e+00 -1.897531712113073e-03 -9.234480494121174e-04 -1.007685725872341e+00
28 12 -1.000283025380171e+00 -1.897366298399247e-03 -9.236147687507900e-04 -1.007686077866413e+00
28 13 -1.000282969615671e+00 -1.897135523426812e-03 -9.238171021527491e-04 -1.007686668494634e+00
28 14 -1.000282884638743e+00 -1.896848020872279e-03 -9.240480333983898e-04 -1.007687475748456e+00
28 15 -1.000282773578851e+00 -1.896514525130374e-03 -9.242998106406206e-04 -1.007688469409287e+00
28 16 -1.000282640612747e+00 -1.896147505434586e-03 -9.245640774158256e-04 -1.007689612091083e+00
28 17 -1.000282490817240e+00 -1.895760738835519e-03 -9.248319940696443e-04 -1.007690860558099e+00
28 18 -1.000282329978663e+00 -1.895368830552257e-03 -9.250943754441867e-04 -1.007692167284596e+00
28 19 -1.000282164365947e+00 -1.894986692741521e-03 -9.253418708524201e-04 -1.007693482210855e+00
28 20 -1.000282000476859e+00 -1.894628995699078e-03 -9.255652065150530e-04 -1.007694754638305e+00
28 21 -1.000281844768929e+00 -1.894309608407757e-03 -9.257555004478468e-04 -1.007695935196865e+00
28 22 -1.000281703387872e+00 -1.894041048315979e-03 -9.259046462483601e-04 -1.007696977809076e+00
28 23 -1.000281581907142e+00 -1.893833963361686e-03 -9.260057461533843e-04 -1.007697841567691e+00
28 24 -1.000281485092228e+00 -1.893696671769129e-03 -9.260535578290231e-04 -1.007698492438533e+00
28 25 -1.000281416702193e+00 -1.893634785690935e-03 -9.260449080658316e-04 -1.007698904701690e+00
28 26 -1.000281379338628e+00 -1.893650942509689e-03 -9.259790231518276e-04 -1.007699062053323e+00
28 27 -1.000281374349018e+00 -1.893744662717424e-03 -9.258577303064680e-04 -1.007698958306680e+00
28 28 -1.000281401787952e+00 -1.893912346399175e-03 -9.256854955295821e-04 -1.007698597652724e+00
28 29 -1.000281460435875e+00 -1.894147411999312e-03 -9.254692793464151e-04 -1.007697994466258e+00
28 30 -1.000281547871500e+00 -1.894440571834164e-03 -9.252182121149183e-04 -1.007697172670525e+00
28 31 -1.000281660591033e+00 -1.894780229746205e-03 -9.249431119224249e-04 -1.007696164698987e+00
29 0 -1.000281747756534e+00 -1.894853587596061e-03 -9.260405849394669e-04 -1.007695477271603e+00
29 1 -1.000281896481684e+00 -1.895243823166819e-03 -9.257532438302624e-04 -1.007694224811875e+00
29 2 -1.000282055093200e+00 -1.895636922560174e-03 -9.254785181511559e-04 -1.007692920297016e+00
29 3 -1.000282217589542e+00 -1.896017649028483e-03 -9.252276386981773e-04 -1.007691613962943e+00
29 4 -1.000282377867551e+00 -1.896371374942013e-03 -9.250104311444437e-04 -1.007690355787797e+00
29 5 -1.000282529934848e+00 -1.896684641787489e-03 -9.248349156322136e-04 -1.007689193609574e+00
29 6 -1.000282668114248e+00 -1.896945656171570e-03 -9.247070511694845e-04 -1.007688171367609e+00
29 7 -1.000282787236295e+00 -1.897144706005889e-03 -9.246306253629906e-04 -1.007687327523688e+00
29 8 -1.000282882816451e+00 -1.897274486238306e-03 -9.246072760849620e-04 -1.007686693707383e+00
29 9 -1.000282951213476e+00 -1.897330328578318e-03 -9.246366206351462e-04 -1.007686293618911e+00
29 10 -1.000282989765087e+00 -1.897310333881386e-03 -9.247164601902455e-04 -1.007686142213936e+00
29 11 -1.000282996896157e+00 -1.897215408797785e-03 -9.248430241567285e-04 -1.007686245188556e+00
29 12 -1.000282972194035e+00 -1.897049210245268e-03 -9.250112215465885e-04 -1.007686598777266e+00
29 13 -1.000282916445611e+00 -1.896818002748876e-03 -9.252148739010697e-04 -1.007687189869997e+00
29 14 -1.000282831631471e+00 -1.896530434807038e-03 -9.254469145072000e-04 -1.007687996446932e+00
29 15 -1.000282720873889e+00 -1.896197240965247e-03 -9.256995501402457e-04 -1.007688988323074e+00
29 16 -1.000282588337120e+00 -1.895830876331271e-03 -9.259643935373196e-04 -1.007690128188254e+00
29 17 -1.000282439080828e+00 -1.895445090581572e-03 -9.262325856496720e-04 -1.007691372920475e+00
29 18 -1.000282278870363e+00 -1.895054449836448e-03 -9.264949335118342e-04 -1.007692675139937e+00
29 19 -1.000282113950707e+00 -1.894673817201941e-03 -9.267420899973905e-04 -1.007693984958892e+00
29 20 -1.000281950793574e+00 -1.894317805782354e-03 -9.269647958847529e-04 -1.007695251870701e+00
29 21 -1.000281795829169e+00 -1.894000221100770e-03 -9.271541941884250e-04 -1.007696426711152e+00
29 22 -1.000281655175506e+00 -1.893733513009004e-03 -9.273022129687044e-04 -1.007697463615945e+00
29 23 -1.000281534378896e+00 -1.893528260166596e-03 -9.274019969127954e-04 -1.007698321890835e+00
29 24 -1.000281438179210e+00 -1.893392712393639e-03 -9.274483523971405e-04 -1.007698967706794e+00
29 25 -1.000281370312320e+00 -1.893332416687877e-03 -9.274381595244369e-04 -1.007699375534045e+00
29 26 -1.000281333359879e+00 -1.893349950676101e-03 -9.273707009639460e-04 -1.007699529237318e+00
29 27 -1.000281328653442e+00 -1.893444782556635e-03 -9.272478617781528e-04 -1.007699422770647e+00
29 28 -1.000281356236334e+00 -1.893613269567678e-03 -9.270741654413469e-04 -1.007699060432235e+00
29 29 -1.000281414882873e+00 -1.893848798444869e-03 -9.268566276147954e-04 -1.007698456666004e+00
29 30 -1.000281502171056e+00 -1.894142062154867e-03 -9.266044295134509e-04 -1.007697635423340e+00
29 31 -1.000281614601880e+00 -1.894481458374014e-03 -9.263284339295408e-04 -1.007696629123398e+00
30 0 -1.000281738310601e+00 -1.894570231585519e-03 -9.274043907347433e-04 -1.007695873831786e+00
30 1 -1.000281886616415e+00 -1.894959802089757e-03 -9.271165309350976e-04 -1.007694624215219e+00
30 2 -1.000282044682408e+00 -1.895351870106626e-03 -9.268416755022381e-04 -1.007693323593162e+00
30 3 -1.000282206528167e+00 -1.895731238200997e-03 -9.265910624205255e-04 -1.007692022050323e+00
30 4 -1.000282366075925e+00 -1.896083331276964e-03 -9.263745088565166e-04 -1.007690769377163e+00
30 5 -1.000282517361944e+00 -1.896394754555799e-03 -9.262000108333841e-04 -1.007689613195152e+00
30 6 -1.000282654739723e+00 -1.896653787041132e-03 -9.260734882703372e-04 -1.007688597207300e+00
30 7 -1.000282773071240e+00 -1.896850794691391e-03 -9.259986761144535e-04 -1.007687759629306e+00
30 8 -1.000282867902866e+00 -1.896978552898281e-03 -9.259771481687478e-04 -1.007687131845015e+00
30 9 -1.000282935622556e+00 -1.897032472908261e-03 -9.260084490285895e-04 -1.007686737319063e+00
30 10 -1.000282973594326e+00 -1.897010730885231e-03 -9.260903017706159e-04 -1.007686590791264e+00
30 11 -1.000282980265331e+00 -1.896914301322412e-03 -9.262188558277058e-04 -1.007686697770686e+00
30 12 -1.000282955240270e+00 -1.896746898682813e-03 -9.263889418724557e-04 -1.007687054341144e+00
30 13 -1.000282899317855e+00 -1.896514832602132e-03 -9.265943079691076e-04 -1.007687647283382e+00
30 14 -1.000282814484646e+00 -1.896226782794740e-03 -9.268278216880702e-04 -1.007688454512976e+00
30 15 -1.000282703862900e+00 -1.895893500177477e-03 -9.270816344355288e-04 -1.007689445826553e+00
30 16 -1.000282571610918e+00 -1.895527440991499e-03 -9.273473160020197e-04 -1.007690583941822e+00
30 17 -1.000282422776848e+00 -1.895142341177639e-03 -9.276159780528488e-04 -1.007691825808600e+00
30 18 -1.000282263109614e+00 -1.894752739319096e-03 -9.278784124033987e-04 -1.007693124158535e+00
30 19 -1.000282098833582e+00 -1.894373458520890e-03 -9.281252707883390e-04 -1.007694429250144e+00
30 20 -1.000281936396310e+00 -1.894019060731553e-03 -9.283473068825091e-04 -1.007695690753445e+00
30 21 -1.000281782201010e+00 -1.893703290670206e-03 -9.285356902881251e-04 -1.007696859706312e+00
30 22 -1.000281642336772e+00 -1.893438529853386e-03 -9.286823882232265e-04 -1.007697890465164e+00
30 23 -1.000281522320172e+00 -1.893235283772285e-03 -9.287805952230636e-04 -1.007698742566612e+00
30 24 -1.000281426861657e+00 -1.893101727035156e-03 -9.288251761521380e-04 -1.007699382413945e+00
30 25 -1.000281359669021e+00 -1.893043331921997e-03 -9.288130764451940e-04 -1.007699784703198e+00
30 26 -1.000281323298152e+00 -1.893062604266132e-03 -9.287436491654599e-04 -1.007699933510670e+00
30 27 -1.000281319058143e+00 -1.893158945966751e-03 -9.286188525952917e-04 -1.007699822979642e+00
30 28 -1.000281346974079e+00 -1.893328656039795e-03 -9.284432835862655e-04 -1.007699457567485e+00
30 29 -1.000281405806977e+00 -1.893565073315788e-03 -9.282240287030491e-04 -1.007698851840879e+00
30 30 -1.000281493126983e+00 -1.893858854975234e-03 -9.279703352320497e-04 -1.007698029832735e+00
30 31 -1.000281605433092e+00 -1.894198376589375e-03 -9.276931248504877e-04 -1.007697023998537e+00
31 0 -1.000281766267390e+00 -1.894313908234836e-03 -9.286954559572021e-04 -1.007696183706865e+00
31 1 -1.000281914286996e+00 -1.894703133228284e-03 -9.284068957535275e-04 -1.007694935963845e+00
31 2 -1.000282071914431e+00 -1.895094438409433e-03 -9.281317885251353e-04 -1.007693638451924e+00
31 3 -1.000282233186264e+00 -1.895472655375152e-03 -9.278813842381580e-04 -1.007692341134282e+00
31 4 -1.000282392047064e+00 -1.895823253536827e-03 -9.276654939712648e-04 -1.007691093635477e+00
31 5 -1.000282542559888e+00 -1.896132896429260e-03 -9.274920893544820e-04 -1.007689943373485e+00
31 6 -1.000282679108377e+00 -1.896389932807934e-03 -9.273670482078573e-04 -1.007688933818884e+00
31 7 -1.000282796586798e+00 -1.896584806965378e-03 -9.272940472837293e-04 -1.007688102935572e+00
31 8 -1.000282890574740e+00 -1.896710378078169e-03 -9.272745885969678e-04 -1.007687481845998e+00
31 9 -1.000282957493001e+00 -1.896762143207519e-03 -9.273081345149772e-04 -1.007687093754133e+00
31 10 -1.000282994736670e+00 -1.896738362649686e-03 -9.273923190529040e-04 -1.007686953150914e+00
31 11 -1.000283000780855e+00 -1.896640089679368e-03 -9.275231996105902e-04 -1.007687065319018e+00
31 12 -1.000282975254007e+00 -1.896471109056608e-03 -9.276955157361316e-04 -1.007687426147004e+00
31 13 -1.000282918973602e+00 -1.896237789794181e-03 -9.279029289897265e-04 -1.007688022257731e+00
31 14 -1.000282833939398e+00 -1.895948858106500e-03 -9.281382285080794e-04 -1.007688831451016e+00
31 15 -1.000282723280803e+00 -1.895615096923103e-03 -9.283934983890161e-04 -1.007689823453703e+00
31 16 -1.000282591156989e+00 -1.895248978969371e-03 -9.286602546578435e-04 -1.007690960961851e+00
31 17 -1.000282442610800e+00 -1.894864240894548e-03 -9.289295703776322e-04 -1.007692200951464e+00
31 18 -1.000282283380040e+00 -1.894475406588335e-03 -9.291922148654603e-04 -1.007693496226145e+00
31 19 -1.000282119672561e+00 -1.894097269698294e-03 -9.294388339653127e-04 -1.007694797159558e+00
31 20 -1.000281957914495e+00 -1.893744348828450e-03 -9.296601921511548e-04 -1.007696053576976e+00
31 21 -1.000281804483391e+00 -1.893430332903208e-03 -9.298474859485395e-04 -1.007697216706853e+00
31 22 -1.000281665439404e+00 -1.893167537333590e-03 -9.299927243261132e-04 -1.007698241124455e+00
31 23 -1.000281546268050e+00 -1.892966393738069e-03 -9.300891566463279e-04 -1.007699086605173e+00
31 24 -1.000281451647736e+00 -1.892834997679036e-03 -9.301317137996652e-04 -1.007699719802569e+00
31 25 -1.000281385254341e+00 -1.892778739870883e-03 -9.301174164113627e-04 -1.007700115665831e+00
31 26 -1.000281349613137e+00 -1.892800044963590e-03 -9.300456994393362e-04 -1.007700258517907e+00
31 27 -1.000281346005097e+00 -1.892898237126902e-03 -9.299186068470098e-04 -1.007700142732476e+00
31 28 -1.000281374430778e+00 -1.893069544013766e-03 -9.297408219062007e-04 -1.007699772972056e+00
31 29 -1.000281433631180e+00 -1.893307242069181e-03 -9.295195154261831e-04 -1.007699163975456e+00
31 30 -1.000281521161743e+00 -1.893601937537998e-03 -9.292640138515450e-04 -1.007698339907551e+00
31 31 -1.000281633512772e+00 -1.893941968890798e-03 -9.289853097962867e-04 -1.007697333309014e+00
