7.491010439572438e-07
1.000000000000000e-12
1.000000000000000e-17
3.539405431658966e-01
1.942695944834782e-01
-3.088032820200172e-02
-1.500017464083440e+00
1.901109735892602e-07
32
32
-2.774644786533217e-03
1
0 0 -1.000281352204703e+00 -1.893487869930098e-03 -9.315003426225807e-04 -1.007698383943715e+00
0 1 -1.000281553856870e+00 -1.894020930762645e-03 -9.310981730548984e-04 -1.007696678000186e+00
0 2 -1.000281768399864e+00 -1.894555919433898e-03 -9.307167248205570e-04 -1.007694905726439e+00
0 3 -1.000281987770114e+00 -1.895072030601722e-03 -9.303719324210530e-04 -1.007693135409280e+00
0 4 -1.000282203811857e+00 -1.895549443422359e-03 -9.300773920981719e-04 -1.007691434621204e+00
0 5 -1.000282408547408e+00 -1.895970077502347e-03 -9.298437999585104e-04 -1.007689867703557e+00
0 6 -1.000282594433258e+00 -1.896318245859915e-03 -9.296786419787405e-04 -1.007688493452756e+00
0 7 -1.000282754600043e+00 -1.896581186319273e-03 -9.295861304375486e-04 -1.007687363074239e+00
0 8 -1.000282883074891e+00 -1.896749460966308e-03 -9.295673565409156e-04 -1.007686518452297e+00
0 9 -1.000282974983943e+00 -1.896817220967376e-03 -9.296206093831005e-04 -1.007685990768690e+00
0 10 -1.000283026731174e+00 -1.896782340459087e-03 -9.297417986721452e-04 -1.007685799490494e+00
0 11 -1.000283036147618e+00 -1.896646427500256e-03 -9.299249146715908e-04 -1.007685951739340e+00
0 12 -1.000283002603259e+00 -1.896414721961551e-03 -9.301624642342566e-04 -1.007686442049829e+00
0 13 -1.000282927072635e+00 -1.896095890241869e-03 -9.304458354299601e-04 -1.007687252522438e+00
0 14 -1.000282812145087e+00 -1.895701725641484e-03 -9.307655628310075e-04 -1.007688353373651e+00
0 15 -1.000282661971867e+00 -1.895246761660432e-03 -9.311114887390808e-04 -1.007689703881828e+00
0 16 -1.000282482145294e+00 -1.894747803943761e-03 -9.314728399833999e-04 -1.007691253720580e+00
0 17 -1.000282279509296e+00 -1.894223385887896e-03 -9.318382616548450e-04 -1.007692944661013e+00
0 18 -1.000282061905491e+00 -1.893693153936227e-03 -9.321958635817833e-04 -1.007694712609873e+00
0 19 -1.000281837863651e+00 -1.893177191622078e-03 -9.325333387307964e-04 -1.007696489933483e+00
0 20 -1.000281616249671e+00 -1.892695296054597e-03 -9.328382038092201e-04 -1.007698207999508e+00
0 21 -1.000281405887827e+00 -1.892266226247451e-03 -9.330981924365126e-04 -1.007699799850917e+00
0 22 -1.000281215176788e+00 -1.891906949145657e-03 -9.333018031513808e-04 -1.007701202909279e+00
0 23 -1.000281051720249e+00 -1.891631915889943e-03 -9.334389722403766e-04 -1.007702361588595e+00
0 24 -1.000280921992933e+00 -1.891452406491973e-03 -9.335018103461395e-04 -1.007703229689566e+00
0 25 -1.000280831061105e+00 -1.891375983898327e-03 -9.334853183242501e-04 -1.007703772441674e+00
0 26 -1.000280782373464e+00 -1.891406096980597e-03 -9.333879872297132e-04 -1.007703968069854e+00
0 27 -1.000280777633489e+00 -1.891541865760458e-03 -9.332121923676045e-04 -1.007703808784639e+00
0 28 -1.000280816758207e+00 -1.891778071363478e-03 -9.329643116591216e-04 -1.007703301128796e+00
0 29 -1.000280897921731e+00 -1.892105358626213e-03 -9.326545310517286e-04 -1.007702465657018e+00
0 30 -1.000281017675690e+00 -1.892510642677261e-03 -9.322963390284781e-04 -1.007701335973149e+00
0 31 -1.000281171133784e+00 -1.892977694779963e-03 -9.319057516857551e-04 -1.007699957194091e+00
1 0 -1.000281490349403e+00 -1.893254043516092e-03 -9.328759041929131e-04 -1.007698507030599e+00
1 1 -1.000281692018039e+00 -1.893787722845567e-03 -9.324718492146398e-04 -1.007696800616882e+00
1 2 -1.000281906222517e+00 -1.894322432626062e-03 -9.320895007930487e-04 -1.007695030665378e+00
1 3 -1.000282124912474e+00 -1.894837378340485e-03 -9.317448328068855e-04 -1.007693265365968e+00
1 4 -1.000282339958506e+00 -1.895312784993480e-03 -9.314514402904427e-04 -1.007691572088936e+00
1 5 -1.000282543421388e+00 -1.895730651171295e-03 -9.312199767552885e-04 -1.007690014877337e+00
1 6 -1.000282727806774e+00 -1.896075398894413e-03 -9.310578453298318e-04 -1.007688652145458e+00
1 7 -1.000282886303316e+00 -1.896334400515275e-03 -9.309691386874144e-04 -1.007687534648442e+00
1 8 -1.000283013002663e+00 -1.896498372394030e-03 -9.309547971579379e-04 -1.007686703770927e+00
1 9 -1.000283103099365e+00 -1.896561633193847e-03 -9.310129342982344e-04 -1.007686190166014e+00
1 10 -1.000283153067049e+00 -1.896522231045628e-03 -9.311392668390745e-04 -1.007686012763407e+00
1 11 -1.000283160805030e+00 -1.896381947754792e-03 -9.313275825445588e-04 -1.007686178158468e+00
1 12 -1.000283125747597e+00 -1.896146189976645e-03 -9.315701848731899e-04 -1.007686680389965e+00
1 13 -1.000283048927110e+00 -1.895823777568673e-03 -9.318582663009158e-04 -1.007687501111050e+00
1 14 -1.000282932982052e+00 -1.895426638430838e-03 -9.321821814199206e-04 -1.007688610154868e+00
1 15 -1.000282782102402e+00 -1.894969417285609e-03 -9.325316146424249e-04 -1.007689966492938e+00
1 16 -1.000282601907402e+00 -1.894469003926799e-03 -9.328956623549446e-04 -1.007691519578789e+00
1 17 -1.000282399255062e+00 -1.893943985837010e-03 -9.332628711391528e-04 -1.007693211058551e+00
1 18 -1.000282181987618e+00 -1.893414031472020e-03 -9.336212876156553e-04 -1.007694976814558e+00
1 19 -1.000281958621969e+00 -1.892899213624088e-03 -9.339585785901718e-04 -1.007696749290690e+00
1 20 -1.000281737998204e+00 -1.892419286545099e-03 -9.342622716484445e-04 -1.007698460031473e+00
1 21 -1.000281528902883e+00 -1.891992935898332e-03 -9.345201469894714e-04 -1.007700042350260e+00
1 22 -1.000281339686440e+00 -1.891637027183916e-03 -9.347207833123273e-04 -1.007701434024069e+00
1 23 -1.000281177895556e+00 -1.891365885266571e-03 -9.348542279426335e-04 -1.007702579895896e+00
1 24 -1.000281049941271e+00 -1.891190643313753e-03 -9.349127299644518e-04 -1.007703434254088e+00
1 25 -1.000280960821844e+00 -1.891118702072205e-03 -9.348914515547955e-04 -1.007703962856555e+00
1 26 -1.000280913916207e+00 -1.891153338861488e-03 -9.347890623780874e-04 -1.007704144477143e+00
1 27 -1.000280910859047e+00 -1.891293499425745e-03 -9.346081272966412e-04 -1.007703971873562e+00
1 28 -1.000280951502386e+00 -1.891533794842248e-03 -9.343552181158301e-04 -1.007703452110859e+00
1 29 -1.000281033961741e+00 -1.891864710921216e-03 -9.340407123456566e-04 -1.007702606218988e+00
1 30 -1.000281154738774e+00 -1.892273020993780e-03 -9.336782809102090e-04 -1.007701468210755e+00
1 31 -1.000281308907638e+00 -1.892742377295581e-03 -9.332841060874243e-04 -1.007700083529673e+00
2 0 -1.000281670078677e+00 -1.893092452875756e-03 -9.339693491597205e-04 -1.007698473757548e+00
2 1 -1.000281872054742e+00 -1.893627377156977e-03 -9.335632070880061e-04 -1.007696764800281e+00
2 2 -1.000282086200023e+00 -1.894162436861339e-03 -9.331797630652588e-04 -1.007694995150094e+00
2 3 -1.000282304466441e+00 -1.894676824493420e-03 -9.328350369617383e-04 -1.007693232977090e+00
2 4 -1.000282518740767e+00 -1.895150787698409e-03 -9.325426284555465e-04 -1.007691545522405e+00
2 5 -1.000282721113309e+00 -1.895566382380646e-03 -9.323131536532317e-04 -1.007689996596545e+00
2 6 -1.000282904131510e+00 -1.895908120060292e-03 -9.321539377297636e-04 -1.007688644288147e+00
2 7 -1.000283061036391e+00 -1.896163490796252e-03 -9.320689584512360e-04 -1.007687538947793e+00
2 8 -1.000283185980487e+00 -1.896323351916068e-03 -9.320590092548562e-04 -1.007686721493156e+00
2 9 -1.000283274225497e+00 -1.896382180861418e-03 -9.321220306268526e-04 -1.007686222065339e+00
2 10 -1.000283322316049e+00 -1.896338196394814e-03 -9.322535468958241e-04 -1.007686059055301e+00
2 11 -1.000283328223659e+00 -1.896193356176261e-03 -9.324471422897493e-04 -1.007686238512697e+00
2 12 -1.000283291453132e+00 -1.895953240923308e-03 -9.326949146040554e-04 -1.007686753944277e+00
2 13 -1.000283213102829e+00 -1.895626836065491e-03 -9.329878571047051e-04 -1.007687586504569e+00
2 14 -1.000283095870166e+00 -1.895226220663570e-03 -9.333161390229637e-04 -1.007688705579034e+00
2 15 -1.000282943994774e+00 -1.894766170947763e-03 -9.336692797414600e-04 -1.007690069758008e+00
2 16 -1.000282763134375e+00 -1.894263683813918e-03 -9.340362369702038e-04 -1.007691628194341e+00
2 17 -1.000282560172741e+00 -1.893737425396946e-03 -9.344054501827691e-04 -1.007693322325772e+00
2 18 -1.000282342964094e+00 -1.893207111453235e-03 -9.347648940234316e-04 -1.007695087926991e+00
2 19 -1.000282120023060e+00 -1.892692829093951e-03 -9.351022001063376e-04 -1.007696857439692e+00
2 20 -1.000281900173314e+00 -1.892214313358172e-03 -9.354048979510576e-04 -1.007698562512903e+00
2 21 -1.000281692171523e+00 -1.891790197622591e-03 -9.356608064261572e-04 -1.007700136668734e+00
2 22 -1.000281504325947e+00 -1.891437263681343e-03 -9.358585783914835e-04 -1.007701517990541e+00
2 23 -1.000281344130473e+00 -1.891169724210467e-03 -9.359883682963347e-04 -1.007702651714339e+00
2 24 -1.000281217934720e+00 -1.890998575697404e-03 -9.360425615026809e-04 -1.007703492593967e+00
2 25 -1.000281130669198e+00 -1.890931062542943e-03 -9.360164809327391e-04 -1.007704006908339e+00
2 26 -1.000281085641350e+00 -1.890970291792464e-03 -9.359089761088969e-04 -1.007704173987802e+00
2 27 -1.000281084413501e+00 -1.891115031709668e-03 -9.357228047210300e-04 -1.007703987158918e+00
2 28 -1.000281126767384e+00 -1.891359715980534e-03 -9.354647374414210e-04 -1.007703454043398e+00
2 29 -1.000281210753016e+00 -1.891694660236558e-03 -9.351453493250809e-04 -1.007702596192414e+00
2 30 -1.000281332813716e+00 -1.892106481356512e-03 -9.347785001019199e-04 -1.007701448084087e+00
2 31 -1.000281487974559e+00 -1.892578694835786e-03 -9.343805447716561e-04 -1.007700055553458e+00
3 0 -1.000281884305892e+00 -1.893009528096919e-03 -9.347378502898779e-04 -1.007698285211126e+00
3 1 -1.000282086869207e+00 -1.893546276879617e-03 -9.343294980830297e-04 -1.007696571731922e+00
3 2 -1.000282301237777e+00 -1.894082303556192e-03 -9.339448008759732e-04 -1.007694800345452e+00
3 3 -1.000282519354796e+00 -1.894596764357776e-03 -9.335998293716698e-04 -1.007693039279856e+00
3 4 -1.000282733112434e+00 -1.895069905439165e-03 -9.333081938715287e-04 -1.007691355725200e+00
3 5 -1.000282934620383e+00 -1.895483815876969e-03 -9.330804804813952e-04 -1.007689813334929e+00
3 6 -1.000283116458692e+00 -1.895823073342642e-03 -9.329239451527861e-04 -1.007688469942324e+00
3 7 -1.000283271912951e+00 -1.896075264074119e-03 -9.328424601689817e-04 -1.007687375555425e+00
3 8 -1.000283395190630e+00 -1.896231367815018e-03 -9.328366814651576e-04 -1.007686570675233e+00
3 9 -1.000283481616840e+00 -1.896286006166446e-03 -9.329043854651942e-04 -1.007686084966669e+00
3 10 -1.000283527805831e+00 -1.896237558446972e-03 -9.330409126619249e-04 -1.007685936301723e+00
3 11 -1.000283531802316e+00 -1.896088153082398e-03 -9.332396515827636e-04 -1.007686130187145e+00
3 12 -1.000283493184992e+00 -1.895843545144252e-03 -9.334925007297805e-04 -1.007686659582841e+00
3 13 -1.000283413123869e+00 -1.895512891425649e-03 -9.337902583194656e-04 -1.007687505112561e+00
3 14 -1.000283294382903e+00 -1.895108433015938e-03 -9.341229099880071e-04 -1.007688635666641e+00
3 15 -1.000283141260453e+00 -1.894645092771202e-03 -9.344798097986944e-04 -1.007690009394767e+00
3 16 -1.000282959462776e+00 -1.894139993266026e-03 -9.348497747099840e-04 -1.007691575080614e+00
3 17 -1.000282755910064e+00 -1.893611900736574e-03 -9.352211330503975e-04 -1.007693273878284e+00
3 18 -1.000282538479444e+00 -1.893080601883637e-03 -9.355817812075756e-04 -1.007695041375281e+00
3 19 -1.000282315694036e+00 -1.892566222898646e-03 -9.359193073339427e-04 -1.007696809930834e+00
3 20 -1.000282096371214e+00 -1.892088504152879e-03 -9.362212335386839e-04 -1.007698511221548e+00
3 21 -1.000281889246804e+00 -1.891666049911684e-03 -9.364754079521320e-04 -1.007700078908096e+00
3 22 -1.000281702594595e+00 -1.891315579320684e-03 -9.366705486120426e-04 -1.007701451318829e+00
3 23 -1.000281543861865e+00 -1.891051211321038e-03 -9.367969084986172e-04 -1.007702574031687e+00
3 24 -1.000281419341378e+00 -1.890883821134023e-03 -9.368470010188930e-04 -1.007703402226249e+00
3 25 -1.000281333898789e+00 -1.890820508762445e-03 -9.368163023336108e-04 -1.007703902674883e+00
3 26 -1.000281290771230e+00 -1.890864219090854e-03 -9.367038356233700e-04 -1.007704055249634e+00
3 27 -1.000281291448038e+00 -1.891013546875351e-03 -9.365125468059591e-04 -1.007703853844471e+00
3 28 -1.000281335638100e+00 -1.891262748036644e-03 -9.362494022005848e-04 -1.007703306650266e+00
3 29 -1.000281421321463e+00 -1.891601963325542e-03 -9.359251721392651e-04 -1.007702435765733e+00
3 30 -1.000281544876945e+00 -1.892017644428009e-03 -9.355539037028109e-04 -1.007701276173194e+00
3 31 -1.000281701272961e+00 -1.892493157704396e-03 -9.351521242638615e-04 -1.007699874148893e+00
4 0 -1.000282124578489e+00 -1.893008584381279e-03 -9.351507180374396e-04 -1.007697949066430e+00
4 1 -1.000282327985766e+00 -1.893547665115218e-03 -9.347401232845681e-04 -1.007696229266806e+00
4 2 -1.000282542851185e+00 -1.894085237346797e-03 -9.343540660263150e-04 -1.007694454177305e+00
4 3 -1.000282761098704e+00 -1.894600399364635e-03 -9.340086706278846e-04 -1.007692692158735e+00
4 4 -1.000282974614945e+00 -1.895073371749756e-03 -9.337175640651987e-04 -1.007691010429930e+00
4 5 -1.000283175517931e+00 -1.895486251018329e-03 -9.334913116380987e-04 -1.007689472569750e+00
4 6 -1.000283356409676e+00 -1.895823654777705e-03 -9.333371117354891e-04 -1.007688136237433e+00
4 7 -1.000283510610760e+00 -1.896073240209839e-03 -9.332587444418816e-04 -1.007687051173942e+00
4 8 -1.000283632375619e+00 -1.896226086460201e-03 -9.332567426928732e-04 -1.007686257529306e+00
4 9 -1.000283717086675e+00 -1.896276939254584e-03 -9.333287345367217e-04 -1.007685784545980e+00
4 10 -1.000283761423693e+00 -1.896224322039522e-03 -9.334698930971855e-04 -1.007685649617158e+00
4 11 -1.000283763502648e+00 -1.896070522066374e-03 -9.336734272701398e-04 -1.007685857731200e+00
4 12 -1.000283722976603e+00 -1.895821462202972e-03 -9.339310505757168e-04 -1.007686401307907e+00
4 13 -1.000283641090124e+00 -1.895486469750544e-03 -9.342333780680236e-04 -1.007687260428840e+00
4 14 -1.000283520678758e+00 -1.895077952306900e-03 -9.345702212864601e-04 -1.007688403461341e+00
4 15 -1.000283366106382e+00 -1.894610988619230e-03 -9.349307760040887e-04 -1.007689788072439e+00
4 16 -1.000283183135972e+00 -1.894102840636953e-03 -9.353037223402767e-04 -1.007691362622330e+00
4 17 -1.000282978733437e+00 -1.893572392431397e-03 -9.356772776268038e-04 -1.007693067916735e+00
4 18 -1.000282760808869e+00 -1.893039522600855e-03 -9.360392565139152e-04 -1.007694839283646e+00
4 19 -1.000282537904260e+00 -1.892524419444108e-03 -9.363771974164847e-04 -1.007696608923436e+00
4 20 -1.000282318840974e+00 -1.892046852724629e-03 -9.366786067003700e-04 -1.007698308462948e+00
4 21 -1.000282112343837e+00 -1.891625421886900e-03 -9.369313515876227e-04 -1.007699871625672e+00
4 22 -1.000281926661238e+00 -1.891276807141378e-03 -9.371242033865610e-04 -1.007701236913430e+00
4 23 -1.000281769201835e+00 -1.891015055925639e-03 -9.372475004519810e-04 -1.007702350181463e+00
4 24 -1.000281646208283e+00 -1.890850942213000e-03 -9.372938706000360e-04 -1.007703166979242e+00
4 25 -1.000281562486779e+00 -1.890791439022992e-03 -9.372589296852945e-04 -1.007703654526216e+00
4 26 -1.000281521208078e+00 -1.890839343557142e-03 -9.371418613165554e-04 -1.007703793200017e+00
4 27 -1.000281523790742e+00 -1.890993087998501e-03 -9.369457868935278e-04 -1.007703577437993e+00
4 28 -1.000281569871069e+00 -1.891246757184481e-03 -9.366778564765398e-04 -1.007703015990339e+00
4 29 -1.000281657357404e+00 -1.891590319073307e-03 -9.363490250613172e-04 -1.007702131508433e+00
4 30 -1.000281782560456e+00 -1.892010057782974e-03 -9.359735181259696e-04 -1.007700959498102e+00
4 31 -1.000281940386622e+00 -1.892489183924945e-03 -9.355680283824626e-04 -1.007699546709224e+00
5 0 -1.000282381435871e+00 -1.893089674314175e-03 -9.351907579447982e-04 -1.007697479228943e+00
5 1 -1.000282585909772e+00 -1.893631500390581e-03 -9.347779860755680e-04 -1.007695751567011e+00
5 2 -1.000282801525126e+00 -1.894171133453474e-03 -9.343905231307651e-04 -1.007693970962053e+00
5 3 -1.000283020177000e+00 -1.894687594599344e-03 -9.340445479240850e-04 -1.007692205976296e+00
5 4 -1.000283233735702e+00 -1.895161055739890e-03 -9.337537096116399e-04 -1.007690523936001e+00
5 5 -1.000283434316149e+00 -1.895573594797001e-03 -9.335285624870274e-04 -1.007688988430910e+00
5 6 -1.000283614530828e+00 -1.895909841649795e-03 -9.333762608912677e-04 -1.007687657034105e+00
5 7 -1.000283767724421e+00 -1.896157496543655e-03 -9.333005094957025e-04 -1.007686579305031e+00
5 8 -1.000283888188534e+00 -1.896307711130008e-03 -9.333017379462583e-04 -1.007685795122121e+00
5 9 -1.000283971354523e+00 -1.896355330337819e-03 -9.333774479323284e-04 -1.007685333375654e+00
5 10 -1.000284013961009e+00 -1.896298999793533e-03 -9.335226683907580e-04 -1.007685211038575e+00
5 11 -1.000284014190612e+00 -1.896141147643091e-03 -9.337304515457918e-04 -1.007685432624991e+00
5 12 -1.000283971768408e+00 -1.895887851475760e-03 -9.339923475991302e-04 -1.007685990042367e+00
5 13 -1.000283888013471e+00 -1.895548601329575e-03 -9.342988081897234e-04 -1.007686862840661e+00
5 14 -1.000283765835100e+00 -1.895135969008558e-03 -9.346394879664353e-04 -1.007688018857670e+00
5 15 -1.000283609666906e+00 -1.894665192360931e-03 -9.350034380907311e-04 -1.007689415254590e+00
5 16 -1.000283425334650e+00 -1.894153681254294e-03 -9.353792110318954e-04 -1.007690999929560e+00
5 17 -1.000283219857569e+00 -1.893620450876409e-03 -9.357549176002129e-04 -1.007692713288337e+00
5 18 -1.000283001187465e+00 -1.893085488839871e-03 -9.361182910296313e-04 -1.007694490337851e+00
5 19 -1.000282777894709e+00 -1.892569065677738e-03 -9.364568167315621e-04 -1.007696263050706e+00
5 20 -1.000282558814637e+00 -1.892091003103764e-03 -9.367579784505147e-04 -1.007697962929589e+00
5 21 -1.000282352671256e+00 -1.891669920128050e-03 -9.370096517709868e-04 -1.007699523682964e+00
5 22 -1.000282167697600e+00 -1.891322483314416e-03 -9.372006470564819e-04 -1.007700883907749e+00
5 23 -1.000282011273259e+00 -1.891062693673303e-03 -9.373213714130426e-04 -1.007701989660831e+00
5 24 -1.000281889599511e+00 -1.890901247898899e-03 -9.373645490602665e-04 -1.007702796791081e+00
5 25 -1.000281807430778e+00 -1.890845014333369e-03 -9.373259165236203e-04 -1.007703272901302e+00
5 26 -1.000281767877838e+00 -1.890896662620786e-03 -9.372047978365135e-04 -1.007703398819394e+00
5 27 -1.000281772293336e+00 -1.891054479564344e-03 -9.370044693702321e-04 -1.007703169481438e+00
5 28 -1.000281820244083e+00 -1.891312392322683e-03 -9.367322449857357e-04 -1.007702594165339e+00
5 29 -1.000281909567878e+00 -1.891660205046672e-03 -9.363992460507721e-04 -1.007701696058160e+00
5 30 -1.000282036506430e+00 -1.892084038559043e-03 -9.360198603283866e-04 -1.007700511187602e+00
5 31 -1.000282195901153e+00 -1.892566947177067e-03 -9.356109320590919e-04 -1.007699086791116e+00
6 0 -1.000282644806888e+00 -1.893249582159887e-03 -9.348551356555865e-04 -1.007696895152920e+00
6 1 -1.000282850526734e+00 -1.893794455358631e-03 -9.344403515606366e-04 -1.007695158407746e+00
6 2 -1.000283067114123e+00 -1.894336579408637e-03 -9.340515056452603e-04 -1.007693370704817e+00
6 3 -1.000283286426666e+00 -1.894854882046844e-03 -9.337048295089494e-04 -1.007691600868528e+00
6 4 -1.000283500308220e+00 -1.895329465462353e-03 -9.334139984636580e-04 -1.007689916406718e+00
6 5 -1.000283700859406e+00 -1.895742364014176e-03 -9.331895652483490e-04 -1.007688381004053e+00
6 6 -1.000283880691478e+00 -1.896078192086031e-03 -9.330386550130086e-04 -1.007687052237413e+00
6 7 -1.000284033161455e+00 -1.896324663531597e-03 -9.329649170064083e-04 -1.007685979576874e+00
6 8 -1.000284152586758e+00 -1.896472972612305e-03 -9.329687018292606e-04 -1.007685202719713e+00
6 9 -1.000284234437297e+00 -1.896518034578529e-03 -9.330474118826227e-04 -1.007684750288423e+00
6 10 -1.000284275501665e+00 -1.896458590744496e-03 -9.331959603956721e-04 -1.007684638910061e+00
6 11 -1.000284274022067e+00 -1.896297187013866e-03 -9.334072718122055e-04 -1.007684872686276e+00
6 12 -1.000284229790478e+00 -1.896040036567515e-03 -9.336727615001038e-04 -1.007685443059969e+00
6 13 -1.000284144197419e+00 -1.895696777771668e-03 -9.339827445805950e-04 -1.007686329081702e+00
6 14 -1.000284020225118e+00 -1.895280137770033e-03 -9.343267425436538e-04 -1.007687498074475e+00
6 15 -1.000283862378429e+00 -1.894805510662644e-03 -9.346936811763118e-04 -1.007688906689991e+00
6 16 -1.000283676549606e+00 -1.894290457167475e-03 -9.350719995550579e-04 -1.007690502343422e+00
6 17 -1.000283469816753e+00 -1.893754131595447e-03 -9.354497114199896e-04 -1.007692225004927e+00
6 18 -1.000283250180417e+00 -1.893216643034078e-03 -9.358144733438141e-04 -1.007694009312289e+00
6 19 -1.000283026247630e+00 -1.892698360824837e-03 -9.361537174706208e-04 -1.007695786951211e+00
6 20 -1.000282806877016e+00 -1.892219178955319e-03 -9.364548992796495e-04 -1.007697489231412e+00
6 21 -1.000282600801866e+00 -1.891797759392195e-03 -9.367058918929638e-04 -1.007699049769968e+00
6 22 -1.000282416250429e+00 -1.891450780591262e-03 -9.368955295290388e-04 -1.007700407177661e+00
6 23 -1.000282260583898e+00 -1.891192223896925e-03 -9.370142693636605e-04 -1.007701507629635e+00
6 24 -1.000282139972551e+00 -1.891032735818288e-03 -9.370549104213172e-04 -1.007702307191444e+00
6 25 -1.000282059128702e+00 -1.890979106506851e-03 -9.370132857597057e-04 -1.007702773770313e+00
6 26 -1.000282021111754e+00 -1.891033902979823e-03 -9.368888337924002e-04 -1.007702888572260e+00
6 27 -1.000282027215756e+00 -1.891195289209841e-03 -9.366849589779466e-04 -1.007702646969126e+00
6 28 -1.000282076943814e+00 -1.891457054123945e-03 -9.364091124670018e-04 -1.007702058714676e+00
6 29 -1.000282168067156e+00 -1.891808853649590e-03 -9.360725568267729e-04 -1.007701147493142e+00
6 30 -1.000282296760349e+00 -1.892236656252727e-03 -9.356898189087873e-04 -1.007699949831298e+00
6 31 -1.000282457799431e+00 -1.892723365680531e-03 -9.352778738555323e-04 -1.007698513448634e+00
7 0 -1.000282904426783e+00 -1.893481961390684e-03 -9.341556848720136e-04 -1.007696220883572e+00
7 1 -1.000283111521256e+00 -1.894030059404378e-03 -9.337391487064905e-04 -1.007694474204689e+00
7 2 -1.000283329262647e+00 -1.894575001659032e-03 -9.333490133087199e-04 -1.007692678115886e+00
7 3 -1.000283549464001e+00 -1.895095610130118e-03 -9.330015584697706e-04 -1.007690901754086e+00
7 4 -1.000283763933747e+00 -1.895571899298892e-03 -9.327104876456774e-04 -1.007689212874851e+00
7 5 -1.000283964747785e+00 -1.895985837127148e-03 -9.324863609579495e-04 -1.007687675336647e+00
7 6 -1.000284144504645e+00 -1.896321995661262e-03 -9.323362902709275e-04 -1.007686346808713e+00
7 7 -1.000284296561484e+00 -1.896568072520408e-03 -9.322638915943263e-04 -1.007685276766750e+00
7 8 -1.000284415249162e+00 -1.896715273077003e-03 -9.322694636025900e-04 -1.007684504824198e+00
7 9 -1.000284496064259e+00 -1.896758551341567e-03 -9.323503399815959e-04 -1.007684059430508e+00
7 10 -1.000284535834543e+00 -1.896696714142006e-03 -9.325013511084257e-04 -1.007683956954642e+00
7 11 -1.000284532852436e+00 -1.896532397414355e-03 -9.327153277840101e-04 -1.007684201163672e+00
7 12 -1.000284486969060e+00 -1.896271925532292e-03 -9.329835846196921e-04 -1.007684783101785e+00
7 13 -1.000284399640525e+00 -1.895925065105780e-03 -9.332963324343504e-04 -1.007685681371605e+00
7 14 -1.000284273918337e+00 -1.895504683818911e-03 -9.336429882399274e-04 -1.007686862815949e+00
7 15 -1.000284114377338e+00 -1.895026323033385e-03 -9.340123766841164e-04 -1.007688283593506e+00
7 16 -1.000283926977323e+00 -1.894507691079132e-03 -9.343928429650588e-04 -1.007689890635258e+00
7 17 -1.000283718858417e+00 -1.893968083616031e-03 -9.347723182009476e-04 -1.007691623458070e+00
7 18 -1.000283498074965e+00 -1.893427738721418e-03 -9.351383909420963e-04 -1.007693416297428e+00
7 19 -1.000283273277473e+00 -1.892907137189456e-03 -9.354784422459768e-04 -1.007695200504431e+00
7 20 -1.000283053356225e+00 -1.892426262624142e-03 -9.357798951147175e-04 -1.007696907135094e+00
7 21 -1.000282847063447e+00 -1.892003841295786e-03 -9.360306102747249e-04 -1.007698469643393e+00
7 22 -1.000282662633221e+00 -1.891656588203360e-03 -9.362194307505547e-04 -1.007699826573357e+00
7 23 -1.000282507419613e+00 -1.891398492315423e-03 -9.363368438570831e-04 -1.007700924131024e+00
7 24 -1.000282387573407e+00 -1.891240178992296e-03 -9.363756989142132e-04 -1.007701718507541e+00
7 25 -1.000282307776084e+00 -1.891188389742556e-03 -9.363318973255457e-04 -1.007702177823784e+00
7 26 -1.000282271046253e+00 -1.891245617746842e-03 -9.362049613977947e-04 -1.007702283577416e+00
7 27 -1.000282278628886e+00 -1.891409931232401e-03 -9.359983921342866e-04 -1.007702031496754e+00
7 28 -1.000282329971578e+00 -1.891675005574633e-03 -9.357197461944175e-04 -1.007701431741515e+00
7 29 -1.000282422785513e+00 -1.892030369935828e-03 -9.353803960467752e-04 -1.007700508435116e+00
7 30 -1.000282553182674e+00 -1.892461857616243e-03 -9.349949779099344e-04 -1.007699298560421e+00
7 31 -1.000282715876055e+00 -1.892952233733528e-03 -9.345805711588103e-04 -1.007697850293590e+00
8 0 -1.000283150253109e+00 -1.893777608347678e-03 -9.331186156214177e-04 -1.007695483891312e+00
8 1 -1.000283358795121e+00 -1.894328977820484e-03 -9.327006724409820e-04 -1.007693726831772e+00
8 2 -1.000283577825026e+00 -1.894876949646962e-03 -9.323094084893771e-04 -1.007691921414565e+00
8 3 -1.000283799106043e+00 -1.895400231971408e-03 -9.319611444272888e-04 -1.007690137126744e+00
8 4 -1.000284014403756e+00 -1.895878737343656e-03 -9.316696122043561e-04 -1.007688442026955e+00
8 5 -1.000284215760025e+00 -1.896294347369368e-03 -9.314453877469645e-04 -1.007686900218534e+00
8 6 -1.000284395749719e+00 -1.896631566772174e-03 -9.312955857702603e-04 -1.007685569547258e+00
8 7 -1.000284547718016e+00 -1.896878047995184e-03 -9.312238118883398e-04 -1.007684499588332e+00
8 8 -1.000284665996462e+00 -1.897024975913399e-03 -9.312303412471158e-04 -1.007683729970917e+00
8 9 -1.000284746095478e+00 -1.897067310364254e-03 -9.313124717478614e-04 -1.007683289072468e+00
8 10 -1.000284784869617e+00 -1.897003890808378e-03 -9.314649872213424e-04 -1.007683193102180e+00
8 11 -1.000284780650043e+00 -1.896837411820621e-03 -9.316806628361405e-04 -1.007683445584048e+00
8 12 -1.000284733336950e+00 -1.896574280420050e-03 -9.319507501375854e-04 -1.007684037244550e+00
8 13 -1.000284644443745e+00 -1.896224366807772e-03 -9.322653912883009e-04 -1.007684946306116e+00
8 14 -1.000284517084972e+00 -1.895800659123104e-03 -9.326139314022679e-04 -1.007686139184120e+00
8 15 -1.000284355901419e+00 -1.895318830954545e-03 -9.329851228424938e-04 -1.007687571580742e+00
8 16 -1.000284166918667e+00 -1.894796728739204e-03 -9.333672411354671e-04 -1.007689189961902e+00
8 17 -1.000283957339451e+00 -1.894253785921325e-03 -9.337481530878759e-04 -1.007690933392104e+00
8 18 -1.000283735274842e+00 -1.893710372058091e-03 -9.341153906879603e-04 -1.007692735687248e+00
8 19 -1.000283509423968e+00 -1.893187087682690e-03 -9.344562883787372e-04 -1.007694527829286e+00
8 20 -1.000283288715901e+00 -1.892704019641530e-03 -9.347582346059755e-04 -1.007696240570176e+00
8 21 -1.000283081930637e+00 -1.892279977020728e-03 -9.350090693984815e-04 -1.007697807136182e+00
8 22 -1.000282897318343e+00 -1.891931734300956e-03 -9.351976300288982e-04 -1.007699165927366e+00
8 23 -1.000282742237332e+00 -1.891673314793768e-03 -9.353144132083644e-04 -1.007700263093070e+00
8 24 -1.000282622831021e+00 -1.891515352256079e-03 -9.353522923586400e-04 -1.007701054855167e+00
8 25 -1.000282543762456e+00 -1.891464570732448e-03 -9.353072069184664e-04 -1.007701509449836e+00
8 26 -1.000282508021615e+00 -1.891523421135431e-03 -9.351787299921049e-04 -1.007701608568646e+00
8 27 -1.000282516815811e+00 -1.891689906767439e-03 -9.349704241632546e-04 -1.007701348203098e+00
8 28 -1.000282569547402e+00 -1.891957618522472e-03 -9.346899154909308e-04 -1.007700738833372e+00
8 29 -1.000282663876356e+00 -1.892315985147689e-03 -9.343486501725557e-04 -1.007699804947339e+00
8 30 -1.000282795859134e+00 -1.892750727338971e-03 -9.339613392092767e-04 -1.007698583922969e+00
8 31 -1.000282960150638e+00 -1.893244489198411e-03 -9.335451350568687e-04 -1.007697124349031e+00
9 0 -1.000283372861396e+00 -1.894124857255325e-03 -9.317836083812386e-04 -1.007694713779458e+00
9 1 -1.000283582865435e+00 -1.894679412761047e-03 -9.313646715770484e-04 -1.007692946310753e+00
9 2 -1.000283803265874e+00 -1.895230502325786e-03 -9.309724985731497e-04 -1.007691131002118e+00
9 3 -1.000284025772955e+00 -1.895756716814999e-03 -9.306234416861973e-04 -1.007689337713948e+00
9 4 -1.000284242103776e+00 -1.896237856727409e-03 -9.303312604695957e-04 -1.007687634850942e+00
9 5 -1.000284444258194e+00 -1.896655700861047e-03 -9.301065540479738e-04 -1.007686086822360e+00
9 6 -1.000284624777459e+00 -1.896994664480149e-03 -9.299564552013482e-04 -1.007684751727182e+00
9 7 -1.000284776983263e+00 -1.897242327970512e-03 -9.298845815360179e-04 -1.007683679329204e+00
9 8 -1.000284895195216e+00 -1.897389825150365e-03 -9.298912135010210e-04 -1.007682909371359e+00
9 9 -1.000284974924257e+00 -1.897432088609705e-03 -9.299736474563059e-04 -1.007682470262534e+00
9 10 -1.000285013038219e+00 -1.897367956270202e-03 -9.301266587100186e-04 -1.007682378156769e+00
9 11 -1.000285007893952e+00 -1.897200147735282e-03 -9.303430065076267e-04 -1.007682636435923e+00
9 12 -1.000284959428759e+00 -1.896935121138263e-03 -9.306139188035900e-04 -1.007683235601609e+00
9 13 -1.000284869202926e+00 -1.896582821825467e-03 -9.309295070943930e-04 -1.007684153577892e+00
9 14 -1.000284740385394e+00 -1.896156333642600e-03 -9.312790802565050e-04 -1.007685356421827e+00
9 15 -1.000284577676215e+00 -1.895671442024390e-03 -9.316513505688538e-04 -1.007686799433801e+00
9 16 -1.000284387162319e+00 -1.895146116401945e-03 -9.320345510403044e-04 -1.007688428652687e+00
9 17 -1.000284176107114e+00 -1.894599918942233e-03 -9.324165048876851e-04 -1.007690182709835e+00
9 18 -1.000283952679097e+00 -1.894053347961760e-03 -9.327847013099281e-04 -1.007691995001111e+00
9 19 -1.000283725629257e+00 -1.893527127211028e-03 -9.331264351237425e-04 -1.007693796119544e+00
9 20 -1.000283503931043e+00 -1.893041456215094e-03 -9.334290604970258e-04 -1.007695516474819e+00
9 21 -1.000283296399918e+00 -1.892615242038449e-03 -9.336803900082083e-04 -1.007697089009959e+00
9 22 -1.000283111311683e+00 -1.892265339114570e-03 -9.338692412087292e-04 -1.007698451909930e+00
9 23 -1.000282956039976e+00 -1.892005830148902e-03 -9.339860995697811e-04 -1.007699551183104e+00
9 24 -1.000282836733102e+00 -1.891847386019791e-03 -9.340238364445241e-04 -1.007700342987513e+00
9 25 -1.000282758048664e+00 -1.891796744760997e-03 -9.339783986601448e-04 -1.007700795572940e+00
9 26 -1.000282722961215e+00 -1.891856348133020e-03 -9.338493757061856e-04 -1.007700890719815e+00
9 27 -1.000282732653300e+00 -1.892024167998819e-03 -9.336403543395124e-04 -1.007700624578939e+00
9 28 -1.000282786494103e+00 -1.892293743231738e-03 -9.333589909174114e-04 -1.007700007852742e+00
9 29 -1.000282882103206e+00 -1.892654432340986e-03 -9.330167663229519e-04 -1.007699065304854e+00
9 30 -1.000283015490773e+00 -1.893091870211844e-03 -9.326284290888467e-04 -1.007697834632377e+00
9 31 -1.000283181260796e+00 -1.893588602235998e-03 -9.322111707229797e-04 -1.007696364776666e+00
10 0 -1.000283563803968e+00 -1.894510075269448e-03 -9.302023133025996e-04 -1.007693940950794e+00
10 1 -1.000283775226188e+00 -1.895067604455767e-03 -9.297828430000062e-04 -1.007692163458295e+00
10 2 -1.000283997024212e+00 -1.895621775131150e-03 -9.293900259758311e-04 -1.007690338090822e+00
10 3 -1.000284220854311e+00 -1.896151062141141e-03 -9.290402356962425e-04 -1.007688535090191e+00
10 4 -1.000284438381351e+00 -1.896635148191763e-03 -9.287472570290864e-04 -1.007686823236524e+00
10 5 -1.000284641556909e+00 -1.897055696924598e-03 -9.285217180208818e-04 -1.007685267293891e+00
10 6 -1.000284822880075e+00 -1.897397015685152e-03 -9.283707832091904e-04 -1.007683925680791e+00
10 7 -1.000284975638542e+00 -1.897646588845580e-03 -9.282981037106020e-04 -1.007682848430971e+00
10 8 -1.000285094127836e+00 -1.897795470614122e-03 -9.283039938251835e-04 -1.007682075494566e+00
10 9 -1.000285173846082e+00 -1.897838534438591e-03 -9.283857823690514e-04 -1.007681635413623e+00
10 10 -1.000285211660428e+00 -1.897774582919496e-03 -9.285382736795018e-04 -1.007681544392769e+00
10 11 -1.000285205939462e+00 -1.897606326434313e-03 -9.287542505392667e-04 -1.007681805777255e+00
10 12 -1.000285156644230e+00 -1.897340240765670e-03 -9.290249573911469e-04 -1.007682409945238e+00
10 13 -1.000285065369599e+00 -1.896986314871275e-03 -9.293405144908377e-04 -1.007683334616230e+00
10 14 -1.000284935328088e+00 -1.896557699772378e-03 -9.296902317063710e-04 -1.007684545572107e+00
10 15 -1.000284771270048e+00 -1.896070268208758e-03 -9.300628146044016e-04 -1.007685997781300e+00
10 16 -1.000284579336970e+00 -1.895542092912722e-03 -9.304464818587790e-04 -1.007687636909822e+00
10 17 -1.000284366848640e+00 -1.894992850645106e-03 -9.308290353438136e-04 -1.007689401192238e+00
10 18 -1.000284142029373e+00 -1.894443160479509e-03 -9.311979374119839e-04 -1.007691223621062e+00
10 19 -1.000283913683160e+00 -1.893913867865040e-03 -9.315404524893126e-04 -1.007693034396318e+00
10 20 -1.000283690831647e+00 -1.893425290043242e-03 -9.318439024617699e-04 -1.007694763560599e+00
10 21 -1.000283482332060e+00 -1.892996443412273e-03 -9.320960669155801e-04 -1.007696343729239e+00
10 22 -1.000283296494356e+00 -1.892644279543186e-03 -9.322857309157753e-04 -1.007697712809852e+00
10 23 -1.000283140717929e+00 -1.892382962925218e-03 -9.324033495071488e-04 -1.007698816591932e+00
10 24 -1.000283021167920e+00 -1.892223228462886e-03 -9.324417671267888e-04 -1.007699611078591e+00
10 25 -1.000282942509542e+00 -1.892171858805572e-03 -9.323969079270849e-04 -1.007700064431916e+00
10 26 -1.000282907715629e+00 -1.892231319893780e-03 -9.322683430140100e-04 -1.007700158413321e+00
10 27 -1.000282917957806e+00 -1.892399586867028e-03 -9.320596450104418e-04 -1.007699889222881e+00
10 28 -1.000282972585527e+00 -1.892670181134383e-03 -9.317784605793366e-04 -1.007699267678079e+00
10 29 -1.000283069190429e+00 -1.893032423841054e-03 -9.314362655074356e-04 -1.007698318718780e+00
10 30 -1.000283203747288e+00 -1.893471893969585e-03 -9.310478076620275e-04 -1.007697080273489e+00
10 31 -1.000283370818192e+00 -1.893971064107158e-03 -9.306302820172750e-04 -1.007695601563364e+00
11 0 -1.000283715918691e+00 -1.894918231249755e-03 -9.284363098089978e-04 -1.007693195314104e+00
11 1 -1.000283928659776e+00 -1.895478405816504e-03 -9.280167883796572e-04 -1.007691408573391e+00
11 2 -1.000284151827505e+00 -1.896035500168068e-03 -9.276236219731021e-04 -1.007689573373496e+00
11 3 -1.000284377025321e+00 -1.896567879073047e-03 -9.272731934613141e-04 -1.007687760330415e+00
11 4 -1.000284595864217e+00 -1.897055106394493e-03 -9.269793090934382e-04 -1.007686038614145e+00
11 5 -1.000284800243160e+00 -1.897478722784306e-03 -9.267526299099185e-04 -1.007684473378553e+00
11 6 -1.000284982612220e+00 -1.897822913352683e-03 -9.266003644971437e-04 -1.007683123415688e+00
11 7 -1.000285136215861e+00 -1.898075046130690e-03 -9.265262176946533e-04 -1.007682039100415e+00
11 8 -1.000285255314259e+00 -1.898226070272585e-03 -9.265305645911415e-04 -1.007681260675412e+00
11 9 -1.000285335379938e+00 -1.898270770767237e-03 -9.266107984133895e-04 -1.007680816911568e+00
11 10 -1.000285373265613e+00 -1.898207882909900e-03 -9.267617880497904e-04 -1.007680724166490e+00
11 11 -1.000285367337350e+00 -1.898040074199990e-03 -9.269763779078095e-04 -1.007680985854818e+00
11 12 -1.000285317565648e+00 -1.897773803826271e-03 -9.272458684152020e-04 -1.007681592337515e+00
11 13 -1.000285225566198e+00 -1.897419070939562e-03 -9.275604276822338e-04 -1.007682521231789e+00
11 14 -1.000285094582529e+00 -1.896989062660046e-03 -9.279094031912858e-04 -1.007683738138126e+00
11 15 -1.000284929404435e+00 -1.896499711444453e-03 -9.282815264754088e-04 -1.007685197774920e+00
11 16 -1.000284736219191e+00 -1.895969169935390e-03 -9.286650299831434e-04 -1.007686845503113e+00
11 17 -1.000284522396522e+00 -1.895417210955028e-03 -9.290477173739441e-04 -1.007688619211976e+00
11 18 -1.000284296212727e+00 -1.894864561516461e-03 -9.294170414689705e-04 -1.007690451523266e+00
11 19 -1.000284066523799e+00 -1.894332182441582e-03 -9.297602467570740e-04 -1.007692272255509e+00
11 20 -1.000283842401478e+00 -1.893840509141769e-03 -9.300646258845771e-04 -1.007694011073926e+00
11 21 -1.000283632749426e+00 -1.893408674372188e-03 -9.303179213181155e-04 -1.007695600234822e+00
11 22 -1.000283445918957e+00 -1.893053740054718e-03 -9.305088749185416e-04 -1.007696977317419e+00
11 23 -1.000283289344628e+00 -1.892789971486435e-03 -9.306278943415703e-04 -1.007698087823267e+00
11 24 -1.000283169219660e+00 -1.892628191913432e-03 -9.306677740028464e-04 -1.007698887515765e+00
11 25 -1.000283090229560e+00 -1.892575257395776e-03 -9.306243864749794e-04 -1.007699344371882e+00
11 26 -1.000283055359148e+00 -1.892633690267153e-03 -9.304972507463130e-04 -1.007699440027562e+00
11 27 -1.000283065783387e+00 -1.892801503338259e-03 -9.302898882556490e-04 -1.007699170620757e+00
11 28 -1.000283120846201e+00 -1.893072235690694e-03 -9.300098972524582e-04 -1.007698546972461e+00
11 29 -1.000283218124763e+00 -1.893435205393789e-03 -9.296687094795665e-04 -1.007697594092460e+00
11 30 -1.000283353570644e+00 -1.893875967495362e-03 -9.292810341866573e-04 -1.007696350044395e+00
11 31 -1.000283521714561e+00 -1.894376950309934e-03 -9.288640341383257e-04 -1.007694864246340e+00
12 0 -1.000283823578096e+00 -1.895333509140134e-03 -9.265546150632152e-04 -1.007692505100186e+00
12 1 -1.000284037488479e+00 -1.895895900700608e-03 -9.261355217675398e-04 -1.007690710236962e+00
12 2 -1.000284261945472e+00 -1.896455649655169e-03 -9.257423121767817e-04 -1.007688865806359e+00
12 3 -1.000284488502928e+00 -1.896991021047621e-03 -9.253913658901383e-04 -1.007687042776536e+00
12 4 -1.000284708718510e+00 -1.897481463607960e-03 -9.250965054130847e-04 -1.007685310706256e+00
12 5 -1.000284914436322e+00 -1.897908391839474e-03 -9.248684277331345e-04 -1.007683735159249e+00
12 6 -1.000285098052365e+00 -1.898255858770570e-03 -9.247143963581965e-04 -1.007682375341411e+00
12 7 -1.000285252760235e+00 -1.898511100154844e-03 -9.246381877956969e-04 -1.007681282027072e+00
12 8 -1.000285372774901e+00 -1.898664938908511e-03 -9.246402617810623e-04 -1.007680495824960e+00
12 9 -1.000285453531631e+00 -1.898712045969538e-03 -9.247181046898555e-04 -1.007680045820718e+00
12 10 -1.000285491855622e+00 -1.898651060092529e-03 -9.248666827255812e-04 -1.007679948620766e+00
12 11 -1.000285486096301e+00 -1.898484573899791e-03 -9.250789376409713e-04 -1.007680207812159e+00
12 12 -1.000285436218961e+00 -1.898218996432282e-03 -9.253462628990396e-04 -1.007680813845225e+00
12 13 -1.000285343845577e+00 -1.897864303398153e-03 -9.256589108985028e-04 -1.007681744340579e+00
12 14 -1.000285212236937e+00 -1.897433685724865e-03 -9.260063009526309e-04 -1.007682964817776e+00
12 15 -1.000285046209924e+00 -1.896943105793317e-03 -9.263772216534058e-04 -1.007684429836576e+00
12 16 -1.000284851987091e+00 -1.896410769810861e-03 -9.267599466076066e-04 -1.007686084531941e+00
12 17 -1.000284636979801e+00 -1.895856524682741e-03 -9.271423040847219e-04 -1.007687866511723e+00
12 18 -1.000284409510544e+00 -1.895301188653235e-03 -9.275117545184002e-04 -1.007689708072986e+00
12 19 -1.000284178484304e+00 -1.894765827200806e-03 -9.278555331156100e-04 -1.007691538678969e+00
12 20 -1.000283953022827e+00 -1.894270989611136e-03 -9.281609073492464e-04 -1.007693287622506e+00
12 21 -1.000283742079060e+00 -1.893835927298003e-03 -9.284155803228834e-04 -1.007694886784074e+00
12 22 -1.000283554051273e+00 -1.893477821417459e-03 -9.286082422127866e-04 -1.007696273376290e+00
12 23 -1.000283396417242e+00 -1.893211053286451e-03 -9.287292383902020e-04 -1.007697392554611e+00
12 24 -1.000283275408456e+00 -1.893046555471885e-03 -9.287712920575393e-04 -1.007698199767059e+00
12 25 -1.000283195742646e+00 -1.892991283360101e-03 -9.287301975344804e-04 -1.007698662715327e+00
12 26 -1.000283160429869e+00 -1.893047845538296e-03 -9.286053907991874e-04 -1.007698762808662e+00
12 27 -1.000283170662475e+00 -1.893214325173019e-03 -9.284003081793516e-04 -1.007698496014531e+00
12 28 -1.000283225793127e+00 -1.893484313226497e-03 -9.281224635353862e-04 -1.007697873046574e+00
12 29 -1.000283323398452e+00 -1.893847158960649e-03 -9.277832076750623e-04 -1.007696918876078e+00
12 30 -1.000283459419887e+00 -1.894288426357142e-03 -9.273971749626157e-04 -1.007695671600458e+00
12 31 -1.000283628368559e+00 -1.894790529653417e-03 -9.269814620408042e-04 -1.007694180744256e+00
13 0 -1.000283882873000e+00 -1.895739936591472e-03 -9.246308564530541e-04 -1.007691895839082e+00
13 1 -1.000284097759885e+00 -1.896304036150526e-03 -9.242126427011838e-04 -1.007690094276597e+00
13 2 -1.000284323377600e+00 -1.896866072606920e-03 -9.238196887110784e-04 -1.007688241559151e+00
13 3 -1.000284551235519e+00 -1.897404225336883e-03 -9.234683583659432e-04 -1.007686408972005e+00
13 4 -1.000284772840559e+00 -1.897897835990425e-03 -9.231724850789742e-04 -1.007684666446893e+00
13 5 -1.000284979981742e+00 -1.898328194463700e-03 -9.229428037930255e-04 -1.007683079962131e+00
13 6 -1.000285164997952e+00 -1.898679216817207e-03 -9.227866417200139e-04 -1.007681709162205e+00
13 7 -1.000285321026270e+00 -1.898937995747625e-03 -9.227078617586367e-04 -1.007680605263686e+00
13 8 -1.000285442228471e+00 -1.899095211782055e-03 -9.227070284024290e-04 -1.007679809300227e+00
13 9 -1.000285523992424e+00 -1.899145400642421e-03 -9.227817462564702e-04 -1.007679350745806e+00
13 10 -1.000285563103755e+00 -1.899087078896516e-03 -9.229271080226338e-04 -1.007679246542147e+00
13 11 -1.000285557881747e+00 -1.898922735165205e-03 -9.231361845484794e-04 -1.007679500544989e+00
13 12 -1.000285508272114e+00 -1.898658697018605e-03 -9.234004949231838e-04 -1.007680103396186e+00
13 13 -1.000285415888480e+00 -1.898304884379170e-03 -9.237104079805278e-04 -1.007681032824165e+00
13 14 -1.000285283994546e+00 -1.897874459682376e-03 -9.240554457617978e-04 -1.007682254370686e+00
13 15 -1.000285117420849e+00 -1.897383384209254e-03 -9.244244827268603e-04 -1.007683722534525e+00
13 16 -1.000284922413325e+00 -1.896849889403834e-03 -9.248058591610099e-04 -1.007685382312160e+00
13 17 -1.000284706415150e+00 -1.896293871843924e-03 -9.251874489401764e-04 -1.007687171103521e+00
13 18 -1.000284477787586e+00 -1.895736221255090e-03 -9.255567358838972e-04 -1.007689020938245e+00
13 19 -1.000284245479792e+00 -1.895198093170946e-03 -9.259009563769758e-04 -1.007690860963749e+00
13 20 -1.000284018661505e+00 -1.894700141910430e-03 -9.262073578593204e-04 -1.007692620120209e+00
13 21 -1.000283806335851e+00 -1.894261735158216e-03 -9.264636035255472e-04 -1.007694229910299e+00
13 22 -1.000283616951837e+00 -1.893900177717140e-03 -9.266583251150885e-04 -1.007695627155787e+00
13 23 -1.000283458036918e+00 -1.893629977893081e-03 -9.267817927030251e-04 -1.007696756620803e+00
13 24 -1.000283335869654e+00 -1.893462194462537e-03 -9.268266397040673e-04 -1.007697573374151e+00
13 25 -1.000283255210784e+00 -1.893403904209102e-03 -9.267885591116251e-04 -1.007698044762493e+00
13 26 -1.000283219107895e+00 -1.893457828411539e-03 -9.266668771743530e-04 -1.007698151875902e+00
13 27 -1.000283228783994e+00 -1.893622150378732e-03 -9.264649152888641e-04 -1.007697890410131e+00
13 28 -1.000283283614244e+00 -1.893890544883552e-03 -9.261900707079558e-04 -1.007697270865809e+00
13 29 -1.000283381188556e+00 -1.894252425195852e-03 -9.258535799814384e-04 -1.007696318069706e+00
13 30 -1.000283517451701e+00 -1.894693396656121e-03 -9.254699699011317e-04 -1.007695070050594e+00
13 31 -1.000283686907783e+00 -1.895195890141185e-03 -9.250562405212097e-04 -1.007693576344829e+00
14 0 -1.000283891728347e+00 -1.896122001382557e-03 -9.227402425737609e-04 -1.007691389528925e+00
14 1 -1.000284107364095e+00 -1.896687241151998e-03 -9.223233094824856e-04 -1.007689582926636e+00
14 2 -1.000284333972017e+00 -1.897251116814347e-03 -9.219308848988292e-04 -1.007687723163908e+00
14 3 -1.000284563023636e+00 -1.897791738901665e-03 -9.215793061635260e-04 -1.007685881797490e+00
14 4 -1.000284785979427e+00 -1.898288353702357e-03 -9.212824126098986e-04 -1.007684129103456e+00
14 5 -1.000284994575104e+00 -1.898722132711033e-03 -9.210509778179181e-04 -1.007682531464025e+00
14 6 -1.000285181091641e+00 -1.899076855559490e-03 -9.208923987321901e-04 -1.007681148969682e+00
14 7 -1.000285338606257e+00 -1.899339466743892e-03 -9.208106358960331e-04 -1.007680033304483e+00
14 8 -1.000285461221635e+00 -1.899500493606736e-03 -9.208063749311586e-04 -1.007679225969726e+00
14 9 -1.000285544269858e+00 -1.899554320425750e-03 -9.208773595662440e-04 -1.007678756887057e+00
14 10 -1.000285584486400e+00 -1.899499320529907e-03 -9.210188331925797e-04 -1.007678643407413e+00
14 11 -1.000285580148085e+00 -1.899337853588870e-03 -9.212240218458978e-04 -1.007678889740692e+00
14 12 -1.000285531167555e+00 -1.899076137796031e-03 -9.214845972435109e-04 -1.007679486814239e+00
14 13 -1.000285439135869e+00 -1.898724007272437e-03 -9.217910719650118e-04 -1.007680412563863e+00
14 14 -1.000285307305239e+00 -1.898294564838217e-03 -9.221330976487859e-04 -1.007681632655304e+00
14 15 -1.000285140505905e+00 -1.897803739822601e-03 -9.224996598077110e-04 -1.007683101625788e+00
14 16 -1.000284944994424e+00 -1.897269759858336e-03 -9.228791875338651e-04 -1.007684764425420e+00
14 17 -1.000284728234818e+00 -1.896712545167984e-03 -9.232596185359222e-04 -1.007686558326994e+00
14 18 -1.000284498618322e+00 -1.896153034706801e-03 -9.236284741738489e-04 -1.007688415159564e+00
14 19 -1.000284265131877e+00 -1.895612456210445e-03 -9.239730020598694e-04 -1.007690263805575e+00
14 20 -1.000284036989410e+00 -1.895111556373080e-03 -9.242804351087120e-04 -1.007692032885087e+00
14 21 -1.000283823243224e+00 -1.894669812513518e-03 -9.245383968649448e-04 -1.007693653535043e+00
14 22 -1.000283632394924e+00 -1.894304652918089e-03 -9.247354552986002e-04 -1.007695062176919e+00
14 23 -1.000283472026266e+00 -1.894030719102854e-03 -9.248617946498129e-04 -1.007696203153074e+00
14 24 -1.000283348469994e+00 -1.893859208212723e-03 -9.249099436003831e-04 -1.007697031103334e+00
14 25 -1.000283266539060e+00 -1.893797335929519e-03 -9.248754751092551e-04 -1.007697512952725e+00
14 26 -1.000283229329415e+00 -1.893847958335594e-03 -9.247575835603223e-04 -1.007697629391867e+00
14 27 -1.000283238106755e+00 -1.894009384692065e-03 -9.245594502725373e-04 -1.007697375754483e+00
14 28 -1.000283292281574e+00 -1.894275402061866e-03 -9.242883286349790e-04 -1.007696762231451e+00
14 29 -1.000283389470337e+00 -1.894635517821449e-03 -9.239553128944865e-04 -1.007695813405294e+00
14 30 -1.000283525634406e+00 -1.895075409291241e-03 -9.235747947311121e-04 -1.007694567136980e+00
14 31 -1.000283695283585e+00 -1.895577553931294e-03 -9.231636515408810e-04 -1.007693072880053e+00
15 0 -1.000283849952019e+00 -1.896465231463876e-03 -9.209564789542475e-04 -1.007691004005719e+00
15 1 -1.000284066083463e+00 -1.897031007808141e-03 -9.205411593837461e-04 -1.007689194192383e+00
15 2 -1.000284293476355e+00 -1.897596211836538e-03 -9.201494993502546e-04 -1.007687328871721e+00
15 3 -1.000284523572161e+00 -1.898138904098479e-03 -9.197978009527805e-04 -1.007685479817823e+00
15 4 -1.000284747790719e+00 -1.898638250391453e-03 -9.194999047434103e-04 -1.007683717611044e+00
15 5 -1.000284957818188e+00 -1.899075314443115e-03 -9.192666221424269e-04 -1.007682109011847e+00
15 6 -1.000285145879152e+00 -1.899433745369438e-03 -9.191054232368282e-04 -1.007680714546560e+00
15 7 -1.000285304989978e+00 -1.899700340001378e-03 -9.190203741864358e-04 -1.007679586373889e+00
15 8 -1.000285429190549e+00 -1.899865467308885e-03 -9.190122940386194e-04 -1.007678766488229e+00
15 9 -1.000285513750828e+00 -1.899923349469189e-03 -9.190790813147849e-04 -1.007678285301737e+00
15 10 -1.000285555347488e+00 -1.899872201048188e-03 -9.192161480710765e-04 -1.007678160632743e+00
15 11 -1.000285552204312e+00 -1.899714232910014e-03 -9.194168952317048e-04 -1.007678397116823e+00
15 12 -1.000285504188682e+00 -1.899455530167086e-03 -9.196731683066096e-04 -1.007678986049773e+00
15 13 -1.000285412855735e+00 -1.899105814357043e-03 -9.199756456424331e-04 -1.007679905666399e+00
15 14 -1.000285281432277e+00 -1.898678100024977e-03 -9.203141301548499e-04 -1.007681121852684e+00
15 15 -1.000285114734453e+00 -1.898188255350191e-03 -9.206777384923399e-04 -1.007682589280859e+00
15 16 -1.000284919016413e+00 -1.897654475585831e-03 -9.210550063417983e-04 -1.007684252947550e+00
15 17 -1.000284701751293e+00 -1.897096677693946e-03 -9.214339505298663e-04 -1.007686050084010e+00
15 18 -1.000284471350361e+00 -1.896535825704673e-03 -9.218021424309092e-04 -1.007687912393260e+00
15 19 -1.000284236830569e+00 -1.895993199248747e-03 -9.221468498632093e-04 -1.007689768552836e+00
15 20 -1.000284007444714e+00 -1.895489621800576e-03 -9.224552960248820e-04 -1.007691546905831e+00
15 21 -1.000283792291541e+00 -1.895044669971467e-03 -9.227150652819376e-04 -1.007693178248263e+00
15 22 -1.000283599925193e+00 -1.894675890803173e-03 -9.229146582827108e-04 -1.007694598606789e+00
15 23 -1.000283437984322e+00 -1.894398060156705e-03 -9.230441661960405e-04 -1.007695751887558e+00
15 24 -1.000283312860933e+00 -1.894222520517343e-03 -9.230960021518464e-04 -1.007696592267668e+00
15 25 -1.000283229427421e+00 -1.894156638828094e-03 -9.230656047518533e-04 -1.007697086199623e+00
15 26 -1.000283190837093e+00 -1.894203422992216e-03 -9.229520191063167e-04 -1.007697213909580e+00
15 27 -1.000283198408752e+00 -1.894361329122426e-03 -9.227582667712209e-04 -1.007696970293025e+00
15 28 -1.000283251599745e+00 -1.894624280609562e-03 -9.224914362250781e-04 -1.007696365146412e+00
15 29 -1.000283348065306e+00 -1.894981905273617e-03 -9.221624577394437e-04 -1.007695422717964e+00
15 30 -1.000283483795855e+00 -1.895419980065409e-03 -9.217855661535459e-04 -1.007694180608890e+00
15 31 -1.000283653319227e+00 -1.895921056956671e-03 -9.213774950927600e-04 -1.007692688099414e+00
16 0 -1.000283759219401e+00 -1.896756718567767e-03 -9.193487770269106e-04 -1.007690752505891e+00
16 1 -1.000283975577641e+00 -1.897322414986644e-03 -9.189353237655121e-04 -1.007688941410053e+00
16 2 -1.000284203523451e+00 -1.897888393466655e-03 -9.185446159942091e-04 -1.007687072208067e+00
16 3 -1.000284434477011e+00 -1.898432685077634e-03 -9.181929136831047e-04 -1.007685216829807e+00
16 4 -1.000284659824795e+00 -1.898934392847365e-03 -9.178940541209697e-04 -1.007683446108977e+00
16 5 -1.000284871209000e+00 -1.899374487261350e-03 -9.176588848220342e-04 -1.007681827144880e+00
16 6 -1.000285060801430e+00 -1.899736497575122e-03 -9.174949503816802e-04 -1.007680420873611e+00
16 7 -1.000285221558828e+00 -1.900007078927284e-03 -9.174064271126747e-04 -1.007679279918167e+00
16 8 -1.000285347456897e+00 -1.900176442689376e-03 -9.173942748128011e-04 -1.007678446772949e+00
16 9 -1.000285433699538e+00 -1.900238644483150e-03 -9.174565563761077e-04 -1.007677952364728e+00
16 10 -1.000285476898288e+00 -1.900191730628201e-03 -9.175888640623664e-04 -1.007677815019594e+00
16 11 -1.000285475215340e+00 -1.900037748869366e-03 -9.177847871034840e-04 -1.007678039854427e+00
16 12 -1.000285428462305e+00 -1.899782632458731e-03 -9.180363597827342e-04 -1.007678618602759e+00
16 13 -1.000285338146410e+00 -1.899435967909012e-03 -9.183344419001439e-04 -1.007679529878416e+00
16 14 -1.000285207456215e+00 -1.899010656501181e-03 -9.186690029985893e-04 -1.007680739874543e+00
16 15 -1.000285041180695e+00 -1.898522478756544e-03 -9.190293052715179e-04 -1.007682203488605e+00
16 16 -1.000284845558773e+00 -1.897989570381160e-03 -9.194040043724026e-04 -1.007683865854221e+00
16 17 -1.000284628060646e+00 -1.897431818280336e-03 -9.197812083710029e-04 -1.007685664248195e+00
16 18 -1.000284397106879e+00 -1.896870186516809e-03 -9.201485487530594e-04 -1.007687530326725e+00
16 19 -1.000284161735577e+00 -1.896325984692165e-03 -9.204933206616541e-04 -1.007689392629479e+00
16 20 -1.000283931231771e+00 -1.895820095107464e-03 -9.208027414039522e-04 -1.007691179274816e+00
16 21 -1.000283714736368e+00 -1.895372180045516e-03 -9.210643571551971e-04 -1.007692820754112e+00
16 22 -1.000283520854135e+00 -1.894999896326510e-03 -9.212665998728642e-04 -1.007694252718699e+00
16 23 -1.000283357281083e+00 -1.894718150275106e-03 -9.213994637818865e-04 -1.007695418640280e+00
16 24 -1.000283230471270e+00 -1.894538431215100e-03 -9.214552395980889e-04 -1.007696272217075e+00
16 25 -1.000283145361473e+00 -1.894468264026378e-03 -9.214292217101114e-04 -1.007696779396253e+00
16 26 -1.000283105169213e+00 -1.894510819723131e-03 -9.213202938550967e-04 -1.007696919892181e+00
16 27 -1.000283111274874e+00 -1.894664716591502e-03 -9.211313043995991e-04 -1.007696688102424e+00
16 28 -1.000283163192425e+00 -1.894924033182624e-03 -9.208691625997868e-04 -1.007696093359212e+00
16 29 -1.000283258626561e+00 -1.895278539457200e-03 -9.205446196175368e-04 -1.007695159499262e+00
16 30 -1.000283393608027e+00 -1.895714135711977e-03 -9.201717377997812e-04 -1.007693923782478e+00
16 31 -1.000283562694231e+00 -1.896213473259986e-03 -9.197670917037251e-04 -1.007692435232710e+00
17 0 -1.000283622997781e+00 -1.896985570140834e-03 -9.179790956538422e-04 -1.007690643400872e+00
17 1 -1.000283839307983e+00 -1.897550579457949e-03 -9.175676758157295e-04 -1.007688832981367e+00
17 2 -1.000284067556209e+00 -1.898116755292133e-03 -9.171780562443481e-04 -1.007686961703962e+00
17 3 -1.000284299150966e+00 -1.898662120929496e-03 -9.168264495909462e-04 -1.007685101586560e+00
17 4 -1.000284525453965e+00 -1.899165736752367e-03 -9.165266860137451e-04 -1.007683323655414e+00
17 5 -1.000284738070609e+00 -1.899608497745337e-03 -9.162896469544337e-04 -1.007681695297254e+00
17 6 -1.000284929125291e+00 -1.899973828002686e-03 -9.161229508973009e-04 -1.007680277817913e+00
17 7 -1.000285091518448e+00 -1.900248252050719e-03 -9.160308849017824e-04 -1.007679124277736e+00
17 8 -1.000285219162682e+00 -1.900421830494883e-03 -9.160145513591101e-04 -1.007678277658974e+00
17 9 -1.000285307194489e+00 -1.900488454364415e-03 -9.160721810391812e-04 -1.007677769407265e+00
17 10 -1.000285352156408e+00 -1.900445998470426e-03 -9.161995518167543e-04 -1.007677618377916e+00
17 11 -1.000285352142743e+00 -1.900296339050448e-03 -9.163904482452750e-04 -1.007677830207138e+00
17 12 -1.000285306900936e+00 -1.900045244456009e-03 -9.166371013451739e-04 -1.007678397118918e+00
17 13 -1.000285217880239e+00 -1.899702149095347e-03 -9.169305607850909e-04 -1.007679298171073e+00
17 14 -1.000285088219715e+00 -1.899279820494931e-03 -9.172609714599502e-04 -1.007680499938578e+00
17 15 -1.000284922669199e+00 -1.898793928340044e-03 -9.176177500983479e-04 -1.007681957625697e+00
17 16 -1.000284727440175e+00 -1.898262523875703e-03 -9.179896812644380e-04 -1.007683616588145e+00
17 17 -1.000284509987990e+00 -1.897705438492226e-03 -9.183649725260110e-04 -1.007685414232999e+00
17 18 -1.000284278731489e+00 -1.897143611570670e-03 -9.187313223629174e-04 -1.007687282249788e+00
17 19 -1.000284042720338e+00 -1.896598359890111e-03 -9.190760583976106e-04 -1.007689149112009e+00
17 20 -1.000283811264039e+00 -1.896090604611585e-03 -9.193863955424170e-04 -1.007690942773440e+00
17 21 -1.000283593539919e+00 -1.895640077152608e-03 -9.196498438415885e-04 -1.007692593467501e+00
17 22 -1.000283398199686e+00 -1.895264531409192e-03 -9.198547671817668e-04 -1.007694036502480e+00
17 23 -1.000283232995068e+00 -1.894978995643290e-03 -9.199910617326995e-04 -1.007695214933061e+00
17 24 -1.000283104442591e+00 -1.894795101972281e-03 -9.200508927275572e-04 -1.007696081980773e+00
17 25 -1.000283017545902e+00 -1.894720533805301e-03 -9.200294055120222e-04 -1.007696603074258e+00
17 26 -1.000282975591188e+00 -1.894758630393847e-03 -9.199253163675272e-04 -1.007696757388116e+00
17 27 -1.000282980026599e+00 -1.894908181523170e-03 -9.197412934968840e-04 -1.007696538780738e+00
17 28 -1.000283030430343e+00 -1.895163433979222e-03 -9.194840590873896e-04 -1.007695956067635e+00
17 29 -1.000283124565382e+00 -1.895514316169701e-03 -9.191641765196160e-04 -1.007695032612453e+00
17 30 -1.000283258512527e+00 -1.895946870648999e-03 -9.187955266631086e-04 -1.007693805265418e+00
17 31 -1.000283426869152e+00 -1.896443868855606e-03 -9.183945165301277e-04 -1.007692322721232e+00
18 0 -1.000283446415317e+00 -1.897143279357781e-03 -9.168997352371486e-04 -1.007690680076049e+00
18 1 -1.000283662406262e+00 -1.897707024628214e-03 -9.164904297437253e-04 -1.007688872254303e+00
18 2 -1.000283890696744e+00 -1.898272817616632e-03 -9.161019819373773e-04 -1.007687000773830e+00
18 3 -1.000284122693702e+00 -1.898818695866839e-03 -9.157505541496803e-04 -1.007685137669184e+00
18 4 -1.000284349743631e+00 -1.899323698840088e-03 -9.154499665248938e-04 -1.007683354090869e+00
18 5 -1.000284563423581e+00 -1.899768666408591e-03 -9.152111316166940e-04 -1.007681717651283e+00
18 6 -1.000284755817521e+00 -1.900136935860390e-03 -9.150417386809475e-04 -1.007680289973089e+00
18 7 -1.000284919774915e+00 -1.900414916881171e-03 -9.149461820755205e-04 -1.007679124511448e+00
18 8 -1.000285049148709e+00 -1.900592531724266e-03 -9.149257036290432e-04 -1.007678264706322e+00
18 9 -1.000285139009194e+00 -1.900663514926676e-03 -9.149786998781819e-04 -1.007677742507081e+00
18 10 -1.000285185828619e+00 -1.900625572921509e-03 -9.151011334113623e-04 -1.007677577299896e+00
18 11 -1.000285187629671e+00 -1.900480408532020e-03 -9.152869839920227e-04 -1.007677775258667e+00
18 12 -1.000285144089729e+00 -1.900233618526880e-03 -9.155286797819478e-04 -1.007678329131632e+00
18 13 -1.000285056592324e+00 -1.899894473977869e-03 -9.158174615431639e-04 -1.007679218468463e+00
18 14 -1.000284928217695e+00 -1.899475593141001e-03 -9.161436520054752e-04 -1.007680410286385e+00
18 15 -1.000284763666003e+00 -1.898992515725732e-03 -9.164968260403939e-04 -1.007681860166844e+00
18 16 -1.000284569110102e+00 -1.898463186848387e-03 -9.168659011547585e-04 -1.007683513764234e+00
18 17 -1.000284351979239e+00 -1.897907359351951e-03 -9.172391882908247e-04 -1.007685308694800e+00
18 18 -1.000284120679728e+00 -1.897345924502433e-03 -9.176044566294319e-04 -1.007687176759283e+00
18 19 -1.000283884262851e+00 -1.896800183318617e-03 -9.179490700293248e-04 -1.007689046438741e+00
18 20 -1.000283652053902e+00 -1.896291074383480e-03 -9.182602446945723e-04 -1.007690845588632e+00
18 21 -1.000283433259510e+00 -1.895838379244846e-03 -9.185254576688363e-04 -1.007692504240414e+00
18 22 -1.000283236572932e+00 -1.895459932859249e-03 -9.187330069919203e-04 -1.007693957403682e+00
18 23 -1.000283069797969e+00 -1.895170872622012e-03 -9.188726922060928e-04 -1.007695147748498e+00
18 24 -1.000282939511735e+00 -1.894982964101740e-03 -9.189365540212103e-04 -1.007696028039679e+00
18 25 -1.000282850784711e+00 -1.894904043788692e-03 -9.189195893305016e-04 -1.007696563193856e+00
18 26 -1.000282806973589e+00 -1.894937617965991e-03 -9.188203469539878e-04 -1.007696731838248e+00
18 27 -1.000282809597884e+00 -1.895082650923458e-03 -9.186413140906969e-04 -1.007696527270916e+00
18 28 -1.000282858305251e+00 -1.895333564547656e-03 -9.183890242801004e-04 -1.007695957757429e+00
18 29 -1.000282950923552e+00 -1.895680456003438e-03 -9.180738512517470e-04 -1.007695046144647e+00
18 30 -1.000283083591546e+00 -1.896109523463071e-03 -9.177094927131721e-04 -1.007693828820433e+00
18 31 -1.000283250955380e+00 -1.896603674460427e-03 -9.173121867399431e-04 -1.007692354090548e+00
19 0 -1.000283236079629e+00 -1.897224007141386e-03 -9.161513792702354e-04 -1.007690860926399e+00
19 1 -1.000283451492920e+00 -1.897785960970064e-03 -9.157441863839050e-04 -1.007689057521518e+00
19 2 -1.000283679564849e+00 -1.898350807558318e-03 -9.153569444522353e-04 -1.007687187712580e+00
19 3 -1.000283911710858e+00 -1.898896620035554e-03 -9.150057650082133e-04 -1.007685323479202e+00
19 4 -1.000284139272233e+00 -1.899402439326857e-03 -9.147044560457258e-04 -1.007683536023524e+00
19 5 -1.000284353807148e+00 -1.899849072705675e-03 -9.144639571780151e-04 -1.007681893113207e+00
19 6 -1.000284547367677e+00 -1.900219792328566e-03 -9.142920226345520e-04 -1.007680456622737e+00
19 7 -1.000284712759534e+00 -1.900500912939069e-03 -9.141931471292574e-04 -1.007679280345267e+00
19 8 -1.000284843781564e+00 -1.900682235687913e-03 -9.141687044578682e-04 -1.007678408132260e+00
19 9 -1.000284935441434e+00 -1.900757352421185e-03 -9.142172492198208e-04 -1.007677872403370e+00
19 10 -1.000284984142489e+00 -1.900723810838146e-03 -9.143349208845544e-04 -1.007677693056864e+00
19 11 -1.000284987834909e+00 -1.900583145261999e-03 -9.145158867875331e-04 -1.007677876801599e+00
19 12 -1.000284946122868e+00 -1.900340780704086e-03 -9.147527654597348e-04 -1.007678416923896e+00
19 13 -1.000284860318904e+00 -1.900005819590262e-03 -9.150369834971825e-04 -1.007679293495188e+00
19 14 -1.000284733437256e+00 -1.899590720797514e-03 -9.153590378759527e-04 -1.007680474019312e+00
19 15 -1.000284570119719e+00 -1.899110879830990e-03 -9.157086593670625e-04 -1.007681914511153e+00
19 16 -1.000284376490829e+00 -1.898584118185642e-03 -9.160748972044326e-04 -1.007683560988784e+00
19 17 -1.000284159943557e+00 -1.898030090252444e-03 -9.164461656022204e-04 -1.007685351348170e+00
19 18 -1.000283928861461e+00 -1.897469617673017e-03 -9.168103057563049e-04 -1.007687217574402e+00
19 19 -1.000283692287514e+00 -1.896923963448891e-03 -9.171547204832136e-04 -1.007689088228988e+00
19 20 -1.000283459553497e+00 -1.896414061536266e-03 -9.174666308890090e-04 -1.007690891138827e+00
19 21 -1.000283239887051e+00 -1.895959722699185e-03 -9.177334849088685e-04 -1.007692556197315e+00
19 22 -1.000283042015972e+00 -1.895578843878069e-03 -9.179435187640746e-04 -1.007694018171277e+00
19 23 -1.000282873790574e+00 -1.895286654812385e-03 -9.180864398568673e-04 -1.007695219392772e+00
19 24 -1.000282741844494e+00 -1.895095040393113e-03 -9.181541695651959e-04 -1.007696112206299e+00
19 25 -1.000282651312535e+00 -1.895011979177855e-03 -9.181415619646420e-04 -1.007696661041668e+00
19 26 -1.000282605621024e+00 -1.895041137053756e-03 -9.180470039427333e-04 -1.007696843991662e+00
19 27 -1.000282606361732e+00 -1.895181649247821e-03 -9.178728068639938e-04 -1.007696653794127e+00
19 28 -1.000282653254377e+00 -1.895428113014035e-03 -9.176253206915982e-04 -1.007696098152207e+00
19 29 -1.000282744195944e+00 -1.895770798172631e-03 -9.173147348291455e-04 -1.007695199371761e+00
19 30 -1.000282875388764e+00 -1.896196065861913e-03 -9.169545692733928e-04 -1.007693993343362e+00
19 31 -1.000283041534652e+00 -1.896686970412593e-03 -9.165608980876588e-04 -1.007692527939088e+00
20 0 -1.000282999850900e+00 -1.897224772700605e-03 -9.157616505890406e-04 -1.007691179448353e+00
20 1 -1.000283214449710e+00 -1.897784474610181e-03 -9.153564928973437e-04 -1.007689382116084e+00
20 2 -1.000283442050476e+00 -1.898347846625084e-03 -9.149704473515124e-04 -1.007687515792235e+00
20 3 -1.000283674086771e+00 -1.898893017250993e-03 -9.146195762658640e-04 -1.007685652332587e+00
20 4 -1.000283901904770e+00 -1.899399051125328e-03 -9.143176735885428e-04 -1.007683862916728e+00
20 5 -1.000284117054009e+00 -1.899846746803781e-03 -9.140757007151336e-04 -1.007682215390928e+00
20 6 -1.000284311564505e+00 -1.900219335580437e-03 -9.139014688944544e-04 -1.007680771806408e+00
20 7 -1.000284478207074e+00 -1.900503060636921e-03 -9.137995632020010e-04 -1.007679586224888e+00
20 8 -1.000284610733927e+00 -1.900687623609662e-03 -9.137714775236935e-04 -1.007678702848291e+00
20 9 -1.000284704095975e+00 -1.900766492792400e-03 -9.138159108556636e-04 -1.007678154515703e+00
20 10 -1.000284754631725e+00 -1.900737072981471e-03 -9.139291647980672e-04 -1.007677961598966e+00
20 11 -1.000284760220811e+00 -1.900600741417899e-03 -9.141055797210676e-04 -1.007678131318565e+00
20 12 -1.000284720393835e+00 -1.900362757523169e-03 -9.143379513243970e-04 -1.007678657492769e+00
20 13 -1.000284636389649e+00 -1.900032055861141e-03 -9.146178805473590e-04 -1.007679520725747e+00
20 14 -1.000284511151740e+00 -1.899620931733506e-03 -9.149360287313920e-04 -1.007680689034349e+00
20 15 -1.000284349257083e+00 -1.899144627742988e-03 -9.152822743882163e-04 -1.007682118906692e+00
20 16 -1.000284156774094e+00 -1.898620828983366e-03 -9.156457925547066e-04 -1.007683756775730e+00
20 17 -1.000283941050703e+00 -1.898069075117181e-03 -9.160150974662789e-04 -1.007685540877271e+00
20 18 -1.000283710438366e+00 -1.897510099227001e-03 -9.163781016716511e-04 -1.007687403446861e+00
20 19 -1.000283473962150e+00 -1.896965105568010e-03 -9.167222483932121e-04 -1.007689273195882e+00
20 20 -1.000283240950791e+00 -1.896455001661122e-03 -9.170347668027806e-04 -1.007691077993361e+00
20 21 -1.000283020643776e+00 -1.895999605302858e-03 -9.173030805246370e-04 -1.007692747664398e+00
20 22 -1.000282821795026e+00 -1.895616853718909e-03 -9.175153704272268e-04 -1.007694216799096e+00
20 23 -1.000282652293984e+00 -1.895322048652692e-03 -9.176612597707204e-04 -1.007695427451124e+00
20 24 -1.000282518824635e+00 -1.895127175949222e-03 -9.177325597893201e-04 -1.007696331596194e+00
20 25 -1.000282426581211e+00 -1.895040340199316e-03 -9.177239917725639e-04 -1.007696893219948e+00
20 26 -1.000282379056227e+00 -1.895065353569712e-03 -9.176337913911816e-04 -1.007697089913536e+00
20 27 -1.000282377911879e+00 -1.895201512101383e-03 -9.174641055796651e-04 -1.007696913876080e+00
20 28 -1.000282422939834e+00 -1.895443581909431e-03 -9.172211127373580e-04 -1.007696372257378e+00
20 29 -1.000282512107753e+00 -1.895782002775045e-03 -9.169148301308598e-04 -1.007695486818726e+00
20 30 -1.000282641684722e+00 -1.896203300025783e-03 -9.165586116443538e-04 -1.007694292937351e+00
20 31 -1.000282806433034e+00 -1.896690680091017e-03 -9.161683775890931e-04 -1.007692838022987e+00
21 0 -1.000282746574118e+00 -1.897145550363625e-03 -9.157442206655309e-04 -1.007691624419773e+00
21 1 -1.000282960151198e+00 -1.897702621814883e-03 -9.153409545112238e-04 -1.007689834596807e+00
21 2 -1.000283187044821e+00 -1.898264043784302e-03 -9.149560594862827e-04 -1.007687973449829e+00
21 3 -1.000283418715646e+00 -1.898808017913744e-03 -9.146055515940297e-04 -1.007686112646365e+00
21 4 -1.000283646524707e+00 -1.899313653967885e-03 -9.143032090465025e-04 -1.007684323269956e+00
21 5 -1.000283862023490e+00 -1.899761765989075e-03 -9.140600091351441e-04 -1.007682673165826e+00
21 6 -1.000284057230624e+00 -1.900135570219723e-03 -9.138838104901576e-04 -1.007681224480072e+00
21 7 -1.000284224892211e+00 -1.900421264509166e-03 -9.137792752751111e-04 -1.007680031462857e+00
21 8 -1.000284358723125e+00 -1.900608476597120e-03 -9.137480007062068e-04 -1.007679138591493e+00
21 9 -1.000284453625607e+00 -1.900690575200120e-03 -9.137888107374313e-04 -1.007678579057368e+00
21 10 -1.000284505879839e+00 -1.900664843354548e-03 -9.138981484592887e-04 -1.007678373649848e+00
21 11 -1.000284513299471e+00 -1.900532518354646e-03 -9.140705068728882e-04 -1.007678530059083e+00
21 12 -1.000284475343862e+00 -1.900298706356141e-03 -9.142988394834489e-04 -1.007679042609432e+00
21 13 -1.000284393178257e+00 -1.899972181258529e-03 -9.145749036159734e-04 -1.007679892428581e+00
21 14 -1.000284269673338e+00 -1.899565076828203e-03 -9.148895089685483e-04 -1.007681048053379e+00
21 15 -1.000284109337285e+00 -1.899092479725898e-03 -9.152326686078084e-04 -1.007682466467419e+00
21 16 -1.000283918176715e+00 -1.898571930792591e-03 -9.155936737039745e-04 -1.007684094554548e+00
21 17 -1.000283703487428e+00 -1.898022842863177e-03 -9.159611324078497e-04 -1.007685870938024e+00
21 18 -1.000283473580595e+00 -1.897465844829846e-03 -9.163230256860951e-04 -1.007687728160636e+00
21 19 -1.000283237454432e+00 -1.896922063651498e-03 -9.166668371615476e-04 -1.007689595147640e+00
21 20 -1.000283004425185e+00 -1.896412359460124e-03 -9.169798071230389e-04 -1.007691399879724e+00
21 21 -1.000282783734543e+00 -1.895956534406503e-03 -9.172493411079443e-04 -1.007693072186575e+00
21 22 -1.000282584153045e+00 -1.895572542566146e-03 -9.174635737040801e-04 -1.007694546554841e+00
21 23 -1.000282413600275e+00 -1.895275734512473e-03 -9.176120552687738e-04 -1.007695764830394e+00
21 24 -1.000282278802393e+00 -1.895078174884077e-03 -9.176864997510074e-04 -1.007696678685795e+00
21 25 -1.000282185005950e+00 -1.894988073626301e-03 -9.176815100313413e-04 -1.007697251721697e+00
21 26 -1.000282135763776e+00 -1.895009370427707e-03 -9.175951865901829e-04 -1.007697461078960e+00
21 27 -1.000282132804022e+00 -1.895141505900251e-03 -9.174295294580157e-04 -1.007697298459785e+00
21 28 -1.000282175987387e+00 -1.895379401985962e-03 -9.171905637791150e-04 -1.007696770491054e+00
21 29 -1.000282263351019e+00 -1.895713659248937e-03 -9.168881527119179e-04 -1.007695898406897e+00
21 30 -1.000282391231453e+00 -1.896130962397049e-03 -9.165355008741901e-04 -1.007694717074210e+00
21 31 -1.000282554454151e+00 -1.896614669839848e-03 -9.161483900206512e-04 -1.007693273428231e+00
22 0 -1.000282485775260e+00 -1.896989271268236e-03 -9.160984811309145e-04 -1.007692180172946e+00
22 1 -1.000282698159976e+00 -1.897543428106810e-03 -9.156969067580641e-04 -1.007690399027883e+00
22 2 -1.000282924135070e+00 -1.898102493092213e-03 -9.153130868238279e-04 -1.007688544570200e+00
22 3 -1.000283155196405e+00 -1.898644756268664e-03 -9.149629950859433e-04 -1.007686688220885e+00
22 4 -1.000283382729391e+00 -1.899149392340377e-03 -9.146603929007276e-04 -1.007684900897067e+00
22 5 -1.000283598297949e+00 -1.899597254359670e-03 -9.144162672179037e-04 -1.007683250363565e+00
22 6 -1.000283793920356e+00 -1.899971569921909e-03 -9.142385125076627e-04 -1.007681798775891e+00
22 7 -1.000283962329235e+00 -1.900258519886336e-03 -9.141318511718852e-04 -1.007680600484250e+00
22 8 -1.000284097213054e+00 -1.900447687035941e-03 -9.140979624483451e-04 -1.007679700154185e+00
22 9 -1.000284193435421e+00 -1.900532368418883e-03 -9.141357711134864e-04 -1.007679131248321e+00
22 10 -1.000284247226809e+00 -1.900509750784084e-03 -9.142418363457986e-04 -1.007678914902523e+00
22 11 -1.000284256341756e+00 -1.900380953633803e-03 -9.144107780119800e-04 -1.007679059217860e+00
22 12 -1.000284220173367e+00 -1.900150948074758e-03 -9.146356819397380e-04 -1.007679558979753e+00
22 13 -1.000284139816224e+00 -1.899828360896347e-03 -9.149084377479354e-04 -1.007680395809775e+00
22 14 -1.000284018068990e+00 -1.899425172516500e-03 -9.152199823044087e-04 -1.007681538751983e+00
22 15 -1.000283859369654e+00 -1.898956316236781e-03 -9.155604460363999e-04 -1.007682945289582e+00
22 16 -1.000283669659631e+00 -1.898439185965852e-03 -9.159192232052638e-04 -1.007684562776919e+00
22 17 -1.000283456177405e+00 -1.897893060288817e-03 -9.162850066912339e-04 -1.007686330258008e+00
22 18 -1.000283227187143e+00 -1.897338452082750e-03 -9.166458405768267e-04 -1.007688180628651e+00
22 19 -1.000282991652181e+00 -1.896796395066385e-03 -9.169892479007382e-04 -1.007690043084978e+00
22 20 -1.000282758867220e+00 -1.896287682471916e-03 -9.173024836334152e-04 -1.007691845785576e+00
22 21 -1.000282538066370e+00 -1.895832078571965e-03 -9.175729429464316e-04 -1.007693518637628e+00
22 22 -1.000282338026611e+00 -1.895447530217108e-03 -9.177887252748647e-04 -1.007694996101415e+00
22 23 -1.000282166687431e+00 -1.895149411669015e-03 -9.179393220392681e-04 -1.007696219893928e+00
22 24 -1.000282030807287e+00 -1.894949840922281e-03 -9.180163664946735e-04 -1.007697141462677e+00
22 25 -1.000281935675892e+00 -1.894857108367569e-03 -9.180143622125498e-04 -1.007697724097752e+00
22 26 -1.000281884898228e+00 -1.894875257601840e-03 -9.179312957513519e-04 -1.007697944558077e+00
22 27 -1.000281880261403e+00 -1.895003852167419e-03 -9.177690429952975e-04 -1.007697794109361e+00
22 28 -1.000281921689568e+00 -1.895237950926768e-03 -9.175334991561292e-04 -1.007697278905914e+00
22 29 -1.000282007285542e+00 -1.895568299996068e-03 -9.172343962216020e-04 -1.007696419692106e+00
22 30 -1.000282133451573e+00 -1.895981732789724e-03 -9.168848113244657e-04 -1.007695250846300e+00
22 31 -1.000282295076714e+00 -1.896461754077726e-03 -9.165004076676947e-04 -1.007693818834194e+00
23 0 -1.000282227327384e+00 -1.896761729312593e-03 -9.168097603580058e-04 -1.007692826975397e+00
23 1 -1.000282438391715e+00 -1.897312791613036e-03 -9.164096312986186e-04 -1.007691055367027e+00
23 2 -1.000282663268993e+00 -1.897869175439270e-03 -9.160267870259561e-04 -1.007689208877814e+00
23 3 -1.000282893497237e+00 -1.898409271411939e-03 -9.156771644749684e-04 -1.007687358632282e+00
23 4 -1.000283120494892e+00 -1.898912336626509e-03 -9.153745075789844e-04 -1.007685575316636e+00
23 5 -1.000283335848335e+00 -1.899359285300001e-03 -9.151298058798661e-04 -1.007683926538644e+00
23 6 -1.000283531586631e+00 -1.899733382645967e-03 -9.149509759155723e-04 -1.007682474376651e+00
23 7 -1.000283700440824e+00 -1.900020821920582e-03 -9.148427804582863e-04 -1.007681273187532e+00
23 8 -1.000283836085039e+00 -1.900211171865385e-03 -9.148069562208629e-04 -1.007680367729844e+00
23 9 -1.000283933355767e+00 -1.900297688525712e-03 -9.148425011298364e-04 -1.007679791645834e+00
23 10 -1.000283988444200e+00 -1.900277491445976e-03 -9.149460607451164e-04 -1.007679566333801e+00
23 11 -1.000283999054838e+00 -1.900151609014821e-03 -9.151123508975910e-04 -1.007679700231428e+00
23 12 -1.000283964522041e+00 -1.899924900754478e-03 -9.153345589168603e-04 -1.007680188522566e+00
23 13 -1.000283885875396e+00 -1.899605865525178e-03 -9.156046778189800e-04 -1.007681013274271e+00
23 14 -1.000283765845075e+00 -1.899206344335942e-03 -9.159137463251410e-04 -1.007682144005904e+00
23 15 -1.000283608800128e+00 -1.898741125452662e-03 -9.162519912241071e-04 -1.007683538685586e+00
23 16 -1.000283420615793e+00 -1.898227458672871e-03 -9.166088932261703e-04 -1.007685145140150e+00
23 17 -1.000283208470162e+00 -1.897684485792456e-03 -9.169732178339457e-04 -1.007686902852453e+00
23 18 -1.000282980575341e+00 -1.897132595817694e-03 -9.173330652953256e-04 -1.007688745105033e+00
23 19 -1.000282745852936e+00 -1.896592716325823e-03 -9.176759967456833e-04 -1.007690601413039e+00
23 20 -1.000282513567732e+00 -1.896085556379130e-03 -9.179892858774359e-04 -1.007692400173258e+00
23 21 -1.000282292936703e+00 -1.895630821528118e-03 -9.182603261190046e-04 -1.007694071440464e+00
23 22 -1.000282092732816e+00 -1.895246427578645e-03 -9.184771944090206e-04 -1.007695549726698e+00
23 23 -1.000281920904453e+00 -1.894947746223929e-03 -9.186293398389758e-04 -1.007696776704393e+00
23 24 -1.000281784231169e+00 -1.894746920951353e-03 -9.187083354087197e-04 -1.007697703683624e+00
23 25 -1.000281688034911e+00 -1.894652294253586e-03 -9.187086089905133e-04 -1.007698293731177e+00
23 26 -1.000281635962516e+00 -1.894667985894043e-03 -9.186280589430544e-04 -1.007698523307603e+00
23 27 -1.000281629850740e+00 -1.894793656074177e-03 -9.184684638925244e-04 -1.007698383319286e+00
23 28 -1.000281669679240e+00 -1.895024476636262e-03 -9.182356165396610e-04 -1.007697879515911e+00
23 29 -1.000281753610303e+00 -1.895351318660494e-03 -9.179391450559357e-04 -1.007697032207515e+00
23 30 -1.000281878107719e+00 -1.895761148041045e-03 -9.175920254675140e-04 -1.007695875323880e+00
23 31 -1.000282038122135e+00 -1.896237604774649e-03 -9.172098265945638e-04 -1.007694454883839e+00
24 0 -1.000281981094426e+00 -1.896471391769283e-03 -9.178500475293069e-04 -1.007693541538422e+00
24 1 -1.000282190757927e+00 -1.897019290983538e-03 -9.174510789163115e-04 -1.007691779981925e+00
24 2 -1.000282414397027e+00 -1.897572764483764e-03 -9.170690911351489e-04 -1.007689942458390e+00
24 3 -1.000282643597329e+00 -1.898110312022118e-03 -9.167199908081129e-04 -1.007688099756585e+00
24 4 -1.000282869817781e+00 -1.898611287658023e-03 -9.164175038256508e-04 -1.007686322275319e+00
24 5 -1.000283084676561e+00 -1.899056687038000e-03 -9.161726140715040e-04 -1.007684677393295e+00
24 6 -1.000283280224469e+00 -1.899429838263718e-03 -9.159932446694964e-04 -1.007683227026635e+00
24 7 -1.000283449203011e+00 -1.899716976051529e-03 -9.158841771543709e-04 -1.007682025444753e+00
24 8 -1.000283585284516e+00 -1.899907686472507e-03 -9.158471791440222e-04 -1.007681117400685e+00
24 9 -1.000283683290853e+00 -1.899995216862250e-03 -9.158812910919983e-04 -1.007680536617660e+00
24 10 -1.000283739385952e+00 -1.899976651558938e-03 -9.159832112819817e-04 -1.007680304661327e+00
24 11 -1.000283751235383e+00 -1.899852958311884e-03 -9.161477164057940e-04 -1.007680430217922e+00
24 12 -1.000283718124529e+00 -1.899628912741019e-03 -9.163680607400677e-04 -1.007680908792028e+00
24 13 -1.000283641026035e+00 -1.899312909591625e-03 -9.166363084104820e-04 -1.007681722831531e+00
24 14 -1.000283522607651e+00 -1.898916669674501e-03 -9.169435710250358e-04 -1.007682842281241e+00
24 15 -1.000283367173391e+00 -1.898454850281180e-03 -9.172801467921651e-04 -1.007684225560541e+00
24 16 -1.000283180533880e+00 -1.897944565477706e-03 -9.176355828089720e-04 -1.007685820952711e+00
24 17 -1.000282969805957e+00 -1.897404822582117e-03 -9.179987029819750e-04 -1.007687568381912e+00
24 18 -1.000282743146436e+00 -1.896855883019079e-03 -9.183576558783631e-04 -1.007689401537965e+00
24 19 -1.000282509429776e+00 -1.896318558975345e-03 -9.187000390393236e-04 -1.007691250292060e+00
24 20 -1.000282277883524e+00 -1.895813461138743e-03 -9.190131487397252e-04 -1.007693043330908e+00
24 21 -1.000282057698531e+00 -1.895360217594255e-03 -9.192843856955299e-04 -1.007694710921915e+00
24 22 -1.000281857633404e+00 -1.894976690188535e-03 -9.195018185360157e-04 -1.007696187705795e+00
24 23 -1.000281685634026e+00 -1.894678221570285e-03 -9.196548732761084e-04 -1.007697415397037e+00
24 24 -1.000281548489003e+00 -1.894476951621288e-03 -9.197350863404024e-04 -1.007698345261625e+00
24 25 -1.000281451540199e+00 -1.894381244336315e-03 -9.197368368696446e-04 -1.007698940239665e+00
24 26 -1.000281398464226e+00 -1.894395264705869e-03 -9.196579641187907e-04 -1.007699176589458e+00
24 27 -1.000281391136211e+00 -1.894518739483368e-03 -9.195001798783665e-04 -1.007699044949592e+00
24 28 -1.000281429581314e+00 -1.894746925358014e-03 -9.192692055288721e-04 -1.007698550748113e+00
24 29 -1.000281512012911e+00 -1.895070793248483e-03 -9.189745966195735e-04 -1.007697713931909e+00
24 30 -1.000281634949809e+00 -1.895477420342179e-03 -9.186292580121867e-04 -1.007696568039000e+00
24 31 -1.000281793399847e+00 -1.895950565540875e-03 -9.182486913027775e-04 -1.007695158681320e+00
25 0 -1.000281756562783e+00 -1.896129116386082e-03 -9.191791726135749e-04 -1.007694297672575e+00
25 1 -1.000281964796279e+00 -1.896673899431237e-03 -9.187810487852636e-04 -1.007692546315092e+00
25 2 -1.000282187101569e+00 -1.897224338244467e-03 -9.183997812371314e-04 -1.007690718430961e+00
25 3 -1.000282415115510e+00 -1.897759046381257e-03 -9.180512531013314e-04 -1.007688884446045e+00
25 4 -1.000282640343662e+00 -1.898257486225695e-03 -9.177491711719070e-04 -1.007687114424830e+00
25 5 -1.000282854444402e+00 -1.898700752527738e-03 -9.175045048060793e-04 -1.007685475451961e+00
25 6 -1.000283049500533e+00 -1.899072259401671e-03 -9.173251677280350e-04 -1.007684029201472e+00
25 7 -1.000283218275649e+00 -1.899358310449281e-03 -9.172159379098277e-04 -1.007682829764583e+00
25 8 -1.000283354452797e+00 -1.899548539722366e-03 -9.171785857893292e-04 -1.007681921790761e+00
25 9 -1.000283452852315e+00 -1.899636218707832e-03 -9.172121613114490e-04 -1.007681338981942e+00
25 10 -1.000283509624088e+00 -1.899618430306751e-03 -9.173133790898221e-04 -1.007681102968403e+00
25 11 -1.000283522407496e+00 -1.899496114676153e-03 -9.174770391024319e-04 -1.007681222586461e+00
25 12 -1.000283490450588e+00 -1.899273994376155e-03 -9.176964257180404e-04 -1.007681693571452e+00
25 13 -1.000283414679205e+00 -1.898960387725963e-03 -9.179636391850003e-04 -1.007682498673173e+00
25 14 -1.000283297707084e+00 -1.898566919213014e-03 -9.182698317623677e-04 -1.007683608195753e+00
25 15 -1.000283143779589e+00 -1.898108134354933e-03 -9.186053449196319e-04 -1.007684980958792e+00
25 16 -1.000282958646756e+00 -1.897601024988776e-03 -9.189597696888338e-04 -1.007686565668846e+00
25 17 -1.000282749365565e+00 -1.897064471130003e-03 -9.193219726888344e-04 -1.007688302677736e+00
25 18 -1.000282524036310e+00 -1.896518607530431e-03 -9.196801418750207e-04 -1.007690126088196e+00
25 19 -1.000282291482627e+00 -1.895984126014223e-03 -9.200219085032708e-04 -1.007691966151270e+00
25 20 -1.000282060888855e+00 -1.895481528271780e-03 -9.203345947598397e-04 -1.007693751884850e+00
25 21 -1.000281841411661e+00 -1.895030348767174e-03 -9.206056181724168e-04 -1.007695413826990e+00
25 22 -1.000281641785395e+00 -1.894648374094812e-03 -9.208230547427731e-04 -1.007696886820220e+00
25 23 -1.000281469942065e+00 -1.894350892209279e-03 -9.209763285740460e-04 -1.007698112706747e+00
25 24 -1.000281332666838e+00 -1.894150010297937e-03 -9.210569650991701e-04 -1.007699042803835e+00
25 25 -1.000281235308321e+00 -1.894054082259623e-03 -9.210593237609360e-04 -1.007699640027018e+00
25 26 -1.000281181559587e+00 -1.894067285338120e-03 -9.209812164328743e-04 -1.007699880537193e+00
25 27 -1.000281173321306e+00 -1.894189379918423e-03 -9.208243216677699e-04 -1.007699754807684e+00
25 28 -1.000281210652375e+00 -1.894415676102927e-03 -9.205943239257471e-04 -1.007699268040280e+00
25 29 -1.000281291806907e+00 -1.894737215822150e-03 -9.203007400564630e-04 -1.007698439903518e+00
25 30 -1.000281413350089e+00 -1.895141162242451e-03 -9.199564358984184e-04 -1.007697303615231e+00
25 31 -1.000281570340414e+00 -1.895611372368168e-03 -9.195768749881329e-04 -1.007695904435846e+00
26 0 -1.000281562473046e+00 -1.895747779179505e-03 -9.207463813888636e-04 -1.007695067101895e+00
26 1 -1.000281769300703e+00 -1.896289608953201e-03 -9.203487628386959e-04 -1.007693325709671e+00
26 2 -1.000281990225766e+00 -1.896837000489465e-03 -9.199680627062345e-04 -1.007691507782737e+00
26 3 -1.000282216938186e+00 -1.897368681778849e-03 -9.196201474066897e-04 -1.007689683369952e+00
26 4 -1.000282440994699e+00 -1.897864231204209e-03 -9.193187036285620e-04 -1.007687922165879e+00
26 5 -1.000282654100886e+00 -1.898304856781942e-03 -9.190746777333170e-04 -1.007686290906324e+00
26 6 -1.000282848380617e+00 -1.898674078502848e-03 -9.188959584051780e-04 -1.007684850952384e+00
26 7 -1.000283016630332e+00 -1.898958293663309e-03 -9.187872974313798e-04 -1.007683656133072e+00
26 8 -1.000283152555979e+00 -1.899147213305296e-03 -9.187504390187621e-04 -1.007682750899673e+00
26 9 -1.000283250989619e+00 -1.899234165263081e-03 -9.187844084813051e-04 -1.007682168830665e+00
26 10 -1.000283308080918e+00 -1.899216264972485e-03 -9.188858995290820e-04 -1.007681931515291e+00
26 11 -1.000283321456825e+00 -1.899094459195339e-03 -9.190496969369489e-04 -1.007682047835326e+00
26 12 -1.000283290341164e+00 -1.898873450517646e-03 -9.192690767652880e-04 -1.007682513657270e+00
26 13 -1.000283215624975e+00 -1.898561511721500e-03 -9.195361382447973e-04 -1.007683311941534e+00
26 14 -1.000283099878459e+00 -1.898170198601653e-03 -9.198420399411407e-04 -1.007684413271591e+00
26 15 -1.000282947296882e+00 -1.897713968161940e-03 -9.201771368442844e-04 -1.007685776801660e+00
26 16 -1.000282763575910e+00 -1.897209707966398e-03 -9.205310401661747e-04 -1.007687351612907e+00
26 17 -1.000282555716319e+00 -1.896676182831672e-03 -9.208926419878371e-04 -1.007689078454679e+00
26 18 -1.000282331762854e+00 -1.896133406823519e-03 -9.212501589271054e-04 -1.007690891831883e+00
26 19 -1.000282100486615e+00 -1.895601951070282e-03 -9.215912519088363e-04 -1.007692722384683e+00
26 20 -1.000281871024389e+00 -1.895102201487569e-03 -9.219032720136748e-04 -1.007694499491601e+00
26 21 -1.000281652491814e+00 -1.894653585876309e-03 -9.221736635959078e-04 -1.007696154010170e+00
26 22 -1.000281453589899e+00 -1.894273796825066e-03 -9.223905263969228e-04 -1.007697621051075e+00
26 23 -1.000281282225802e+00 -1.893978043854116e-03 -9.225433043139474e-04 -1.007698842665715e+00
26 24 -1.000281145168800e+00 -1.893778373455546e-03 -9.226235380536331e-04 -1.007699770316744e+00
26 25 -1.000281047760762e+00 -1.893683098016724e-03 -9.226255976899308e-04 -1.007700366998746e+00
26 26 -1.000280993697265e+00 -1.893696373387687e-03 -9.225473014069871e-04 -1.007700608884157e+00
26 27 -1.000280984890662e+00 -1.893817959189135e-03 -9.223903303113685e-04 -1.007700486390285e+00
26 28 -1.000281021420392e+00 -1.894043185279365e-03 -9.221603682336624e-04 -1.007700004597356e+00
26 29 -1.000281101569302e+00 -1.894363132951105e-03 -9.218669286968298e-04 -1.007699182991536e+00
26 30 -1.000281221938602e+00 -1.894765022792811e-03 -9.215228719559708e-04 -1.007698054554208e+00
26 31 -1.000281377629076e+00 -1.895232785482564e-03 -9.211436541151658e-04 -1.007696664262633e+00
27 0 -1.000281406466571e+00 -1.895341820639988e-03 -9.224922391984166e-04 -1.007695820434425e+00
27 1 -1.000281611966038e+00 -1.895880972573115e-03 -9.220947687590243e-04 -1.007694088393376e+00
27 2 -1.000281831516630e+00 -1.896425419635918e-03 -9.217144655018811e-04 -1.007692280364015e+00
27 3 -1.000282056861292e+00 -1.896954000585918e-03 -9.213671863257106e-04 -1.007690466018206e+00
27 4 -1.000282279610605e+00 -1.897446413093691e-03 -9.210665976674120e-04 -1.007688714658850e+00
27 5 -1.000282491522529e+00 -1.897883988263686e-03 -9.208236153126377e-04 -1.007687092631479e+00
27 6 -1.000282684769480e+00 -1.898250367828945e-03 -9.206460877841671e-04 -1.007685660925272e+00
27 7 -1.000282852190354e+00 -1.898532064219291e-03 -9.205387183014908e-04 -1.007684473032394e+00
27 8 -1.000282987525474e+00 -1.898718891778663e-03 -9.205031962102019e-04 -1.007683573118039e+00
27 9 -1.000283085631514e+00 -1.898804264804411e-03 -9.205384888621087e-04 -1.007682994539411e+00
27 10 -1.000283142671703e+00 -1.898785363952151e-03 -9.206412325440216e-04 -1.007682758740700e+00
27 11 -1.000283156274764e+00 -1.898663176664697e-03 -9.208061583607809e-04 -1.007682874542412e+00
27 12 -1.000283125654440e+00 -1.898442419805353e-03 -9.210264949845564e-04 -1.007683337836403e+00
27 13 -1.000283051680451e+00 -1.898131353610430e-03 -9.212943027452846e-04 -1.007684131693192e+00
27 14 -1.000282936891635e+00 -1.897741495425745e-03 -9.216007118353581e-04 -1.007685226884867e+00
27 15 -1.000282785443494e+00 -1.897287240114948e-03 -9.219360607645449e-04 -1.007686582822630e+00
27 16 -1.000282602985524e+00 -1.896785392823836e-03 -9.222899562663522e-04 -1.007688148899613e+00
27 17 -1.000282396468126e+00 -1.896254619960070e-03 -9.226512969444126e-04 -1.007689866216715e+00
27 18 -1.000282173883718e+00 -1.895714825861390e-03 -9.230083155688307e-04 -1.007691669654016e+00
27 19 -1.000281943951234e+00 -1.895186465308915e-03 -9.233486975554856e-04 -1.007693490234984e+00
27 20 -1.000281715757358e+00 -1.894689805872372e-03 -9.236598253869273e-04 -1.007695257714916e+00
27 21 -1.000281498371351e+00 -1.894244159476271e-03 -9.239291798715023e-04 -1.007696903308041e+00
27 22 -1.000281300452977e+00 -1.893867109379158e-03 -9.241449002424188e-04 -1.007698362449872e+00
27 23 -1.000281129874432e+00 -1.893573765739186e-03 -9.242964713704680e-04 -1.007699577475306e+00
27 24 -1.000280993377175e+00 -1.893376088418644e-03 -9.243754755308057e-04 -1.007700500081812e+00
27 25 -1.000280896283102e+00 -1.893282318274961e-03 -9.243763243396218e-04 -1.007701093444032e+00
27 26 -1.000280842276236e+00 -1.893296556889991e-03 -9.242968766730492e-04 -1.007701333854323e+00
27 27 -1.000280833266263e+00 -1.893418528714340e-03 -9.241388524438630e-04 -1.007701211785413e+00
27 28 -1.000280869339093e+00 -1.893643548753884e-03 -9.239079714841222e-04 -1.007700732306015e+00
27 29 -1.000280948793131e+00 -1.893962704223486e-03 -9.236137798942024e-04 -1.007699914823829e+00
27 30 -1.000281068253863e+00 -1.894363242213133e-03 -9.232691665790677e-04 -1.007698792177009e+00
27 31 -1.000281222854407e+00 -1.894829139839135e-03 -9.228896116064506e-04 -1.007697409138730e+00
28 0 -1.000281294763332e+00 -1.894926722151988e-03 -9.243507958945402e-04 -1.007696528267979e+00
28 1 -1.000281499063893e+00 -1.895463576592984e-03 -9.239531048725335e-04 -1.007694804598588e+00
28 2 -1.000281717299071e+00 -1.896005296840834e-03 -9.235730091649154e-04 -1.007693006021837e+00
28 3 -1.000281941262607e+00 -1.896530824252655e-03 -9.232263642869357e-04 -1.007691201847714e+00
28 4 -1.000282162619371e+00 -1.897019974159396e-03 -9.229268173896856e-04 -1.007689460981797e+00
28 5 -1.000282373182791e+00 -1.897454205726772e-03 -9.226852469626366e-04 -1.007687849353431e+00
28 6 -1.000282565179516e+00 -1.897817293789896e-03 -9.225094471019887e-04 -1.007686427534801e+00
28 7 -1.000282731499034e+00 -1.898095883168510e-03 -9.224040515201179e-04 -1.007685248618732e+00
28 8 -1.000282865926296e+00 -1.898279913941387e-03 -9.223706682155911e-04 -1.007684356406909e+00
28 9 -1.000282963354539e+00 -1.898362913647197e-03 -9.224081754838240e-04 -1.007683783945761e+00
28 10 -1.000283019973813e+00 -1.898342158417679e-03 -9.225131173425627e-04 -1.007683552435689e+00
28 11 -1.000283033428794e+00 -1.898218709107329e-03 -9.226801338943933e-04 -1.007683670530962e+00
28 12 -1.000283002937741e+00 -1.897997330762337e-03 -9.229023684681259e-04 -1.007684134041444e+00
28 13 -1.000282929363393e+00 -1.897686304621840e-03 -9.231718059293380e-04 -1.007684926042688e+00
28 14 -1.000282815226600e+00 -1.897297141341678e-03 -9.234795144464789e-04 -1.007686017397148e+00
28 15 -1.000282664654966e+00 -1.896844202547081e-03 -9.238157861922336e-04 -1.007687367685037e+00
28 16 -1.000282483261816e+00 -1.896344236206711e-03 -9.241701980512941e-04 -1.007688926536303e+00
28 17 -1.000282277954996e+00 -1.895815831050696e-03 -9.245316352213460e-04 -1.007690635343588e+00
28 18 -1.000282056679876e+00 -1.895278796927979e-03 -9.248883332404016e-04 -1.007692429320574e+00
28 19 -1.000281828105643e+00 -1.894753481165962e-03 -9.252279958854895e-04 -1.007694239853214e+00
28 20 -1.000281601268265e+00 -1.894260035100983e-03 -9.255380381626139e-04 -1.007695997074862e+00
28 21 -1.000281385187042e+00 -1.893817650101056e-03 -9.258059852345696e-04 -1.007697632579879e+00
28 22 -1.000281188474143e+00 -1.893443788857905e-03 -9.260200300351042e-04 -1.007699082173311e+00
28 23 -1.000281018957978e+00 -1.893153444793020e-03 -9.261697185882162e-04 -1.007700288537760e+00
28 24 -1.000280883341304e+00 -1.892958468311597e-03 -9.262467003726963e-04 -1.007701203686477e+00
28 25 -1.000280786913544e+00 -1.892867001419269e-03 -9.262454586428862e-04 -1.007701791068335e+00
28 26 -1.000280733333553e+00 -1.892883060693444e-03 -9.261639261744666e-04 -1.007702027199217e+00
28 27 -1.000280724494113e+00 -1.893006302353510e-03 -9.260038967178427e-04 -1.007701902716588e+00
28 28 -1.000280760473288e+00 -1.893231992343128e-03 -9.257711619388307e-04 -1.007701422788543e+00
28 29 -1.000280839571215e+00 -1.893551189817713e-03 -9.254753361462437e-04 -1.007700606852046e+00
28 30 -1.000280958424841e+00 -1.893951136108113e-03 -9.251293709874595e-04 -1.007699487701738e+00
28 31 -1.000281112188278e+00 -1.894415825589459e-03 -9.247488014081488e-04 -1.007698109994308e+00
29 0 -1.000281231888105e+00 -1.894518428421227e-03 -9.262519464794994e-04 -1.007697162390987e+00
29 1 -1.000281435166816e+00 -1.895053458720513e-03 -9.258536623190320e-04 -1.007695445777865e+00
29 2 -1.000281652197855e+00 -1.895592779166020e-03 -9.254735669830122e-04 -1.007693655831747e+00
29 3 -1.000281874821438e+00 -1.896115421272578e-03 -9.251275233409636e-04 -1.007691861530800e+00
29 4 -1.000282094754908e+00 -1.896601311516691e-03 -9.248291610228528e-04 -1.007690131394194e+00
29 5 -1.000282303868073e+00 -1.897032037004230e-03 -9.245893156690441e-04 -1.007688530925846e+00
29 6 -1.000282494445477e+00 -1.897391511923893e-03 -9.244157146323511e-04 -1.007687120251906e+00
29 7 -1.000282659433423e+00 -1.897666525677151e-03 -9.243129039881384e-04 -1.007685952018584e+00
29 8 -1.000282792670021e+00 -1.897847161690523e-03 -9.242823870957822e-04 -1.007685069600453e+00
29 9 -1.000282889095652e+00 -1.897927083284592e-03 -9.243229251337330e-04 -1.007684505655126e+00
29 10 -1.000282944939517e+00 -1.897903688848201e-03 -9.244309378728828e-04 -1.007684281049110e+00
29 11 -1.000282957875888e+00 -1.897778142613903e-03 -9.246009401765297e-04 -1.007684404171570e+00
29 12 -1.000282927141918e+00 -1.897555289704533e-03 -9.248259554161656e-04 -1.007684870646583e+00
29 13 -1.000282853607881e+00 -1.897243464999234e-03 -9.250978593204858e-04 -1.007685663449759e+00
29 14 -1.000282739790731e+00 -1.896854204746699e-03 -9.254076260783376e-04 -1.007686753431409e+00
29 15 -1.000282589803283e+00 -1.896401868054257e-03 -9.257454722285439e-04 -1.007688100244699e+00
29 16 -1.000282409234245e+00 -1.895903173535780e-03 -9.261009196087249e-04 -1.007689653670984e+00
29 17 -1.000282204958409e+00 -1.895376655968708e-03 -9.264628203049273e-04 -1.007691355323538e+00
29 18 -1.000281984881143e+00 -1.894842049479589e-03 -9.268193990823890e-04 -1.007693140695493e+00
29 19 -1.000281757626204e+00 -1.894319607111531e-03 -9.271583707364261e-04 -1.007694941500201e+00
29 20 -1.000281532180255e+00 -1.893829370922329e-03 -9.274671816932832e-04 -1.007696688234981e+00
29 21 -1.000281317511045e+00 -1.893390411947435e-03 -9.277334069392704e-04 -1.007698312882603e+00
29 22 -1.000281122178663e+00 -1.893020065697115e-03 -9.279453053295907e-04 -1.007699751648189e+00
29 23 -1.000280953960611e+00 -1.892733195840008e-03 -9.280925025038540e-04 -1.007700947613104e+00
29 24 -1.000280819511544e+00 -1.892541524680869e-03 -9.281667387118178e-04 -1.007701853175171e+00
29 25 -1.000280724077169e+00 -1.892453071928249e-03 -9.281625963032125e-04 -1.007702432140994e+00
29 26 -1.000280671278539e+00 -1.892471741717114e-03 -9.280781123913727e-04 -1.007702661345050e+00
29 27 -1.000280662977990e+00 -1.892597091519695e-03 -9.279151872612926e-04 -1.007702531692669e+00
29 28 -1.000280699231747e+00 -1.892824305741793e-03 -9.276797184476411e-04 -1.007702048558609e+00
29 29 -1.000280778327697e+00 -1.893144382360785e-03 -9.273814224860618e-04 -1.007701231516231e+00
29 30 -1.000280896900818e+00 -1.893544524635115e-03 -9.270333461058306e-04 -1.007700113419058e+00
29 31 -1.000281050113906e+00 -1.894008714124621e-03 -9.266511082400183e-04 -1.007698738900334e+00
30 0 -1.000281220460952e+00 -1.894132735495662e-03 -9.281239239358572e-04 -1.007697697021212e+00
30 1 -1.000281422936708e+00 -1.894666491760704e-03 -9.277246805280691e-04 -1.007695985857559e+00
30 2 -1.000281638923614e+00 -1.895203838085381e-03 -9.273443641061974e-04 -1.007694203368791e+00
30 3 -1.000281860302162e+00 -1.895723880091364e-03 -9.269988534376125e-04 -1.007692418244668e+00
30 4 -1.000282078838298e+00 -1.896206644474287e-03 -9.267017630932872e-04 -1.007690698644248e+00
30 5 -1.000282286456902e+00 -1.896633840978766e-03 -9.264638823397215e-04 -1.007689109653939e+00
30 6 -1.000282475501741e+00 -1.896989523713425e-03 -9.262928626123650e-04 -1.007687710942916e+00
30 7 -1.000282638979875e+00 -1.897260633115246e-03 -9.261931478095667e-04 -1.007686554681233e+00
30 8 -1.000282770789052e+00 -1.897437408146617e-03 -9.261661170214653e-04 -1.007685683768974e+00
30 9 -1.000282865925665e+00 -1.897513665427823e-03 -9.262103902473886e-04 -1.007685130411199e+00
30 10 -1.000282920668996e+00 -1.897486947719014e-03 -9.263222357514120e-04 -1.007684915062922e+00
30 11 -1.000282932735413e+00 -1.897358548419047e-03 -9.264960141155107e-04 -1.007685045759850e+00
30 12 -1.000282901394527e+00 -1.897133421330305e-03 -9.267245989361321e-04 -1.007685517844132e+00
30 13 -1.000282827538330e+00 -1.896819985605371e-03 -9.269997267950642e-04 -1.007686314090217e+00
30 14 -1.000282713694204e+00 -1.896429834743868e-03 -9.273122485010634e-04 -1.007687405233291e+00
30 15 -1.000282563974033e+00 -1.895977356589098e-03 -9.276522776322398e-04 -1.007688750899287e+00
30 16 -1.000282383954569e+00 -1.895479269646634e-03 -9.280092574100230e-04 -1.007690300928652e+00
30 17 -1.000282180488372e+00 -1.894954080675767e-03 -9.283719880424593e-04 -1.007691997075122e+00
30 18 -1.000281961449373e+00 -1.894421469856951e-03 -9.287286697590915e-04 -1.007693775046154e+00
30 19 -1.000281735421954e+00 -1.893901612901608e-03 -9.290670196562678e-04 -1.007695566834612e+00
30 20 -1.000281511346827e+00 -1.893414453967428e-03 -9.293745124310326e-04 -1.007697303273275e+00
30 21 -1.000281298140710e+00 -1.892978948863069e-03 -9.296387760446125e-04 -1.007698916725954e+00
30 22 -1.000281104309252e+00 -1.892612304462006e-03 -9.298481448522321e-04 -1.007700343812122e+00
30 23 -1.000280937573961e+00 -1.892329246906298e-03 -9.299923393315905e-04 -1.007701528046819e+00
30 24 -1.000280804533900e+00 -1.892141356859275e-03 -9.300632102421754e-04 -1.007702422265972e+00
30 25 -1.000280710381546e+00 -1.892056513037277e-03 -9.300554624959305e-04 -1.007702990703610e+00
30 26 -1.000280658689016e+00 -1.892078483946443e-03 -9.299672642891406e-04 -1.007703210595841e+00
30 27 -1.000280651275828e+00 -1.892206701470565e-03 -9.298006517998934e-04 -1.007703073208977e+00
30 28 -1.000280688163158e+00 -1.892436239035608e-03 -9.295616591741957e-04 -1.007702584224025e+00
30 29 -1.000280767613049e+00 -1.892758002607038e-03 -9.292601357509229e-04 -1.007701763452891e+00
30 30 -1.000280886245086e+00 -1.893159126428729e-03 -9.289092523726663e-04 -1.007700643908452e+00
30 31 -1.000281039218057e+00 -1.893623549462590e-03 -9.285247384614873e-04 -1.007699270295044e+00
31 0 -1.000281261065488e+00 -1.893784667693631e-03 -9.298958596326569e-04 -1.007698110011545e+00
31 1 -1.000281462991033e+00 -1.894317756507447e-03 -9.294953100052177e-04 -1.007696402458067e+00
31 2 -1.000281678136816e+00 -1.894853637645829e-03 -9.291145426706944e-04 -1.007694625944235e+00
31 3 -1.000281898415840e+00 -1.895371471895956e-03 -9.287694603459550e-04 -1.007692848926115e+00
31 4 -1.000282115636936e+00 -1.895851371342782e-03 -9.284736660594829e-04 -1.007691139242916e+00
31 5 -1.000282321776520e+00 -1.896275158058522e-03 -9.282379017858075e-04 -1.007689561588317e+00
31 6 -1.000282509236443e+00 -1.896627020860035e-03 -9.280697373983293e-04 -1.007688175182368e+00
31 7 -1.000282671086015e+00 -1.896894051657847e-03 -9.279735040191997e-04 -1.007687031708451e+00
31 8 -1.000282801286831e+00 -1.897066651155900e-03 -9.279504413716332e-04 -1.007686173563101e+00
31 9 -1.000282894898054e+00 -1.897138800845003e-03 -9.279990097784021e-04 -1.007685632452610e+00
31 10 -1.000282948258017e+00 -1.897108204202466e-03 -9.281153051363225e-04 -1.007685428359212e+00
31 11 -1.000282959136011e+00 -1.896976304445245e-03 -9.282935109913883e-04 -1.007685568890726e+00
31 12 -1.000282926846451e+00 -1.896748188568292e-03 -9.285263267294872e-04 -1.007686049021731e+00
31 13 -1.000282852316490e+00 -1.896432387628054e-03 -9.288053243321804e-04 -1.007686851231349e+00
31 14 -1.000282738097948e+00 -1.896040581968147e-03 -9.291212060633406e-04 -1.007687946040686e+00
31 15 -1.000282588315707e+00 -1.895587218357488e-03 -9.294639590769282e-04 -1.007689292949041e+00
31 16 -1.000282408547740e+00 -1.895089044630994e-03 -9.298229271571857e-04 -1.007690841760634e+00
31 17 -1.000282205636148e+00 -1.894564566947141e-03 -9.301868409591149e-04 -1.007692534282862e+00
31 18 -1.000281987433287e+00 -1.894033435760985e-03 -9.305438621755211e-04 -1.007694306363192e+00
31 19 -1.000281762491767e+00 -1.893515769489105e-03 -9.308817006367221e-04 -1.007696090215187e+00
31 20 -1.000281539711506e+00 -1.893031429533072e-03 -9.311878548576516e-04 -1.007697816965686e+00
31 21 -1.000281327960755e+00 -1.892599266242067e-03 -9.314500066291485e-04 -1.007699419336757e+00
31 22 -1.000281135690615e+00 -1.892236361879502e-03 -9.316565716714739e-04 -1.007700834359025e+00
31 23 -1.000280970563843e+00 -1.891957303131804e-03 -9.317973757482334e-04 -1.007702005997934e+00
31 24 -1.000280839118688e+00 -1.891773521209937e-03 -9.318643948703425e-04 -1.007702887563448e+00
31 25 -1.000280746487011e+00 -1.891692740559874e-03 -9.318524752769314e-04 -1.007703443770207e+00
31 26 -1.000280696182746e+00 -1.891718575968767e-03 -9.317599384444656e-04 -1.007703652323790e+00
31 27 -1.000280689971795e+00 -1.891850311624403e-03 -9.315889810117152e-04 -1.007703504931114e+00
31 28 -1.000280727828333e+00 -1.892082884774411e-03 -9.313457993789061e-04 -1.007703007667540e+00
31 29 -1.000280807975961e+00 -1.892407082120913e-03 -9.310404012905433e-04 -1.007702180676429e+00
31 30 -1.000280927006101e+00 -1.892809940623288e-03 -9.306861064971987e-04 -1.007701057224094e+00
31 31 -1.000281080060994e+00 -1.893275328307170e-03 -9.302987782272044e-04 -1.007699682178033e+00
