1.149244512050416e-06
1.000000000000000e-12
1.000000000000000e-17
3.539503163196369e-01
1.942891152407777e-01
-7.276587116845801e-02
-1.500017464083440e+00
1.901109735892602e-07
32
32
-9.990408412924505e-04
1
0 0 -1.000281956659133e+00 -1.894255033401677e-03 -9.294324497450586e-04 -1.007695869804925e+00
0 1 -1.000282090178048e+00 -1.894606055487414e-03 -9.291724275966502e-04 -1.007694744931644e+00
0 2 -1.000282232210469e+00 -1.894958595856690e-03 -9.289247024361786e-04 -1.007693576429523e+00
0 3 -1.000282377374355e+00 -1.895299000267791e-03 -9.286993474762643e-04 -1.007692409283113e+00
0 4 -1.000282520206081e+00 -1.895614190381332e-03 -9.285051786938549e-04 -1.007691288156541e+00
0 5 -1.000282655352386e+00 -1.895892164481371e-03 -9.283493960358031e-04 -1.007690255709727e+00
0 6 -1.000282777755177e+00 -1.896122441526396e-03 -9.282373484637953e-04 -1.007689351024301e+00
0 7 -1.000282882825235e+00 -1.896296433915226e-03 -9.281724246981799e-04 -1.007688608190661e+00
0 8 -1.000282966601187e+00 -1.896407738580123e-03 -9.281560595278091e-04 -1.007688055098756e+00
0 9 -1.000283025890270e+00 -1.896452340781046e-03 -9.281878360086987e-04 -1.007687712464298e+00
0 10 -1.000283058387295e+00 -1.896428729245212e-03 -9.282656570991362e-04 -1.007687593112404e+00
0 11 -1.000283062767738e+00 -1.896337924143872e-03 -9.283859573202534e-04 -1.007687701534315e+00
0 12 -1.000283038750526e+00 -1.896183421026131e-03 -9.285439268961022e-04 -1.007688033728073e+00
0 13 -1.000282987126113e+00 -1.895971055098787e-03 -9.287337268964915e-04 -1.007688577328240e+00
0 14 -1.000282909746095e+00 -1.895708791468912e-03 -9.289486822029832e-04 -1.007689312022716e+00
0 15 -1.000282809471824e+00 -1.895406447768200e-03 -9.291814481919016e-04 -1.007690210248165e+00
0 16 -1.000282690081084e+00 -1.895075355847885e-03 -9.294241564858725e-04 -1.007691238149511e+00
0 17 -1.000282556134045e+00 -1.894727969658269e-03 -9.296685539767424e-04 -1.007692356781666e+00
0 18 -1.000282412802052e+00 -1.894377427760901e-03 -9.299061550033303e-04 -1.007693523522001e+00
0 19 -1.000282265665302e+00 -1.894037081135641e-03 -9.301284267173800e-04 -1.007694693651355e+00
0 20 -1.000282120487743e+00 -1.893719999466225e-03 -9.303270223936127e-04 -1.007695822051515e+00
0 21 -1.000281982979386e+00 -1.893438471600947e-03 -9.304940687595673e-04 -1.007696864958296e+00
0 22 -1.000281858557487e+00 -1.893203518432482e-03 -9.306225028247420e-04 -1.007697781701439e+00
0 23 -1.000281752118504e+00 -1.893024438803578e-03 -9.307064415387910e-04 -1.007698536356610e+00
0 24 -1.000281667832444e+00 -1.892908410495552e-03 -9.307415552010119e-04 -1.007699099232863e+00
0 25 -1.000281608970105e+00 -1.892860168171141e-03 -9.307254062615306e-04 -1.007699448121970e+00
0 26 -1.000281577771947e+00 -1.892881778049671e-03 -9.306577123685109e-04 -1.007699569244139e+00
0 27 -1.000281575364753e+00 -1.892972525087711e-03 -9.305404968418793e-04 -1.007699457837765e+00
0 28 -1.000281601729046e+00 -1.893128922554333e-03 -9.303780993573331e-04 -1.007699118359781e+00
0 29 -1.000281655716891e+00 -1.893344846474282e-03 -9.301770327651710e-04 -1.007698564286123e+00
0 30 -1.000281735116721e+00 -1.893611789412993e-03 -9.299456879019786e-04 -1.007697817525441e+00
0 31 -1.000281836759533e+00 -1.893919220631238e-03 -9.296939055160054e-04 -1.007696907479980e+00
1 0 -1.000282044596092e+00 -1.894097705674354e-03 -9.303358188860359e-04 -1.007695964948189e+00
1 1 -1.000282178124388e+00 -1.894448995358839e-03 -9.300749883085946e-04 -1.007694839853488e+00
1 2 -1.000282320015388e+00 -1.894801423237513e-03 -9.298268706229063e-04 -1.007693672312845e+00
1 3 -1.000282464892379e+00 -1.895141339040081e-03 -9.296015560978682e-04 -1.007692507272856e+00
1 4 -1.000282607302644e+00 -1.895455683132329e-03 -9.294078606146046e-04 -1.007691389315202e+00
1 5 -1.000282741909190e+00 -1.895732486965978e-03 -9.292529661218602e-04 -1.007690360974954e+00
1 6 -1.000282863674882e+00 -1.895961315591370e-03 -9.291421866240238e-04 -1.007689461172263e+00
1 7 -1.000282968035123e+00 -1.896133637971690e-03 -9.290788611067966e-04 -1.007688723807664e+00
1 8 -1.000283051055804e+00 -1.896243115696609e-03 -9.290643620089792e-04 -1.007688176560638e+00
1 9 -1.000283109573178e+00 -1.896285804699447e-03 -9.290981992798471e-04 -1.007687839922527e+00
1 10 -1.000283141311818e+00 -1.896260267891103e-03 -9.291781945816356e-04 -1.007687726488016e+00
1 11 -1.000283144976455e+00 -1.896167599813461e-03 -9.293006968612478e-04 -1.007687840521847e+00
1 12 -1.000283120313460e+00 -1.896011367172604e-03 -9.294608108282060e-04 -1.007688177809403e+00
1 13 -1.000283068137893e+00 -1.895797470561610e-03 -9.296526154896807e-04 -1.007688725793719e+00
1 14 -1.000282990322349e+00 -1.895533932874168e-03 -9.298693594824294e-04 -1.007689463997575e+00
1 15 -1.000282889744844e+00 -1.895230620039041e-03 -9.301036301531194e-04 -1.007690364724428e+00
1 16 -1.000282770194783e+00 -1.894898900614476e-03 -9.303475022109440e-04 -1.007691394023792e+00
1 17 -1.000282636238415e+00 -1.894551252069114e-03 -9.305926793382889e-04 -1.007692512897105e+00
1 18 -1.000282493047455e+00 -1.894200822660385e-03 -9.308306477525515e-04 -1.007693678711509e+00
1 19 -1.000282346196783e+00 -1.893860959165338e-03 -9.310528619600534e-04 -1.007694846780842e+00
1 20 -1.000282201439447e+00 -1.893544713165990e-03 -9.312509782210414e-04 -1.007695972062937e+00
1 21 -1.000282064469297e+00 -1.893264341863738e-03 -9.314171419154918e-04 -1.007697010911101e+00
1 22 -1.000281940682872e+00 -1.893030822208885e-03 -9.315443237608904e-04 -1.007697922809314e+00
1 23 -1.000281834952307e+00 -1.892853398786039e-03 -9.316266880307233e-04 -1.007698672017273e+00
1 24 -1.000281751420589e+00 -1.892739186816299e-03 -9.316599641354536e-04 -1.007699229051012e+00
1 25 -1.000281693329657e+00 -1.892692851973314e-03 -9.316417834980344e-04 -1.007699571925936e+00
1 26 -1.000281662890279e+00 -1.892716387346043e-03 -9.315719403176042e-04 -1.007699687094842e+00
1 27 -1.000281661199965e+00 -1.892809003623094e-03 -9.314525392025887e-04 -1.007699570027776e+00
1 28 -1.000281688211638e+00 -1.892967141853631e-03 -9.312880028058979e-04 -1.007699225402121e+00
1 29 -1.000281742752438e+00 -1.893184610634251e-03 -9.310849257593650e-04 -1.007698666894462e+00
1 30 -1.000281822589413e+00 -1.893452842316826e-03 -9.308517765691220e-04 -1.007697916586928e+00
1 31 -1.000281924536601e+00 -1.893761255687548e-03 -9.305984662987657e-04 -1.007697004020607e+00
2 0 -1.000282159557838e+00 -1.893987601470021e-03 -9.310539218189382e-04 -1.007695958981821e+00
2 1 -1.000282293218576e+00 -1.894339423847621e-03 -9.307922040328698e-04 -1.007694832788131e+00
2 2 -1.000282435085880e+00 -1.894692004682728e-03 -9.305436176593030e-04 -1.007693665355947e+00
2 3 -1.000282579783779e+00 -1.895031687565080e-03 -9.303182724557800e-04 -1.007692501626608e+00
2 4 -1.000282721866339e+00 -1.895345421973382e-03 -9.301249862123734e-04 -1.007691386129462e+00
2 5 -1.000282856009191e+00 -1.895621263479316e-03 -9.299709250559953e-04 -1.007690361302102e+00
2 6 -1.000282977193063e+00 -1.895848814968911e-03 -9.298613703673040e-04 -1.007689465927014e+00
2 7 -1.000283080875679e+00 -1.896019595110589e-03 -9.297996132357737e-04 -1.007688733733304e+00
2 8 -1.000283163148882e+00 -1.896127325147756e-03 -9.297869646840587e-04 -1.007688192201780e+00
2 9 -1.000283220877599e+00 -1.896168128504091e-03 -9.298228619550365e-04 -1.007687861604880e+00
2 10 -1.000283251816711e+00 -1.896140640764652e-03 -9.299050458551576e-04 -1.007687754306563e+00
2 11 -1.000283254701656e+00 -1.896046031269374e-03 -9.300297801190176e-04 -1.007687874338262e+00
2 12 -1.000283229308724e+00 -1.895887940738304e-03 -9.301920834508642e-04 -1.007688217258081e+00
2 13 -1.000283176481018e+00 -1.895672340484518e-03 -9.303859509562483e-04 -1.007688770295380e+00
2 14 -1.000283098116277e+00 -1.895407318400845e-03 -9.306045522278176e-04 -1.007689512780298e+00
2 15 -1.000282997113746e+00 -1.895102797108864e-03 -9.308404036276740e-04 -1.007690416852388e+00
2 16 -1.000282877279255e+00 -1.894770191159057e-03 -9.310855201881757e-04 -1.007691448432821e+00
2 17 -1.000282743190028e+00 -1.894422011633894e-03 -9.313315595010723e-04 -1.007692568434922e+00
2 18 -1.000282600022914e+00 -1.894071427064257e-03 -9.315699762958576e-04 -1.007693734180759e+00
2 19 -1.000282453351889e+00 -1.893731790488151e-03 -9.317922087323029e-04 -1.007694900984083e+00
2 20 -1.000282308923056e+00 -1.893416145232034e-03 -9.319899126155334e-04 -1.007696023848680e+00
2 21 -1.000282172417557e+00 -1.893136725790997e-03 -9.321552493155913e-04 -1.007697059218793e+00
2 22 -1.000282049213982e+00 -1.892904472909063e-03 -9.322812214395745e-04 -1.007697966710595e+00
2 23 -1.000281944162011e+00 -1.892728583051763e-03 -9.323620393057307e-04 -1.007698710751804e+00
2 24 -1.000281861378526e+00 -1.892616113185238e-03 -9.323934904188479e-04 -1.007699262056200e+00
2 25 -1.000281804076699e+00 -1.892571662513494e-03 -9.323732745123569e-04 -1.007699598859737e+00
2 26 -1.000281774436984e+00 -1.892597151788554e-03 -9.323012624377304e-04 -1.007699707850231e+00
2 27 -1.000281773526180e+00 -1.892691716330832e-03 -9.321796412269652e-04 -1.007699584737745e+00
2 28 -1.000281801267232e+00 -1.892851721822405e-03 -9.320129184130711e-04 -1.007699234435022e+00
2 29 -1.000281856459184e+00 -1.893070904474267e-03 -9.318077724726922e-04 -1.007698670839920e+00
2 30 -1.000281936844041e+00 -1.893340630149187e-03 -9.315727515191182e-04 -1.007697916232458e+00
2 31 -1.000282039214912e+00 -1.893650259803543e-03 -9.313178390986186e-04 -1.007697000319673e+00
3 0 -1.000282297050920e+00 -1.893929049465207e-03 -9.315588069139410e-04 -1.007695852042758e+00
3 1 -1.000282430962142e+00 -1.894281649149020e-03 -9.312961575927172e-04 -1.007694723914579e+00
3 2 -1.000282572924463e+00 -1.894634642606276e-03 -9.310470437008949e-04 -1.007693555733326e+00
3 3 -1.000282717558225e+00 -1.894974357776680e-03 -9.308215959255267e-04 -1.007692392466780e+00
3 4 -1.000282859419923e+00 -1.895287743342921e-03 -9.306286362645398e-04 -1.007691278623866e+00
3 5 -1.000282993193518e+00 -1.895562868692870e-03 -9.304753183727138e-04 -1.007690256576762e+00
3 6 -1.000283113873678e+00 -1.895789364574322e-03 -9.303668947352697e-04 -1.007689365000245e+00
3 7 -1.000283216937289e+00 -1.895958790644788e-03 -9.303066119543612e-04 -1.007688637476956e+00
3 8 -1.000283298499899e+00 -1.896064920619588e-03 -9.302957228991107e-04 -1.007688101308188e+00
3 9 -1.000283355453660e+00 -1.896103939506527e-03 -9.303335958611686e-04 -1.007687776561703e+00
3 10 -1.000283385583066e+00 -1.896074551036554e-03 -9.304178949740989e-04 -1.007687675379843e+00
3 11 -1.000283387654532e+00 -1.895977996930624e-03 -9.305448023866507e-04 -1.007687801562744e+00
3 12 -1.000283361475657e+00 -1.895817992185985e-03 -9.307092530630156e-04 -1.007688150434745e+00
3 13 -1.000283307919992e+00 -1.895600581521378e-03 -9.309051593480968e-04 -1.007688708997554e+00
3 14 -1.000283228913550e+00 -1.895333922283912e-03 -9.311256125289397e-04 -1.007689456369305e+00
3 15 -1.000283127380496e+00 -1.895027999765595e-03 -9.313630584282148e-04 -1.007690364501761e+00
3 16 -1.000283007147265e+00 -1.894694282128855e-03 -9.316094519782930e-04 -1.007691399159332e+00
3 17 -1.000282872806569e+00 -1.894345323125921e-03 -9.318564030535477e-04 -1.007692521135380e+00
3 18 -1.000282729544948e+00 -1.893994321362234e-03 -9.320953324603198e-04 -1.007693687673950e+00
3 19 -1.000282582939895e+00 -1.893654646120101e-03 -9.323176593247599e-04 -1.007694854056262e+00
3 20 -1.000282438734828e+00 -1.893339342546914e-03 -9.325150361180564e-04 -1.007695975300193e+00
3 21 -1.000282302602182e+00 -1.893060632491228e-03 -9.326796368887125e-04 -1.007697007910013e+00
3 22 -1.000282179906093e+00 -1.892829429907603e-03 -9.328044924461422e-04 -1.007697911606277e+00
3 23 -1.000282075476497e+00 -1.892654891144899e-03 -9.328838554920986e-04 -1.007698650962424e+00
3 24 -1.000281993406076e+00 -1.892544021281949e-03 -9.329135682740118e-04 -1.007699196873628e+00
3 25 -1.000281936880465e+00 -1.892501358047431e-03 -9.328913957824158e-04 -1.007699527784902e+00
3 26 -1.000281908050340e+00 -1.892528753506203e-03 -9.328172827504375e-04 -1.007699630612259e+00
3 27 -1.000281907951462e+00 -1.892625269487149e-03 -9.326934962812671e-04 -1.007699501304912e+00
3 28 -1.000281936475558e+00 -1.892787196106599e-03 -9.325246269225864e-04 -1.007699145016806e+00
3 29 -1.000281992391598e+00 -1.893008195143642e-03 -9.323174355341827e-04 -1.007698575878622e+00
3 30 -1.000282073413989e+00 -1.893279562400914e-03 -9.320805488374523e-04 -1.007697816384312e+00
3 31 -1.000282176311732e+00 -1.893590595808181e-03 -9.318240226406762e-04 -1.007696896427676e+00
4 0 -1.000282451698063e+00 -1.893924356165831e-03 -9.318305696781875e-04 -1.007695648418744e+00
4 1 -1.000282585967935e+00 -1.894277947067041e-03 -9.315669823519123e-04 -1.007694517597297e+00
4 2 -1.000282728140272e+00 -1.894631596591351e-03 -9.313173030378666e-04 -1.007693347839274e+00
4 3 -1.000282872827414e+00 -1.894971608031252e-03 -9.310916843913785e-04 -1.007692184169810e+00
4 4 -1.000283014583708e+00 -1.895284919148106e-03 -9.308989552344796e-04 -1.007691071110793e+00
4 5 -1.000283148096815e+00 -1.895559602341358e-03 -9.307462604795433e-04 -1.007690051003419e+00
4 6 -1.000283268370966e+00 -1.895785305393915e-03 -9.306388281399669e-04 -1.007689162448181e+00
4 7 -1.000283370898322e+00 -1.895953618588450e-03 -9.305798655318385e-04 -1.007688438912148e+00
4 8 -1.000283451814838e+00 -1.896058358480763e-03 -9.305705736220213e-04 -1.007687907544513e+00
4 9 -1.000283508037279e+00 -1.896095763131057e-03 -9.306102587854700e-04 -1.007687588231180e+00
4 10 -1.000283537378004e+00 -1.896064597560620e-03 -9.306965153963429e-04 -1.007687492909567e+00
4 11 -1.000283538633642e+00 -1.895966171148140e-03 -9.308254500596082e-04 -1.007687625158059e+00
4 12 -1.000283511643329e+00 -1.895804270618857e-03 -9.309919192380925e-04 -1.007687980069733e+00
4 13 -1.000283457312190e+00 -1.895585013549186e-03 -9.311897574345677e-04 -1.007688544414664e+00
4 14 -1.000283377596470e+00 -1.895316628203316e-03 -9.314119821691053e-04 -1.007689297088554e+00
4 15 -1.000283275447988e+00 -1.895009166192147e-03 -9.316509720950879e-04 -1.007690209838384e+00
4 16 -1.000283154717187e+00 -1.894674155054026e-03 -9.318986236028351e-04 -1.007691248248974e+00
4 17 -1.000283020016145e+00 -1.894324198606825e-03 -9.321464988410526e-04 -1.007692372966773e+00
4 18 -1.000282876545283e+00 -1.893972534013082e-03 -9.323859838518029e-04 -1.007693541128271e+00
4 19 -1.000282729889970e+00 -1.893632556128282e-03 -9.326084772880830e-04 -1.007694707950711e+00
4 20 -1.000282585795344e+00 -1.893317322019859e-03 -9.328056257524930e-04 -1.007695828433166e+00
4 21 -1.000282449929410e+00 -1.893039051436098e-03 -9.329696119069509e-04 -1.007696859106906e+00
4 22 -1.000282327645807e+00 -1.892808641898847e-03 -9.330934895132096e-04 -1.007697759765635e+00
4 23 -1.000282223758237e+00 -1.892635219216603e-03 -9.331715480751804e-04 -1.007698495100555e+00
4 24 -1.000282142338139e+00 -1.892525745103672e-03 -9.331996791937382e-04 -1.007699036164182e+00
4 25 -1.000282086545898e+00 -1.892484703200896e-03 -9.331757077762029e-04 -1.007699361590834e+00
4 26 -1.000282058503947e+00 -1.892513883001243e-03 -9.330996468037154e-04 -1.007699458509818e+00
4 27 -1.000282059217800e+00 -1.892612277469830e-03 -9.329738375809045e-04 -1.007699323099874e+00
4 28 -1.000282088548063e+00 -1.892776104108798e-03 -9.328029480854371e-04 -1.007698960751929e+00
4 29 -1.000282145232999e+00 -1.892998951367450e-03 -9.325938168315846e-04 -1.007698385830960e+00
4 30 -1.000282226957921e+00 -1.893272044037537e-03 -9.323551454952751e-04 -1.007697621052732e+00
4 31 -1.000282330465298e+00 -1.893584613925207e-03 -9.320970593852034e-04 -1.007696696512492e+00
5 0 -1.000282617459023e+00 -1.893973708657690e-03 -9.318581941912213e-04 -1.007695356356442e+00
5 1 -1.000282752181529e+00 -1.894328465351500e-03 -9.315937015350911e-04 -1.007694222190248e+00
5 2 -1.000282894670574e+00 -1.894682988291131e-03 -9.313434429329964e-04 -1.007693050090958e+00
5 3 -1.000283039526327e+00 -1.895023547799035e-03 -9.311175934947659e-04 -1.007691885170675e+00
5 4 -1.000283181296428e+00 -1.895337060933932e-03 -9.309249910457702e-04 -1.007690771997433e+00
5 5 -1.000283314667604e+00 -1.895611592478905e-03 -9.307727753564993e-04 -1.007689752916145e+00
5 6 -1.000283434649052e+00 -1.895836795981924e-03 -9.306661552870102e-04 -1.007688866488571e+00
5 7 -1.000283536743659e+00 -1.896004280555526e-03 -9.306083061782206e-04 -1.007688146102229e+00
5 8 -1.000283617103513e+00 -1.896107893909891e-03 -9.306003858947875e-04 -1.007687618788752e+00
5 9 -1.000283672666394e+00 -1.896143916607372e-03 -9.306416480990527e-04 -1.007687304282065e+00
5 10 -1.000283701269847e+00 -1.896111166187770e-03 -9.307296263057198e-04 -1.007687214338031e+00
5 11 -1.000283701738920e+00 -1.896011012630003e-03 -9.308603602906987e-04 -1.007687352330576e+00
5 12 -1.000283673943268e+00 -1.895847308859127e-03 -9.310286368495907e-04 -1.007687713133451e+00
5 13 -1.000283618819387e+00 -1.895626241615450e-03 -9.312282212537375e-04 -1.007688283290904e+00
5 14 -1.000283538354502e+00 -1.895356108779231e-03 -9.314520647304904e-04 -1.007689041474458e+00
5 15 -1.000283435529767e+00 -1.895047029519066e-03 -9.316924844312160e-04 -1.007689959216964e+00
5 16 -1.000283314222091e+00 -1.894710594163417e-03 -9.319413220880114e-04 -1.007691001908105e+00
5 17 -1.000283179066015e+00 -1.894359461824443e-03 -9.321900945480238e-04 -1.007692130026780e+00
5 18 -1.000283035279514e+00 -1.894006915183802e-03 -9.324301540829645e-04 -1.007693300576412e+00
5 19 -1.000282888459967e+00 -1.893666383244874e-03 -9.326528781297405e-04 -1.007694468680454e+00
5 20 -1.000282744358569e+00 -1.893350944731111e-03 -9.328499047246155e-04 -1.007695589286828e+00
5 21 -1.000282608643240e+00 -1.893072827642812e-03 -9.330134206546160e-04 -1.007696618920738e+00
5 22 -1.000282486661407e+00 -1.892842923736542e-03 -9.331364967989439e-04 -1.007697517415968e+00
5 23 -1.000282383214699e+00 -1.892670339066358e-03 -9.332134527303524e-04 -1.007698249548759e+00
5 24 -1.000282302357142e+00 -1.892562002450344e-03 -9.332402220350868e-04 -1.007698786497996e+00
5 25 -1.000282247227102e+00 -1.892522353014817e-03 -9.332146815921039e-04 -1.007699107060055e+00
5 26 -1.000282219921337e+00 -1.892553126067668e-03 -9.331369041261867e-04 -1.007699198554885e+00
5 27 -1.000282221417114e+00 -1.892653252929622e-03 -9.330092963343201e-04 -1.007699057372339e+00
5 28 -1.000282251545324e+00 -1.892818884381968e-03 -9.328365950896681e-04 -1.007698689126367e+00
5 29 -1.000282309014086e+00 -1.893043539552182e-03 -9.326257088796276e-04 -1.007698108408439e+00
5 30 -1.000282391479126e+00 -1.893318373859414e-03 -9.323854076544398e-04 -1.007697338156093e+00
5 31 -1.000282495654906e+00 -1.893632552342995e-03 -9.321258803294374e-04 -1.007696408673380e+00
6 0 -1.000282787877540e+00 -1.894075166405263e-03 -9.316400635688348e-04 -1.007694987680099e+00
6 1 -1.000282923128711e+00 -1.894431217113099e-03 -9.313747371385054e-04 -1.007693849651104e+00
6 2 -1.000283066028412e+00 -1.894786795664027e-03 -9.311239116559916e-04 -1.007692674540871e+00
6 3 -1.000283211160919e+00 -1.895128132398844e-03 -9.308977839374822e-04 -1.007691507574660e+00
6 4 -1.000283353062956e+00 -1.895442114899937e-03 -9.307052021040407e-04 -1.007690393397504e+00
6 5 -1.000283486415802e+00 -1.895716790072383e-03 -9.305533045469925e-04 -1.007689374392388e+00
6 6 -1.000283606228799e+00 -1.895941805594237e-03 -9.304472875107640e-04 -1.007688489119712e+00
6 7 -1.000283708010557e+00 -1.896108776816153e-03 -9.303903031748963e-04 -1.007687770926651e+00
6 8 -1.000283787924434e+00 -1.896211569922400e-03 -9.303834763225033e-04 -1.007687246765757e+00
6 9 -1.000283842924884e+00 -1.896246496052606e-03 -9.304260184409667e-04 -1.007686936254105e+00
6 10 -1.000283870870995e+00 -1.896212414451739e-03 -9.305154133369592e-04 -1.007686850996581e+00
6 11 -1.000283870613294e+00 -1.896110746055338e-03 -9.306476458994938e-04 -1.007686994188472e+00
6 12 -1.000283842049718e+00 -1.895945401788418e-03 -9.308174454104272e-04 -1.007687360504731e+00
6 13 -1.000283786146748e+00 -1.895722631343591e-03 -9.310185191493953e-04 -1.007687936277791e+00
6 14 -1.000283704922145e+00 -1.895450798365935e-03 -9.312437616621146e-04 -1.007688699961699e+00
6 15 -1.000283601386910e+00 -1.895140088065451e-03 -9.314854366434781e-04 -1.007689622874750e+00
6 16 -1.000283479445812e+00 -1.894802154265855e-03 -9.317353378174222e-04 -1.007690670204256e+00
6 17 -1.000283343758096e+00 -1.894449714385578e-03 -9.319849415772177e-04 -1.007691802247402e+00
6 18 -1.000283199562315e+00 -1.894096101997113e-03 -9.322255687638206e-04 -1.007692975853608e+00
6 19 -1.000283052471505e+00 -1.893754787632878e-03 -9.324485752255076e-04 -1.007694146026177e+00
6 20 -1.000282908246973e+00 -1.893438880442266e-03 -9.326455878356875e-04 -1.007695267632071e+00
6 21 -1.000282772560865e+00 -1.893160626437896e-03 -9.328087932448317e-04 -1.007696297158314e+00
6 22 -1.000282650758890e+00 -1.892930922309014e-03 -9.329312736151014e-04 -1.007697194444505e+00
6 23 -1.000282547635177e+00 -1.892758865863032e-03 -9.330073710035982e-04 -1.007697924316046e+00
6 24 -1.000282467230773e+00 -1.892651364819005e-03 -9.330330517331576e-04 -1.007698458042366e+00
6 25 -1.000282412666141e+00 -1.892612825207261e-03 -9.330062342413785e-04 -1.007698774548100e+00
6 26 -1.000282386016059e+00 -1.892644938771273e-03 -9.329270400395904e-04 -1.007698861313194e+00
6 27 -1.000282388232720e+00 -1.892746584800280e-03 -9.327979301694278e-04 -1.007698714911724e+00
6 28 -1.000282419119766e+00 -1.892913855635620e-03 -9.326236995136348e-04 -1.007698341158630e+00
6 29 -1.000282477356728e+00 -1.893140207566351e-03 -9.324113159664203e-04 -1.007697754856212e+00
6 30 -1.000282560570361e+00 -1.893416731025426e-03 -9.321696077213661e-04 -1.007696979155245e+00
6 31 -1.000282665446895e+00 -1.893732526546788e-03 -9.319088182518242e-04 -1.007696044566934e+00
7 0 -1.000282956342448e+00 -1.894224742262332e-03 -9.311841070997872e-04 -1.007694557246287e+00
7 1 -1.000283092177199e+00 -1.894582163568283e-03 -9.309180554136253e-04 -1.007693414990913e+00
7 2 -1.000283235564836e+00 -1.894938937281425e-03 -9.306667021307157e-04 -1.007692236322272e+00
7 3 -1.000283381070792e+00 -1.895281248573222e-03 -9.304402636904676e-04 -1.007691066599654e+00
7 4 -1.000283523217188e+00 -1.895595948034106e-03 -9.302475993275892e-04 -1.007689950572578e+00
7 5 -1.000283656675436e+00 -1.895871054892103e-03 -9.300958502292252e-04 -1.007688930695731e+00
7 6 -1.000283776450096e+00 -1.896096199398105e-03 -9.299902071496814e-04 -1.007688045566110e+00
7 7 -1.000283878050366e+00 -1.896262990650244e-03 -9.299338082026615e-04 -1.007687328530312e+00
7 8 -1.000283957645795e+00 -1.896365300454749e-03 -9.299277555806530e-04 -1.007686806501689e+00
7 9 -1.000284012202598e+00 -1.896399457521861e-03 -9.299712306493801e-04 -1.007686499019788e+00
7 10 -1.000284039596793e+00 -1.896364349954939e-03 -9.300616812386196e-04 -1.007686417576146e+00
7 11 -1.000284038700301e+00 -1.896261437683472e-03 -9.301950520028752e-04 -1.007686565221160e+00
7 12 -1.000284009436029e+00 -1.896094679326548e-03 -9.303660289699592e-04 -1.007686936458822e+00
7 13 -1.000283952797983e+00 -1.895870379200562e-03 -9.305682744576770e-04 -1.007687517431125e+00
7 14 -1.000283870832871e+00 -1.895596960325883e-03 -9.307946381268688e-04 -1.007688286389820e+00
7 15 -1.000283766580843e+00 -1.895284669620449e-03 -9.310373408729180e-04 -1.007689214447223e+00
7 16 -1.000283643974826e+00 -1.894945222542857e-03 -9.312881373751467e-04 -1.007690266589046e+00
7 17 -1.000283507700079e+00 -1.894591395718119e-03 -9.315384699105410e-04 -1.007691402923183e+00
7 18 -1.000283363017951e+00 -1.894236577075130e-03 -9.317796311527288e-04 -1.007692580130058e+00
7 19 -1.000283215560095e+00 -1.893894284240360e-03 -9.320029558856149e-04 -1.007693753071899e+00
7 20 -1.000283071101539e+00 -1.893577664139355e-03 -9.322000581516300e-04 -1.007694876508691e+00
7 21 -1.000282935322803e+00 -1.893298989822021e-03 -9.323631207325689e-04 -1.007695906858566e+00
7 22 -1.000282813572422e+00 -1.893069173439463e-03 -9.324852310271150e-04 -1.007696803932350e+00
7 23 -1.000282710641786e+00 -1.892897316241062e-03 -9.325607450965879e-04 -1.007697532567370e+00
7 24 -1.000282630563847e+00 -1.892790317296655e-03 -9.325856514266270e-04 -1.007698064084853e+00
7 25 -1.000282576446072e+00 -1.892752562328393e-03 -9.325578980288093e-04 -1.007698377498518e+00
7 26 -1.000282550345941e+00 -1.892785712064579e-03 -9.324776424888223e-04 -1.007698460410516e+00
7 27 -1.000282553194698e+00 -1.892888605394905e-03 -9.323473871664926e-04 -1.007698309545071e+00
7 28 -1.000282584772075e+00 -1.893057286467891e-03 -9.321719717407846e-04 -1.007697930889394e+00
7 29 -1.000282643731579e+00 -1.893285157473153e-03 -9.319584102503502e-04 -1.007697339433536e+00
7 30 -1.000282727672839e+00 -1.893563250984969e-03 -9.317155763576251e-04 -1.007696558524088e+00
7 31 -1.000282833254866e+00 -1.893880608120781e-03 -9.314537567545591e-04 -1.007695618868671e+00
8 0 -1.000283116350882e+00 -1.894416568638299e-03 -9.305075651256654e-04 -1.007694082269577e+00
8 1 -1.000283252800765e+00 -1.894775382397693e-03 -9.302409294747728e-04 -1.007692935593083e+00
8 2 -1.000283396733948e+00 -1.895133442844860e-03 -9.299891124685929e-04 -1.007691752961736e+00
8 3 -1.000283542694900e+00 -1.895476886584065e-03 -9.297623474046863e-04 -1.007690579884288e+00
8 4 -1.000283685187942e+00 -1.895792520953906e-03 -9.295695053936137e-04 -1.007689461238612e+00
8 5 -1.000283818870501e+00 -1.896068328696519e-03 -9.294177344344374e-04 -1.007688439582250e+00
8 6 -1.000283938737642e+00 -1.896293912018119e-03 -9.293122263879382e-04 -1.007687553584722e+00
8 7 -1.000284040294150e+00 -1.896460861935192e-03 -9.292561141343000e-04 -1.007686836630699e+00
8 8 -1.000284119710557e+00 -1.896563042977132e-03 -9.292504885487836e-04 -1.007686315635136e+00
8 9 -1.000284173959462e+00 -1.896596787576648e-03 -9.292945146602808e-04 -1.007686010102586e+00
8 10 -1.000284200928463e+00 -1.896560998541193e-03 -9.293856198497596e-04 -1.007685931453664e+00
8 11 -1.000284199505905e+00 -1.896457161331541e-03 -9.295197244897769e-04 -1.007686082633345e+00
8 12 -1.000284169635374e+00 -1.896289270189706e-03 -9.296914868131385e-04 -1.007686458009185e+00
8 13 -1.000284112334892e+00 -1.896063673564123e-03 -9.298945389776569e-04 -1.007687043561736e+00
8 14 -1.000284029677418e+00 -1.895788845064688e-03 -9.301216998230826e-04 -1.007687817363577e+00
8 15 -1.000283924730464e+00 -1.895475086664847e-03 -9.303651600793013e-04 -1.007688750337157e+00
8 16 -1.000283801454337e+00 -1.895134171406400e-03 -9.306166455590346e-04 -1.007689807274614e+00
8 17 -1.000283664560582e+00 -1.894778933755011e-03 -9.308675716260320e-04 -1.007690948094463e+00
8 18 -1.000283519334605e+00 -1.894422817094258e-03 -9.311092072428836e-04 -1.007692129300592e+00
8 19 -1.000283371428867e+00 -1.894079389580839e-03 -9.313328681807062e-04 -1.007693305599469e+00
8 20 -1.000283226635177e+00 -1.893761841732157e-03 -9.315301551637273e-04 -1.007694431622277e+00
8 21 -1.000283090646230e+00 -1.893482481721655e-03 -9.316932436685886e-04 -1.007695463689935e+00
8 22 -1.000282968817775e+00 -1.893252247124892e-03 -9.318152198635561e-04 -1.007696361551080e+00
8 23 -1.000282865943317e+00 -1.893080254060664e-03 -9.318904447512432e-04 -1.007697090017663e+00
8 24 -1.000282786052959e+00 -1.892973405593669e-03 -9.319149179157476e-04 -1.007697620422163e+00
8 25 -1.000282732246601e+00 -1.892936080665373e-03 -9.318866042939127e-04 -1.007697931824736e+00
8 26 -1.000282706569713e+00 -1.892969922724199e-03 -9.318056835870243e-04 -1.007698011907329e+00
8 27 -1.000282709937417e+00 -1.893073743417195e-03 -9.316746845418569e-04 -1.007697857504794e+00
8 28 -1.000282742109789e+00 -1.893243550816735e-03 -9.314984762304340e-04 -1.007697474741355e+00
8 29 -1.000282801717983e+00 -1.893472703930981e-03 -9.312841036144634e-04 -1.007696878764129e+00
8 30 -1.000282886337452e+00 -1.893752186895794e-03 -9.310404715273073e-04 -1.007696093090219e+00
8 31 -1.000282992601996e+00 -1.894070988733659e-03 -9.307778971682735e-04 -1.007695148605505e+00
9 0 -1.000283261762347e+00 -1.894643140896436e-03 -9.296363693782307e-04 -1.007693581559400e+00
9 1 -1.000283398834495e+00 -1.895003313714592e-03 -9.293693173356210e-04 -1.007692430442239e+00
9 2 -1.000283543349156e+00 -1.895362701302106e-03 -9.291171225985528e-04 -1.007691243601381e+00
9 3 -1.000283689828421e+00 -1.895707389934409e-03 -9.288900322454945e-04 -1.007690066705430e+00
9 4 -1.000283832756229e+00 -1.896024138982907e-03 -9.286969295484337e-04 -1.007688944779900e+00
9 5 -1.000283966772541e+00 -1.896300887620397e-03 -9.285449723801175e-04 -1.007687920511405e+00
9 6 -1.000284086858746e+00 -1.896527200898424e-03 -9.284393595182178e-04 -1.007687032673887e+00
9 7 -1.000284188510414e+00 -1.896694640647339e-03 -9.283832276145780e-04 -1.007686314727234e+00
9 8 -1.000284267893728e+00 -1.896797051214635e-03 -9.283776684792995e-04 -1.007685793629510e+00
9 9 -1.000284321982008e+00 -1.896830754694194e-03 -9.284218454602987e-04 -1.007685488894208e+00
9 10 -1.000284348668726e+00 -1.896794654177210e-03 -9.285131813390165e-04 -1.007685411915225e+00
9 11 -1.000284346853124e+00 -1.896690246428171e-03 -9.286475885127943e-04 -1.007685565575145e+00
9 12 -1.000284316494313e+00 -1.896521547662109e-03 -9.288197139863548e-04 -1.007685944145653e+00
9 13 -1.000284258629793e+00 -1.896294937941390e-03 -9.290231762307487e-04 -1.007686533482049e+00
9 14 -1.000284175355071e+00 -1.896018930776818e-03 -9.292507787151997e-04 -1.007687311507479e+00
9 15 -1.000284069762269e+00 -1.895703874780535e-03 -9.294946953763029e-04 -1.007688248976871e+00
9 16 -1.000283945837268e+00 -1.895361594460737e-03 -9.297466339675616e-04 -1.007689310503969e+00
9 17 -1.000283808317074e+00 -1.895004978262438e-03 -9.299979912977301e-04 -1.007690455826003e+00
9 18 -1.000283662511397e+00 -1.894647523635053e-03 -9.302400186323567e-04 -1.007691641270522e+00
9 19 -1.000283514094882e+00 -1.894302850668368e-03 -9.304640160593972e-04 -1.007692821379668e+00
9 20 -1.000283368878516e+00 -1.893984197699533e-03 -9.306615710891918e-04 -1.007693950638745e+00
9 21 -1.000283232570473e+00 -1.893703914776000e-03 -9.308248485751206e-04 -1.007694985247015e+00
9 22 -1.000283110537826e+00 -1.893472973824495e-03 -9.309469270528703e-04 -1.007695884860078e+00
9 23 -1.000283007581056e+00 -1.893300516690024e-03 -9.310221635505463e-04 -1.007696614227935e+00
9 24 -1.000282927732795e+00 -1.893193462900114e-03 -9.310465577202375e-04 -1.007697144653209e+00
9 25 -1.000282874090965e+00 -1.893156198178506e-03 -9.310180784100450e-04 -1.007697455198834e+00
9 26 -1.000282848694577e+00 -1.893190362794058e-03 -9.309369125683095e-04 -1.007697533582296e+00
9 27 -1.000282852448055e+00 -1.893294755340046e-03 -9.308055990879873e-04 -1.007697376705493e+00
9 28 -1.000282885096994e+00 -1.893465361621912e-03 -9.306290197324729e-04 -1.007696990788087e+00
9 29 -1.000282945254842e+00 -1.893695510250866e-03 -9.304142342121010e-04 -1.007696391096719e+00
9 30 -1.000283030476691e+00 -1.893976148030218e-03 -9.301701634772596e-04 -1.007695601287605e+00
9 31 -1.000283137373969e+00 -1.894296220949492e-03 -9.299071414546828e-04 -1.007694652400696e+00
10 0 -1.000283387033482e+00 -1.894895626151181e-03 -9.286041560502348e-04 -1.007693074711972e+00
10 1 -1.000283524710680e+00 -1.895257071328342e-03 -9.283368734773245e-04 -1.007691919308371e+00
10 2 -1.000283669819891e+00 -1.895617774071138e-03 -9.280844048253674e-04 -1.007690728176987e+00
10 3 -1.000283816860188e+00 -1.895963770466572e-03 -9.278570071328644e-04 -1.007689547150770e+00
10 4 -1.000283960293419e+00 -1.896281769320370e-03 -9.276635749639695e-04 -1.007688421415733e+00
10 5 -1.000284094739444e+00 -1.896559661177675e-03 -9.275112782007314e-04 -1.007687393807729e+00
10 6 -1.000284215162396e+00 -1.896786966274442e-03 -9.274053282317868e-04 -1.007686503232788e+00
10 7 -1.000284317044086e+00 -1.896955206972862e-03 -9.273488749081202e-04 -1.007685783261014e+00
10 8 -1.000284396541070e+00 -1.897058195136294e-03 -9.273430233450077e-04 -1.007685260933946e+00
10 9 -1.000284450621744e+00 -1.897092229070626e-03 -9.273869493579319e-04 -1.007684955817093e+00
10 10 -1.000284477179641e+00 -1.897056198042691e-03 -9.274780864843744e-04 -1.007684879322038e+00
10 11 -1.000284475119022e+00 -1.896951595501640e-03 -9.276123557113088e-04 -1.007685034314223e+00
10 12 -1.000284444408732e+00 -1.896782444960023e-03 -9.277844102275422e-04 -1.007685415014073e+00
10 13 -1.000284386100404e+00 -1.896555144315693e-03 -9.279878719031900e-04 -1.007686007192704e+00
10 14 -1.000284302307521e+00 -1.896278234939433e-03 -9.282155443405432e-04 -1.007686788658943e+00
10 15 -1.000284196143118e+00 -1.895962101988086e-03 -9.284595981568721e-04 -1.007687730028860e+00
10 16 -1.000284071615856e+00 -1.895618613192618e-03 -9.287117346881325e-04 -1.007688795760266e+00
10 17 -1.000283933486367e+00 -1.895260704818154e-03 -9.289633419261928e-04 -1.007689945424609e+00
10 18 -1.000283787087954e+00 -1.894901924872458e-03 -9.292056605644160e-04 -1.007691135180055e+00
10 19 -1.000283638117925e+00 -1.894555944869476e-03 -9.294299787659747e-04 -1.007692319402071e+00
10 20 -1.000283492408080e+00 -1.894236053344870e-03 -9.296278710805836e-04 -1.007693452418885e+00
10 21 -1.000283355684794e+00 -1.893954647257031e-03 -9.297914888654432e-04 -1.007694490288636e+00
10 22 -1.000283233330231e+00 -1.893722740482609e-03 -9.299138973790108e-04 -1.007695392546379e+00
10 23 -1.000283130156474e+00 -1.893549510550986e-03 -9.299894413639614e-04 -1.007696123845506e+00
10 24 -1.000283050203874e+00 -1.893441905236173e-03 -9.300141096316215e-04 -1.007696655419097e+00
10 25 -1.000282996573868e+00 -1.893404330063144e-03 -9.299858616820074e-04 -1.007696966290236e+00
10 26 -1.000282971304723e+00 -1.893438436083790e-03 -9.299048765554950e-04 -1.007697044167212e+00
10 27 -1.000282975296060e+00 -1.893543023542709e-03 -9.297736868999507e-04 -1.007696885972664e+00
10 28 -1.000283008284810e+00 -1.893714070818395e-03 -9.295971703655754e-04 -1.007696497975767e+00
10 29 -1.000283068872023e+00 -1.893944890129258e-03 -9.293823849398464e-04 -1.007695895520362e+00
10 30 -1.000283154596969e+00 -1.894226403393363e-03 -9.291382519716737e-04 -1.007695102365337e+00
10 31 -1.000283262052452e+00 -1.894547524267593e-03 -9.288751074136146e-04 -1.007694149674632e+00
11 0 -1.000283487424571e+00 -1.895164222231382e-03 -9.274509487406143e-04 -1.007692581302133e+00
11 1 -1.000283625666224e+00 -1.895526803803415e-03 -9.271836310024140e-04 -1.007691421931968e+00
11 2 -1.000283771359842e+00 -1.895888758256716e-03 -9.269310045929944e-04 -1.007690226596564e+00
11 3 -1.000283918981852e+00 -1.896236073933786e-03 -9.267033316097740e-04 -1.007689041290335e+00
11 4 -1.000284062971324e+00 -1.896555408838343e-03 -9.265095160633620e-04 -1.007687911365274e+00
11 5 -1.000284197926189e+00 -1.896834601658707e-03 -9.263567417296594e-04 -1.007686879820969e+00
11 6 -1.000284318790294e+00 -1.897063121515472e-03 -9.262502384262693e-04 -1.007685985719057e+00
11 7 -1.000284421027630e+00 -1.897232442391284e-03 -9.261931782714893e-04 -1.007685262770902e+00
11 8 -1.000284500780280e+00 -1.897336332823650e-03 -9.261866909974697e-04 -1.007684738138075e+00
11 9 -1.000284555006303e+00 -1.897371054976598e-03 -9.262299779740221e-04 -1.007684431478883e+00
11 10 -1.000284581593462e+00 -1.897335470618054e-03 -9.263204984265676e-04 -1.007684354266741e+00
11 11 -1.000284579444947e+00 -1.897231055300107e-03 -9.264541984576394e-04 -1.007684509395956e+00
11 12 -1.000284548533262e+00 -1.897061825117174e-03 -9.266257544937232e-04 -1.007684891081292e+00
11 13 -1.000284489918372e+00 -1.896834181696962e-03 -9.268288081139096e-04 -1.007685485052906e+00
11 14 -1.000284405726423e+00 -1.896556681169239e-03 -9.270561780457836e-04 -1.007686269045034e+00
11 15 -1.000284299086759e+00 -1.896239733388008e-03 -9.273000453565698e-04 -1.007687213570064e+00
11 16 -1.000284174027100e+00 -1.895895239167448e-03 -9.275521173994706e-04 -1.007688282958863e+00
11 17 -1.000284035329031e+00 -1.895536174748339e-03 -9.278037836470014e-04 -1.007689436638307e+00
11 18 -1.000283888347869e+00 -1.895176133503580e-03 -9.280462814290362e-04 -1.007690630609960e+00
11 19 -1.000283738803147e+00 -1.894828835882750e-03 -9.282708907915239e-04 -1.007691819086930e+00
11 20 -1.000283592548283e+00 -1.894507620880639e-03 -9.284691740666070e-04 -1.007692956235825e+00
11 21 -1.000283455329935e+00 -1.894224935538267e-03 -9.286332671214865e-04 -1.007693997959573e+00
11 22 -1.000283332548592e+00 -1.893991841762121e-03 -9.287562171341208e-04 -1.007694903649364e+00
11 23 -1.000283229032050e+00 -1.893817561355323e-03 -9.288323487680380e-04 -1.007695637831182e+00
11 24 -1.000283148833139e+00 -1.893709080876066e-03 -9.288576293777326e-04 -1.007696171632296e+00
11 25 -1.000283095062141e+00 -1.893670837789601e-03 -9.288299962361566e-04 -1.007696483995217e+00
11 26 -1.000283069762415e+00 -1.893704507495002e-03 -9.287496059868936e-04 -1.007696562574405e+00
11 27 -1.000283073834876e+00 -1.893808906494323e-03 -9.286189694609031e-04 -1.007696404266103e+00
11 28 -1.000283107013810e+00 -1.893980020676771e-03 -9.284429439566953e-04 -1.007696015341835e+00
11 29 -1.000283167893575e+00 -1.894211160399581e-03 -9.282285692710250e-04 -1.007695411177771e+00
11 30 -1.000283254002871e+00 -1.894493236291287e-03 -9.279847510540095e-04 -1.007694615594468e+00
11 31 -1.000283361920508e+00 -1.894815141865891e-03 -9.277218123797373e-04 -1.007693659844121e+00
12 0 -1.000283559170544e+00 -1.895438549701177e-03 -9.262215659184661e-04 -1.007692120115808e+00
12 1 -1.000283697914444e+00 -1.895802088361255e-03 -9.259544084800898e-04 -1.007690957250292e+00
12 2 -1.000283844159794e+00 -1.896165183003931e-03 -9.257017458789523e-04 -1.007689757958900e+00
12 3 -1.000283992361774e+00 -1.896513778816641e-03 -9.254738399311144e-04 -1.007688568387413e+00
12 4 -1.000284136936916e+00 -1.896834484765706e-03 -9.252796021686935e-04 -1.007687434052683e+00
12 5 -1.000284272460114e+00 -1.897115086179754e-03 -9.251262320904138e-04 -1.007686398127026e+00
12 6 -1.000284393852608e+00 -1.897344996576479e-03 -9.250189830493934e-04 -1.007685499845678e+00
12 7 -1.000284496557262e+00 -1.897515634692941e-03 -9.249610570853347e-04 -1.007684773086340e+00
12 8 -1.000284576697510e+00 -1.897620716750274e-03 -9.249536184821944e-04 -1.007684245162048e+00
12 9 -1.000284631216026e+00 -1.897656457647332e-03 -9.249959064612493e-04 -1.007683935861617e+00
12 10 -1.000284657989070e+00 -1.897621678772036e-03 -9.250854202691720e-04 -1.007683856762821e+00
12 11 -1.000284655912712e+00 -1.897517824005865e-03 -9.252181464897907e-04 -1.007684010833320e+00
12 12 -1.000284624957042e+00 -1.897348888065982e-03 -9.253888001566737e-04 -1.007684392326608e+00
12 13 -1.000284566184346e+00 -1.897121262323757e-03 -9.255910575538168e-04 -1.007684986975909e+00
12 14 -1.000284481727599e+00 -1.896843503763947e-03 -9.258177671846751e-04 -1.007685772484113e+00
12 15 -1.000284374727101e+00 -1.896526033792393e-03 -9.260611345015940e-04 -1.007686719300001e+00
12 16 -1.000284249225161e+00 -1.896180774921599e-03 -9.263128851101913e-04 -1.007687791661270e+00
12 17 -1.000284110020895e+00 -1.895820734312064e-03 -9.265644195701419e-04 -1.007688948876194e+00
12 18 -1.000283962489265e+00 -1.895459543950771e-03 -9.268069785929816e-04 -1.007690146808161e+00
12 19 -1.000283812370765e+00 -1.895110968765708e-03 -9.270318382564909e-04 -1.007691339518691e+00
12 20 -1.000283665540416e+00 -1.894788396433819e-03 -9.272305503196455e-04 -1.007692481014481e+00
12 21 -1.000283527766467e+00 -1.894504325365594e-03 -9.273952339849925e-04 -1.007693527034898e+00
12 22 -1.000283404470179e+00 -1.894269869727332e-03 -9.275189140514774e-04 -1.007694436809703e+00
12 23 -1.000283300498453e+00 -1.894094302316809e-03 -9.275958878223415e-04 -1.007695174712381e+00
12 24 -1.000283219920873e+00 -1.893984657406325e-03 -9.276220914669008e-04 -1.007695711732556e+00
12 25 -1.000283165861686e+00 -1.893945415437833e-03 -9.275954284209068e-04 -1.007696026693889e+00
12 26 -1.000283140375066e+00 -1.893978288952145e-03 -9.275160198019519e-04 -1.007696107153717e+00
12 27 -1.000283144369186e+00 -1.894082124584777e-03 -9.273863401888575e-04 -1.007695949936140e+00
12 28 -1.000283177581673e+00 -1.894252930100070e-03 -9.272112110676391e-04 -1.007695561268820e+00
12 29 -1.000283238606158e+00 -1.894484028517363e-03 -9.269976381287932e-04 -1.007694956514449e+00
12 30 -1.000283324966555e+00 -1.894766333398309e-03 -9.267544958618007e-04 -1.007694159511182e+00
12 31 -1.000283433232885e+00 -1.895088731169818e-03 -9.264920804148805e-04 -1.007693201559989e+00
13 0 -1.000283599611556e+00 -1.895708059601692e-03 -9.249638220187761e-04 -1.007691708454769e+00
13 1 -1.000283738776527e+00 -1.896072340381169e-03 -9.246970107990451e-04 -1.007690542696094e+00
13 2 -1.000283885520118e+00 -1.896436421135383e-03 -9.244444317731765e-04 -1.007689339845080e+00
13 3 -1.000284034278437e+00 -1.896786209931249e-03 -9.242163417195560e-04 -1.007688146183535e+00
13 4 -1.000284179446438e+00 -1.897108269987521e-03 -9.240216581057456e-04 -1.007687007386719e+00
13 5 -1.000284315575706e+00 -1.897390333765317e-03 -9.238675973491666e-04 -1.007685966802183e+00
13 6 -1.000284437563506e+00 -1.897621757109213e-03 -9.237594399054399e-04 -1.007685063849357e+00
13 7 -1.000284540829171e+00 -1.897793898947695e-03 -9.237004237952021e-04 -1.007684332590575e+00
13 8 -1.000284621473988e+00 -1.897900416023044e-03 -9.236917567123607e-04 -1.007683800516497e+00
13 9 -1.000284676420707e+00 -1.897937466408073e-03 -9.237327270575325e-04 -1.007683487579724e+00
13 10 -1.000284703528788e+00 -1.897903819850060e-03 -9.238208868217611e-04 -1.007683405500581e+00
13 11 -1.000284701681472e+00 -1.897800876306695e-03 -9.239522762186096e-04 -1.007683557360932e+00
13 12 -1.000284670840492e+00 -1.897632596104991e-03 -9.241216622920318e-04 -1.007683937495703e+00
13 13 -1.000284612064350e+00 -1.897405346603223e-03 -9.243227699023247e-04 -1.007684531685502e+00
13 14 -1.000284527486762e+00 -1.897127671575738e-03 -9.245484913030938e-04 -1.007685317646389e+00
13 15 -1.000284420253253e+00 -1.896809990538498e-03 -9.247910692749551e-04 -1.007686265805479e+00
13 16 -1.000284294415696e+00 -1.896464235722263e-03 -9.250422585239083e-04 -1.007687340344172e+00
13 17 -1.000284154786621e+00 -1.896103435020509e-03 -9.252934792095260e-04 -1.007688500482827e+00
13 18 -1.000284006757539e+00 -1.895741250743837e-03 -9.255359819291257e-04 -1.007689701970570e+00
13 19 -1.000283856087935e+00 -1.895391486210182e-03 -9.257610433619874e-04 -1.007690898733383e+00
13 20 -1.000283708673656e+00 -1.895067574317726e-03 -9.259602068578862e-04 -1.007692044625155e+00
13 21 -1.000283570304927e+00 -1.894782064175925e-03 -9.261255741934971e-04 -1.007693095219767e+00
13 22 -1.000283446425291e+00 -1.894546124203024e-03 -9.262501440842205e-04 -1.007694009575189e+00
13 23 -1.000283341903385e+00 -1.894369082756380e-03 -9.263281802740761e-04 -1.007694751893809e+00
13 24 -1.000283260829286e+00 -1.894258028990431e-03 -9.263555795362575e-04 -1.007695293000642e+00
13 25 -1.000283206345879e+00 -1.894217495917246e-03 -9.263302014846469e-04 -1.007695611566009e+00
13 26 -1.000283180523443e+00 -1.894249244671718e-03 -9.262521200350093e-04 -1.007695695010346e+00
13 27 -1.000283184283055e+00 -1.894352164688060e-03 -9.261237603396677e-04 -1.007695540042874e+00
13 28 -1.000283217371588e+00 -1.894522299091661e-03 -9.259498939042439e-04 -1.007695152802944e+00
13 29 -1.000283278387982e+00 -1.894752997567866e-03 -9.257374779554707e-04 -1.007694548594495e+00
13 30 -1.000283364857251e+00 -1.895035190550355e-03 -9.254953420993831e-04 -1.007693751229088e+00
13 31 -1.000283473345992e+00 -1.895357770460568e-03 -9.252337429671559e-04 -1.007692792016013e+00
14 0 -1.000283607280413e+00 -1.895962440135233e-03 -9.237266027955283e-04 -1.007691361535377e+00
14 1 -1.000283746769780e+00 -1.896327221430465e-03 -9.234603054123610e-04 -1.007690193591277e+00
14 2 -1.000283893939764e+00 -1.896692098443310e-03 -9.232079219456836e-04 -1.007688987707396e+00
14 3 -1.000284043210110e+00 -1.897042949112360e-03 -9.229797001752786e-04 -1.007687790282442e+00
14 4 -1.000284188955853e+00 -1.897366295653190e-03 -9.227845618007753e-04 -1.007686647138510e+00
14 5 -1.000284325705971e+00 -1.897649820329045e-03 -9.226297403391591e-04 -1.007685601793723e+00
14 6 -1.000284448333415e+00 -1.897882821679966e-03 -9.225205456430459e-04 -1.007684693854595e+00
14 7 -1.000284552232438e+00 -1.898056596460562e-03 -9.224602566594099e-04 -1.007683957579672e+00
14 8 -1.000284633479415e+00 -1.898164736833339e-03 -9.224501320416421e-04 -1.007683420657246e+00
14 9 -1.000284688973411e+00 -1.898203336757896e-03 -9.224895186587860e-04 -1.007683103230313e+00
14 10 -1.000284716552570e+00 -1.898171105390600e-03 -9.225760313996002e-04 -1.007683017193392e+00
14 11 -1.000284715082132e+00 -1.898069388249457e-03 -9.227057749823731e-04 -1.007683165778911e+00
14 12 -1.000284684509747e+00 -1.897902099219428e-03 -9.228735802902637e-04 -1.007683543443903e+00
14 13 -1.000284625884086e+00 -1.897675568546938e-03 -9.230732332191024e-04 -1.007684136059556e+00
14 14 -1.000284541333563e+00 -1.897398313481737e-03 -9.232976818158632e-04 -1.007684921398267e+00
14 15 -1.000284434003146e+00 -1.897080738741887e-03 -9.235392168727373e-04 -1.007685869906921e+00
14 16 -1.000284307948913e+00 -1.896734774049582e-03 -9.237896313397207e-04 -1.007686945749448e+00
14 17 -1.000284167992125e+00 -1.896373456831522e-03 -9.240403728107698e-04 -1.007688108093045e+00
14 18 -1.000284019537107e+00 -1.896010470190785e-03 -9.242827081688746e-04 -1.007689312600938e+00
14 19 -1.000283868359702e+00 -1.895659648542349e-03 -9.245079190792151e-04 -1.007690513083900e+00
14 20 -1.000283720375042e+00 -1.895334465069890e-03 -9.247075424086877e-04 -1.007691663255350e+00
14 21 -1.000283581394821e+00 -1.895047516891163e-03 -9.248736620525928e-04 -1.007692718528536e+00
14 22 -1.000283456885486e+00 -1.894810026360233e-03 -9.249992481126300e-04 -1.007693637786524e+00
14 23 -1.000283351739262e+00 -1.894631379803279e-03 -9.250785262739574e-04 -1.007694385048415e+00
14 24 -1.000283270069732e+00 -1.894518726482590e-03 -9.251073473609628e-04 -1.007694930953390e+00
14 25 -1.000283215042343e+00 -1.894476659641755e-03 -9.250835186083342e-04 -1.007695253989773e+00
14 26 -1.000283188748116e+00 -1.894506998578256e-03 -9.250070565037013e-04 -1.007695341406824e+00
14 27 -1.000283192126282e+00 -1.894608686626470e-03 -9.248803254031741e-04 -1.007695189760205e+00
14 28 -1.000283224938634e+00 -1.894777814544543e-03 -9.247080349068165e-04 -1.007694805059183e+00
14 29 -1.000283285795212e+00 -1.895007771559012e-03 -9.244970818432923e-04 -1.007694202506183e+00
14 30 -1.000283372227728e+00 -1.895289517862908e-03 -9.242562393549985e-04 -1.007693405844473e+00
14 31 -1.000283480804677e+00 -1.895611964451431e-03 -9.239957134982512e-04 -1.007692446351941e+00
15 0 -1.000283581945853e+00 -1.896192006343910e-03 -9.225579027557230e-04 -1.007691091994779e+00
15 1 -1.000283721651393e+00 -1.896557029592305e-03 -9.222922617686230e-04 -1.007689922650048e+00
15 2 -1.000283869160443e+00 -1.896922484673162e-03 -9.220401736040830e-04 -1.007688714369649e+00
15 3 -1.000284018879640e+00 -1.897274227420566e-03 -9.218118733363813e-04 -1.007687513646034e+00
15 4 -1.000284165166544e+00 -1.897598745381231e-03 -9.216162847161677e-04 -1.007686366430956e+00
15 5 -1.000284302529111e+00 -1.897883675156504e-03 -9.214606579763696e-04 -1.007685316402134e+00
15 6 -1.000284425816494e+00 -1.898118260304712e-03 -9.213503341346202e-04 -1.007684403349575e+00
15 7 -1.000284530397178e+00 -1.898293735254874e-03 -9.212886369120512e-04 -1.007683661732549e+00
15 8 -1.000284612320831e+00 -1.898403625145645e-03 -9.212768812934053e-04 -1.007683119448857e+00
15 9 -1.000284668460112e+00 -1.898443955354754e-03 -9.213144790489663e-04 -1.007682796850155e+00
15 10 -1.000284696628230e+00 -1.898413367896881e-03 -9.213991155374029e-04 -1.007682706029879e+00
15 11 -1.000284695667887e+00 -1.898313145087871e-03 -9.215269689310430e-04 -1.007682850402470e+00
15 12 -1.000284665507353e+00 -1.898147143764383e-03 -9.216929439113292e-04 -1.007683224583945e+00
15 13 -1.000284607179774e+00 -1.897921645452525e-03 -9.218908973526850e-04 -1.007683814575651e+00
15 14 -1.000284522802498e+00 -1.897645128933196e-03 -9.221138421819271e-04 -1.007684598246499e+00
15 15 -1.000284415514261e+00 -1.897327972006775e-03 -9.223541254286636e-04 -1.007685546103285e+00
15 16 -1.000284289369887e+00 -1.896982089708711e-03 -9.226035860511728e-04 -1.007686622331943e+00
15 17 -1.000284149194358e+00 -1.896620517363610e-03 -9.228537062460914e-04 -1.007687786083214e+00
15 18 -1.000284000400571e+00 -1.896256948636378e-03 -9.230957749256759e-04 -1.007688992965720e+00
15 19 -1.000283848777444e+00 -1.895905240697560e-03 -9.233210823600984e-04 -1.007690196699598e+00
15 20 -1.000283700257084e+00 -1.895578900558783e-03 -9.235211605349798e-04 -1.007691350875701e+00
15 21 -1.000283560671395e+00 -1.895290568794521e-03 -9.236880756084248e-04 -1.007692410757677e+00
15 22 -1.000283435509581e+00 -1.895051519415105e-03 -9.238147679142673e-04 -1.007693335056685e+00
15 23 -1.000283329688469e+00 -1.894871197087108e-03 -9.238954221721621e-04 -1.007694087602689e+00
15 24 -1.000283247347212e+00 -1.894756814178220e-03 -9.239258381724292e-04 -1.007694638834878e+00
15 25 -1.000283191676832e+00 -1.894713029461222e-03 -9.239037637274149e-04 -1.007694967038296e+00
15 26 -1.000283164792980e+00 -1.894741727717223e-03 -9.238291496422808e-04 -1.007695059263406e+00
15 27 -1.000283167657674e+00 -1.894841915294216e-03 -9.237042906907206e-04 -1.007694911879113e+00
15 28 -1.000283200052731e+00 -1.895009741045238e-03 -9.235338255126072e-04 -1.007694530727637e+00
15 29 -1.000283260604520e+00 -1.895238644950681e-03 -9.233245812192391e-04 -1.007693930871522e+00
15 30 -1.000283346856699e+00 -1.895519628549464e-03 -9.230852650075568e-04 -1.007693135947284e+00
15 31 -1.000283455384944e+00 -1.895841633277153e-03 -9.228260231166937e-04 -1.007692177162958e+00
16 0 -1.000283524611786e+00 -1.896388058394348e-03 -9.215029133327310e-04 -1.007690909511016e+00
16 1 -1.000283664417880e+00 -1.896753057875117e-03 -9.212380415222339e-04 -1.007689739597648e+00
16 2 -1.000283812166465e+00 -1.897118852635821e-03 -9.209863325066199e-04 -1.007688529642990e+00
16 3 -1.000283962254937e+00 -1.897471285523180e-03 -9.207580050903542e-04 -1.007687326205707e+00
16 4 -1.000284109026558e+00 -1.897796817160066e-03 -9.205619828832462e-04 -1.007686175344840e+00
16 5 -1.000284246970509e+00 -1.898083044428831e-03 -9.204055324426462e-04 -1.007685120881685e+00
16 6 -1.000284370913385e+00 -1.898319159950172e-03 -9.202940271182493e-04 -1.007684202780292e+00
16 7 -1.000284476198196e+00 -1.898496338111227e-03 -9.202308375101723e-04 -1.007683455697274e+00
16 8 -1.000284558847288e+00 -1.898608037497962e-03 -9.202173377376478e-04 -1.007682907742709e+00
16 9 -1.000284615705278e+00 -1.898650213171985e-03 -9.202530083621225e-04 -1.007682579486870e+00
16 10 -1.000284644557705e+00 -1.898621435739241e-03 -9.203356105907665e-04 -1.007682483240037e+00
16 11 -1.000284644220975e+00 -1.898522917710099e-03 -9.204614026308159e-04 -1.007682622623820e+00
16 12 -1.000284614599440e+00 -1.898358450556420e-03 -9.206253698797732e-04 -1.007682992443672e+00
16 13 -1.000284556705684e+00 -1.898134257595623e-03 -9.208214467822811e-04 -1.007683578865125e+00
16 14 -1.000284472640652e+00 -1.897858768697334e-03 -9.210427174301278e-04 -1.007684359890200e+00
16 15 -1.000284365531396e+00 -1.897542323516218e-03 -9.212815914019849e-04 -1.007685306123821e+00
16 16 -1.000284239426117e+00 -1.897196810826093e-03 -9.215299599524200e-04 -1.007686381812135e+00
16 17 -1.000284099148459e+00 -1.896835252553379e-03 -9.217793455507037e-04 -1.007687546125796e+00
16 18 -1.000283950115330e+00 -1.896471342421146e-03 -9.220210635582318e-04 -1.007688754651931e+00
16 19 -1.000283798124848e+00 -1.896118950979068e-03 -9.222464158608004e-04 -1.007689961048803e+00
16 20 -1.000283649123126e+00 -1.895791611154282e-03 -9.224469314128629e-04 -1.007691118807797e+00
16 21 -1.000283508960338e+00 -1.895502000935001e-03 -9.226146594961181e-04 -1.007692183059043e+00
16 22 -1.000283383147566e+00 -1.895261442119069e-03 -9.227425103421090e-04 -1.007693112350159e+00
16 23 -1.000283276626342e+00 -1.895079436094882e-03 -9.228246258044699e-04 -1.007693870322766e+00
16 24 -1.000283193562472e+00 -1.894963258914251e-03 -9.228567510926891e-04 -1.007694427209674e+00
16 25 -1.000283137174613e+00 -1.894917637607141e-03 -9.228365697985243e-04 -1.007694761079251e+00
16 26 -1.000283109606023e+00 -1.894944527223420e-03 -9.227639615721459e-04 -1.007694858763114e+00
16 27 -1.000283111845194e+00 -1.895043003723811e-03 -9.226411457621069e-04 -1.007694716417743e+00
16 28 -1.000283143698147e+00 -1.895209282135337e-03 -9.224726837527205e-04 -1.007694339688428e+00
16 29 -1.000283203812171e+00 -1.895436862471684e-03 -9.222653260894608e-04 -1.007693743464854e+00
16 30 -1.000283289747807e+00 -1.895716797852557e-03 -9.220277069258402e-04 -1.007692951241548e+00
16 31 -1.000283398093046e+00 -1.896038070980276e-03 -9.217699059833862e-04 -1.007691994120337e+00
17 0 -1.000283437473881e+00 -1.896543196733966e-03 -9.206022449134297e-04 -1.007690820536067e+00
17 1 -1.000283577261776e+00 -1.896907909336140e-03 -9.203382219442081e-04 -1.007689650902647e+00
17 2 -1.000283725141910e+00 -1.897273794127526e-03 -9.200869569801915e-04 -1.007688440054896e+00
17 3 -1.000283875506729e+00 -1.897626690659031e-03 -9.198586498577588e-04 -1.007687234587339e+00
17 4 -1.000284022688859e+00 -1.897953041293775e-03 -9.196622224615231e-04 -1.007686080640070e+00
17 5 -1.000284161161545e+00 -1.898240410484515e-03 -9.195049570351730e-04 -1.007685022156983e+00
17 6 -1.000284285730892e+00 -1.898477945922821e-03 -9.193922590295086e-04 -1.007684099260082e+00
17 7 -1.000284391715780e+00 -1.898656766661660e-03 -9.193275459597257e-04 -1.007683346792027e+00
17 8 -1.000284475111699e+00 -1.898770267670622e-03 -9.193122518630778e-04 -1.007682793069999e+00
17 9 -1.000284532734597e+00 -1.898814334326854e-03 -9.193459280597280e-04 -1.007682458885351e+00
17 10 -1.000284562340566e+00 -1.898787464097713e-03 -9.194264145047812e-04 -1.007682356775391e+00
17 11 -1.000284562716972e+00 -1.898690795943214e-03 -9.195500526032661e-04 -1.007682490585667e+00
17 12 -1.000284533740726e+00 -1.898528050462330e-03 -9.197119116177487e-04 -1.007682855333512e+00
17 13 -1.000284476399646e+00 -1.898305385512400e-03 -9.199060070334024e-04 -1.007683437376405e+00
17 14 -1.000284392773519e+00 -1.898031173219073e-03 -9.201254982061509e-04 -1.007684214881653e+00
17 15 -1.000284285972660e+00 -1.897715705204428e-03 -9.203628616925440e-04 -1.007685158586944e+00
17 16 -1.000284160033565e+00 -1.897370833623661e-03 -9.206100451602952e-04 -1.007686232833877e+00
17 17 -1.000284019773592e+00 -1.897009556473244e-03 -9.208586148557160e-04 -1.007687396847991e+00
17 18 -1.000283870608969e+00 -1.896645557001565e-03 -9.210999156722146e-04 -1.007688606228995e+00
17 19 -1.000283718342796e+00 -1.896292709056597e-03 -9.213252639344644e-04 -1.007689814604857e+00
17 20 -1.000283568931703e+00 -1.895964562564798e-03 -9.215261878445204e-04 -1.007690975394286e+00
17 21 -1.000283428241534e+00 -1.895673825708415e-03 -9.216947210404024e-04 -1.007692043614372e+00
17 22 -1.000283301803557e+00 -1.895431862669609e-03 -9.218237436405466e-04 -1.007692977663193e+00
17 23 -1.000283194583229e+00 -1.895248227925985e-03 -9.219073536408976e-04 -1.007693741001718e+00
17 24 -1.000283110773162e+00 -1.895130259414232e-03 -9.219412401090174e-04 -1.007694303657561e+00
17 25 -1.000283053620715e+00 -1.895082752545251e-03 -9.219230204847615e-04 -1.007694643477020e+00
17 26 -1.000283025298587e+00 -1.895107734622283e-03 -9.218525008687997e-04 -1.007694747061492e+00
17 27 -1.000283026824247e+00 -1.895204354945612e-03 -9.217318221242212e-04 -1.007694610338391e+00
17 28 -1.000283058031110e+00 -1.895368900184205e-03 -9.215654646125756e-04 -1.007694238734228e+00
17 29 -1.000283117591301e+00 -1.895594937560769e-03 -9.213600981287965e-04 -1.007693646938832e+00
17 30 -1.000283203086705e+00 -1.895873580286999e-03 -9.211242796799954e-04 -1.007692858273898e+00
17 31 -1.000283311122293e+00 -1.896193861551061e-03 -9.208680187693103e-04 -1.007691903702657e+00
18 0 -1.000283323836058e+00 -1.896651585389975e-03 -9.198903562378774e-04 -1.007690828134864e+00
18 1 -1.000283463488223e+00 -1.897015760191740e-03 -9.196272266202907e-04 -1.007689659615695e+00
18 2 -1.000283611387530e+00 -1.897381483360689e-03 -9.193764500632760e-04 -1.007688448685938e+00
18 3 -1.000283761925801e+00 -1.897734600654443e-03 -9.191482061505223e-04 -1.007687241945239e+00
18 4 -1.000283909428996e+00 -1.898061545410957e-03 -9.189514138806429e-04 -1.007686085585763e+00
18 5 -1.000284048357957e+00 -1.898349858453166e-03 -9.187933696599793e-04 -1.007685023647457e+00
18 6 -1.000284173501292e+00 -1.898588650583244e-03 -9.186795091861984e-04 -1.007684096387187e+00
18 7 -1.000284280156016e+00 -1.898768992212672e-03 -9.186132953396520e-04 -1.007683338815683e+00
18 8 -1.000284364292091e+00 -1.898884219555791e-03 -9.185962213154063e-04 -1.007682779445638e+00
18 9 -1.000284422697125e+00 -1.898930151276714e-03 -9.186279089510145e-04 -1.007682439284438e+00
18 10 -1.000284453097136e+00 -1.898905212935423e-03 -9.187062765937213e-04 -1.007682331097519e+00
18 11 -1.000284454248917e+00 -1.898810469342898e-03 -9.188277482845482e-04 -1.007682458961753e+00
18 12 -1.000284425999504e+00 -1.898649567479349e-03 -9.189874770310854e-04 -1.007682818120609e+00
18 13 -1.000284369308668e+00 -1.898428594782638e-03 -9.191795602734402e-04 -1.007683395144374e+00
18 14 -1.000284286231081e+00 -1.898155858890272e-03 -9.193972343782573e-04 -1.007684168391581e+00
18 15 -1.000284179855912e+00 -1.897841595437858e-03 -9.196330447322482e-04 -1.007685108761931e+00
18 16 -1.000284054203301e+00 -1.897497611090576e-03 -9.198789970042959e-04 -1.007686180724046e+00
18 17 -1.000283914079594e+00 -1.897136870223333e-03 -9.201267028579203e-04 -1.007687343591610e+00
18 18 -1.000283764895723e+00 -1.896773035412423e-03 -9.203675388285566e-04 -1.007688553010586e+00
18 19 -1.000283612455454e+00 -1.896419973730585e-03 -9.205928381042368e-04 -1.007689762610742e+00
18 20 -1.000283462722093e+00 -1.896091242765811e-03 -9.207941302309974e-04 -1.007690925766969e+00
18 21 -1.000283321573919e+00 -1.895799572624681e-03 -9.209634345147660e-04 -1.007691997408038e+00
18 22 -1.000283194559900e+00 -1.895556362835261e-03 -9.210936016393427e-04 -1.007692935802409e+00
18 23 -1.000283086667783e+00 -1.895371215339445e-03 -9.211786862948806e-04 -1.007693704244808e+00
18 24 -1.000283002116195e+00 -1.895251525900580e-03 -9.212143221317759e-04 -1.007694272566199e+00
18 25 -1.000282944181133e+00 -1.895202155838192e-03 -9.211980611563939e-04 -1.007694618393826e+00
18 26 -1.000282915065350e+00 -1.895225203829788e-03 -9.211296361951092e-04 -1.007694728096729e+00
18 27 -1.000282915816665e+00 -1.895319893400715e-03 -9.210111092079308e-04 -1.007694597365572e+00
18 28 -1.000282946298130e+00 -1.895482585713227e-03 -9.208468786036206e-04 -1.007694231394204e+00
18 29 -1.000283005209752e+00 -1.895706919915803e-03 -9.206435324018971e-04 -1.007693644652853e+00
18 30 -1.000283090158357e+00 -1.895984075459166e-03 -9.204095495512404e-04 -1.007692860266344e+00
18 31 -1.000283197769823e+00 -1.896303143187651e-03 -9.201548683216826e-04 -1.007691909032565e+00
19 0 -1.000283187990234e+00 -1.896709156930823e-03 -9.193942529025195e-04 -1.007690931921814e+00
19 1 -1.000283327394618e+00 -1.897072564134966e-03 -9.191320259090560e-04 -1.007689765307127e+00
19 2 -1.000283475200345e+00 -1.897437880894323e-03 -9.188817619665344e-04 -1.007688555107607e+00
19 3 -1.000283625802790e+00 -1.897790968178812e-03 -9.186536201092180e-04 -1.007687347897989e+00
19 4 -1.000283773525499e+00 -1.898118260002619e-03 -9.184565150617999e-04 -1.007686189891242e+00
19 5 -1.000283912821090e+00 -1.898407283585385e-03 -9.182977550025982e-04 -1.007685125192104e+00
19 6 -1.000284038464417e+00 -1.898647122335649e-03 -9.181828031149922e-04 -1.007684194163796e+00
19 7 -1.000284145733612e+00 -1.898828806258397e-03 -9.181151649728285e-04 -1.007683431961599e+00
19 8 -1.000284230575262e+00 -1.898945619648254e-03 -9.180963901624520e-04 -1.007682867275558e+00
19 9 -1.000284289750005e+00 -1.898993320035927e-03 -9.181261677549791e-04 -1.007682521315811e+00
19 10 -1.000284320954370e+00 -1.898970265219811e-03 -9.182024907751167e-04 -1.007682407067967e+00
19 11 -1.000284322914243e+00 -1.898877448046231e-03 -9.183218624368643e-04 -1.007682528838930e+00
19 12 -1.000284295445466e+00 -1.898718441761240e-03 -9.184795168784367e-04 -1.007682882104270e+00
19 13 -1.000284239477551e+00 -1.898499261116599e-03 -9.186696316962449e-04 -1.007683453659586e+00
19 14 -1.000284157037103e+00 -1.898228145168999e-03 -9.188855188857560e-04 -1.007684222072661e+00
19 15 -1.000284051188559e+00 -1.897915267788101e-03 -9.191197915746490e-04 -1.007685158428310e+00
19 16 -1.000283925931626e+00 -1.897572382765741e-03 -9.193645129395214e-04 -1.007686227349768e+00
19 17 -1.000283786057289e+00 -1.897212412229873e-03 -9.196113404299739e-04 -1.007687388269373e+00
19 18 -1.000283636966810e+00 -1.896848988811557e-03 -9.198516832908481e-04 -1.007688596910739e+00
19 19 -1.000283484460360e+00 -1.896495963349349e-03 -9.200768929233884e-04 -1.007689806936449e+00
19 20 -1.000283334503857e+00 -1.896166891658686e-03 -9.202785016415999e-04 -1.007690971707671e+00
19 21 -1.000283192984308e+00 -1.895874516583920e-03 -9.204485160706118e-04 -1.007692046093198e+00
19 22 -1.000283065465230e+00 -1.895630264465352e-03 -9.205797595802506e-04 -1.007692988257000e+00
19 23 -1.000282956954162e+00 -1.895443777217925e-03 -9.206662461550523e-04 -1.007693761348331e+00
19 24 -1.000282871693876e+00 -1.895322502146433e-03 -9.207035568498902e-04 -1.007694335017732e+00
19 25 -1.000282812987772e+00 -1.895271361475496e-03 -9.206891809715250e-04 -1.007694686685080e+00
19 26 -1.000282783068180e+00 -1.895292521759764e-03 -9.206227805866270e-04 -1.007694802493541e+00
19 27 -1.000282783013657e+00 -1.895385279041999e-03 -9.205063411356159e-04 -1.007694677897451e+00
19 28 -1.000282812718106e+00 -1.895546069115407e-03 -9.203441814498029e-04 -1.007694317852393e+00
19 29 -1.000282870911293e+00 -1.895768604867039e-03 -9.201428100510333e-04 -1.007693736598167e+00
19 30 -1.000282955227471e+00 -1.896044135373748e-03 -9.199106296858970e-04 -1.007692957047136e+00
19 31 -1.000283062316544e+00 -1.896361814148390e-03 -9.196575085784060e-04 -1.007692009811389e+00
20 0 -1.000283035062893e+00 -1.896713754038324e-03 -9.191325024551271e-04 -1.007691128089288e+00
20 1 -1.000283174116823e+00 -1.897076192806227e-03 -9.188711541771538e-04 -1.007689964097935e+00
20 2 -1.000283321719659e+00 -1.897440873507973e-03 -9.186214085479780e-04 -1.007688755414339e+00
20 3 -1.000283472274445e+00 -1.897793680947351e-03 -9.183934040328509e-04 -1.007687548558639e+00
20 4 -1.000283620106765e+00 -1.898121059701690e-03 -9.181960494342406e-04 -1.007686389731982e+00
20 5 -1.000283759665497e+00 -1.898410533807646e-03 -9.180366621298040e-04 -1.007685323070564e+00
20 6 -1.000283885715896e+00 -1.898651169486871e-03 -9.179207296328257e-04 -1.007684389012310e+00
20 7 -1.000283993520854e+00 -1.898833966042999e-03 -9.178517960950677e-04 -1.007683622828173e+00
20 8 -1.000284079006673e+00 -1.898952164970586e-03 -9.178314620537389e-04 -1.007683053359822e+00
20 9 -1.000284138909493e+00 -1.899001470809592e-03 -9.178594774812434e-04 -1.007682701998646e+00
20 10 -1.000284170898023e+00 -1.898980180126426e-03 -9.179339038216235e-04 -1.007682581934753e+00
20 11 -1.000284173667995e+00 -1.898889218363036e-03 -9.180513178271950e-04 -1.007682697695939e+00
20 12 -1.000284147003920e+00 -1.898732087690574e-03 -9.182070295496262e-04 -1.007683044986897e+00
20 13 -1.000284091804071e+00 -1.898514730979462e-03 -9.183952916513435e-04 -1.007683610831561e+00
20 14 -1.000284010065150e+00 -1.898245317389989e-03 -9.186094871055040e-04 -1.007684374016698e+00
20 15 -1.000283904824189e+00 -1.897933955377939e-03 -9.188422932554777e-04 -1.007685305828996e+00
20 16 -1.000283780057121e+00 -1.897592340195764e-03 -9.190858286805384e-04 -1.007686371068741e+00
20 17 -1.000283640535812e+00 -1.897233344717613e-03 -9.193317955802231e-04 -1.007687529312790e+00
20 18 -1.000283491647856e+00 -1.896870563743609e-03 -9.195716354754553e-04 -1.007688736390275e+00
20 19 -1.000283339185692e+00 -1.896517823187284e-03 -9.197967181423150e-04 -1.007689946026165e+00
20 20 -1.000283189113700e+00 -1.896188667677414e-03 -9.199985798189669e-04 -1.007691111598678e+00
20 21 -1.000283047323636e+00 -1.895895843045643e-03 -9.201692169104210e-04 -1.007692187947224e+00
20 22 -1.000282919389871e+00 -1.895650792844557e-03 -9.203014291138115e-04 -1.007693133160284e+00
20 23 -1.000282810336378e+00 -1.895463189824297e-03 -9.203891940549500e-04 -1.007693910268402e+00
20 24 -1.000282724427144e+00 -1.895340524403890e-03 -9.204280447622682e-04 -1.007694488765593e+00
20 25 -1.000282664990694e+00 -1.895287772400892e-03 -9.204154124554387e-04 -1.007694845884063e+00
20 26 -1.000282634287495e+00 -1.895307162454646e-03 -9.203508932697235e-04 -1.007694967555218e+00
20 27 -1.000282633426210e+00 -1.895398058934070e-03 -9.202364013792359e-04 -1.007694849005480e+00
20 28 -1.000282662331593e+00 -1.895556969525180e-03 -9.200761815353779e-04 -1.007694494955685e+00
20 29 -1.000282719763783e+00 -1.895777679636346e-03 -9.198766679042567e-04 -1.007693919413903e+00
20 30 -1.000282803385859e+00 -1.896051508649351e-03 -9.196461913229630e-04 -1.007693145072809e+00
20 31 -1.000282909874047e+00 -1.896367675526446e-03 -9.193945535027921e-04 -1.007692202344894e+00
21 0 -1.000282870832438e+00 -1.896665204129965e-03 -9.191145965158732e-04 -1.007691409526130e+00
21 1 -1.000283009446103e+00 -1.897026509285303e-03 -9.188540730909769e-04 -1.007690248780972e+00
21 2 -1.000283156743953e+00 -1.897390347343909e-03 -9.186048346259314e-04 -1.007689042345045e+00
21 3 -1.000283307140746e+00 -1.897742635031533e-03 -9.183769993445850e-04 -1.007687836654979e+00
21 4 -1.000283454968489e+00 -1.898069836909982e-03 -9.181794688732003e-04 -1.007686677868066e+00
21 5 -1.000283594676756e+00 -1.898359483952507e-03 -9.180195673298858e-04 -1.007685610118781e+00
21 6 -1.000283721025584e+00 -1.898600635849844e-03 -9.179028025402833e-04 -1.007684673885985e+00
21 7 -1.000283829266924e+00 -1.898784272368296e-03 -9.178327511656751e-04 -1.007683904522201e+00
21 8 -1.000283915310826e+00 -1.898903603339353e-03 -9.178110569175714e-04 -1.007683330988073e+00
21 9 -1.000283975872371e+00 -1.898954290470022e-03 -9.178375222954143e-04 -1.007682974827806e+00
21 10 -1.000284008595078e+00 -1.898934577656950e-03 -9.179102689851246e-04 -1.007682849413305e+00
21 11 -1.000284012146361e+00 -1.898845329936030e-03 -9.180259391722181e-04 -1.007682959475989e+00
21 12 -1.000283986280493e+00 -1.898689983936571e-03 -9.181799104447137e-04 -1.007683300937540e+00
21 13 -1.000283931864766e+00 -1.898474414309225e-03 -9.183665022817114e-04 -1.007683861044403e+00
21 14 -1.000283850865260e+00 -1.898206721508965e-03 -9.185791615097857e-04 -1.007684618804275e+00
21 15 -1.000283746289948e+00 -1.897896947226662e-03 -9.188106242740704e-04 -1.007685545715221e+00
21 16 -1.000283622088566e+00 -1.897556724799285e-03 -9.190530605832410e-04 -1.007686606769937e+00
21 17 -1.000283483010853e+00 -1.897198872914709e-03 -9.192982143893429e-04 -1.007687761709649e+00
21 18 -1.000283334427224e+00 -1.896836942105712e-03 -9.195375575675245e-04 -1.007688966493064e+00
21 19 -1.000283182118497e+00 -1.896484725408463e-03 -9.197624779561023e-04 -1.007690174935411e+00
21 20 -1.000283032043428e+00 -1.896155747122922e-03 -9.199645173009434e-04 -1.007691340462322e+00
21 21 -1.000282890094373e+00 -1.895862746227773e-03 -9.201356650370545e-04 -1.007692417915257e+00
21 22 -1.000282761852402e+00 -1.895617173244366e-03 -9.202687016858849e-04 -1.007693365339138e+00
21 23 -1.000282652353847e+00 -1.895428721311262e-03 -9.203575739683046e-04 -1.007694145677695e+00
21 24 -1.000282565880158e+00 -1.895304913778560e-03 -9.203977731177367e-04 -1.007694728298656e+00
21 25 -1.000282505781847e+00 -1.895250770794097e-03 -9.203866791190317e-04 -1.007695090272968e+00
21 26 -1.000282474345066e+00 -1.895268575101855e-03 -9.203238295434927e-04 -1.007695217341844e+00
21 27 -1.000282472706744e+00 -1.895357752639597e-03 -9.202110750730275e-04 -1.007695104520913e+00
21 28 -1.000282500821241e+00 -1.895514877443401e-03 -9.200525942648808e-04 -1.007694756309064e+00
21 29 -1.000282557478573e+00 -1.895733803506403e-03 -9.198547544747432e-04 -1.007694186489952e+00
21 30 -1.000282640371073e+00 -1.896005918648440e-03 -9.196258215601336e-04 -1.007693417537132e+00
21 31 -1.000282746202574e+00 -1.896320507538197e-03 -9.193755370641781e-04 -1.007692479657380e+00
22 0 -1.000282701522109e+00 -1.896565325414315e-03 -9.193406724554954e-04 -1.007691766025970e+00
22 1 -1.000282839621759e+00 -1.896925373241747e-03 -9.190808933171191e-04 -1.007690609031503e+00
22 2 -1.000282986523533e+00 -1.897288192681194e-03 -9.188321354332876e-04 -1.007689405494054e+00
22 3 -1.000283136657560e+00 -1.897639739294332e-03 -9.186044980695097e-04 -1.007688201740746e+00
22 4 -1.000283284366303e+00 -1.897966506006934e-03 -9.184068751010644e-04 -1.007687043855384e+00
22 5 -1.000283424104336e+00 -1.898256040460318e-03 -9.182465945403169e-04 -1.007685975938032e+00
22 6 -1.000283550631095e+00 -1.898497406951261e-03 -9.181291790809163e-04 -1.007685038472627e+00
22 7 -1.000283659192407e+00 -1.898681577853777e-03 -9.180582302120609e-04 -1.007684266855484e+00
22 8 -1.000283745686747e+00 -1.898801743605223e-03 -9.180354257966938e-04 -1.007683690129195e+00
22 9 -1.000283806812347e+00 -1.898853534703275e-03 -9.180606111511376e-04 -1.007683329956764e+00
22 10 -1.000283840191156e+00 -1.898835153062587e-03 -9.181319578322163e-04 -1.007683199861723e+00
22 11 -1.000283844465257e+00 -1.898747412909262e-03 -9.182461623573406e-04 -1.007683304753278e+00
22 12 -1.000283819360923e+00 -1.898593693376987e-03 -9.183986585598094e-04 -1.007683640749907e+00
22 13 -1.000283765715804e+00 -1.898379806802637e-03 -9.185838222762317e-04 -1.007684195307460e+00
22 14 -1.000283685465750e+00 -1.898113788476204e-03 -9.187951552420812e-04 -1.007684947648821e+00
22 15 -1.000283581589153e+00 -1.897805614682175e-03 -9.190254449166532e-04 -1.007685869484304e+00
22 16 -1.000283458008190e+00 -1.897466856163262e-03 -9.192669064511066e-04 -1.007686926006123e+00
22 17 -1.000283319448296e+00 -1.897110274585414e-03 -9.195113207187757e-04 -1.007688077133501e+00
22 18 -1.000283171259809e+00 -1.896749371156369e-03 -9.197501872480047e-04 -1.007689278974695e+00
22 19 -1.000283019208457e+00 -1.896397899057049e-03 -9.199749117303979e-04 -1.007690485460198e+00
22 20 -1.000282869243474e+00 -1.896069353835883e-03 -9.201770433782939e-04 -1.007691650091629e+00
22 21 -1.000282727253568e+00 -1.895776458035537e-03 -9.203485682012816e-04 -1.007692727744029e+00
22 22 -1.000282598822011e+00 -1.895530658547615e-03 -9.204822524407794e-04 -1.007693676452874e+00
22 23 -1.000282488992972e+00 -1.895341657638293e-03 -9.205720182990485e-04 -1.007694459110412e+00
22 24 -1.000282402061081e+00 -1.895217000270444e-03 -9.206133231364278e-04 -1.007695044992553e+00
22 25 -1.000282341394890e+00 -1.895161740056360e-03 -9.206035048024588e-04 -1.007695411041128e+00
22 26 -1.000282309302682e+00 -1.895178203664311e-03 -9.205420519994820e-04 -1.007695542836518e+00
22 27 -1.000282306946582e+00 -1.895265869310251e-03 -9.204307617747418e-04 -1.007695435209500e+00
22 28 -1.000282334308225e+00 -1.895421369382525e-03 -9.202737563760915e-04 -1.007695092458091e+00
22 29 -1.000282390206054e+00 -1.895638620170284e-03 -9.200773462476616e-04 -1.007694528156435e+00
22 30 -1.000282472361018e+00 -1.895909073516032e-03 -9.198497419782154e-04 -1.007693764567541e+00
22 31 -1.000282577504666e+00 -1.896222077310433e-03 -9.196006338952301e-04 -1.007692831694929e+00
23 0 -1.000282533574339e+00 -1.896417864531461e-03 -9.198015915083475e-04 -1.007692184586209e+00
23 1 -1.000282671105171e+00 -1.896776577570999e-03 -9.195424525245611e-04 -1.007691031708957e+00
23 2 -1.000282817534296e+00 -1.897138239639348e-03 -9.192941348806466e-04 -1.007689831615112e+00
23 3 -1.000282967310150e+00 -1.897488850318128e-03 -9.190667211600019e-04 -1.007688630501294e+00
23 4 -1.000283114789227e+00 -1.897814938147289e-03 -9.188690970450636e-04 -1.007687474351106e+00
23 5 -1.000283254435354e+00 -1.898104076871040e-03 -9.187085908196369e-04 -1.007686407197732e+00
23 6 -1.000283381012165e+00 -1.898345346659913e-03 -9.185907336285538e-04 -1.007685469493223e+00
23 7 -1.000283489764375e+00 -1.898529724792709e-03 -9.185191434584577e-04 -1.007684696638663e+00
23 8 -1.000283576583879e+00 -1.898650395010483e-03 -9.184955225494306e-04 -1.007684117719319e+00
23 9 -1.000283638156927e+00 -1.898702969483803e-03 -9.185197476819911e-04 -1.007683754478114e+00
23 10 -1.000283672088509e+00 -1.898685620893711e-03 -9.185900273887199e-04 -1.007683620552849e+00
23 11 -1.000283676999435e+00 -1.898599124453426e-03 -9.187030989105802e-04 -1.007683720997220e+00
23 12 -1.000283652591203e+00 -1.898446811767860e-03 -9.188544391950026e-04 -1.007684052099691e+00
23 13 -1.000283599674143e+00 -1.898234440730453e-03 -9.190384684317369e-04 -1.007684601505634e+00
23 14 -1.000283520155364e+00 -1.897969987479997e-03 -9.192487323379376e-04 -1.007685348639211e+00
23 15 -1.000283416984348e+00 -1.897663367066071e-03 -9.194780598155110e-04 -1.007686265414990e+00
23 16 -1.000283294055435e+00 -1.897326089487407e-03 -9.197187029130779e-04 -1.007687317223950e+00
23 17 -1.000283156068484e+00 -1.896970858504619e-03 -9.199624736377248e-04 -1.007688464170720e+00
23 18 -1.000283008351598e+00 -1.896611122549388e-03 -9.202008962107587e-04 -1.007689662527855e+00
23 19 -1.000282856652512e+00 -1.896260589413963e-03 -9.204253937648351e-04 -1.007690866361747e+00
23 20 -1.000282706907342e+00 -1.895932718542508e-03 -9.206275246472393e-04 -1.007692029275931e+00
23 21 -1.000282564996925e+00 -1.895640206925115e-03 -9.207992749948284e-04 -1.007693106210052e+00
23 22 -1.000282436502132e+00 -1.895394487225759e-03 -9.209334022790087e-04 -1.007694055225046e+00
23 23 -1.000282326470252e+00 -1.895205259336206e-03 -9.210238117016928e-04 -1.007694839198435e+00
23 24 -1.000282239204372e+00 -1.895080077893661e-03 -9.210659360821981e-04 -1.007695427351541e+00
23 25 -1.000282178086377e+00 -1.895024017793788e-03 -9.210570818203721e-04 -1.007695796534390e+00
23 26 -1.000282145442123e+00 -1.895039437492161e-03 -9.209967002229535e-04 -1.007695932203026e+00
23 27 -1.000282142454885e+00 -1.895125856029360e-03 -9.208865465530551e-04 -1.007695829036839e+00
23 28 -1.000282169130288e+00 -1.895279954027084e-03 -9.207306988462438e-04 -1.007695491161245e+00
23 29 -1.000282224312704e+00 -1.895495701527936e-03 -9.205354228757523e-04 -1.007694931963391e+00
23 30 -1.000282305749896e+00 -1.895764607467475e-03 -9.203088858380248e-04 -1.007694173512669e+00
23 31 -1.000282410200127e+00 -1.896076077997889e-03 -9.200607374224697e-04 -1.007693245619803e+00
24 0 -1.000282373413238e+00 -1.896228367046291e-03 -9.204793579075326e-04 -1.007692649800073e+00
24 1 -1.000282510341639e+00 -1.896585717355618e-03 -9.202207349546626e-04 -1.007691501253625e+00
24 2 -1.000282656238952e+00 -1.896946125710552e-03 -9.199728053775233e-04 -1.007690305022240e+00
24 3 -1.000282805574053e+00 -1.897295639150700e-03 -9.197456376595860e-04 -1.007689107156410e+00
24 4 -1.000282952720631e+00 -1.897620828053773e-03 -9.195481085018331e-04 -1.007687953515725e+00
24 5 -1.000283092155865e+00 -1.897909301044948e-03 -9.193875425392142e-04 -1.007686888035438e+00
24 6 -1.000283218652265e+00 -1.898150164802548e-03 -9.192694729730191e-04 -1.007685951099865e+00
24 7 -1.000283327458418e+00 -1.898334413406349e-03 -9.191975257234711e-04 -1.007685178076187e+00
24 8 -1.000283414464843e+00 -1.898455236891762e-03 -9.191734164678508e-04 -1.007684598051338e+00
24 9 -1.000283476351222e+00 -1.898508242997805e-03 -9.191970401647446e-04 -1.007684232805440e+00
24 10 -1.000283510710928e+00 -1.898491589222310e-03 -9.192666275829325e-04 -1.007684096048404e+00
24 11 -1.000283516148359e+00 -1.898406024905642e-03 -9.193789418035011e-04 -1.007684192940014e+00
24 12 -1.000283492344347e+00 -1.898254845716666e-03 -9.195294886055438e-04 -1.007684519905849e+00
24 13 -1.000283440085236e+00 -1.898043765137232e-03 -9.197127188323417e-04 -1.007685064753384e+00
24 14 -1.000283361251998e+00 -1.897780708641259e-03 -9.199222091081059e-04 -1.007685807085998e+00
24 15 -1.000283258766962e+00 -1.897475536546008e-03 -9.201508180958644e-04 -1.007686719006956e+00
24 16 -1.000283136497390e+00 -1.897139702030680e-03 -9.203908255338469e-04 -1.007687766098373e+00
24 17 -1.000282999117271e+00 -1.896785852107489e-03 -9.206340683223154e-04 -1.007688908650846e+00
24 18 -1.000282851931172e+00 -1.896427381036478e-03 -9.208720918244040e-04 -1.007690103109401e+00
24 19 -1.000282700666569e+00 -1.896077947447414e-03 -9.210963353707913e-04 -1.007691303691832e+00
24 20 -1.000282551243276e+00 -1.895750968532709e-03 -9.212983675654763e-04 -1.007692464126393e+00
24 21 -1.000282409530322e+00 -1.895459107377912e-03 -9.214701784272365e-04 -1.007693539446533e+00
24 22 -1.000282281101712e+00 -1.895213772357330e-03 -9.216045230024368e-04 -1.007694487772393e+00
24 23 -1.000282171003033e+00 -1.895024649708150e-03 -9.216952979981747e-04 -1.007695272003567e+00
24 24 -1.000282083540710e+00 -1.894899291450412e-03 -9.217379218964942e-04 -1.007695861346189e+00
24 25 -1.000282022104653e+00 -1.894842780625311e-03 -9.217296812874409e-04 -1.007696232599915e+00
24 26 -1.000281989033088e+00 -1.894857494002135e-03 -9.216700029788290e-04 -1.007696371137990e+00
24 27 -1.000281985525644e+00 -1.894942978395721e-03 -9.215606142978383e-04 -1.007696271527535e+00
24 28 -1.000282011607702e+00 -1.895095950609259e-03 -9.214055633590222e-04 -1.007695937756444e+00
24 29 -1.000282066145930e+00 -1.895310423685237e-03 -9.212110853096442e-04 -1.007695383055203e+00
24 30 -1.000282146912024e+00 -1.895577954558939e-03 -9.209853169903494e-04 -1.007694629324092e+00
24 31 -1.000282250689100e+00 -1.895888000771566e-03 -9.207378788883728e-04 -1.007693706197883e+00
25 0 -1.000282227202534e+00 -1.896003983137465e-03 -9.213478534350933e-04 -1.007693144344342e+00
25 1 -1.000282363517418e+00 -1.896359993616906e-03 -9.210896064366873e-04 -1.007692000180459e+00
25 2 -1.000282508843370e+00 -1.896719098103074e-03 -9.208420023631760e-04 -1.007690808087939e+00
25 3 -1.000282657671162e+00 -1.897067392960370e-03 -9.206150981118968e-04 -1.007689613960438e+00
25 4 -1.000282804394325e+00 -1.897391495329021e-03 -9.204177606591145e-04 -1.007688463513602e+00
25 5 -1.000282943506994e+00 -1.897679056149971e-03 -9.202573074950349e-04 -1.007687400557457e+00
25 6 -1.000283069794851e+00 -1.897919218087967e-03 -9.201392677146116e-04 -1.007686465375622e+00
25 7 -1.000283178515238e+00 -1.898103003424084e-03 -9.200672659857371e-04 -1.007685693263394e+00
25 8 -1.000283265562699e+00 -1.898223621616626e-03 -9.200430192039443e-04 -1.007685113267202e+00
25 9 -1.000283327616037e+00 -1.898276690147907e-03 -9.200664261239910e-04 -1.007684747160043e+00
25 10 -1.000283362262682e+00 -1.898260365639209e-03 -9.201357244566212e-04 -1.007684608680130e+00
25 11 -1.000283368095996e+00 -1.898175385410806e-03 -9.202476876433081e-04 -1.007684703051660e+00
25 12 -1.000283344781088e+00 -1.898025022379048e-03 -9.203978347146729e-04 -1.007685026798482e+00
25 13 -1.000283293084703e+00 -1.897814957799556e-03 -9.205806317004146e-04 -1.007685567855233e+00
25 14 -1.000283214865314e+00 -1.897553077006920e-03 -9.207896716673569e-04 -1.007686305975362e+00
25 15 -1.000283113020821e+00 -1.897249193841200e-03 -9.210178307087280e-04 -1.007687213429002e+00
25 16 -1.000282991393144e+00 -1.896914710462316e-03 -9.212574066150033e-04 -1.007688255975161e+00
25 17 -1.000282854631097e+00 -1.896562220524054e-03 -9.215002541033325e-04 -1.007689394083637e+00
25 18 -1.000282708015310e+00 -1.896205064958930e-03 -9.217379349776379e-04 -1.007690584373210e+00
25 19 -1.000282557251453e+00 -1.895856851267707e-03 -9.219619026889096e-04 -1.007691781223228e+00
25 20 -1.000282408240450e+00 -1.895530949639158e-03 -9.221637370730384e-04 -1.007692938505298e+00
25 21 -1.000282266836064e+00 -1.895239982137932e-03 -9.223354361158049e-04 -1.007694011372242e+00
25 22 -1.000282138601248e+00 -1.894995323805513e-03 -9.224697591977204e-04 -1.007694958034529e+00
25 23 -1.000282028575046e+00 -1.894806636435318e-03 -9.225606034216562e-04 -1.007695741450033e+00
25 24 -1.000281941061866e+00 -1.894681457040422e-03 -9.226033836708663e-04 -1.007696330850418e+00
25 25 -1.000281879454050e+00 -1.894624863243863e-03 -9.225953792564394e-04 -1.007696703028542e+00
25 26 -1.000281846096615e+00 -1.894639236014984e-03 -9.225360066678299e-04 -1.007696843319151e+00
25 27 -1.000281842200124e+00 -1.894724135818233e-03 -9.224269806245198e-04 -1.007696746220505e+00
25 28 -1.000281867804567e+00 -1.894876301974241e-03 -9.222723349302860e-04 -1.007696415624196e+00
25 29 -1.000281921794309e+00 -1.895089777958110e-03 -9.220782890703146e-04 -1.007695864641088e+00
25 30 -1.000282001961282e+00 -1.895356157961703e-03 -9.218529632570647e-04 -1.007695115032759e+00
25 31 -1.000282105110832e+00 -1.895664942420581e-03 -9.216059611172634e-04 -1.007694196280443e+00
26 0 -1.000282100607298e+00 -1.895753212758509e-03 -9.223738527774491e-04 -1.007693649561037e+00
26 1 -1.000282236320588e+00 -1.896107956637125e-03 -9.221158296174453e-04 -1.007692509666654e+00
26 2 -1.000282381056908e+00 -1.896465755804115e-03 -9.218684787880574e-04 -1.007691321834746e+00
26 3 -1.000282529329688e+00 -1.896812756091187e-03 -9.216418484970533e-04 -1.007690131796793e+00
26 4 -1.000282675554182e+00 -1.897135624454176e-03 -9.214447959566138e-04 -1.007688985110290e+00
26 5 -1.000282814244330e+00 -1.897422059846955e-03 -9.212846284110689e-04 -1.007687925437968e+00
26 6 -1.000282940202808e+00 -1.897661249206784e-03 -9.211668643289602e-04 -1.007686992933131e+00
26 7 -1.000283048700430e+00 -1.897844253738487e-03 -9.210951172224731e-04 -1.007686222782749e+00
26 8 -1.000283135641123e+00 -1.897964314865447e-03 -9.210710926888444e-04 -1.007685643951572e+00
26 9 -1.000283197708460e+00 -1.898017073335564e-03 -9.210946791629695e-04 -1.007685278162231e+00
26 10 -1.000283232489641e+00 -1.898000698897364e-03 -9.211641061133433e-04 -1.007685139137370e+00
26 11 -1.000283238572740e+00 -1.897915931218881e-03 -9.212761411632518e-04 -1.007685232121404e+00
26 12 -1.000283215612798e+00 -1.897766034887804e-03 -9.214262997876357e-04 -1.007685553692866e+00
26 13 -1.000283164362224e+00 -1.897556672586391e-03 -9.216090468380680e-04 -1.007686091873051e+00
26 14 -1.000283086661529e+00 -1.897295701475966e-03 -9.218179771292299e-04 -1.007686826530663e+00
26 15 -1.000282985387815e+00 -1.896992898775367e-03 -9.220459717272808e-04 -1.007687730074732e+00
26 16 -1.000282864360321e+00 -1.896659623366133e-03 -9.222853361440149e-04 -1.007688768420145e+00
26 17 -1.000282728204309e+00 -1.896308421043062e-03 -9.225279346654381e-04 -1.007689902202357e+00
26 18 -1.000282582176939e+00 -1.895952582255425e-03 -9.227653398755758e-04 -1.007691088208980e+00
26 19 -1.000282431961371e+00 -1.895605663267901e-03 -9.229890169410276e-04 -1.007692280985149e+00
26 20 -1.000282283437811e+00 -1.895280984332635e-03 -9.231905579445565e-04 -1.007693434558657e+00
26 21 -1.000282142441902e+00 -1.894991121045632e-03 -9.233619728492794e-04 -1.007694504222267e+00
26 22 -1.000282014521704e+00 -1.894747407307551e-03 -9.234960318823158e-04 -1.007695448304739e+00
26 23 -1.000281904705031e+00 -1.894559470388164e-03 -9.235866413987688e-04 -1.007696229857061e+00
26 24 -1.000281817288999e+00 -1.894434820276067e-03 -9.236292239129476e-04 -1.007696818176665e+00
26 25 -1.000281755662757e+00 -1.894378515788340e-03 -9.236210648685614e-04 -1.007697190093262e+00
26 26 -1.000281722172271e+00 -1.894392927845361e-03 -9.235615854400454e-04 -1.007697330948718e+00
26 27 -1.000281718033087e+00 -1.894477615855350e-03 -9.234525035152243e-04 -1.007697235218891e+00
26 28 -1.000281743294040e+00 -1.894629327067192e-03 -9.232978543830647e-04 -1.007696906744399e+00
26 29 -1.000281796852002e+00 -1.894842121724894e-03 -9.231038571822964e-04 -1.007696358557840e+00
26 30 -1.000281876514773e+00 -1.895107619215395e-03 -9.228786300375993e-04 -1.007695612317284e+00
26 31 -1.000281979106411e+00 -1.895415352672625e-03 -9.226317731300471e-04 -1.007694697378851e+00
27 0 -1.000281998568891e+00 -1.895485597229556e-03 -9.235182782098792e-04 -1.007694146122979e+00
27 1 -1.000282133715329e+00 -1.895839195976173e-03 -9.232603183749587e-04 -1.007693010222369e+00
27 2 -1.000282277866114e+00 -1.896195738063213e-03 -9.230131395618496e-04 -1.007691826610679e+00
27 3 -1.000282425557225e+00 -1.896541416907631e-03 -9.227867849725376e-04 -1.007690640858349e+00
27 4 -1.000282571226587e+00 -1.896862950209651e-03 -9.225901026023981e-04 -1.007689498357169e+00
27 5 -1.000282709410040e+00 -1.897148088906389e-03 -9.224303862323183e-04 -1.007688442605876e+00
27 6 -1.000282834930534e+00 -1.897386071158085e-03 -9.223131368024267e-04 -1.007687513601897e+00
27 7 -1.000282943076634e+00 -1.897568006455608e-03 -9.222419469620375e-04 -1.007686746391235e+00
27 8 -1.000283029766589e+00 -1.897687179250574e-03 -9.222184993770916e-04 -1.007686169819602e+00
27 9 -1.000283091694107e+00 -1.897739265949156e-03 -9.222426588202376e-04 -1.007685805518521e+00
27 10 -1.000283126451891e+00 -1.897722463060722e-03 -9.223126313440514e-04 -1.007685667151375e+00
27 11 -1.000283132628742e+00 -1.897637527179592e-03 -9.224251621363513e-04 -1.007685759937057e+00
27 12 -1.000283109875712e+00 -1.897487729364593e-03 -9.225757461904931e-04 -1.007686080463042e+00
27 13 -1.000283058936684e+00 -1.897278727916143e-03 -9.227588311637298e-04 -1.007686616793862e+00
27 14 -1.000282981639460e+00 -1.897018364838503e-03 -9.229679991151937e-04 -1.007687348874083e+00
27 15 -1.000282880844829e+00 -1.896716392213611e-03 -9.231961231661876e-04 -1.007688249217574e+00
27 16 -1.000282760352875e+00 -1.896384135197263e-03 -9.234355053848516e-04 -1.007689283867824e+00
27 17 -1.000282624767760e+00 -1.896034098910571e-03 -9.236780107894445e-04 -1.007690413606726e+00
27 18 -1.000282479324497e+00 -1.895679527891293e-03 -9.239152168988953e-04 -1.007691595379966e+00
27 19 -1.000282329683930e+00 -1.895333929097454e-03 -9.241385980218894e-04 -1.007692783896003e+00
27 20 -1.000282181704584e+00 -1.895010572090261e-03 -9.243397590212357e-04 -1.007693933344799e+00
27 21 -1.000282041201789e+00 -1.894721982411238e-03 -9.245107251966509e-04 -1.007694999174134e+00
27 22 -1.000281913705377e+00 -1.894479446375638e-03 -9.246442837054044e-04 -1.007695939855204e+00
27 23 -1.000281804227669e+00 -1.894292547725103e-03 -9.247343590003478e-04 -1.007696718564030e+00
27 24 -1.000281717053520e+00 -1.894168758351853e-03 -9.247763927139243e-04 -1.007697304701624e+00
27 25 -1.000281655563348e+00 -1.894113105561099e-03 -9.247676900275072e-04 -1.007697675176916e+00
27 26 -1.000281622098072e+00 -1.894127936269275e-03 -9.247076916794862e-04 -1.007697815384701e+00
27 27 -1.000281617872051e+00 -1.894212794158764e-03 -9.245981341090153e-04 -1.007697719825906e+00
27 28 -1.000281642936978e+00 -1.894364419703211e-03 -9.244430696077733e-04 -1.007697392336812e+00
27 29 -1.000281696196679e+00 -1.894576875766192e-03 -9.242487325027995e-04 -1.007696845915447e+00
27 30 -1.000281775469791e+00 -1.894841793740233e-03 -9.240232540003396e-04 -1.007696102155948e+00
27 31 -1.000281877594657e+00 -1.895148727659199e-03 -9.237762447392805e-04 -1.007695190323698e+00
28 0 -1.000281925103203e+00 -1.895211366747610e-03 -9.247376482772284e-04 -1.007694614764135e+00
28 1 -1.000282059739466e+00 -1.895563986347994e-03 -9.244795869185245e-04 -1.007693482426528e+00
28 2 -1.000282203331439e+00 -1.895919368258455e-03 -9.242324914455620e-04 -1.007692302831412e+00
28 3 -1.000282350436593e+00 -1.896263749674458e-03 -9.240064040486670e-04 -1.007691121395821e+00
28 4 -1.000282495515627e+00 -1.896583898103235e-03 -9.238101639801429e-04 -1.007689983344388e+00
28 5 -1.000282633127638e+00 -1.896867618617459e-03 -9.236510483553946e-04 -1.007688932000897e+00
28 6 -1.000282758118366e+00 -1.897104205543060e-03 -9.235345343931882e-04 -1.007688007187455e+00
28 7 -1.000282865797594e+00 -1.897284823865032e-03 -9.234641854665465e-04 -1.007687243782831e+00
28 8 -1.000282952102168e+00 -1.897402810291546e-03 -9.234416507840219e-04 -1.007686670481459e+00
28 9 -1.000283013740966e+00 -1.897453888130902e-03 -9.234667585701722e-04 -1.007686308785837e+00
28 10 -1.000283048317876e+00 -1.897436293644163e-03 -9.235376765374138e-04 -1.007686172257500e+00
28 11 -1.000283054428512e+00 -1.897350814377399e-03 -9.236511115805122e-04 -1.007686266044697e+00
28 12 -1.000283031726118e+00 -1.897200742178273e-03 -9.238025225129157e-04 -1.007686586698307e+00
28 13 -1.000282980952115e+00 -1.896991745160134e-03 -9.239863246619915e-04 -1.007687122281403e+00
28 14 -1.000282903927344e+00 -1.896731663926163e-03 -9.241960728185373e-04 -1.007687852771731e+00
28 15 -1.000282803501436e+00 -1.896430238128859e-03 -9.244246187582461e-04 -1.007688750749374e+00
28 16 -1.000282683459611e+00 -1.896098770078426e-03 -9.246642497816976e-04 -1.007689782354214e+00
28 17 -1.000282548388172e+00 -1.895749732821801e-03 -9.249068231154265e-04 -1.007690908490016e+00
28 18 -1.000282403502160e+00 -1.895396331290229e-03 -9.251439155286737e-04 -1.007692086243610e+00
28 19 -1.000282254441166e+00 -1.895052027130989e-03 -9.253670073781184e-04 -1.007693270477574e+00
28 20 -1.000282107041892e+00 -1.894730040562486e-03 -9.255677158641169e-04 -1.007694415543586e+00
28 21 -1.000281967097960e+00 -1.894442845378256e-03 -9.257380841983680e-04 -1.007695477053732e+00
28 22 -1.000281840118382e+00 -1.894201675566167e-03 -9.258709222426184e-04 -1.007696413640479e+00
28 23 -1.000281731096345e+00 -1.894016063923774e-03 -9.259601812315748e-04 -1.007697188632009e+00
28 24 -1.000281644299882e+00 -1.893893434569363e-03 -9.260013329174707e-04 -1.007697771567058e+00
28 25 -1.000281583095345e+00 -1.893838771691517e-03 -9.259917149239629e-04 -1.007698139473747e+00
28 26 -1.000281549812776e+00 -1.893854385120584e-03 -9.259308014526372e-04 -1.007698277843894e+00
28 27 -1.000281545659325e+00 -1.893939788865367e-03 -9.258203622204155e-04 -1.007698181249467e+00
28 28 -1.000281570683557e+00 -1.894091702336358e-03 -9.256644818068786e-04 -1.007697853568465e+00
28 29 -1.000281623790395e+00 -1.894304176719233e-03 -9.254694251806325e-04 -1.007697307809452e+00
28 30 -1.000281702803713e+00 -1.894568841518478e-03 -9.252433515058424e-04 -1.007696565545532e+00
28 31 -1.000281804571086e+00 -1.894875258901418e-03 -9.249958952403925e-04 -1.007695655989840e+00
29 0 -1.000281883131873e+00 -1.894941055301987e-03 -9.259856731013364e-04 -1.007695037048227e+00
29 1 -1.000282017334766e+00 -1.895292900653910e-03 -9.257273460257758e-04 -1.007693907701904e+00
29 2 -1.000282160416529e+00 -1.895647264868990e-03 -9.254802398023419e-04 -1.007692731762270e+00
29 3 -1.000282306954270e+00 -1.895990423639731e-03 -9.252543991629762e-04 -1.007691554505948e+00
29 4 -1.000282451430816e+00 -1.896309191698346e-03 -9.250586549817125e-04 -1.007690420994574e+00
29 5 -1.000282588428990e+00 -1.896591428180296e-03 -9.249002654395194e-04 -1.007689374373095e+00
29 6 -1.000282712818793e+00 -1.896826485855998e-03 -9.247846795392812e-04 -1.007688454277039e+00
29 7 -1.000282819933722e+00 -1.897005589981127e-03 -9.247154244389755e-04 -1.007687695398990e+00
29 8 -1.000282905732805e+00 -1.897122136969366e-03 -9.246941061440473e-04 -1.007687126255109e+00
29 9 -1.000282966944702e+00 -1.897171906892499e-03 -9.247205041181176e-04 -1.007686768184750e+00
29 10 -1.000283001189860e+00 -1.897153187351186e-03 -9.247927341524868e-04 -1.007686634608471e+00
29 11 -1.000283007076538e+00 -1.897066809517213e-03 -9.249074508993114e-04 -1.007686730561693e+00
29 12 -1.000282984266255e+00 -1.896916099465829e-03 -9.250600629185469e-04 -1.007687052514582e+00
29 13 -1.000282933504109e+00 -1.896706749065450e-03 -9.252449388984707e-04 -1.007687588483809e+00
29 14 -1.000282856609951e+00 -1.896446611414693e-03 -9.254555922276142e-04 -1.007688318436396e+00
29 15 -1.000282756427799e+00 -1.896145426837181e-03 -9.256848404685223e-04 -1.007689214977944e+00
29 16 -1.000282636732895e+00 -1.895814486514719e-03 -9.259249455574718e-04 -1.007690244308816e+00
29 17 -1.000282502097715e+00 -1.895466241443937e-03 -9.261677488406770e-04 -1.007691367424552e+00
29 18 -1.000282357720315e+00 -1.895113865021192e-03 -9.264048204633879e-04 -1.007692541529958e+00
29 19 -1.000282209220866e+00 -1.894770779333696e-03 -9.266276431040307e-04 -1.007693721626756e+00
29 20 -1.000282062414904e+00 -1.894450158337713e-03 -9.268278451796641e-04 -1.007694862222321e+00
29 21 -1.000281923073840e+00 -1.894164424328510e-03 -9.269974898202556e-04 -1.007695919096074e+00
29 22 -1.000281796684175e+00 -1.893924756378244e-03 -9.271294147328841e-04 -1.007696851053762e+00
29 23 -1.000281688217042e+00 -1.893740630977392e-03 -9.272176056601693e-04 -1.007697621596732e+00
29 24 -1.000281601919624e+00 -1.893619416546732e-03 -9.272575741216647e-04 -1.007698200430782e+00
29 25 -1.000281541139380e+00 -1.893566044133008e-03 -9.272467013728569e-04 -1.007698564739040e+00
29 26 -1.000281508190149e+00 -1.893582774909434e-03 -9.271845077073062e-04 -1.007698700150364e+00
29 27 -1.000281504266223e+00 -1.893669080494215e-03 -9.270728100267626e-04 -1.007698601350507e+00
29 28 -1.000281529407109e+00 -1.893821645635049e-03 -9.269157398548169e-04 -1.007698272303901e+00
29 29 -1.000281582512778e+00 -1.894034495772129e-03 -9.267196073435880e-04 -1.007697726075087e+00
29 30 -1.000281661406510e+00 -1.894299244670003e-03 -9.264926132339585e-04 -1.007696984260052e+00
29 31 -1.000281762939823e+00 -1.894605449689184e-03 -9.262444280985128e-04 -1.007696076059742e+00
30 0 -1.000281874355003e+00 -1.894685096409060e-03 -9.272149467356383e-04 -1.007695396142428e+00
30 1 -1.000282008218682e+00 -1.895036403908220e-03 -9.269561958600839e-04 -1.007694269095318e+00
30 2 -1.000282150859080e+00 -1.895389933702431e-03 -9.267089813283067e-04 -1.007693096304476e+00
30 3 -1.000282296870428e+00 -1.895731993412622e-03 -9.264833536164111e-04 -1.007691922923944e+00
30 4 -1.000282440756179e+00 -1.896049440548867e-03 -9.262881362706242e-04 -1.007690793862920e+00
30 5 -1.000282577122295e+00 -1.896330185779026e-03 -9.261305677530134e-04 -1.007689752091607e+00
30 6 -1.000282700863438e+00 -1.896563640038713e-03 -9.260160658094007e-04 -1.007688837055752e+00
30 7 -1.000282807338418e+00 -1.896741091392316e-03 -9.259481154925243e-04 -1.007688083249754e+00
30 8 -1.000282892531300e+00 -1.896856001373897e-03 -9.259282710299117e-04 -1.007687518990648e+00
30 9 -1.000282953194426e+00 -1.896904214545597e-03 -9.259562528161391e-04 -1.007687165426650e+00
30 10 -1.000282986969515e+00 -1.896884079306146e-03 -9.260301135317747e-04 -1.007687035803964e+00
30 11 -1.000282992482821e+00 -1.896796481438744e-03 -9.261464436841192e-04 -1.007687135007206e+00
30 12 -1.000282969409949e+00 -1.896644793592296e-03 -9.263005888942380e-04 -1.007687459384156e+00
30 13 -1.000282918505695e+00 -1.896434744545900e-03 -9.264868581748152e-04 -1.007687996861709e+00
30 14 -1.000282841594861e+00 -1.896174213125216e-03 -9.266987110462142e-04 -1.007688727353315e+00
30 15 -1.000282741521559e+00 -1.895872953186922e-03 -9.269289197025139e-04 -1.007689623448965e+00
30 16 -1.000282622056358e+00 -1.895542257073792e-03 -9.271697110735678e-04 -1.007690651370725e+00
30 17 -1.000282487762566e+00 -1.895194565011494e-03 -9.274129025252506e-04 -1.007691772171096e+00
30 18 -1.000282343824962e+00 -1.894843028361647e-03 -9.276500513326570e-04 -1.007692943144620e+00
30 19 -1.000282195846878e+00 -1.894501036766834e-03 -9.278726386160226e-04 -1.007694119412279e+00
30 20 -1.000282049624144e+00 -1.894181722555562e-03 -9.280723027965611e-04 -1.007695255625650e+00
30 21 -1.000281910906325e+00 -1.893897458778169e-03 -9.282411283084566e-04 -1.007696307727952e+00
30 22 -1.000281785156577e+00 -1.893659369319331e-03 -9.283719844452061e-04 -1.007697234703148e+00
30 23 -1.000281677321900e+00 -1.893476871313795e-03 -9.284588973367795e-04 -1.007698000239902e+00
30 24 -1.000281591625442e+00 -1.893357271767036e-03 -9.284974261205796e-04 -1.007698574233805e+00
30 25 -1.000281531391764e+00 -1.893305440691557e-03 -9.284850053464289e-04 -1.007698934052343e+00
30 26 -1.000281498913869e+00 -1.893323580966710e-03 -9.284212126633840e-04 -1.007699065495795e+00
30 27 -1.000281495367949e+00 -1.893411110611874e-03 -9.283079246156798e-04 -1.007698963402498e+00
30 28 -1.000281520778732e+00 -1.893564667202162e-03 -9.281493326329678e-04 -1.007698631865612e+00
30 29 -1.000281574035355e+00 -1.893778237262708e-03 -9.279518047699007e-04 -1.007698084049267e+00
30 30 -1.000281652954804e+00 -1.894043405702478e-03 -9.277235953971452e-04 -1.007697341614873e+00
30 31 -1.000281754387154e+00 -1.894349712399565e-03 -9.274744224900377e-04 -1.007696433791395e+00
31 0 -1.000281899172486e+00 -1.894453415138884e-03 -9.283786843091846e-04 -1.007695677556607e+00
31 1 -1.000282032804923e+00 -1.894804443903199e-03 -9.281193628900443e-04 -1.007694552022093e+00
31 2 -1.000282175090659e+00 -1.895157356995169e-03 -9.278719412615546e-04 -1.007693381745204e+00
31 3 -1.000282320637799e+00 -1.895498485886613e-03 -9.276464792309947e-04 -1.007692211780767e+00
31 4 -1.000282463967937e+00 -1.895814724311653e-03 -9.274517952091842e-04 -1.007691086903374e+00
31 5 -1.000282599708588e+00 -1.896094029834887e-03 -9.272951081447354e-04 -1.007690049919694e+00
31 6 -1.000282722778628e+00 -1.896325869351302e-03 -9.271818021665628e-04 -1.007689140088903e+00
31 7 -1.000282828562947e+00 -1.896501594109514e-03 -9.271153155110239e-04 -1.007688391702096e+00
31 8 -1.000282913072527e+00 -1.896614733487204e-03 -9.270971443644551e-04 -1.007687832864494e+00
31 9 -1.000282973086283e+00 -1.896661201417742e-03 -9.271269427032368e-04 -1.007687484513500e+00
31 10 -1.000283006271043e+00 -1.896639414170528e-03 -9.272026914625699e-04 -1.007687359694350e+00
31 11 -1.000283011275751e+00 -1.896550321304270e-03 -9.273209069394496e-04 -1.007687463107972e+00
31 12 -1.000282987795413e+00 -1.896397352754826e-03 -9.274768609499063e-04 -1.007687790942518e+00
31 13 -1.000282936600148e+00 -1.896186285773683e-03 -9.276647922264106e-04 -1.007688330995706e+00
31 14 -1.000282859525458e+00 -1.895925036955879e-03 -9.278780966197144e-04 -1.007689063086975e+00
31 15 -1.000282759421265e+00 -1.895623386138002e-03 -9.281094917367444e-04 -1.007689959749647e+00
31 16 -1.000282640058993e+00 -1.895292639362592e-03 -9.283511606649024e-04 -1.007690987187106e+00
31 17 -1.000282505997812e+00 -1.894945237931398e-03 -9.285948888683128e-04 -1.007692106471640e+00
31 18 -1.000282362413479e+00 -1.894594321480916e-03 -9.288322147094998e-04 -1.007693274955995e+00
31 19 -1.000282214895795e+00 -1.894253255553689e-03 -9.290546141225752e-04 -1.007694447855712e+00
31 20 -1.000282069223157e+00 -1.893935137161804e-03 -9.292537341095532e-04 -1.007695579949081e+00
31 21 -1.000281931124412e+00 -1.893652294294796e-03 -9.294216807389590e-04 -1.007696627333353e+00
31 22 -1.000281806039351e+00 -1.893415797479635e-03 -9.295513568676520e-04 -1.007697549169247e+00
31 23 -1.000281698889725e+00 -1.893235003841132e-03 -9.296368328907459e-04 -1.007698309339491e+00
31 24 -1.000281613872579e+00 -1.893117155912298e-03 -9.296737215495076e-04 -1.007698877943725e+00
31 25 -1.000281554286588e+00 -1.893067057343073e-03 -9.296595186237189e-04 -1.007699232555086e+00
31 26 -1.000281522400003e+00 -1.893086845223836e-03 -9.295938684770371e-04 -1.007699359173366e+00
31 27 -1.000281519366223e+00 -1.893175874577764e-03 -9.294787174160248e-04 -1.007699252823403e+00
31 28 -1.000281545190025e+00 -1.893330725043868e-03 -9.293183271583492e-04 -1.007698917764785e+00
31 29 -1.000281598744362e+00 -1.893545332674352e-03 -9.291191341196246e-04 -1.007698367300617e+00
31 30 -1.000281677834495e+00 -1.893811241515865e-03 -9.288894567504518e-04 -1.007697623197650e+00
31 31 -1.000281779303612e+00 -1.894117961762144e-03 -9.286390704674839e-04 -1.007696714752601e+00
