1.015299522289100e-06
1.000000000000000e-12
1.000000000000000e-17
3.539482239273063e-01
1.942849359263061e-01
-6.379834735835989e-02
-1.500017464083440e+00
1.901109735892602e-07
32
32
-1.012671020006755e-03
1
0 0 -1.000281803123131e+00 -1.894059694143954e-03 -9.299585984464737e-04 -1.007696508389845e+00
0 1 -1.000281954119184e+00 -1.894457212548160e-03 -9.296627547426460e-04 -1.007695234946139e+00
0 2 -1.000282114750439e+00 -1.894856380665027e-03 -9.293812217848033e-04 -1.007693912074982e+00
0 3 -1.000282278942268e+00 -1.895241721909111e-03 -9.291255283969206e-04 -1.007692590716248e+00
0 4 -1.000282440533606e+00 -1.895598432771091e-03 -9.289056987200836e-04 -1.007691321403381e+00
0 5 -1.000282593490406e+00 -1.895912949197968e-03 -9.287298419948449e-04 -1.007690152363855e+00
0 6 -1.000282732110258e+00 -1.896173445138640e-03 -9.286038950151807e-04 -1.007689127752161e+00
0 7 -1.000282851214545e+00 -1.896370247680512e-03 -9.285315182807614e-04 -1.007688286069763e+00
0 8 -1.000282946324891e+00 -1.896496158618238e-03 -9.285141310301727e-04 -1.007687658815468e+00
0 9 -1.000283013820616e+00 -1.896546677316454e-03 -9.285510580746122e-04 -1.007687269399341e+00
0 10 -1.000283051073228e+00 -1.896520123856248e-03 -9.286397541753203e-04 -1.007687132344492e+00
0 11 -1.000283056553315e+00 -1.896417664690711e-03 -9.287760695574739e-04 -1.007687252793486e+00
0 12 -1.000283029904607e+00 -1.896243245514856e-03 -9.289545222949594e-04 -1.007687626329134e+00
0 13 -1.000282971980002e+00 -1.896003437580646e-03 -9.291685495693974e-04 -1.007688239113314e+00
0 14 -1.000282884834694e+00 -1.895707204057639e-03 -9.294107203002168e-04 -1.007689068342635e+00
0 15 -1.000282771672725e+00 -1.895365592730416e-03 -9.296729051954225e-04 -1.007690083014885e+00
0 16 -1.000282636745199e+00 -1.894991361335373e-03 -9.299464139682390e-04 -1.007691244993057e+00
0 17 -1.000282485201099e+00 -1.894598542750489e-03 -9.302221201237344e-04 -1.007692510343875e+00
0 18 -1.000282322894604e+00 -1.894201958831465e-03 -9.304905995912143e-04 -1.007693830916918e+00
0 19 -1.000282156155614e+00 -1.893816693617835e-03 -9.307423101789399e-04 -1.007695156119836e+00
0 20 -1.000281991532869e+00 -1.893457539169259e-03 -9.309678341352911e-04 -1.007696434834210e+00
0 21 -1.000281835521492e+00 -1.893138430780015e-03 -9.311581957140557e-04 -1.007697617404421e+00
0 22 -1.000281694288434e+00 -1.892871892288989e-03 -9.313052503583863e-04 -1.007698657620457e+00
0 23 -1.000281573409956e+00 -1.892668515485528e-03 -9.314021246582746e-04 -1.007699514608058e+00
0 24 -1.000281477634790e+00 -1.892536499353333e-03 -9.314436703935153e-04 -1.007700154537502e+00
0 25 -1.000281410685343e+00 -1.892481274957311e-03 -9.314268850042313e-04 -1.007700552064984e+00
0 26 -1.000281375107340e+00 -1.892505240031476e-03 -9.313512467076531e-04 -1.007700691427972e+00
0 27 -1.000281372175297e+00 -1.892607623122036e-03 -9.312189161194206e-04 -1.007700567130504e+00
0 28 -1.000281401857284e+00 -1.892784490009719e-03 -9.310347676082624e-04 -1.007700184177256e+00
0 29 -1.000281462838236e+00 -1.893028895784780e-03 -9.308062313734755e-04 -1.007699557843924e+00
0 30 -1.000281552597379e+00 -1.893331176046339e-03 -9.305429486642230e-04 -1.007698713000236e+00
0 31 -1.000281667532659e+00 -1.893679361679674e-03 -9.302562642097837e-04 -1.007697683027073e+00
1 0 -1.000281903572410e+00 -1.893882479705789e-03 -9.309823354623706e-04 -1.007696612127482e+00
1 1 -1.000282054579690e+00 -1.894280341288033e-03 -9.306854521065619e-04 -1.007695338406184e+00
1 2 -1.000282215027678e+00 -1.894679361974533e-03 -9.304034171861872e-04 -1.007694016784143e+00
1 3 -1.000282378848780e+00 -1.895064070753717e-03 -9.301477810118718e-04 -1.007692698150437e+00
1 4 -1.000282539896209e+00 -1.895419688804357e-03 -9.299285666894054e-04 -1.007691432930192e+00
1 5 -1.000282692156935e+00 -1.895732694929715e-03 -9.297538599521077e-04 -1.007690269189522e+00
1 6 -1.000282829955462e+00 -1.895991322251840e-03 -9.296295529296325e-04 -1.007689250875424e+00
1 7 -1.000282948144864e+00 -1.896185970824655e-03 -9.295592422189337e-04 -1.007688416244449e+00
1 8 -1.000283042281987e+00 -1.896309526277780e-03 -9.295442661223335e-04 -1.007687796522844e+00
1 9 -1.000283108783582e+00 -1.896357579421893e-03 -9.295838543733177e-04 -1.007687414830939e+00
1 10 -1.000283145059411e+00 -1.896328545744561e-03 -9.296753566039600e-04 -1.007687285396063e+00
1 11 -1.000283149617631e+00 -1.896223687133400e-03 -9.298145128790949e-04 -1.007687413070504e+00
1 12 -1.000283122137340e+00 -1.896047040912659e-03 -9.299957310135161e-04 -1.007687793163420e+00
1 13 -1.000283063503211e+00 -1.895805262785603e-03 -9.302123419255751e-04 -1.007688411589516e+00
1 14 -1.000282975797485e+00 -1.895507390319933e-03 -9.304568157700848e-04 -1.007689245333104e+00
1 15 -1.000282862245581e+00 -1.895164533079397e-03 -9.307209355955911e-04 -1.007690263221753e+00
1 16 -1.000282727113526e+00 -1.894789495666865e-03 -9.309959382917744e-04 -1.007691426996479e+00
1 17 -1.000282575558157e+00 -1.894396341138595e-03 -9.312726423811111e-04 -1.007692692654929e+00
1 18 -1.000282413434092e+00 -1.893999903827094e-03 -9.315415882186178e-04 -1.007694012033146e+00
1 19 -1.000282247064257e+00 -1.893615262249611e-03 -9.317932178624119e-04 -1.007695334581378e+00
1 20 -1.000282082983309e+00 -1.893257185143260e-03 -9.320181177466368e-04 -1.007696609278827e+00
1 21 -1.000281927665696e+00 -1.892939567330322e-03 -9.322073363343792e-04 -1.007697786619777e+00
1 22 -1.000281787251821e+00 -1.892674876338133e-03 -9.323527727630036e-04 -1.007698820591588e+00
1 23 -1.000281667286516e+00 -1.892473633926972e-03 -9.324476150240590e-04 -1.007699670557555e+00
1 24 -1.000281572483455e+00 -1.892343958098464e-03 -9.324867912291050e-04 -1.007700302956351e+00
1 25 -1.000281506527778e+00 -1.892291191023751e-03 -9.324673871396021e-04 -1.007700692732986e+00
1 26 -1.000281471927156e+00 -1.892317636738091e-03 -9.323889786289611e-04 -1.007700824423496e+00
1 27 -1.000281469918611e+00 -1.892422428535773e-03 -9.322538305472356e-04 -1.007700692829351e+00
1 28 -1.000281500434621e+00 -1.892601538949247e-03 -9.320669245656007e-04 -1.007700303240099e+00
1 29 -1.000281562127809e+00 -1.892847935640509e-03 -9.318357969080876e-04 -1.007699671191841e+00
1 30 -1.000281652449752e+00 -1.893151876364235e-03 -9.315701890202950e-04 -1.007698821778730e+00
1 31 -1.000281767776618e+00 -1.893501327054895e-03 -9.312815359815444e-04 -1.007697788560266e+00
2 0 -1.000282034729072e+00 -1.893758842918805e-03 -9.317961218817585e-04 -1.007696600830269e+00
2 1 -1.000282185906318e+00 -1.894157389509943e-03 -9.314980957446221e-04 -1.007695325699597e+00
2 2 -1.000282346323100e+00 -1.894556605526507e-03 -9.312154585543151e-04 -1.007694004225098e+00
2 3 -1.000282509912966e+00 -1.894941012530475e-03 -9.309597851862847e-04 -1.007692687287176e+00
2 4 -1.000282670538005e+00 -1.895295843781768e-03 -9.307411008865212e-04 -1.007691425242123e+00
2 5 -1.000282822201386e+00 -1.895607609022426e-03 -9.305674713046742e-04 -1.007690266030611e+00
2 6 -1.000282959250424e+00 -1.895864589745969e-03 -9.304447470712511e-04 -1.007689253423348e+00
2 7 -1.000283076566801e+00 -1.896057249985297e-03 -9.303764630750707e-04 -1.007688425456416e+00
2 8 -1.000283169740831e+00 -1.896178552623980e-03 -9.303638778034098e-04 -1.007687813099316e+00
2 9 -1.000283235226334e+00 -1.896224175837129e-03 -9.304061265829280e-04 -1.007687439189501e+00
2 10 -1.000283270472179e+00 -1.896192628757929e-03 -9.305004546261266e-04 -1.007687317657244e+00
2 11 -1.000283274026037e+00 -1.896085269389153e-03 -9.306424921607646e-04 -1.007687453055237e+00
2 12 -1.000283245605483e+00 -1.895906230273997e-03 -9.308265357336563e-04 -1.007687840400642e+00
2 13 -1.000283186131313e+00 -1.895662258259025e-03 -9.310458073484149e-04 -1.007688465333275e+00
2 14 -1.000283097718189e+00 -1.895362474590535e-03 -9.312926748536790e-04 -1.007689304589684e+00
2 15 -1.000282983618917e+00 -1.895018061628723e-03 -9.315588301336137e-04 -1.007690326786773e+00
2 16 -1.000282848120704e+00 -1.894641883041869e-03 -9.318354338420361e-04 -1.007691493500240e+00
2 17 -1.000282696394535e+00 -1.894248045214299e-03 -9.321132455471836e-04 -1.007692760613673e+00
2 18 -1.000282534301610e+00 -1.893851408653120e-03 -9.323827652381366e-04 -1.007694079904549e+00
2 19 -1.000282368163627e+00 -1.893467059843012e-03 -9.326344142769243e-04 -1.007695400822969e+00
2 20 -1.000282204506271e+00 -1.893109756782348e-03 -9.328587790765576e-04 -1.007696672407206e+00
2 21 -1.000282049787644e+00 -1.892793365196129e-03 -9.330469290339049e-04 -1.007697845267850e+00
2 22 -1.000281910125064e+00 -1.892530306299756e-03 -9.331908041937838e-04 -1.007698873561515e+00
2 23 -1.000281791034387e+00 -1.892331040008792e-03 -9.332836514438561e-04 -1.007699716867822e+00
2 24 -1.000281697195547e+00 -1.892203609110673e-03 -9.333204734831969e-04 -1.007700341881149e+00
2 25 -1.000281632256566e+00 -1.892153269957825e-03 -9.332984440538194e-04 -1.007700723831629e+00
2 26 -1.000281598686102e+00 -1.892182233454068e-03 -9.332172377908807e-04 -1.007700847558268e+00
2 27 -1.000281597681686e+00 -1.892289535967847e-03 -9.330792257214490e-04 -1.007700708171570e+00
2 28 -1.000281629137191e+00 -1.892471052913386e-03 -9.328894989742767e-04 -1.007700311264614e+00
2 29 -1.000281691669008e+00 -1.892719658450050e-03 -9.326557020658656e-04 -1.007699672659423e+00
2 30 -1.000281782696434e+00 -1.893025524418944e-03 -9.323876793532395e-04 -1.007698817705852e+00
2 31 -1.000281898568682e+00 -1.893376542093528e-03 -9.320969596834494e-04 -1.007697780177595e+00
3 0 -1.000282191455179e+00 -1.893693659273258e-03 -9.323682311471696e-04 -1.007696474817074e+00
3 1 -1.000282342954828e+00 -1.894093206756405e-03 -9.320690025904410e-04 -1.007695197198155e+00
3 2 -1.000282503493988e+00 -1.894492954037728e-03 -9.317856838577541e-04 -1.007693874761937e+00
3 3 -1.000282667001499e+00 -1.894877402606680e-03 -9.315298770093405e-04 -1.007692558422216e+00
3 4 -1.000282827342489e+00 -1.895231784547394e-03 -9.313116133060943e-04 -1.007691298509036e+00
3 5 -1.000282978530744e+00 -1.895542627263419e-03 -9.311389427506321e-04 -1.007690142878913e+00
3 6 -1.000283114931419e+00 -1.895798248080405e-03 -9.310176787531260e-04 -1.007689135163954e+00
3 7 -1.000283231450749e+00 -1.895989163763574e-03 -9.309512986472520e-04 -1.007688313212118e+00
3 8 -1.000283323709485e+00 -1.896108404743296e-03 -9.309409857360496e-04 -1.007687707762295e+00
3 9 -1.000283388196552e+00 -1.896151728645126e-03 -9.309857862378520e-04 -1.007687341388236e+00
3 10 -1.000283422399111e+00 -1.896117732648630e-03 -9.310828461473482e-04 -1.007687227734058e+00
3 11 -1.000283424904834e+00 -1.896007868157468e-03 -9.312276899061414e-04 -1.007687371054237e+00
3 12 -1.000283395471597e+00 -1.895826363286218e-03 -9.314145054211532e-04 -1.007687766065633e+00
3 13 -1.000283335059348e+00 -1.895580059174850e-03 -9.316364075968054e-04 -1.007688398116088e+00
3 14 -1.000283245819197e+00 -1.895278166354968e-03 -9.318856634681144e-04 -1.007689243669633e+00
3 15 -1.000283131036146e+00 -1.894931947901743e-03 -9.321538745157010e-04 -1.007690271100915e+00
3 16 -1.000282995024016e+00 -1.894554336629067e-03 -9.324321243600911e-04 -1.007691441782970e+00
3 17 -1.000282842973752e+00 -1.894159494007621e-03 -9.327111111097994e-04 -1.007692711444161e+00
3 18 -1.000282680759081e+00 -1.893762319403494e-03 -9.329812909582100e-04 -1.007694031760741e+00
3 19 -1.000282514706286e+00 -1.893377920253082e-03 -9.332330610295319e-04 -1.007695352140286e+00
3 20 -1.000282351337548e+00 -1.893021056789551e-03 -9.334570040363601e-04 -1.007696621639084e+00
3 21 -1.000282197099595e+00 -1.892705578364460e-03 -9.336442059081432e-04 -1.007697790945294e+00
3 22 -1.000282058091007e+00 -1.892443871877560e-03 -9.337866423467847e-04 -1.007698814349821e+00
3 23 -1.000281939802257e+00 -1.892246345988690e-03 -9.338776137974640e-04 -1.007699651619137e+00
3 24 -1.000281846882221e+00 -1.892120976882420e-03 -9.339121930909377e-04 -1.007700269680716e+00
3 25 -1.000281782943419e+00 -1.892072941475163e-03 -9.338876386235812e-04 -1.007700644034833e+00
3 26 -1.000281750415968e+00 -1.892104361704311e-03 -9.338037210202405e-04 -1.007700759816239e+00
3 27 -1.000281750457310e+00 -1.892214179050523e-03 -9.336629146503826e-04 -1.007700612444640e+00
3 28 -1.000281782921214e+00 -1.892398171750086e-03 -9.334704172751862e-04 -1.007700207823636e+00
3 29 -1.000281846385509e+00 -1.892649118214245e-03 -9.332339795557871e-04 -1.007699562074765e+00
3 30 -1.000281938233975e+00 -1.892957099794192e-03 -9.329635478214632e-04 -1.007698700824062e+00
3 31 -1.000282054784668e+00 -1.893309926179529e-03 -9.326707448172281e-04 -1.007697658086897e+00
4 0 -1.000282367607393e+00 -1.893689506048383e-03 -9.326760335757916e-04 -1.007696239160868e+00
4 1 -1.000282519569289e+00 -1.894090331111754e-03 -9.323755910136262e-04 -1.007694958072795e+00
4 2 -1.000282680379648e+00 -1.894490924687861e-03 -9.320915384739645e-04 -1.007693633604041e+00
4 3 -1.000282843956879e+00 -1.894875756278776e-03 -9.318355071851580e-04 -1.007692316742644e+00
4 4 -1.000283004163105e+00 -1.895230043554035e-03 -9.316175379112874e-04 -1.007691057836200e+00
4 5 -1.000283155016767e+00 -1.895540317758449e-03 -9.314456694731936e-04 -1.007689904701312e+00
4 6 -1.000283290895343e+00 -1.895794918327256e-03 -9.313256835104566e-04 -1.007688900873849e+00
4 7 -1.000283406724682e+00 -1.895984401430554e-03 -9.312610066824540e-04 -1.007688084053195e+00
4 8 -1.000283498151636e+00 -1.896101852377468e-03 -9.312527554821291e-04 -1.007687484783661e+00
4 9 -1.000283561696701e+00 -1.896143096968171e-03 -9.312998960499751e-04 -1.007687125405735e+00
4 10 -1.000283594883000e+00 -1.896106811548826e-03 -9.313994836999540e-04 -1.007687019299272e+00
4 11 -1.000283596337307e+00 -1.895994534979768e-03 -9.315469447091618e-04 -1.007687170432404e+00
4 12 -1.000283565858223e+00 -1.895810587759416e-03 -9.317363654849386e-04 -1.007687573224311e+00
4 13 -1.000283504446355e+00 -1.895561904584250e-03 -9.319607607733461e-04 -1.007688212725482e+00
4 14 -1.000283414291745e+00 -1.895257787125125e-03 -9.322123028563063e-04 -1.007689065114027e+00
4 15 -1.000283298715088e+00 -1.894909583943289e-03 -9.324825068645889e-04 -1.007690098500386e+00
4 16 -1.000283162061235e+00 -1.894530304534926e-03 -9.327623810541387e-04 -1.007691274025311e+00
4 17 -1.000283009546183e+00 -1.894134175056543e-03 -9.330425620206182e-04 -1.007692547226937e+00
4 18 -1.000282847061631e+00 -1.893736144732386e-03 -9.333134611203271e-04 -1.007693869641926e+00
4 19 -1.000282680944055e+00 -1.893351354092823e-03 -9.335654490999951e-04 -1.007695190594505e+00
4 20 -1.000282517717767e+00 -1.892994578712665e-03 -9.337891011034386e-04 -1.007696459116571e+00
4 21 -1.000282363823582e+00 -1.892679665106774e-03 -9.339755138927464e-04 -1.007697625931683e+00
4 22 -1.000282225346416e+00 -1.892418979057622e-03 -9.341166920791670e-04 -1.007698645425278e+00
4 23 -1.000282107755895e+00 -1.892222890260485e-03 -9.342059828019309e-04 -1.007699477514672e+00
4 24 -1.000282015673673e+00 -1.892099319398397e-03 -9.342385222963975e-04 -1.007700089328951e+00
4 25 -1.000281952679726e+00 -1.892053373591677e-03 -9.342116466628113e-04 -1.007700456612632e+00
4 26 -1.000281921167597e+00 -1.892087093630060e-03 -9.341252151069215e-04 -1.007700564777160e+00
4 27 -1.000281922255639e+00 -1.892199331867914e-03 -9.339817978217945e-04 -1.007700409539617e+00
4 28 -1.000281955757640e+00 -1.892385773027627e-03 -9.337866922491246e-04 -1.007699997109081e+00
4 29 -1.000282020212070e+00 -1.892639101235297e-03 -9.335477492709291e-04 -1.007699343908379e+00
4 30 -1.000282112965293e+00 -1.892949306303780e-03 -9.332750123101488e-04 -1.007698475849401e+00
4 31 -1.000282230301129e+00 -1.893304112559307e-03 -9.329801939921631e-04 -1.007697427207532e+00
5 0 -1.000282556291315e+00 -1.893746552066684e-03 -9.327069642510197e-04 -1.007695903459281e+00
5 1 -1.000282708836972e+00 -1.894148880543714e-03 -9.324053472238657e-04 -1.007694618059926e+00
5 2 -1.000282870056421e+00 -1.894550601230515e-03 -9.321205409877088e-04 -1.007693290570947e+00
5 3 -1.000283033852227e+00 -1.894936140971533e-03 -9.318642064030932e-04 -1.007691972092728e+00
5 4 -1.000283194077666e+00 -1.895290690592619e-03 -9.316463960078164e-04 -1.007690713032904e+00
5 5 -1.000283344749860e+00 -1.895600771479104e-03 -9.314751419223197e-04 -1.007689561213108e+00
5 6 -1.000283480252675e+00 -1.895854730548889e-03 -9.313562011793612e-04 -1.007688560119073e+00
5 7 -1.000283595525742e+00 -1.896043148221332e-03 -9.312929594003079e-04 -1.007687747347696e+00
5 8 -1.000283686236531e+00 -1.896159149752253e-03 -9.312864773664319e-04 -1.007687153292745e+00
5 9 -1.000283748932396e+00 -1.896198615418388e-03 -9.313356526420359e-04 -1.007686800100447e+00
5 10 -1.000283781168810e+00 -1.896160289048827e-03 -9.314374614369138e-04 -1.007686700917923e+00
5 11 -1.000283781609266e+00 -1.896045787568348e-03 -9.315872437502026e-04 -1.007686859450093e+00
5 12 -1.000283750091871e+00 -1.895859516819426e-03 -9.317789965543210e-04 -1.007687269833209e+00
5 13 -1.000283687657765e+00 -1.895608500615598e-03 -9.320056456994732e-04 -1.007687916826598e+00
5 14 -1.000283596536945e+00 -1.895302130294081e-03 -9.322592779994075e-04 -1.007688776319602e+00
5 15 -1.000283480087959e+00 -1.894951841479793e-03 -9.325313291531127e-04 -1.007689816146650e+00
5 16 -1.000283342689887e+00 -1.894570724680570e-03 -9.328127370325772e-04 -1.007690997196400e+00
5 17 -1.000283189587807e+00 -1.894173077484229e-03 -9.330940800673212e-04 -1.007692274789998e+00
5 18 -1.000283026696097e+00 -1.893773908001998e-03 -9.333657260303050e-04 -1.007693600291517e+00
5 19 -1.000282860366670e+00 -1.893388400997626e-03 -9.336180177666842e-04 -1.007694922903514e+00
5 20 -1.000282697131551e+00 -1.893031360090250e-03 -9.338415186196439e-04 -1.007696191591665e+00
5 21 -1.000282543431344e+00 -1.892716642430045e-03 -9.340273301625122e-04 -1.007697357071855e+00
5 22 -1.000282405342882e+00 -1.892456606331800e-03 -9.341674789360183e-04 -1.007698373781380e+00
5 23 -1.000282288320203e+00 -1.892261596110337e-03 -9.342553508249152e-04 -1.007699201747006e+00
5 24 -1.000282196962525e+00 -1.892139490245824e-03 -9.342861360618877e-04 -1.007699808260226e+00
5 25 -1.000282134821470e+00 -1.892095338587783e-03 -9.342572375723399e-04 -1.007700169274298e+00
5 26 -1.000282104257487e+00 -1.892131111915274e-03 -9.341685915979967e-04 -1.007700270447120e+00
5 27 -1.000282106352508e+00 -1.892245582771706e-03 -9.340228529418102e-04 -1.007700107769170e+00
5 28 -1.000282140882038e+00 -1.892434349632085e-03 -9.338254082765577e-04 -1.007699687737913e+00
5 29 -1.000282206345771e+00 -1.892690007320851e-03 -9.335841988803874e-04 -1.007699027068115e+00
5 30 -1.000282300052067e+00 -1.893002456508329e-03 -9.333093560025443e-04 -1.007698151956781e+00
5 31 -1.000282418248810e+00 -1.893359335759037e-03 -9.330126739301291e-04 -1.007697096947487e+00
6 0 -1.000282750145345e+00 -1.893862549336107e-03 -9.324591192405615e-04 -1.007695481384262e+00
6 1 -1.000282903372869e+00 -1.894266546608233e-03 -9.321564193954427e-04 -1.007694191005342e+00
6 2 -1.000283065122570e+00 -1.894669629252710e-03 -9.318708750518779e-04 -1.007692859632578e+00
6 3 -1.000283229276446e+00 -1.895056172621834e-03 -9.316141752511285e-04 -1.007691538511950e+00
6 4 -1.000283389673590e+00 -1.895411329536995e-03 -9.313963857862666e-04 -1.007690278150477e+00
6 5 -1.000283540323941e+00 -1.895721598218797e-03 -9.312255371332158e-04 -1.007689126419396e+00
6 6 -1.000283675611428e+00 -1.895975317936420e-03 -9.311073702654064e-04 -1.007688126803032e+00
6 7 -1.000283790482978e+00 -1.896163077176865e-03 -9.310452408578135e-04 -1.007687316846304e+00
6 8 -1.000283880620487e+00 -1.896278024946311e-03 -9.310401665834224e-04 -1.007686726841532e+00
6 9 -1.000283942592604e+00 -1.896316080560884e-03 -9.310909902138956e-04 -1.007686378786005e+00
6 10 -1.000283973982371e+00 -1.896276041029887e-03 -9.311946239657519e-04 -1.007686285634518e+00
6 11 -1.000283973486054e+00 -1.896159588558563e-03 -9.313463376549401e-04 -1.007686450863146e+00
6 12 -1.000283940978338e+00 -1.895971203751974e-03 -9.315400546516322e-04 -1.007686868351732e+00
6 13 -1.000283877539224e+00 -1.895717991827256e-03 -9.317686261158095e-04 -1.007687522585544e+00
6 14 -1.000283785438262e+00 -1.895409429112371e-03 -9.320240655032771e-04 -1.007688389172782e+00
6 15 -1.000283668072601e+00 -1.895057036423484e-03 -9.322977394368159e-04 -1.007689435670954e+00
6 16 -1.000283529857327e+00 -1.894673986121991e-03 -9.325805240760399e-04 -1.007690622707499e+00
6 17 -1.000283376069410e+00 -1.894274651038966e-03 -9.328629458594483e-04 -1.007691905368659e+00
6 18 -1.000283212649743e+00 -1.893874105094469e-03 -9.331353316648971e-04 -1.007693234819176e+00
6 19 -1.000283045970367e+00 -1.893487586879774e-03 -9.333879955785650e-04 -1.007694560105973e+00
6 20 -1.000282882576311e+00 -1.893129939507320e-03 -9.336114856667156e-04 -1.007695830089717e+00
6 21 -1.000282728913602e+00 -1.892815043450262e-03 -9.337969030561496e-04 -1.007696995436712e+00
6 22 -1.000282591056785e+00 -1.892555263266893e-03 -9.339362890921567e-04 -1.007698010591928e+00
6 23 -1.000282474450093e+00 -1.892360932463786e-03 -9.340230588107027e-04 -1.007698835646049e+00
6 24 -1.000282383675934e+00 -1.892239902304813e-03 -9.340524443145505e-04 -1.007699438007642e+00
6 25 -1.000282322262890e+00 -1.892197180115403e-03 -9.340219015616782e-04 -1.007699793795227e+00
6 26 -1.000282292543176e+00 -1.892234680556725e-03 -9.339314295210985e-04 -1.007699888872996e+00
6 27 -1.000282295566435e+00 -1.892351108879817e-03 -9.337837533906276e-04 -1.007699719469605e+00
6 28 -1.000282331073016e+00 -1.892541987956369e-03 -9.335843349615365e-04 -1.007699292342560e+00
6 29 -1.000282397525807e+00 -1.892799831642078e-03 -9.333411919450852e-04 -1.007698624478537e+00
6 30 -1.000282492196012e+00 -1.893114457212406e-03 -9.330645302162598e-04 -1.007697742348412e+00
6 31 -1.000282611295372e+00 -1.893473420457758e-03 -9.327662143001319e-04 -1.007696680761440e+00
7 0 -1.000282941640113e+00 -1.894032927278122e-03 -9.319414391716352e-04 -1.007694990040745e+00
7 1 -1.000283095620098e+00 -1.894438691403329e-03 -9.316377977649408e-04 -1.007693694215129e+00
7 2 -1.000283257999532e+00 -1.894843315447082e-03 -9.313515663864082e-04 -1.007692358253839e+00
7 3 -1.000283422636117e+00 -1.895231116624660e-03 -9.310944595195447e-04 -1.007691033575238e+00
7 4 -1.000283583349995e+00 -1.895587199996936e-03 -9.308765576505858e-04 -1.007689770821200e+00
7 5 -1.000283734138194e+00 -1.895898027993379e-03 -9.307058950676657e-04 -1.007688617955871e+00
7 6 -1.000283869378273e+00 -1.896151917380647e-03 -9.305882054057610e-04 -1.007687618511249e+00
7 7 -1.000283984017775e+00 -1.896339448549729e-03 -9.305268257264360e-04 -1.007686810032025e+00
7 8 -1.000284073746469e+00 -1.896453777531190e-03 -9.305227444396395e-04 -1.007686222760902e+00
7 9 -1.000284135148037e+00 -1.896490845808066e-03 -9.305747659246558e-04 -1.007685878596813e+00
7 10 -1.000284165827168e+00 -1.896449486998571e-03 -9.306797567408790e-04 -1.007685790350429e+00
7 11 -1.000284164507568e+00 -1.896331433136538e-03 -9.308329353856145e-04 -1.007685961312664e+00
7 12 -1.000284131096136e+00 -1.896141226201496e-03 -9.310281696602524e-04 -1.007686385143444e+00
7 13 -1.000284066708578e+00 -1.895886042029676e-03 -9.312582527318025e-04 -1.007687046081731e+00
7 14 -1.000283973652059e+00 -1.895575433822851e-03 -9.315151401522564e-04 -1.007687919473537e+00
7 15 -1.000283855361531e+00 -1.895221002198653e-03 -9.317901433901348e-04 -1.007688972609690e+00
7 16 -1.000283716288436e+00 -1.894835999068404e-03 -9.320740882309406e-04 -1.007690165857231e+00
7 17 -1.000283561743246e+00 -1.894434873635334e-03 -9.323574568308415e-04 -1.007691454058150e+00
7 18 -1.000283397696212e+00 -1.894032770064282e-03 -9.326305391374502e-04 -1.007692788158813e+00
7 19 -1.000283230543406e+00 -1.893644987981664e-03 -9.328836213851909e-04 -1.007694117023359e+00
7 20 -1.000283066847563e+00 -1.893286419500966e-03 -9.331072346903775e-04 -1.007695389373655e+00
7 21 -1.000282913065444e+00 -1.892970980034290e-03 -9.332924751706062e-04 -1.007696555786858e+00
7 22 -1.000282775275101e+00 -1.892711053929052e-03 -9.334313909755418e-04 -1.007697570671159e+00
7 23 -1.000282658917102e+00 -1.892516978918279e-03 -9.335174149723570e-04 -1.007698394133319e+00
7 24 -1.000282568563338e+00 -1.892396594966645e-03 -9.335458073941001e-04 -1.007698993649441e+00
7 25 -1.000282507725611e+00 -1.892354883124377e-03 -9.335140620306033e-04 -1.007699345453555e+00
7 26 -1.000282478713832e+00 -1.892393717990827e-03 -9.334222243393839e-04 -1.007699435567839e+00
7 27 -1.000282482550667e+00 -1.892511752723348e-03 -9.332730727309665e-04 -1.007699260414616e+00
7 28 -1.000282518945747e+00 -1.892704448188290e-03 -9.330721263854514e-04 -1.007698826973172e+00
7 29 -1.000282586328591e+00 -1.892964248703598e-03 -9.328274621018673e-04 -1.007698152471683e+00
7 30 -1.000282681935620e+00 -1.893280897098735e-03 -9.325493444853021e-04 -1.007697263632925e+00
7 31 -1.000282801943632e+00 -1.893641872599178e-03 -9.322496945127381e-04 -1.007696195518880e+00
8 0 -1.000283123379597e+00 -1.894250985069809e-03 -9.311734548607114e-04 -1.007694449176035e+00
8 1 -1.000283278152389e+00 -1.894658543165517e-03 -9.308690564240262e-04 -1.007693147655342e+00
8 2 -1.000283441235594e+00 -1.895064825879722e-03 -9.305822222058329e-04 -1.007691806586272e+00
8 3 -1.000283606459878e+00 -1.895454087892332e-03 -9.303246887678896e-04 -1.007690477579483e+00
8 4 -1.000283767622296e+00 -1.895811378419047e-03 -9.301065523799209e-04 -1.007689211442466e+00
8 5 -1.000283918701639e+00 -1.896123112813884e-03 -9.299358560113077e-04 -1.007688056272274e+00
8 6 -1.000284054063007e+00 -1.896377571622654e-03 -9.298183341500083e-04 -1.007687055695115e+00
8 7 -1.000284168648048e+00 -1.896565311634760e-03 -9.297573168856199e-04 -1.007686247306128e+00
8 8 -1.000284258147631e+00 -1.896679479005074e-03 -9.297537786386640e-04 -1.007685661351735e+00
8 9 -1.000284319153541e+00 -1.896716019540956e-03 -9.298065037082160e-04 -1.007685319687128e+00
8 10 -1.000284349285308e+00 -1.896673785486308e-03 -9.299123329115754e-04 -1.007685235032591e+00
8 11 -1.000284347287755e+00 -1.896554541538867e-03 -9.300664535574433e-04 -1.007685410544129e+00
8 12 -1.000284313094455e+00 -1.896362875401795e-03 -9.302626976722355e-04 -1.007685839706544e+00
8 13 -1.000284247852220e+00 -1.896106019777320e-03 -9.304938198473803e-04 -1.007686506550580e+00
8 14 -1.000284153902286e+00 -1.895793593312895e-03 -9.307517362281398e-04 -1.007687386190165e+00
8 15 -1.000284034715078e+00 -1.895437267951685e-03 -9.310277193529421e-04 -1.007688445669982e+00
8 16 -1.000283894777430e+00 -1.895050370114516e-03 -9.313125573342539e-04 -1.007689645106602e+00
8 17 -1.000283739433732e+00 -1.894647423752839e-03 -9.315966970549574e-04 -1.007690939097337e+00
8 18 -1.000283574685294e+00 -1.894243644727339e-03 -9.318703974960351e-04 -1.007692278360303e+00
8 19 -1.000283406955063e+00 -1.893854398050689e-03 -9.321239202235052e-04 -1.007693611558024e+00
8 20 -1.000283242827368e+00 -1.893494632193468e-03 -9.323477791227814e-04 -1.007694887245810e+00
8 21 -1.000283088774554e+00 -1.893178307857489e-03 -9.325330607186036e-04 -1.007696055875498e+00
8 22 -1.000282950883836e+00 -1.892917842088130e-03 -9.326718111901368e-04 -1.007697071775407e+00
8 23 -1.000282834598412e+00 -1.892723591643777e-03 -9.327574693322846e-04 -1.007697895020146e+00
8 24 -1.000282744486377e+00 -1.892603401347160e-03 -9.327853094567841e-04 -1.007698493101466e+00
8 25 -1.000282684049600e+00 -1.892562243099537e-03 -9.327528471792043e-04 -1.007698842314837e+00
8 26 -1.000282655582386e+00 -1.892601968989288e-03 -9.326601563444686e-04 -1.007698928786317e+00
8 27 -1.000282660086697e+00 -1.892721197248187e-03 -9.325100488264561e-04 -1.007698749080369e+00
8 28 -1.000282697247101e+00 -1.892915342693333e-03 -9.323080810275433e-04 -1.007698310351429e+00
8 29 -1.000282765464581e+00 -1.893176794236660e-03 -9.320623695491989e-04 -1.007697630029089e+00
8 30 -1.000282861944543e+00 -1.893495232137865e-03 -9.317832199666977e-04 -1.007696735055915e+00
8 31 -1.000282982831323e+00 -1.893858068283903e-03 -9.314825935467538e-04 -1.007695660723824e+00
9 0 -1.000283288390848e+00 -1.894508172466260e-03 -9.301845910366068e-04 -1.007693880289500e+00
9 1 -1.000283443965313e+00 -1.894917480366563e-03 -9.298796544072078e-04 -1.007692573051410e+00
9 2 -1.000283607798278e+00 -1.895325472751896e-03 -9.295923308112383e-04 -1.007691226559190e+00
9 3 -1.000283773691566e+00 -1.895716339677803e-03 -9.293343746519127e-04 -1.007689892628707e+00
9 4 -1.000283935415863e+00 -1.896075068667993e-03 -9.291158977598333e-04 -1.007688622257412e+00
9 5 -1.000284086927256e+00 -1.896388018832622e-03 -9.289449555206459e-04 -1.007687463709283e+00
9 6 -1.000284222572974e+00 -1.896643422426375e-03 -9.288272912996709e-04 -1.007686460746676e+00
9 7 -1.000284337282532e+00 -1.896831798023662e-03 -9.287662406179373e-04 -1.007685651063704e+00
9 8 -1.000284426740980e+00 -1.896946265246879e-03 -9.287627799901677e-04 -1.007685064964050e+00
9 9 -1.000284487540901e+00 -1.896982756282504e-03 -9.288156921601693e-04 -1.007684724315465e+00
9 10 -1.000284517309354e+00 -1.896940123584476e-03 -9.289218121640412e-04 -1.007684641804398e+00
9 11 -1.000284514805264e+00 -1.896820146264809e-03 -9.290763171067039e-04 -1.007684820506869e+00
9 12 -1.000284479982317e+00 -1.896627440189553e-03 -9.292730249376766e-04 -1.007685253784365e+00
9 13 -1.000284414012517e+00 -1.896369278742905e-03 -9.295046731769003e-04 -1.007685925506161e+00
9 14 -1.000284319266225e+00 -1.896055332089258e-03 -9.297631584127010e-04 -1.007686810593232e+00
9 15 -1.000284199245673e+00 -1.895697332527843e-03 -9.300397312594433e-04 -1.007687875873604e+00
9 16 -1.000284058470848e+00 -1.895308673194175e-03 -9.303251560355778e-04 -1.007689081232660e+00
9 17 -1.000283902319184e+00 -1.894903948056717e-03 -9.306098553871136e-04 -1.007690381032489e+00
9 18 -1.000283736823451e+00 -1.894498443004198e-03 -9.308840654653272e-04 -1.007691725762712e+00
9 19 -1.000283568435142e+00 -1.894107590092599e-03 -9.311380276465572e-04 -1.007693063873742e+00
9 20 -1.000283403763172e+00 -1.893746399356880e-03 -9.313622385802654e-04 -1.007694343733220e+00
9 21 -1.000283249299714e+00 -1.893428885407368e-03 -9.315477706660760e-04 -1.007695515636513e+00
9 22 -1.000283111146509e+00 -1.893167509549071e-03 -9.316866598224912e-04 -1.007696533792198e+00
9 23 -1.000282994755601e+00 -1.892972661543329e-03 -9.317723395119189e-04 -1.007697358195697e+00
9 24 -1.000282904698098e+00 -1.892852207008347e-03 -9.318000840805612e-04 -1.007697956301847e+00
9 25 -1.000282844473071e+00 -1.892811126100357e-03 -9.317674140215739e-04 -1.007698304411485e+00
9 26 -1.000282816366423e+00 -1.892851266624354e-03 -9.316744120841967e-04 -1.007698388697242e+00
9 27 -1.000282821366475e+00 -1.892971230192716e-03 -9.315239027193668e-04 -1.007698205809383e+00
9 28 -1.000282859139390e+00 -1.893166403226662e-03 -9.313214585603963e-04 -1.007697763024164e+00
9 29 -1.000282928063558e+00 -1.893429135567712e-03 -9.310752156413983e-04 -1.007697077924413e+00
9 30 -1.000283025318303e+00 -1.893749059327123e-03 -9.307955009214185e-04 -1.007696177631569e+00
9 31 -1.000283147019263e+00 -1.894113531033988e-03 -9.304942974672451e-04 -1.007695097635513e+00
10 0 -1.000283430390466e+00 -1.894794444683200e-03 -9.290130479135124e-04 -1.007693305696545e+00
10 1 -1.000283586744061e+00 -1.895205389534170e-03 -9.287078158628251e-04 -1.007691992942687e+00
10 2 -1.000283751343176e+00 -1.895615074938594e-03 -9.284201399733953e-04 -1.007690640925988e+00
10 3 -1.000283917960034e+00 -1.896007626784410e-03 -9.281617868538789e-04 -1.007689301672686e+00
10 4 -1.000284080336845e+00 -1.896367967760530e-03 -9.279428822403714e-04 -1.007688026386354e+00
10 5 -1.000284232403622e+00 -1.896682394048585e-03 -9.277714969950087e-04 -1.007686863524358e+00
10 6 -1.000284368485062e+00 -1.896939079428716e-03 -9.276533914883882e-04 -1.007685857021559e+00
10 7 -1.000284483492689e+00 -1.897128490949352e-03 -9.275919191719540e-04 -1.007685044716111e+00
10 8 -1.000284573098962e+00 -1.897243706032903e-03 -9.275880741951134e-04 -1.007684457020460e+00
10 9 -1.000284633889975e+00 -1.897280626019484e-03 -9.276406554409154e-04 -1.007684115870316e+00
10 10 -1.000284663492813e+00 -1.897238085301468e-03 -9.277465119409294e-04 -1.007684033975816e+00
10 11 -1.000284660672929e+00 -1.897117858513206e-03 -9.279008323549220e-04 -1.007684214391204e+00
10 12 -1.000284625396709e+00 -1.896924570922307e-03 -9.280974432216441e-04 -1.007684650411400e+00
10 13 -1.000284558854467e+00 -1.896665519012310e-03 -9.283290867889030e-04 -1.007685325796626e+00
10 14 -1.000284463439723e+00 -1.896350408911665e-03 -9.285876597671680e-04 -1.007686215320527e+00
10 15 -1.000284342681712e+00 -1.895991020104822e-03 -9.288644082820489e-04 -1.007687285632067e+00
10 16 -1.000284201130013e+00 -1.895600801784921e-03 -9.291500882878321e-04 -1.007688496414398e+00
10 17 -1.000284044192828e+00 -1.895194410130205e-03 -9.294351111194975e-04 -1.007689801813815e+00
10 18 -1.000283877933478e+00 -1.894787196617132e-03 -9.297096992981757e-04 -1.007691152100208e+00
10 19 -1.000283708832562e+00 -1.894394659591367e-03 -9.299640786007990e-04 -1.007692495509343e+00
10 20 -1.000283543525626e+00 -1.894031873542830e-03 -9.301887285910863e-04 -1.007693780207447e+00
10 21 -1.000283388528168e+00 -1.893712913338299e-03 -9.303747039914780e-04 -1.007694956308797e+00
10 22 -1.000283249961247e+00 -1.893450294201263e-03 -9.305140235567561e-04 -1.007695977867219e+00
10 23 -1.000283133291621e+00 -1.893254451617755e-03 -9.306001049193862e-04 -1.007696804754716e+00
10 24 -1.000283043100061e+00 -1.893133287237758e-03 -9.306282082180509e-04 -1.007697404337949e+00
10 25 -1.000282982890027e+00 -1.893091806477544e-03 -9.305958414147021e-04 -1.007697752867315e+00
10 26 -1.000282954946526e+00 -1.893131870965016e-03 -9.305030767223434e-04 -1.007697836503717e+00
10 27 -1.000282960251808e+00 -1.893252084374060e-03 -9.303527306957091e-04 -1.007697651924116e+00
10 28 -1.000282998460947e+00 -1.893447823414217e-03 -9.301503711620630e-04 -1.007697206468700e+00
10 29 -1.000283067936480e+00 -1.893711416818067e-03 -9.299041322163434e-04 -1.007696517819339e+00
10 30 -1.000283165837603e+00 -1.894032465014811e-03 -9.296243410825174e-04 -1.007695613228219e+00
10 31 -1.000283288256272e+00 -1.894398283443692e-03 -9.293229829509756e-04 -1.007694528343010e+00
11 0 -1.000283544017568e+00 -1.895098673364031e-03 -9.277043025498485e-04 -1.007692747600621e+00
11 1 -1.000283701097516e+00 -1.895511078899479e-03 -9.273990301502269e-04 -1.007691429745921e+00
11 2 -1.000283866449188e+00 -1.895922374577829e-03 -9.271111547078786e-04 -1.007690072318761e+00
11 3 -1.000284033815712e+00 -1.896316625263019e-03 -9.268524483989910e-04 -1.007688727552252e+00
11 4 -1.000284196909961e+00 -1.896678688358665e-03 -9.266330487335095e-04 -1.007687446863594e+00
11 5 -1.000284349633530e+00 -1.896994792881201e-03 -9.264610448975719e-04 -1.007686278922340e+00
11 6 -1.000284486284734e+00 -1.897253046177018e-03 -9.263422217087983e-04 -1.007685267865637e+00
11 7 -1.000284601751921e+00 -1.897443852531113e-03 -9.262799616892620e-04 -1.007684451715039e+00
11 8 -1.000284691688754e+00 -1.897560233254312e-03 -9.262752908091281e-04 -1.007683861038696e+00
11 9 -1.000284752667869e+00 -1.897598042757260e-03 -9.263270411713251e-04 -1.007683517893113e+00
11 10 -1.000284782308795e+00 -1.897556079586217e-03 -9.264320955574777e-04 -1.007683435069272e+00
11 11 -1.000284779375594e+00 -1.897436095117714e-03 -9.265856756496058e-04 -1.007683615658899e+00
11 12 -1.000284743839475e+00 -1.897242705190819e-03 -9.267816382237433e-04 -1.007684052948888e+00
11 13 -1.000284676901630e+00 -1.896983211342264e-03 -9.270127508995032e-04 -1.007684730645771e+00
11 14 -1.000284580972018e+00 -1.896667338876578e-03 -9.272709298615970e-04 -1.007685623426591e+00
11 15 -1.000284459601017e+00 -1.896306899255174e-03 -9.275474348652707e-04 -1.007686697806211e+00
11 16 -1.000284317362966e+00 -1.895915384636586e-03 -9.278330298182550e-04 -1.007687913303060e+00
11 17 -1.000284159693265e+00 -1.895507503177840e-03 -9.281181279593656e-04 -1.007689223875625e+00
11 18 -1.000283992683701e+00 -1.895098665143842e-03 -9.283929472055380e-04 -1.007690579591062e+00
11 19 -1.000283822843466e+00 -1.894704431960479e-03 -9.286477025197740e-04 -1.007691928476069e+00
11 20 -1.000283656835800e+00 -1.894339942898496e-03 -9.288728575570427e-04 -1.007693218489584e+00
11 21 -1.000283501202105e+00 -1.894019336973644e-03 -9.290594472080631e-04 -1.007694399547324e+00
11 22 -1.000283362086746e+00 -1.893755190855622e-03 -9.291994671314005e-04 -1.007695425519406e+00
11 23 -1.000283244976442e+00 -1.893557996714551e-03 -9.292863089966397e-04 -1.007696256115125e+00
11 24 -1.000283154467910e+00 -1.893435706033857e-03 -9.293152048514777e-04 -1.007696858565390e+00
11 25 -1.000283094076055e+00 -1.893393365401754e-03 -9.292836336589059e-04 -1.007697209016572e+00
11 26 -1.000283066092533e+00 -1.893432867697556e-03 -9.291916389890301e-04 -1.007697293560179e+00
11 27 -1.000283071501248e+00 -1.893552837147517e-03 -9.290420099586139e-04 -1.007697108839963e+00
11 28 -1.000283109953820e+00 -1.893748659783535e-03 -9.288402885874271e-04 -1.007696662199971e+00
11 29 -1.000283179804283e+00 -1.894012662086860e-03 -9.285945851854704e-04 -1.007695971363138e+00
11 30 -1.000283278198538e+00 -1.894334430605641e-03 -9.283152059687117e-04 -1.007695063658895e+00
11 31 -1.000283401210854e+00 -1.894701255530734e-03 -9.280141190522746e-04 -1.007693974846248e+00
12 0 -1.000283625025323e+00 -1.895409093871175e-03 -9.263092916888524e-04 -1.007692227220643e+00
12 1 -1.000283782750973e+00 -1.895822728245773e-03 -9.260042334556359e-04 -1.007690904874369e+00
12 2 -1.000283948812620e+00 -1.896235489856691e-03 -9.257163174263426e-04 -1.007689542358027e+00
12 3 -1.000284116926048e+00 -1.896631388125350e-03 -9.254573148564436e-04 -1.007688192099664e+00
12 4 -1.000284280775019e+00 -1.896995217109419e-03 -9.252373730805947e-04 -1.007686905729622e+00
12 5 -1.000284434231331e+00 -1.897313136874742e-03 -9.250646018202317e-04 -1.007685732140734e+00
12 6 -1.000284571564063e+00 -1.897573183053471e-03 -9.249448160855148e-04 -1.007684715694257e+00
12 7 -1.000284687634228e+00 -1.897765688612769e-03 -9.248814366677979e-04 -1.007683894626734e+00
12 8 -1.000284778071307e+00 -1.897883607030987e-03 -9.248755343276228e-04 -1.007683299702802e+00
12 9 -1.000284839427945e+00 -1.897922731223991e-03 -9.249259908950001e-04 -1.007682953148632e+00
12 10 -1.000284869308708e+00 -1.897881807284470e-03 -9.250297416847947e-04 -1.007682867890611e+00
12 11 -1.000284866468409e+00 -1.897762545683799e-03 -9.251820608932528e-04 -1.007683047115151e+00
12 12 -1.000284830875177e+00 -1.897569534827191e-03 -9.253768549323663e-04 -1.007683484158737e+00
12 13 -1.000284763733364e+00 -1.897310063237370e-03 -9.256069361379906e-04 -1.007684162731070e+00
12 14 -1.000284667462002e+00 -1.896993857639277e-03 -9.258642593597436e-04 -1.007685057467434e+00
12 15 -1.000284545625843e+00 -1.896632744807501e-03 -9.261401160380099e-04 -1.007686134799163e+00
12 16 -1.000284402818143e+00 -1.896240245233916e-03 -9.264252935264276e-04 -1.007687354123624e+00
12 17 -1.000284244496904e+00 -1.895831107103793e-03 -9.267102190471191e-04 -1.007688669246265e+00
12 18 -1.000284076779240e+00 -1.895420790500479e-03 -9.269851146439502e-04 -1.007690030056242e+00
12 19 -1.000283906201369e+00 -1.895024914183143e-03 -9.272401901558817e-04 -1.007691384384929e+00
12 20 -1.000283739454247e+00 -1.894658680004781e-03 -9.274658957764794e-04 -1.007692679985835e+00
12 21 -1.000283583106755e+00 -1.894336292690523e-03 -9.276532451427868e-04 -1.007693866565818e+00
12 22 -1.000283443329616e+00 -1.894070395584138e-03 -9.277942052034469e-04 -1.007694897789496e+00
12 23 -1.000283325633938e+00 -1.893871546131368e-03 -9.278821322982533e-04 -1.007695733171190e+00
12 24 -1.000283234638054e+00 -1.893747757261696e-03 -9.279122181435003e-04 -1.007696339764424e+00
12 25 -1.000283173874960e+00 -1.893704130980218e-03 -9.278818982261176e-04 -1.007696693561951e+00
12 26 -1.000283145650232e+00 -1.893742607766348e-03 -9.277911708723871e-04 -1.007696780530480e+00
12 27 -1.000283150957042e+00 -1.893861850225094e-03 -9.276427790321617e-04 -1.007696597221752e+00
12 28 -1.000283189451332e+00 -1.894057272394868e-03 -9.274422185834779e-04 -1.007696150923551e+00
12 29 -1.000283259486370e+00 -1.894321217377621e-03 -9.271975553344397e-04 -1.007695459340399e+00
12 30 -1.000283358202123e+00 -1.894643276049155e-03 -9.269190547831414e-04 -1.007694549822691e+00
12 31 -1.000283481661726e+00 -1.895010729965008e-03 -9.266186501175207e-04 -1.007693458190655e+00
13 0 -1.000283670425968e+00 -1.895713768825541e-03 -9.248823558448077e-04 -1.007691764010110e+00
13 1 -1.000283828692393e+00 -1.896128354669578e-03 -9.245777529004248e-04 -1.007690437949084e+00
13 2 -1.000283995394719e+00 -1.896542383191429e-03 -9.242899524765308e-04 -1.007689070855565e+00
13 3 -1.000284164224135e+00 -1.896939815911825e-03 -9.240307191558224e-04 -1.007687715333434e+00
13 4 -1.000284328836483e+00 -1.897305387705591e-03 -9.238102079222264e-04 -1.007686423218197e+00
13 5 -1.000284483073482e+00 -1.897625190529799e-03 -9.236365499879625e-04 -1.007685243628707e+00
13 6 -1.000284621173332e+00 -1.897887185891934e-03 -9.235155947109428e-04 -1.007684221163243e+00
13 7 -1.000284737966668e+00 -1.898081629634908e-03 -9.234508090417054e-04 -1.007683394296593e+00
13 8 -1.000284829054272e+00 -1.898201398140937e-03 -9.234433202715533e-04 -1.007682794023498e+00
13 9 -1.000284890962950e+00 -1.898242210569169e-03 -9.234920746083169e-04 -1.007682442782337e+00
13 10 -1.000284921275511e+00 -1.898202746176933e-03 -9.235940760005251e-04 -1.007682353683665e+00
13 11 -1.000284918730170e+00 -1.898084658746317e-03 -9.237446678715690e-04 -1.007682530061266e+00
13 12 -1.000284883284286e+00 -1.897892492342740e-03 -9.239378236810217e-04 -1.007682965356686e+00
13 13 -1.000284816137487e+00 -1.897633504695790e-03 -9.241664186422986e-04 -1.007683643340009e+00
13 14 -1.000284719710061e+00 -1.897317406001373e-03 -9.244224642497521e-04 -1.007684538661520e+00
13 15 -1.000284597573790e+00 -1.896956021250955e-03 -9.246972998751005e-04 -1.007685617722427e+00
13 16 -1.000284454334345e+00 -1.896562883831472e-03 -9.249817498809978e-04 -1.007686839846699e+00
13 17 -1.000284295466938e+00 -1.896152768586042e-03 -9.252662664884826e-04 -1.007688158727173e+00
13 18 -1.000284127109927e+00 -1.895741174481307e-03 -9.255410847060650e-04 -1.007689524106630e+00
13 19 -1.000283955823955e+00 -1.895343769686717e-03 -9.257964155175885e-04 -1.007690883642080e+00
13 20 -1.000283788326682e+00 -1.894975814246399e-03 -9.260226983856174e-04 -1.007692184890675e+00
13 21 -1.000283631215023e+00 -1.894651577828120e-03 -9.262109243926510e-04 -1.007693377347729e+00
13 22 -1.000283490688117e+00 -1.894383773066176e-03 -9.263530269396170e-04 -1.007694414458746e+00
13 23 -1.000283372284944e+00 -1.894183028510169e-03 -9.264423195014021e-04 -1.007695255518988e+00
13 24 -1.000283280650240e+00 -1.894057427583170e-03 -9.264739435278409e-04 -1.007695867370215e+00
13 25 -1.000283219340982e+00 -1.894012139847247e-03 -9.264452784284344e-04 -1.007696225807857e+00
13 26 -1.000283190683401e+00 -1.894049168104683e-03 -9.263562619549211e-04 -1.007696316622875e+00
13 27 -1.000283195687275e+00 -1.894167229889408e-03 -9.262095735284919e-04 -1.007696136219254e+00
13 28 -1.000283234020587e+00 -1.894361784881504e-03 -9.260106446951209e-04 -1.007695691770233e+00
13 29 -1.000283304043607e+00 -1.894625210831611e-03 -9.257674787606151e-04 -1.007695000903417e+00
13 30 -1.000283402897794e+00 -1.894947120643520e-03 -9.254902831708321e-04 -1.007694090934069e+00
13 31 -1.000283526641924e+00 -1.895314803927057e-03 -9.251909397175061e-04 -1.007692997692269e+00
14 0 -1.000283678586686e+00 -1.896001048385509e-03 -9.234790392313614e-04 -1.007691374991954e+00
14 1 -1.000283837269246e+00 -1.896416274399724e-03 -9.231751082737519e-04 -1.007690046127671e+00
14 2 -1.000284004519413e+00 -1.896831324746167e-03 -9.228875693387634e-04 -1.007688675136800e+00
14 3 -1.000284174007312e+00 -1.897230122225686e-03 -9.226281749303006e-04 -1.007687314773904e+00
14 4 -1.000284339363096e+00 -1.897597348912739e-03 -9.224070848057784e-04 -1.007686017064069e+00
14 5 -1.000284494399353e+00 -1.897919032121988e-03 -9.222324516610252e-04 -1.007684831346188e+00
14 6 -1.000284633322941e+00 -1.898183059485825e-03 -9.221101626511716e-04 -1.007683802459813e+00
14 7 -1.000284750932106e+00 -1.898379606554312e-03 -9.220437378132118e-04 -1.007682969132980e+00
14 8 -1.000284842795422e+00 -1.898501466255119e-03 -9.220343705498621e-04 -1.007682362615556e+00
14 9 -1.000284905409093e+00 -1.898544274943046e-03 -9.220810827049783e-04 -1.007682005591527e+00
14 10 -1.000284936328409e+00 -1.898506633635141e-03 -9.221809594886642e-04 -1.007681911396108e+00
14 11 -1.000284934268363e+00 -1.898390125765105e-03 -9.223294277797511e-04 -1.007682083557453e+00
14 12 -1.000284899168166e+00 -1.898199235445257e-03 -9.225205437481078e-04 -1.007682515674563e+00
14 13 -1.000284832214895e+00 -1.897941172813455e-03 -9.227472615084589e-04 -1.007683191633330e+00
14 14 -1.000284735822229e+00 -1.897625614484543e-03 -9.230016642262465e-04 -1.007684086154654e+00
14 15 -1.000284613561459e+00 -1.897264367005863e-03 -9.232751525778551e-04 -1.007685165663311e+00
14 16 -1.000284470043774e+00 -1.896870960785432e-03 -9.235585998121384e-04 -1.007686389460168e+00
14 17 -1.000284310755571e+00 -1.896460182794077e-03 -9.238424936402000e-04 -1.007687711170315e+00
14 18 -1.000284141851563e+00 -1.896047558523442e-03 -9.241170905273063e-04 -1.007689080426987e+00
14 19 -1.000283969913321e+00 -1.895648796075077e-03 -9.243726081324586e-04 -1.007690444739584e+00
14 20 -1.000283801683220e+00 -1.895279207329595e-03 -9.245994773535920e-04 -1.007691751484997e+00
14 21 -1.000283643785736e+00 -1.894953123605608e-03 -9.247886659610942e-04 -1.007692949952627e+00
14 22 -1.000283502449431e+00 -1.894683326625926e-03 -9.249320707409819e-04 -1.007693993363920e+00
14 23 -1.000283383243577e+00 -1.894480519125083e-03 -9.250229569608765e-04 -1.007694840779241e+00
14 24 -1.000283290843038e+00 -1.894352861477864e-03 -9.250564077115393e-04 -1.007695458802096e+00
14 25 -1.000283228833692e+00 -1.894305600434372e-03 -9.250297352706384e-04 -1.007695822994544e+00
14 26 -1.000283199568398e+00 -1.894340813475104e-03 -9.249428034058500e-04 -1.007695918927666e+00
14 27 -1.000283204080368e+00 -1.894457287547632e-03 -9.247982133936347e-04 -1.007695742807295e+00
14 28 -1.000283242056932e+00 -1.894650543861916e-03 -9.246013175444102e-04 -1.007695301637913e+00
14 29 -1.000283311872749e+00 -1.894913011341161e-03 -9.243600417366431e-04 -1.007694612915115e+00
14 30 -1.000283410677947e+00 -1.895234341477284e-03 -9.240845203778062e-04 -1.007693703865368e+00
14 31 -1.000283534533827e+00 -1.895601848154674e-03 -9.237865691687015e-04 -1.007692610277550e+00
15 0 -1.000283649275478e+00 -1.896260009129781e-03 -9.221538480967167e-04 -1.007691074222330e+00
15 1 -1.000283808234893e+00 -1.896675542510933e-03 -9.218507728086225e-04 -1.007689743564308e+00
15 2 -1.000283975920278e+00 -1.897091333403974e-03 -9.215636244896224e-04 -1.007688369496127e+00
15 3 -1.000284145985003e+00 -1.897491276552603e-03 -9.213041382518287e-04 -1.007687004892252e+00
15 4 -1.000284312036829e+00 -1.897860009651235e-03 -9.210824755754792e-04 -1.007685701944382e+00
15 5 -1.000284467861256e+00 -1.898183501107055e-03 -9.209068105132880e-04 -1.007684510197523e+00
15 6 -1.000284607634370e+00 -1.898449567360330e-03 -9.207830708858433e-04 -1.007683474728683e+00
15 7 -1.000284726121103e+00 -1.898648303360035e-03 -9.207148349123532e-04 -1.007682634525185e+00
15 8 -1.000284818855596e+00 -1.898772415629251e-03 -9.207033685598911e-04 -1.007682021106740e+00
15 9 -1.000284882300060e+00 -1.898817452223914e-03 -9.207477770592976e-04 -1.007681657425771e+00
15 10 -1.000284913977679e+00 -1.898781927593670e-03 -9.208452365459993e-04 -1.007681557073678e+00
15 11 -1.000284912574397e+00 -1.898667343568079e-03 -9.209912690783420e-04 -1.007681723813224e+00
15 12 -1.000284878004466e+00 -1.898478110734642e-03 -9.211800263111341e-04 -1.007682151447926e+00
15 13 -1.000284811435041e+00 -1.898221376766691e-03 -9.214045536562950e-04 -1.007682824030284e+00
15 14 -1.000284715265673e+00 -1.897906769218272e-03 -9.216570173777238e-04 -1.007683716404074e+00
15 15 -1.000284593059742e+00 -1.897546060348506e-03 -9.219288903001137e-04 -1.007684795070162e+00
15 16 -1.000284449426867e+00 -1.897152761753422e-03 -9.222111050386320e-04 -1.007686019357477e+00
15 17 -1.000284289858189e+00 -1.896741657591538e-03 -9.224941941211951e-04 -1.007687342870385e+00
15 18 -1.000284120519334e+00 -1.896328286807850e-03 -9.227684424363233e-04 -1.007688715172671e+00
15 19 -1.000283948008570e+00 -1.895928386708644e-03 -9.230240785140139e-04 -1.007690083657952e+00
15 20 -1.000283779090081e+00 -1.895557312668306e-03 -9.232515267173839e-04 -1.007691395546051e+00
15 21 -1.000283620414379e+00 -1.895229451850582e-03 -9.234417319832025e-04 -1.007692599934327e+00
15 22 -1.000283478239341e+00 -1.894957652249437e-03 -9.235865531710870e-04 -1.007693649823544e+00
15 23 -1.000283358165817e+00 -1.894752691310203e-03 -9.236792034881639e-04 -1.007694504031535e+00
15 24 -1.000283264901420e+00 -1.894622810152227e-03 -9.237147010019461e-04 -1.007695128905599e+00
15 25 -1.000283202064789e+00 -1.894573339437393e-03 -9.236902819857209e-04 -1.007695499747243e+00
15 26 -1.000283172040416e+00 -1.894606440682571e-03 -9.236057260613269e-04 -1.007695601872165e+00
15 27 -1.000283175890851e+00 -1.894720981927086e-03 -9.234635454438246e-04 -1.007695431245457e+00
15 28 -1.000283213329243e+00 -1.894912559357444e-03 -9.232690016071500e-04 -1.007694994655450e+00
15 29 -1.000283282751372e+00 -1.895173667588202e-03 -9.230299307807113e-04 -1.007694309416113e+00
15 30 -1.000283381322889e+00 -1.895494011760203e-03 -9.227563819404072e-04 -1.007693402615013e+00
15 31 -1.000283505114498e+00 -1.895860945301150e-03 -9.224600929196930e-04 -1.007692309950188e+00
16 0 -1.000283583657592e+00 -1.896480855817915e-03 -9.209580696194127e-04 -1.007690872386811e+00
16 1 -1.000283742745242e+00 -1.896896355043028e-03 -9.206559940050468e-04 -1.007689541003954e+00
16 2 -1.000283910737763e+00 -1.897312579934126e-03 -9.203693430918821e-04 -1.007688164787061e+00
16 3 -1.000284081276804e+00 -1.897713408958204e-03 -9.201098300941019e-04 -1.007686796694946e+00
16 4 -1.000284247951873e+00 -1.898083445415959e-03 -9.198876158750383e-04 -1.007685489056823e+00
16 5 -1.000284404524290e+00 -1.898408606462086e-03 -9.197108956616509e-04 -1.007684291603000e+00
16 6 -1.000284545140951e+00 -1.898676642560134e-03 -9.195856392613057e-04 -1.007683249635795e+00
16 7 -1.000284664533862e+00 -1.898877570976839e-03 -9.195154853764228e-04 -1.007682402397677e+00
16 8 -1.000284758201974e+00 -1.899004012375151e-03 -9.195017760031270e-04 -1.007681781681964e+00
16 9 -1.000284822571471e+00 -1.899051424270474e-03 -9.195437049572413e-04 -1.007681410722239e+00
16 10 -1.000284855129952e+00 -1.899018229210478e-03 -9.196385463292506e-04 -1.007681303388579e+00
16 11 -1.000284854529502e+00 -1.898905839205103e-03 -9.197819255069578e-04 -1.007681463709902e+00
16 12 -1.000284820653589e+00 -1.898718580805890e-03 -9.199680979944956e-04 -1.007681885732904e+00
16 13 -1.000284754642937e+00 -1.898463526928138e-03 -9.201902087821914e-04 -1.007682553720684e+00
16 14 -1.000284658876017e+00 -1.898150242324857e-03 -9.204405157077994e-04 -1.007683442687810e+00
16 15 -1.000284536901148e+00 -1.897790450244971e-03 -9.207105724503734e-04 -1.007684519261227e+00
16 16 -1.000284393319366e+00 -1.897397628531721e-03 -9.209913792122561e-04 -1.007685742847381e+00
16 17 -1.000284233620045e+00 -1.896986544158107e-03 -9.212735201048824e-04 -1.007687067076409e+00
16 18 -1.000284063973968e+00 -1.896572736203377e-03 -9.215473134205283e-04 -1.007688441484732e+00
16 19 -1.000283890991266e+00 -1.896171959194231e-03 -9.218030021919515e-04 -1.007689813386839e+00
16 20 -1.000283721454158e+00 -1.895799601766108e-03 -9.220310069405586e-04 -1.007691129875215e+00
16 21 -1.000283562036650e+00 -1.895470099061392e-03 -9.222222512093243e-04 -1.007692339876120e+00
16 22 -1.000283419024721e+00 -1.895196360343035e-03 -9.223685553690642e-04 -1.007693396180628e+00
16 23 -1.000283298050954e+00 -1.894989235757257e-03 -9.224630777112512e-04 -1.007694257365005e+00
16 24 -1.000283203857188e+00 -1.894857048012188e-03 -9.225007666666983e-04 -1.007694889511774e+00
16 25 -1.000283140097546e+00 -1.894805215215472e-03 -9.224787769068079e-04 -1.007695267644298e+00
16 26 -1.000283109191944e+00 -1.894835989002056e-03 -9.223967975681799e-04 -1.007695376797062e+00
16 27 -1.000283112236914e+00 -1.894948326908884e-03 -9.222572444176028e-04 -1.007695212661677e+00
16 28 -1.000283148976758e+00 -1.895137910497262e-03 -9.220652795113358e-04 -1.007694781772131e+00
16 29 -1.000283217834317e+00 -1.895397312083496e-03 -9.218286401957771e-04 -1.007694101218298e+00
16 30 -1.000283315997182e+00 -1.895716303644132e-03 -9.215572810749116e-04 -1.007693197903333e+00
16 31 -1.000283439552049e+00 -1.896082291976704e-03 -9.212628540742611e-04 -1.007692107387727e+00
17 0 -1.000283484244506e+00 -1.896655273471654e-03 -9.199377469766898e-04 -1.007690776523886e+00
17 1 -1.000283643307921e+00 -1.897070401036829e-03 -9.196367706021154e-04 -1.007689445504908e+00
17 2 -1.000283811468909e+00 -1.897486739669689e-03 -9.193506978330622e-04 -1.007688068141565e+00
17 3 -1.000283982362832e+00 -1.897888163762595e-03 -9.190912171603501e-04 -1.007686697438723e+00
17 4 -1.000284149565617e+00 -1.898259253295041e-03 -9.188684871498105e-04 -1.007685385829510e+00
17 5 -1.000284306818116e+00 -1.898585883713704e-03 -9.186907231032353e-04 -1.007684183202042e+00
17 6 -1.000284448240789e+00 -1.898855747432285e-03 -9.185639359377334e-04 -1.007683135062756e+00
17 7 -1.000284568534508e+00 -1.899058790109975e-03 -9.184918246341327e-04 -1.007682280894778e+00
17 8 -1.000284663163632e+00 -1.899187550197563e-03 -9.184758084796998e-04 -1.007681652758723e+00
17 9 -1.000284728517479e+00 -1.899237395420145e-03 -9.185151727105102e-04 -1.007681274172575e+00
17 10 -1.000284762045795e+00 -1.899206654340186e-03 -9.186072929745101e-04 -1.007681159297724e+00
17 11 -1.000284762363328e+00 -1.899096644577344e-03 -9.187479016066581e-04 -1.007681312450122e+00
17 12 -1.000284729318265e+00 -1.898911601681036e-03 -9.189313617903229e-04 -1.007681727948144e+00
17 13 -1.000284664019460e+00 -1.898658514346997e-03 -9.191509228621354e-04 -1.007682390301445e+00
17 14 -1.000284568818091e+00 -1.898346872884332e-03 -9.193989399917406e-04 -1.007683274737463e+00
17 15 -1.000284447240787e+00 -1.897988338621565e-03 -9.196670534917031e-04 -1.007684348054441e+00
17 16 -1.000284303873406e+00 -1.897596342371411e-03 -9.199463359683724e-04 -1.007685569781843e+00
17 17 -1.000284144197246e+00 -1.897185620592108e-03 -9.202274269978043e-04 -1.007686893620149e+00
17 18 -1.000283974382353e+00 -1.896771699143418e-03 -9.205006819546560e-04 -1.007688269121624e+00
17 19 -1.000283801045384e+00 -1.896370336842506e-03 -9.207563621070607e-04 -1.007689643561926e+00
17 20 -1.000283630982091e+00 -1.895996944028925e-03 -9.209848872068203e-04 -1.007690963940791e+00
17 21 -1.000283470886550e+00 -1.895665994443741e-03 -9.211771609039456e-04 -1.007692179040093e+00
17 22 -1.000283327070631e+00 -1.895390451632606e-03 -9.213249648854245e-04 -1.007693241459480e+00
17 23 -1.000283205197671e+00 -1.895181233769298e-03 -9.214214012947322e-04 -1.007694109543591e+00
17 24 -1.000283110043992e+00 -1.895046742862005e-03 -9.214613472558525e-04 -1.007694749111502e+00
17 25 -1.000283045300613e+00 -1.894992484723414e-03 -9.214418736768685e-04 -1.007695134901016e+00
17 26 -1.000283013425274e+00 -1.895020803841678e-03 -9.213625760988065e-04 -1.007695251650102e+00
17 27 -1.000283015551753e+00 -1.895130752186226e-03 -9.212257695727855e-04 -1.007695094755044e+00
17 28 -1.000283051459618e+00 -1.895318103669683e-03 -9.210365116688527e-04 -1.007694670467644e+00
17 29 -1.000283119603743e+00 -1.895575517300382e-03 -9.208024356398060e-04 -1.007693995619815e+00
17 30 -1.000283217199285e+00 -1.895892842633125e-03 -9.205333968204877e-04 -1.007693096891329e+00
17 31 -1.000283340354864e+00 -1.896257551707810e-03 -9.202409566289978e-04 -1.007692009663419e+00
18 0 -1.000283354798668e+00 -1.896776720295453e-03 -9.191318960627367e-04 -1.007690789864947e+00
18 1 -1.000283513687102e+00 -1.897191154848026e-03 -9.188320721867922e-04 -1.007689460279177e+00
18 2 -1.000283681872412e+00 -1.897607284788449e-03 -9.185466313964344e-04 -1.007688082809019e+00
18 3 -1.000283852989123e+00 -1.898008992420189e-03 -9.182872361649806e-04 -1.007686710466554e+00
18 4 -1.000284020604643e+00 -1.898380846270404e-03 -9.180640409270479e-04 -1.007685395751823e+00
18 5 -1.000284178443940e+00 -1.898708691483607e-03 -9.178852786117723e-04 -1.007684188676538e+00
18 6 -1.000284320604991e+00 -1.898980172824605e-03 -9.177569987736815e-04 -1.007683134921347e+00
18 7 -1.000284441760517e+00 -1.899185173029854e-03 -9.176829589123682e-04 -1.007682274186516e+00
18 8 -1.000284537342019e+00 -1.899316154730860e-03 -9.176646547155684e-04 -1.007681638784590e+00
18 9 -1.000284603702353e+00 -1.899368399793125e-03 -9.177014622914492e-04 -1.007681252511225e+00
18 10 -1.000284638252590e+00 -1.899340144349101e-03 -9.177908581564009e-04 -1.007681129820660e+00
18 11 -1.000284639568180e+00 -1.899232610750914e-03 -9.179286810274429e-04 -1.007681275325584e+00
18 12 -1.000284607458909e+00 -1.899049939964316e-03 -9.181094020843571e-04 -1.007681683634349e+00
18 13 -1.000284542997512e+00 -1.898799030106080e-03 -9.183263764931572e-04 -1.007682339529882e+00
18 14 -1.000284448502699e+00 -1.898489288359626e-03 -9.185720587806821e-04 -1.007683218485999e+00
18 15 -1.000284327473699e+00 -1.898132303856842e-03 -9.188381776647417e-04 -1.007684287510193e+00
18 16 -1.000284184475241e+00 -1.897741448986549e-03 -9.191158796879346e-04 -1.007685506295601e+00
18 17 -1.000284024974548e+00 -1.897331417335276e-03 -9.193958619197929e-04 -1.007686828655510e+00
18 18 -1.000283855135003e+00 -1.896917708507182e-03 -9.196685197218372e-04 -1.007688204201083e+00
18 19 -1.000283681574187e+00 -1.896516072616004e-03 -9.199241357516161e-04 -1.007689580210555e+00
18 20 -1.000283511096403e+00 -1.896141929621496e-03 -9.201531314123630e-04 -1.007690903628272e+00
18 21 -1.000283350411681e+00 -1.895809781221975e-03 -9.203463919003605e-04 -1.007692123123477e+00
18 22 -1.000283205854647e+00 -1.895532636204626e-03 -9.204956612858788e-04 -1.007693191129873e+00
18 23 -1.000283083117293e+00 -1.895321473470670e-03 -9.205939868010520e-04 -1.007694065779110e+00
18 24 -1.000282987009357e+00 -1.895184769070299e-03 -9.206361754327603e-04 -1.007694712637920e+00
18 25 -1.000282921258704e+00 -1.895128113546323e-03 -9.206192147922078e-04 -1.007695106161893e+00
18 26 -1.000282888361852e+00 -1.895153943519966e-03 -9.205426064112175e-04 -1.007695230788544e+00
18 27 -1.000282889491740e+00 -1.895261406774783e-03 -9.204085638084142e-04 -1.007695081608130e+00
18 28 -1.000282924466070e+00 -1.895446373039655e-03 -9.202220393413872e-04 -1.007694664572884e+00
18 29 -1.000282991775471e+00 -1.895701593644619e-03 -9.199905614686230e-04 -1.007693996232685e+00
18 30 -1.000283088667117e+00 -1.896017003425478e-03 -9.197238851380226e-04 -1.007693103013862e+00
18 31 -1.000283211276571e+00 -1.896380149059776e-03 -9.194334795335394e-04 -1.007692020083744e+00
19 0 -1.000283200197637e+00 -1.896840654372352e-03 -9.185710353609383e-04 -1.007690911779418e+00
19 1 -1.000283358767432e+00 -1.897254101719871e-03 -9.182723723711021e-04 -1.007689584639520e+00
19 2 -1.000283526832442e+00 -1.897669709365802e-03 -9.179875918814279e-04 -1.007688208103666e+00
19 3 -1.000283698031709e+00 -1.898071379069795e-03 -9.177283297192866e-04 -1.007686835152684e+00
19 4 -1.000283865929544e+00 -1.898443680285486e-03 -9.175047340134775e-04 -1.007685518313871e+00
19 5 -1.000284024240384e+00 -1.898772440597741e-03 -9.173250522655603e-04 -1.007684307682945e+00
19 6 -1.000284167044567e+00 -1.899045269312028e-03 -9.171953694934208e-04 -1.007683249078049e+00
19 7 -1.000284288990582e+00 -1.899251997069510e-03 -9.171194984635805e-04 -1.007682382385450e+00
19 8 -1.000284385479919e+00 -1.899385019821494e-03 -9.170990074177200e-04 -1.007681740145206e+00
19 9 -1.000284452830780e+00 -1.899439540899820e-03 -9.171333587508387e-04 -1.007681346413192e+00
19 10 -1.000284488416299e+00 -1.899413709159268e-03 -9.172201252141249e-04 -1.007681215926763e+00
19 11 -1.000284490772138e+00 -1.899308654176952e-03 -9.173552480918834e-04 -1.007681353594447e+00
19 12 -1.000284459667910e+00 -1.899128422033228e-03 -9.175333036776800e-04 -1.007681754322660e+00
19 13 -1.000284396137336e+00 -1.898879817467746e-03 -9.177477504157003e-04 -1.007682403183556e+00
19 14 -1.000284302462886e+00 -1.898572159515612e-03 -9.179911396314436e-04 -1.007683275920074e+00
19 15 -1.000284182111866e+00 -1.898216957830597e-03 -9.182552864216896e-04 -1.007684339778233e+00
19 16 -1.000284039622698e+00 -1.897827516851188e-03 -9.185314106129388e-04 -1.007685554650234e+00
19 17 -1.000283880442896e+00 -1.897418476046613e-03 -9.188102676050207e-04 -1.007686874501752e+00
19 18 -1.000283710723425e+00 -1.897005296694071e-03 -9.190822943065729e-04 -1.007688249043786e+00
19 19 -1.000283537077223e+00 -1.896603707992421e-03 -9.193377962989313e-04 -1.007689625597361e+00
19 20 -1.000283366311958e+00 -1.896229127430722e-03 -9.195671982087548e-04 -1.007690951090011e+00
19 21 -1.000283205148954e+00 -1.895896072893809e-03 -9.197613690014676e-04 -1.007692174114458e+00
19 22 -1.000283059941596e+00 -1.895617587431548e-03 -9.199120182558378e-04 -1.007693246970573e+00
19 23 -1.000282936407305e+00 -1.895404701058632e-03 -9.200121418105174e-04 -1.007694127603605e+00
19 24 -1.000282839386847e+00 -1.895265955944483e-03 -9.200564797073829e-04 -1.007694781348425e+00
19 25 -1.000282772643448e+00 -1.895207021212087e-03 -9.200419389767638e-04 -1.007695182392741e+00
19 26 -1.000282738711901e+00 -1.895230421343695e-03 -9.199679298766147e-04 -1.007695314881359e+00
19 27 -1.000282738804853e+00 -1.895335397745895e-03 -9.198365676197287e-04 -1.007695173598996e+00
19 28 -1.000282772779624e+00 -1.895517915976723e-03 -9.196527028928397e-04 -1.007694764191487e+00
19 29 -1.000282839164908e+00 -1.895770821877990e-03 -9.194237625052787e-04 -1.007694102913149e+00
19 30 -1.000282935243021e+00 -1.896084139893653e-03 -9.191594032322897e-04 -1.007693215917044e+00
19 31 -1.000283057180463e+00 -1.896445497771877e-03 -9.188710034661145e-04 -1.007692138130537e+00
20 0 -1.000283026261427e+00 -1.896844689058881e-03 -9.182760817445608e-04 -1.007691137816931e+00
20 1 -1.000283184380916e+00 -1.897256891938307e-03 -9.179785465742533e-04 -1.007689814044458e+00
20 2 -1.000283352185366e+00 -1.897671683005916e-03 -9.176944311811983e-04 -1.007688439450424e+00
20 3 -1.000283523323661e+00 -1.898072994550725e-03 -9.174353445150150e-04 -1.007687066946286e+00
20 4 -1.000283691362680e+00 -1.898445409349232e-03 -9.172114266641454e-04 -1.007685749045527e+00
20 5 -1.000283850012031e+00 -1.898774750621817e-03 -9.170309368827648e-04 -1.007684535885532e+00
20 6 -1.000283993339777e+00 -1.899048605510834e-03 -9.168999916603578e-04 -1.007683473380699e+00
20 7 -1.000284115974944e+00 -1.899256765373242e-03 -9.168224534632875e-04 -1.007682601565202e+00
20 8 -1.000284213293078e+00 -1.899391571369243e-03 -9.167999559641016e-04 -1.007681953173003e+00
20 9 -1.000284281580958e+00 -1.899448158729440e-03 -9.168320399769105e-04 -1.007681552492493e+00
20 10 -1.000284318175939e+00 -1.899424597343060e-03 -9.169163668820818e-04 -1.007681414524056e+00
20 11 -1.000284321574791e+00 -1.899321929785167e-03 -9.170489734780818e-04 -1.007681544460642e+00
20 12 -1.000284291506651e+00 -1.899144110545482e-03 -9.172245342183301e-04 -1.007681937503609e+00
20 13 -1.000284228964905e+00 -1.898897851983968e-03 -9.174366037594807e-04 -1.007682579018690e+00
20 14 -1.000284136193517e+00 -1.898592383491247e-03 -9.176778238084091e-04 -1.007683445029959e+00
20 15 -1.000284016624580e+00 -1.898239130832112e-03 -9.179400912307242e-04 -1.007684503042487e+00
20 16 -1.000283874765925e+00 -1.897851323216406e-03 -9.182146966740705e-04 -1.007685713176173e+00
20 17 -1.000283716040346e+00 -1.897443536639348e-03 -9.184924527879918e-04 -1.007687029583371e+00
20 18 -1.000283546581097e+00 -1.897031183561267e-03 -9.187638374986730e-04 -1.007688402111905e+00
20 19 -1.000283372991170e+00 -1.896629961058575e-03 -9.190191794624595e-04 -1.007689778163724e+00
20 20 -1.000283202076380e+00 -1.896255272210301e-03 -9.192489081688110e-04 -1.007691104688498e+00
20 21 -1.000283040564263e+00 -1.895921638619297e-03 -9.194438798124062e-04 -1.007692330241424e+00
20 22 -1.000282894822194e+00 -1.895642125257785e-03 -9.195957741212774e-04 -1.007693407025796e+00
20 23 -1.000282770588763e+00 -1.895427801717402e-03 -9.196975404793205e-04 -1.007694292834262e+00
20 24 -1.000282672732173e+00 -1.895287265854365e-03 -9.197438570289135e-04 -1.007694952799384e+00
20 25 -1.000282605048197e+00 -1.895226256162685e-03 -9.197315558461914e-04 -1.007695360865747e+00
20 26 -1.000282570107979e+00 -1.895247377319725e-03 -9.196599624365899e-04 -1.007695500904325e+00
20 27 -1.000282569162894e+00 -1.895349958697043e-03 -9.195311007477458e-04 -1.007695367406043e+00
20 28 -1.000282602109862e+00 -1.895530058273142e-03 -9.193497266283925e-04 -1.007694965714600e+00
20 29 -1.000282667516559e+00 -1.895780615182191e-03 -9.191231714513265e-04 -1.007694311786010e+00
20 30 -1.000282762702306e+00 -1.896091744387217e-03 -9.188609995027385e-04 -1.007693431490562e+00
20 31 -1.000282883867373e+00 -1.896451157862784e-03 -9.185745037146915e-04 -1.007692359499080e+00
21 0 -1.000282839547258e+00 -1.896788673969615e-03 -9.182576435939553e-04 -1.007691459842796e+00
21 1 -1.000282997101239e+00 -1.897199420740972e-03 -9.179611653539911e-04 -1.007690140236559e+00
21 2 -1.000283164514076e+00 -1.897613130362890e-03 -9.176776981755068e-04 -1.007688768523459e+00
21 3 -1.000283335449685e+00 -1.898013775929790e-03 -9.174188248998858e-04 -1.007687397508729e+00
21 4 -1.000283503483104e+00 -1.898385965405583e-03 -9.171946767620666e-04 -1.007686079651256e+00
21 5 -1.000283662324825e+00 -1.898715530694441e-03 -9.170135219026265e-04 -1.007684865087071e+00
21 6 -1.000283806036341e+00 -1.898990050775878e-03 -9.168815027458788e-04 -1.007683799782557e+00
21 7 -1.000283929232802e+00 -1.899199292219405e-03 -9.168025233989827e-04 -1.007682923875663e+00
21 8 -1.000284027269003e+00 -1.899335555549503e-03 -9.167782733885575e-04 -1.007682270252689e+00
21 9 -1.000284096404731e+00 -1.899393920825262e-03 -9.168083618351809e-04 -1.007681863398113e+00
21 10 -1.000284133944973e+00 -1.899372390154171e-03 -9.168905282984258e-04 -1.007681718545589e+00
21 11 -1.000284138349978e+00 -1.899271928360341e-03 -9.170208940343017e-04 -1.007681841149856e+00
21 12 -1.000284109309746e+00 -1.899096405431363e-03 -9.171942202264977e-04 -1.007682226692114e+00
21 13 -1.000284047777606e+00 -1.898852445825829e-03 -9.174041470220739e-04 -1.007682860825026e+00
21 14 -1.000283955958117e+00 -1.898549190752121e-03 -9.176433976514043e-04 -1.007683719856371e+00
21 15 -1.000283837246073e+00 -1.898197980498996e-03 -9.179039440482356e-04 -1.007684771561931e+00
21 16 -1.000283696115544e+00 -1.897811964739641e-03 -9.181771426163315e-04 -1.007685976308996e+00
21 17 -1.000283537960625e+00 -1.897405649377914e-03 -9.184538594214422e-04 -1.007687288462977e+00
21 18 -1.000283368892293e+00 -1.896994389452826e-03 -9.187246111403198e-04 -1.007688658040280e+00
21 19 -1.000283195498649e+00 -1.896593839625324e-03 -9.189797494572057e-04 -1.007690032559572e+00
21 20 -1.000283024578458e+00 -1.896219376957479e-03 -9.192097110161788e-04 -1.007691359031158e+00
21 21 -1.000282862860128e+00 -1.895885514269678e-03 -9.194053432719804e-04 -1.007692586012785e+00
21 22 -1.000282716719696e+00 -1.895605325456158e-03 -9.195583012251720e-04 -1.007693665651837e+00
21 23 -1.000282591911825e+00 -1.895389906570419e-03 -9.196614939727448e-04 -1.007694555628424e+00
21 24 -1.000282493327513e+00 -1.895247898368599e-03 -9.197095453467985e-04 -1.007695220910677e+00
21 25 -1.000282424791032e+00 -1.895185096758473e-03 -9.196992215448275e-04 -1.007695635234142e+00
21 26 -1.000282388906537e+00 -1.895204175978694e-03 -9.196297732613523e-04 -1.007695782224920e+00
21 27 -1.000282386961616e+00 -1.895304544477275e-03 -9.195031431213033e-04 -1.007695656102938e+00
21 28 -1.000282418891266e+00 -1.895482345808893e-03 -9.193240016887754e-04 -1.007695261925504e+00
21 29 -1.000282483301707e+00 -1.895730607738108e-03 -9.190995942870386e-04 -1.007694615358519e+00
21 30 -1.000282577549858e+00 -1.896039533297940e-03 -9.188394021411013e-04 -1.007693741990177e+00
21 31 -1.000282697871263e+00 -1.896396918549126e-03 -9.185546417065013e-04 -1.007692676228078e+00
22 0 -1.000282647116923e+00 -1.896674700254440e-03 -9.185157227848850e-04 -1.007691866266563e+00
22 1 -1.000282804010776e+00 -1.897083832446691e-03 -9.182201963447401e-04 -1.007690551473969e+00
22 2 -1.000282970914960e+00 -1.897496234660108e-03 -9.179373410832024e-04 -1.007689183478491e+00
22 3 -1.000283141513080e+00 -1.897895929606441e-03 -9.176787158655779e-04 -1.007687814945848e+00
22 4 -1.000283309393585e+00 -1.898267561413546e-03 -9.174544425416272e-04 -1.007686498241378e+00
22 5 -1.000283468273502e+00 -1.898596983459444e-03 -9.172727943549790e-04 -1.007685283456668e+00
22 6 -1.000283612213768e+00 -1.898871780934942e-03 -9.171399326169278e-04 -1.007684216563739e+00
22 7 -1.000283735821830e+00 -1.899081711040283e-03 -9.170597935433077e-04 -1.007683337756304e+00
22 8 -1.000283834437685e+00 -1.899219049254654e-03 -9.170341113964495e-04 -1.007682680025911e+00
22 9 -1.000283904299512e+00 -1.899278835477549e-03 -9.170625511628325e-04 -1.007682268009271e+00
22 10 -1.000283942684619e+00 -1.899259018056681e-03 -9.171429166632298e-04 -1.007682117133958e+00
22 11 -1.000283948020631e+00 -1.899160496666183e-03 -9.172713986125425e-04 -1.007682233082791e+00
22 12 -1.000283919961357e+00 -1.898987067201108e-03 -9.174428301834647e-04 -1.007682611590725e+00
22 13 -1.000283859421777e+00 -1.898745273666557e-03 -9.176509239413081e-04 -1.007683238580801e+00
22 14 -1.000283768567440e+00 -1.898444173393427e-03 -9.178884736299793e-04 -1.007684090637810e+00
22 15 -1.000283650755031e+00 -1.898095022724838e-03 -9.181475167946249e-04 -1.007685135810176e+00
22 16 -1.000283510423061e+00 -1.897710890816166e-03 -9.184194674688654e-04 -1.007686334722191e+00
22 17 -1.000283352934181e+00 -1.897306209804402e-03 -9.186952390791544e-04 -1.007687641969792e+00
22 18 -1.000283184373427e+00 -1.896896270757551e-03 -9.189653840405671e-04 -1.007689007763432e+00
22 19 -1.000283011309526e+00 -1.896496676862223e-03 -9.192202771639608e-04 -1.007690379770690e+00
22 20 -1.000282840529125e+00 -1.896122768332667e-03 -9.194503645968445e-04 -1.007691705099332e+00
22 21 -1.000282678756079e+00 -1.895789037101854e-03 -9.196464889503285e-04 -1.007692932349713e+00
22 22 -1.000282532369452e+00 -1.895508552713208e-03 -9.198002861473209e-04 -1.007694013656116e+00
22 23 -1.000282407134292e+00 -1.895292423429002e-03 -9.199046330105177e-04 -1.007694906630767e+00
22 24 -1.000282307958845e+00 -1.895149318293915e-03 -9.199541094261033e-04 -1.007695576121848e+00
22 25 -1.000282238690698e+00 -1.895085076462890e-03 -9.199454275543376e-04 -1.007695995697895e+00
22 26 -1.000282201962374e+00 -1.895102428575074e-03 -9.198777755957157e-04 -1.007696148778220e+00
22 27 -1.000282199093786e+00 -1.895200850312796e-03 -9.197530272602584e-04 -1.007696029344842e+00
22 28 -1.000282230055073e+00 -1.895376560619837e-03 -9.195757804878264e-04 -1.007695642195523e+00
22 29 -1.000282293489128e+00 -1.895622667766945e-03 -9.193532074983860e-04 -1.007695002725361e+00
22 30 -1.000282386789615e+00 -1.895929457095342e-03 -9.190947191091231e-04 -1.007694136251706e+00
22 31 -1.000282506227476e+00 -1.896284805544566e-03 -9.188114666352763e-04 -1.007693076922051e+00
23 0 -1.000282456282954e+00 -1.896507030155145e-03 -9.190398208010163e-04 -1.007692342366841e+00
23 1 -1.000282612446220e+00 -1.896914448387448e-03 -9.187451112431806e-04 -1.007691032859524e+00
23 2 -1.000282778743126e+00 -1.897325364475513e-03 -9.184628151044656e-04 -1.007689669284517e+00
23 3 -1.000282948880743e+00 -1.897723857529807e-03 -9.182044702084794e-04 -1.007688304140606e+00
23 4 -1.000283116465696e+00 -1.898094617668487e-03 -9.179801879976967e-04 -1.007686989663676e+00
23 5 -1.000283275227159e+00 -1.898423532114320e-03 -9.177982420986586e-04 -1.007685775858282e+00
23 6 -1.000283419231661e+00 -1.898698206512874e-03 -9.176648050510377e-04 -1.007684708655062e+00
23 7 -1.000283543085327e+00 -1.898908404225003e-03 -9.175838350424583e-04 -1.007683828253995e+00
23 8 -1.000283642119734e+00 -1.899046392086624e-03 -9.175570983544016e-04 -1.007683167701284e+00
23 9 -1.000283712557708e+00 -1.899107186662517e-03 -9.175843005009301e-04 -1.007682751735532e+00
23 10 -1.000283751654787e+00 -1.899088699042406e-03 -9.176632923740769e-04 -1.007682595930274e+00
23 11 -1.000283757811243e+00 -1.898991778919893e-03 -9.177903166079467e-04 -1.007682706153652e+00
23 12 -1.000283730648939e+00 -1.898820161029967e-03 -9.179602618010101e-04 -1.007683078359319e+00
23 13 -1.000283671047540e+00 -1.898580319168943e-03 -9.181668977827988e-04 -1.007683698714588e+00
23 14 -1.000283581135372e+00 -1.898281234322755e-03 -9.184030748961021e-04 -1.007684544064092e+00
23 15 -1.000283464231686e+00 -1.897934083758929e-03 -9.186608837658306e-04 -1.007685582720315e+00
23 16 -1.000283324739031e+00 -1.897551858170776e-03 -9.189317857705069e-04 -1.007686775564547e+00
23 17 -1.000283167987098e+00 -1.897148914902584e-03 -9.192067346410564e-04 -1.007688077432205e+00
23 18 -1.000283000032290e+00 -1.896740476864580e-03 -9.194763149435815e-04 -1.007689438745804e+00
23 19 -1.000282827420157e+00 -1.896342088679938e-03 -9.197309239397027e-04 -1.007690807348327e+00
23 20 -1.000282656920524e+00 -1.895969044168490e-03 -9.199610189631171e-04 -1.007692130478707e+00
23 21 -1.000282495247357e+00 -1.895635802766365e-03 -9.201574419273224e-04 -1.007693356819404e+00
23 22 -1.000282348776977e+00 -1.895355416298532e-03 -9.203118167571879e-04 -1.007694438535544e+00
23 23 -1.000282223278738e+00 -1.895138990483969e-03 -9.204169980174391e-04 -1.007695333218567e+00
23 24 -1.000282123671900e+00 -1.894995207078056e-03 -9.204675338304662e-04 -1.007696005645398e+00
23 25 -1.000282053821239e+00 -1.894929932734805e-03 -9.204600957194624e-04 -1.007696429265973e+00
23 26 -1.000282016381929e+00 -1.894945939149526e-03 -9.203938236198562e-04 -1.007696587338985e+00
23 27 -1.000282012701158e+00 -1.895042754743328e-03 -9.202705375058679e-04 -1.007696473650805e+00
23 28 -1.000282042779925e+00 -1.895216660643512e-03 -9.200947787024001e-04 -1.007696092776589e+00
23 29 -1.000282105294383e+00 -1.895460834264078e-03 -9.198736623072057e-04 -1.007695459870853e+00
23 30 -1.000282197672561e+00 -1.895765634334872e-03 -9.196165434743072e-04 -1.007694600002084e+00
23 31 -1.000282316219653e+00 -1.896119012660192e-03 -9.193345211328902e-04 -1.007693547070093e+00
24 0 -1.000282274340582e+00 -1.896291951784085e-03 -9.198094300904115e-04 -1.007692870718537e+00
24 1 -1.000282429729703e+00 -1.896697619625077e-03 -9.195153781435518e-04 -1.007691566773876e+00
24 2 -1.000282595342820e+00 -1.897106924913498e-03 -9.192335744490247e-04 -1.007690208161426e+00
24 3 -1.000282764913299e+00 -1.897504007732378e-03 -9.189755388569279e-04 -1.007688847192332e+00
24 4 -1.000282932070130e+00 -1.897873612409520e-03 -9.187513712195215e-04 -1.007687535941711e+00
24 5 -1.000283090559912e+00 -1.898201671312465e-03 -9.185693408082353e-04 -1.007686324287077e+00
24 6 -1.000283234460728e+00 -1.898475824091750e-03 -9.184356236075016e-04 -1.007685258071855e+00
24 7 -1.000283358383748e+00 -1.898685855590477e-03 -9.183541887040768e-04 -1.007684377452463e+00
24 8 -1.000283457658858e+00 -1.898824040918723e-03 -9.183268197091465e-04 -1.007683715476606e+00
24 9 -1.000283528500490e+00 -1.898885391303075e-03 -9.183532450238148e-04 -1.007683296929788e+00
24 10 -1.000283568149250e+00 -1.898867798539048e-03 -9.184313436794186e-04 -1.007683137477811e+00
24 11 -1.000283574984282e+00 -1.898772079124339e-03 -9.185573914726102e-04 -1.007683243125057e+00
24 12 -1.000283548600837e+00 -1.898601921659841e-03 -9.187263142444641e-04 -1.007683610001157e+00
24 13 -1.000283489847614e+00 -1.898363742828700e-03 -9.189319213464754e-04 -1.007684224481869e+00
24 14 -1.000283400819058e+00 -1.898066458099148e-03 -9.191671029105494e-04 -1.007685063643619e+00
24 15 -1.000283284799169e+00 -1.897721173627456e-03 -9.194239880622833e-04 -1.007686096044064e+00
24 16 -1.000283146155449e+00 -1.897340806360294e-03 -9.196940742758960e-04 -1.007687282812521e+00
24 17 -1.000282990184245e+00 -1.896939640373096e-03 -9.199683477573676e-04 -1.007688579024479e+00
24 18 -1.000282822911674e+00 -1.896532828896993e-03 -9.202374203187534e-04 -1.007689935324353e+00
24 19 -1.000282650857216e+00 -1.896135853323624e-03 -9.204917096088738e-04 -1.007691299749992e+00
24 20 -1.000282480769811e+00 -1.895763953157304e-03 -9.207216854804546e-04 -1.007692619700710e+00
24 21 -1.000282319348488e+00 -1.895431544497565e-03 -9.209181943091420e-04 -1.007693843978648e+00
24 22 -1.000282172961046e+00 -1.895151648412423e-03 -9.210728566322844e-04 -1.007694924823356e+00
24 23 -1.000282047374840e+00 -1.894935353467669e-03 -9.211785158779651e-04 -1.007695819853263e+00
24 24 -1.000281947513497e+00 -1.894791338280270e-03 -9.212297013217840e-04 -1.007696493825004e+00
24 25 -1.000281877252241e+00 -1.894725480244778e-03 -9.212230584506630e-04 -1.007696920122803e+00
24 26 -1.000281839262368e+00 -1.894740575033121e-03 -9.211576953308534e-04 -1.007697081897331e+00
24 27 -1.000281834912217e+00 -1.894836187111779e-03 -9.210353960877705e-04 -1.007696972789366e+00
24 28 -1.000281864228082e+00 -1.895008644100777e-03 -9.208606638584282e-04 -1.007696597197290e+00
24 29 -1.000281925914552e+00 -1.895251178486059e-03 -9.206405743608566e-04 -1.007695970074995e+00
24 30 -1.000282017430302e+00 -1.895554210684832e-03 -9.203844432717212e-04 -1.007695116273785e+00
24 31 -1.000282135112475e+00 -1.895905758693092e-03 -9.201033315295990e-04 -1.007694069467000e+00
25 0 -1.000282108293469e+00 -1.896037561453035e-03 -9.207948787664602e-04 -1.007693431728595e+00
25 1 -1.000282262893559e+00 -1.896441507204111e-03 -9.205013059962103e-04 -1.007692133417786e+00
25 2 -1.000282427771462e+00 -1.896849136208217e-03 -9.202199155598820e-04 -1.007690780127448e+00
25 3 -1.000282596688820e+00 -1.897244651890765e-03 -9.199622126932449e-04 -1.007689423967114e+00
25 4 -1.000282763300327e+00 -1.897612858819245e-03 -9.197382852307944e-04 -1.007688116826231e+00
25 5 -1.000282921374531e+00 -1.897939743938585e-03 -9.195563938492855e-04 -1.007686908420584e+00
25 6 -1.000283065006563e+00 -1.898212993347901e-03 -9.194227096322162e-04 -1.007685844463421e+00
25 7 -1.000283188818981e+00 -1.898422428391669e-03 -9.193412000317603e-04 -1.007684965017902e+00
25 8 -1.000283288146979e+00 -1.898560349445299e-03 -9.193136499500628e-04 -1.007684303078764e+00
25 9 -1.000283359203923e+00 -1.898621780494965e-03 -9.193397924515354e-04 -1.007683883421775e+00
25 10 -1.000283399222743e+00 -1.898604612334505e-03 -9.194175154506684e-04 -1.007683721748911e+00
25 11 -1.000283406568331e+00 -1.898509646111759e-03 -9.195431080527926e-04 -1.007683824147203e+00
25 12 -1.000283380815678e+00 -1.898340541290793e-03 -9.197115130355351e-04 -1.007684186872391e+00
25 13 -1.000283322788191e+00 -1.898103673067148e-03 -9.199165592461665e-04 -1.007684796464013e+00
25 14 -1.000283234551179e+00 -1.897807904853792e-03 -9.201511582953671e-04 -1.007685630192906e+00
25 15 -1.000283119356934e+00 -1.897464282271435e-03 -9.204074624527348e-04 -1.007686656833697e+00
25 16 -1.000282981540081e+00 -1.897085655929824e-03 -9.206769931336252e-04 -1.007687837745480e+00
25 17 -1.000282826364418e+00 -1.896686240925770e-03 -9.209507596955170e-04 -1.007689128235506e+00
25 18 -1.000282659825225e+00 -1.896281121913603e-03 -9.212193947626022e-04 -1.007690479171905e+00
25 19 -1.000282488414020e+00 -1.895885714668180e-03 -9.214733336386187e-04 -1.007691838799925e+00
25 20 -1.000282318855609e+00 -1.895515198358328e-03 -9.217030603849119e-04 -1.007693154702622e+00
25 21 -1.000282157829577e+00 -1.895183936435177e-03 -9.218994316825905e-04 -1.007694375834933e+00
25 22 -1.000282011689638e+00 -1.894904907263041e-03 -9.220540736398149e-04 -1.007695454551881e+00
25 23 -1.000281886194830e+00 -1.894689168215099e-03 -9.221598298372728e-04 -1.007696348546140e+00
25 24 -1.000281786266345e+00 -1.894545378949391e-03 -9.222112243210879e-04 -1.007697022606132e+00
25 25 -1.000281715782786e+00 -1.894479410344810e-03 -9.222048927156857e-04 -1.007697450105738e+00
25 26 -1.000281677424411e+00 -1.894494063950600e-03 -9.221399295713026e-04 -1.007697614144382e+00
25 27 -1.000281672573662e+00 -1.894588922091436e-03 -9.220181026155515e-04 -1.007697508273317e+00
25 28 -1.000281701275467e+00 -1.894760341358855e-03 -9.218438962050467e-04 -1.007697136767280e+00
25 29 -1.000281762256970e+00 -1.895001593194202e-03 -9.216243653905334e-04 -1.007696514427162e+00
25 30 -1.000281853002733e+00 -1.895303145733108e-03 -9.213688041156706e-04 -1.007695665926641e+00
25 31 -1.000281969878376e+00 -1.895653071964425e-03 -9.210882517055485e-04 -1.007694624742198e+00
26 0 -1.000281964582651e+00 -1.895753478113011e-03 -9.219584865562037e-04 -1.007694004280995e+00
26 1 -1.000282118408393e+00 -1.896155794664162e-03 -9.216651995368831e-04 -1.007692711463512e+00
26 2 -1.000282282527085e+00 -1.896561744464204e-03 -9.213841312663617e-04 -1.007691363656010e+00
26 3 -1.000282450729644e+00 -1.896955594341813e-03 -9.211267765327700e-04 -1.007690012759616e+00
26 4 -1.000282616698743e+00 -1.897322212662604e-03 -9.209032115336019e-04 -1.007688710460786e+00
26 5 -1.000282774228429e+00 -1.897647648176356e-03 -9.207216841419667e-04 -1.007687506285594e+00
26 6 -1.000282917435812e+00 -1.897919644388187e-03 -9.205883514247353e-04 -1.007686445778393e+00
26 7 -1.000283040960989e+00 -1.898128073262350e-03 -9.205071659805735e-04 -1.007685568861405e+00
26 8 -1.000283140151403e+00 -1.898265276620640e-03 -9.204798980879747e-04 -1.007684908423245e+00
26 9 -1.000283211226626e+00 -1.898326308519568e-03 -9.205062677639701e-04 -1.007684489174389e+00
26 10 -1.000283251419285e+00 -1.898309076817259e-03 -9.205841523517683e-04 -1.007684326796336e+00
26 11 -1.000283259087436e+00 -1.898214385907646e-03 -9.207098331293806e-04 -1.007684427401718e+00
26 12 -1.000283233793058e+00 -1.898045884578948e-03 -9.208782479921808e-04 -1.007684787316827e+00
26 13 -1.000283176340998e+00 -1.897809923826845e-03 -9.210832244768146e-04 -1.007685393193805e+00
26 14 -1.000283088773262e+00 -1.897515330287820e-03 -9.213176771425756e-04 -1.007686222453410e+00
26 15 -1.000282974315149e+00 -1.897173101930378e-03 -9.215737653906985e-04 -1.007687244050581e+00
26 16 -1.000282837271858e+00 -1.896796033233653e-03 -9.218430209409837e-04 -1.007688419546439e+00
26 17 -1.000282682876689e+00 -1.896398277361683e-03 -9.221164654717262e-04 -1.007689704462704e+00
26 18 -1.000282517094651e+00 -1.895994853811766e-03 -9.223847454084853e-04 -1.007691049885517e+00
26 19 -1.000282346388377e+00 -1.895601112458241e-03 -9.226383112116939e-04 -1.007692404273232e+00
26 20 -1.000282177456202e+00 -1.895232168395524e-03 -9.228676629119590e-04 -1.007693715408890e+00
26 21 -1.000282016954545e+00 -1.894902325437429e-03 -9.230636727306682e-04 -1.007694932426605e+00
26 22 -1.000281871218040e+00 -1.894624509077786e-03 -9.232179806101323e-04 -1.007696007833254e+00
26 23 -1.000281745991370e+00 -1.894409732381597e-03 -9.233234417133779e-04 -1.007696899441022e+00
26 24 -1.000281646186524e+00 -1.894266620544346e-03 -9.233745895752490e-04 -1.007697572121988e+00
26 25 -1.000281575678227e+00 -1.894201020725005e-03 -9.233680674260563e-04 -1.007697999295815e+00
26 26 -1.000281537148107e+00 -1.894215722031834e-03 -9.233029753938549e-04 -1.007698164069490e+00
26 27 -1.000281531985027e+00 -1.894310305796176e-03 -9.231810844789770e-04 -1.007698059964500e+00
26 28 -1.000281560245208e+00 -1.894481138962095e-03 -9.230068800117891e-04 -1.007697691189909e+00
26 29 -1.000281620671741e+00 -1.894721514399775e-03 -9.227874160618568e-04 -1.007697072446655e+00
26 30 -1.000281710769406e+00 -1.895021932231967e-03 -9.225319840120286e-04 -1.007696228276668e+00
26 31 -1.000281826927656e+00 -1.895370507032619e-03 -9.222516191724708e-04 -1.007695191997002e+00
27 0 -1.000281848829608e+00 -1.895450497183640e-03 -9.232559843745003e-04 -1.007694566482066e+00
27 1 -1.000282001925271e+00 -1.895851339772827e-03 -9.229627787322798e-04 -1.007693278807025e+00
27 2 -1.000282165289660e+00 -1.896255671270620e-03 -9.226819306019699e-04 -1.007691936434476e+00
27 3 -1.000282332742773e+00 -1.896647819533234e-03 -9.224249291064257e-04 -1.007690591058399e+00
27 4 -1.000282497996440e+00 -1.897012717969510e-03 -9.222018391423020e-04 -1.007689294152428e+00
27 5 -1.000282654872890e+00 -1.897336482221994e-03 -9.220208912503298e-04 -1.007688095031556e+00
27 6 -1.000282797515433e+00 -1.897606922086714e-03 -9.218882195649799e-04 -1.007687039038521e+00
27 7 -1.000282920587217e+00 -1.897813972221181e-03 -9.218077495709154e-04 -1.007686165912498e+00
27 8 -1.000283019454316e+00 -1.897950030299675e-03 -9.217812220454319e-04 -1.007685508387373e+00
27 9 -1.000283090349477e+00 -1.898010196627658e-03 -9.218083265302751e-04 -1.007685091055247e+00
27 10 -1.000283130512480e+00 -1.897992413819779e-03 -9.218869098918466e-04 -1.007684929520531e+00
27 11 -1.000283138302350e+00 -1.897897508250278e-03 -9.220132240984538e-04 -1.007685029862686e+00
27 12 -1.000283113275856e+00 -1.897729136893054e-03 -9.221821806702622e-04 -1.007685388420239e+00
27 13 -1.000283056226655e+00 -1.897493644589948e-03 -9.223875855551676e-04 -1.007685991902810e+00
27 14 -1.000282969180113e+00 -1.897199837881433e-03 -9.226223375362851e-04 -1.007686817830825e+00
27 15 -1.000282855340302e+00 -1.896858682030779e-03 -9.228785860513921e-04 -1.007687835295427e+00
27 16 -1.000282718987655e+00 -1.896482927946745e-03 -9.231478583804773e-04 -1.007689006023819e+00
27 17 -1.000282565328227e+00 -1.896086676180764e-03 -9.234211773929930e-04 -1.007690285726912e+00
27 18 -1.000282400298417e+00 -1.895684886695642e-03 -9.236891965828053e-04 -1.007691625695474e+00
27 19 -1.000282230332068e+00 -1.895292845563467e-03 -9.239423789422641e-04 -1.007692974598873e+00
27 20 -1.000282062099678e+00 -1.894925602679581e-03 -9.241712412255397e-04 -1.007694280428466e+00
27 21 -1.000281902231739e+00 -1.894597397772301e-03 -9.243666751726201e-04 -1.007695492516536e+00
27 22 -1.000281757039652e+00 -1.894321095383460e-03 -9.245203422809988e-04 -1.007696563552112e+00
27 23 -1.000281632248285e+00 -1.894107652650578e-03 -9.246251210671756e-04 -1.007697451507855e+00
27 24 -1.000281532753905e+00 -1.893965645826303e-03 -9.246755697608240e-04 -1.007698121388874e+00
27 25 -1.000281462420062e+00 -1.893900881841452e-03 -9.246683566028803e-04 -1.007698546715877e+00
27 26 -1.000281423922000e+00 -1.893916119452337e-03 -9.246026059084167e-04 -1.007698710662488e+00
27 27 -1.000281418647139e+00 -1.894010920221743e-03 -9.244801114109221e-04 -1.007698606781268e+00
27 28 -1.000281446655342e+00 -1.894181642506510e-03 -9.243053796037363e-04 -1.007698239275574e+00
27 29 -1.000281506698482e+00 -1.894421582298074e-03 -9.240854839665280e-04 -1.007697622802877e+00
27 30 -1.000281596295046e+00 -1.894721254715035e-03 -9.238297328357717e-04 -1.007696781824413e+00
27 31 -1.000281711852666e+00 -1.895068800833759e-03 -9.235491749555243e-04 -1.007695749541835e+00
28 0 -1.000281765605006e+00 -1.895140193731217e-03 -9.246381476911846e-04 -1.007695096486528e+00
28 1 -1.000281918043308e+00 -1.895539775201169e-03 -9.243448133068949e-04 -1.007693813402303e+00
28 2 -1.000282080687499e+00 -1.895942611929386e-03 -9.240640739673111e-04 -1.007692476206433e+00
28 3 -1.000282247385230e+00 -1.896333088085675e-03 -9.238074177443132e-04 -1.007691136395224e+00
28 4 -1.000282411877689e+00 -1.896696201229498e-03 -9.235848982270606e-04 -1.007689845226788e+00
28 5 -1.000282568017123e+00 -1.897018136723043e-03 -9.234047245162709e-04 -1.007688651790601e+00
28 6 -1.000282709976278e+00 -1.897286776801298e-03 -9.232730003832031e-04 -1.007687601203128e+00
28 7 -1.000282832445758e+00 -1.897492127970523e-03 -9.231936136612263e-04 -1.007686732986945e+00
28 8 -1.000282930815772e+00 -1.897626655827914e-03 -9.231682616805871e-04 -1.007686079679302e+00
28 9 -1.000283001338808e+00 -1.897685521705627e-03 -9.231965862487991e-04 -1.007685665704415e+00
28 10 -1.000283041269222e+00 -1.897666719798731e-03 -9.232763842879638e-04 -1.007685506534525e+00
28 11 -1.000283048974859e+00 -1.897571116394384e-03 -9.234038583281641e-04 -1.007685608158112e+00
28 12 -1.000283024015188e+00 -1.897402394958601e-03 -9.235738736330491e-04 -1.007685966867668e+00
28 13 -1.000282967180395e+00 -1.897166912445859e-03 -9.237801949945899e-04 -1.007686569372946e+00
28 14 -1.000282880486535e+00 -1.896873473047942e-03 -9.240156863327758e-04 -1.007687393239260e+00
28 15 -1.000282767123112e+00 -1.896533025704264e-03 -9.242724695906741e-04 -1.007688407644289e+00
28 16 -1.000282631351397e+00 -1.896158291802877e-03 -9.245420531717249e-04 -1.007689574439572e+00
28 17 -1.000282478354464e+00 -1.895763330395872e-03 -9.248154506274929e-04 -1.007690849493133e+00
28 18 -1.000282314042870e+00 -1.895363049933965e-03 -9.250833156571117e-04 -1.007692184278602e+00
28 19 -1.000282144822904e+00 -1.894972677562255e-03 -9.253361200001043e-04 -1.007693527665334e+00
28 20 -1.000281977336948e+00 -1.894607199475110e-03 -9.255643965419541e-04 -1.007694827853283e+00
28 21 -1.000281818187795e+00 -1.894280789156454e-03 -9.257590598551655e-04 -1.007696034384866e+00
28 22 -1.000281673660381e+00 -1.894006244315385e-03 -9.259118005964094e-04 -1.007697100154703e+00
28 23 -1.000281549455102e+00 -1.893794456771015e-03 -9.260155320056648e-04 -1.007697983330220e+00
28 24 -1.000281450446527e+00 -1.893653941323181e-03 -9.260648511110408e-04 -1.007698649093697e+00
28 25 -1.000281380480059e+00 -1.893590449583743e-03 -9.260564672419312e-04 -1.007699071119035e+00
28 26 -1.000281342217012e+00 -1.893606692986654e-03 -9.259895467023342e-04 -1.007699232703850e+00
28 27 -1.000281337035621e+00 -1.893702195240654e-03 -9.258659252823375e-04 -1.007699127491353e+00
28 28 -1.000281364991670e+00 -1.893873287582798e-03 -9.256901508100511e-04 -1.007698759738825e+00
28 29 -1.000281424838246e+00 -1.894113250719428e-03 -9.254693360755076e-04 -1.007698144118362e+00
28 30 -1.000281514100401e+00 -1.894412597117833e-03 -9.252128249395429e-04 -1.007697305065161e+00
28 31 -1.000281629197612e+00 -1.894759478202426e-03 -9.249316962541677e-04 -1.007696275714187e+00
29 0 -1.000281718234278e+00 -1.894834487566840e-03 -9.260525917854884e-04 -1.007695573374547e+00
29 1 -1.000281870113917e+00 -1.895233071028986e-03 -9.257589190753041e-04 -1.007694294147379e+00
29 2 -1.000282032100204e+00 -1.895634595483058e-03 -9.254781695502434e-04 -1.007692961666348e+00
29 3 -1.000282198066022e+00 -1.896023494634524e-03 -9.252218344405887e-04 -1.007691627246956e+00
29 4 -1.000282361781128e+00 -1.896384826967371e-03 -9.249999565556999e-04 -1.007690341936818e+00
29 5 -1.000282517128493e+00 -1.896704847646485e-03 -9.248207209303171e-04 -1.007689154594068e+00
29 6 -1.000282658312269e+00 -1.896971514430937e-03 -9.246901952380928e-04 -1.007688110093709e+00
29 7 -1.000282780053717e+00 -1.897174911844070e-03 -9.246122203778863e-04 -1.007687247717322e+00
29 8 -1.000282877771761e+00 -1.897307582912581e-03 -9.245884372667441e-04 -1.007686599771227e+00
29 9 -1.000282947744569e+00 -1.897364762625861e-03 -9.246184241535027e-04 -1.007686190468124e+00
29 10 -1.000282987248010e+00 -1.897344511683511e-03 -9.246999107213147e-04 -1.007686035097664e+00
29 11 -1.000282994666249e+00 -1.897247752639821e-03 -9.248290322018223e-04 -1.007686139502969e+00
29 12 -1.000282969569224e+00 -1.897078212805501e-03 -9.250005892359475e-04 -1.007686499873733e+00
29 13 -1.000282912751554e+00 -1.896842279286382e-03 -9.252082866362289e-04 -1.007687102861868e+00
29 14 -1.000282826227751e+00 -1.896548771903240e-03 -9.254449351334829e-04 -1.007687926020711e+00
29 15 -1.000282713179946e+00 -1.896208640111711e-03 -9.257026129090971e-04 -1.007688938561979e+00
29 16 -1.000282577856507e+00 -1.895834590716070e-03 -9.259727962577507e-04 -1.007690102415685e+00
29 17 -1.000282425422643e+00 -1.895440654068714e-03 -9.262464790853716e-04 -1.007691373568587e+00
29 18 -1.000282261766940e+00 -1.895041697562827e-03 -9.265143074686998e-04 -1.007692703647167e+00
29 19 -1.000282093270580e+00 -1.894652896920613e-03 -9.267667569255838e-04 -1.007694041701044e+00
29 20 -1.000281926548678e+00 -1.894289178507477e-03 -9.269943753296946e-04 -1.007695336131173e+00
29 21 -1.000281768175548e+00 -1.893964649625057e-03 -9.271881032400956e-04 -1.007696536694794e+00
29 22 -1.000281624407351e+00 -1.893692037710523e-03 -9.273396673386312e-04 -1.007697596508011e+00
29 23 -1.000281500916270e+00 -1.893482162588876e-03 -9.274420251979000e-04 -1.007698473959416e+00
29 24 -1.000281402550112e+00 -1.893343467714792e-03 -9.274898245955003e-04 -1.007699134445252e+00
29 25 -1.000281333129941e+00 -1.893281636449584e-03 -9.274798304186259e-04 -1.007699551838765e+00
29 26 -1.000281295296168e+00 -1.893299317605355e-03 -9.274112678718507e-04 -1.007699709614360e+00
29 27 -1.000281290410421e+00 -1.893395980277052e-03 -9.272860332887442e-04 -1.007699601562224e+00
29 28 -1.000281318516742e+00 -1.893567911052593e-03 -9.271087346162659e-04 -1.007699232051325e+00
29 29 -1.000281378361765e+00 -1.893808357512158e-03 -9.268865421036452e-04 -1.007698615826176e+00
29 30 -1.000281467469737e+00 -1.894107811863775e-03 -9.266288523207757e-04 -1.007697777351790e+00
29 31 -1.000281582265226e+00 -1.894454419226560e-03 -9.263467903014685e-04 -1.007696749747849e+00
30 0 -1.000281708650242e+00 -1.894545185538892e-03 -9.274456740463790e-04 -1.007695978040660e+00
30 1 -1.000281860092240e+00 -1.894943074867836e-03 -9.271514603206237e-04 -1.007694701781280e+00
30 2 -1.000282021509032e+00 -1.895343522495487e-03 -9.268705759160094e-04 -1.007693373364681e+00
30 3 -1.000282186795461e+00 -1.895731003001704e-03 -9.266145196318487e-04 -1.007692043949093e+00
30 4 -1.000282349747891e+00 -1.896090629919215e-03 -9.263933253564384e-04 -1.007690764385509e+00
30 5 -1.000282504279326e+00 -1.896408725233250e-03 -9.262151529658583e-04 -1.007689583305033e+00
30 6 -1.000282644625979e+00 -1.896673322361375e-03 -9.260860293819664e-04 -1.007688545335629e+00
30 7 -1.000282765541903e+00 -1.896874587271365e-03 -9.260097403673471e-04 -1.007687689502071e+00
30 8 -1.000282862478340e+00 -1.897005147058328e-03 -9.259878595037500e-04 -1.007687047853930e+00
30 9 -1.000282931744034e+00 -1.897060319907401e-03 -9.260198887736001e-04 -1.007686644357539e+00
30 10 -1.000282970642340e+00 -1.897038245119705e-03 -9.261034764574880e-04 -1.007686494077295e+00
30 11 -1.000282977580589e+00 -1.896939915851368e-03 -9.262346747834014e-04 -1.007686602661749e+00
30 12 -1.000282952146707e+00 -1.896769119335166e-03 -9.264082028597956e-04 -1.007686966143824e+00
30 13 -1.000282895147605e+00 -1.896532289854722e-03 -9.266176885379855e-04 -1.007687571061372e+00
30 14 -1.000282808604049e+00 -1.896238279958144e-03 -9.268558736003328e-04 -1.007688394900044e+00
30 15 -1.000282695698174e+00 -1.895898056166745e-03 -9.271147785046194e-04 -1.007689406852428e+00
30 16 -1.000282560672164e+00 -1.895524326359447e-03 -9.273858351011763e-04 -1.007690568877706e+00
30 17 -1.000282408679256e+00 -1.895131106551181e-03 -9.276600068871606e-04 -1.007691837037338e+00
30 18 -1.000282245590904e+00 -1.894733235422608e-03 -9.279279238471876e-04 -1.007693163074029e+00
30 19 -1.000282077766688e+00 -1.894345846757476e-03 -9.281800602056929e-04 -1.007694496190834e+00
30 20 -1.000281911796390e+00 -1.893983813177217e-03 -9.284069776606509e-04 -1.007695784974270e+00
30 21 -1.000281754226125e+00 -1.893661178417951e-03 -9.285996450302463e-04 -1.007696979392699e+00
30 22 -1.000281611281978e+00 -1.893390598958050e-03 -9.287498299231616e-04 -1.007698032791297e+00
30 23 -1.000281488605227e+00 -1.893182818737814e-03 -9.288505415051756e-04 -1.007698903798086e+00
30 24 -1.000281391012975e+00 -1.893046202790922e-03 -9.288964882571836e-04 -1.007699558051609e+00
30 25 -1.000281322296868e+00 -1.892986356116057e-03 -9.288845034445180e-04 -1.007699969661968e+00
30 26 -1.000281285070322e+00 -1.893005852180943e-03 -9.288138862284271e-04 -1.007700122325596e+00
30 27 -1.000281280671469e+00 -1.893104090768479e-03 -9.286866095862192e-04 -1.007700010030621e+00
30 28 -1.000281309125291e+00 -1.893277297812048e-03 -9.285073577933270e-04 -1.007699637312061e+00
30 29 -1.000281369164547e+00 -1.893518671042837e-03 -9.282833746187080e-04 -1.007699019042341e+00
30 30 -1.000281458305395e+00 -1.893818665494923e-03 -9.280241252241278e-04 -1.007698179770999e+00
30 31 -1.000281572970489e+00 -1.894165403436285e-03 -9.277407959943961e-04 -1.007697152654687e+00
31 0 -1.000281737301513e+00 -1.894283518769089e-03 -9.287644462155733e-04 -1.007696294047101e+00
31 1 -1.000281888444746e+00 -1.894681047428493e-03 -9.284695020048878e-04 -1.007695019743653e+00
31 2 -1.000282049403532e+00 -1.895080698293679e-03 -9.281883555508327e-04 -1.007693694575343e+00
31 3 -1.000282214090511e+00 -1.895466976352753e-03 -9.279325182028723e-04 -1.007692369573179e+00
31 4 -1.000282376325446e+00 -1.895825041780086e-03 -9.277120176585079e-04 -1.007691095414331e+00
31 5 -1.000282530049341e+00 -1.896141277585347e-03 -9.275349883247935e-04 -1.007689920516954e+00
31 6 -1.000282669529947e+00 -1.896403790196022e-03 -9.274074128105614e-04 -1.007688889265705e+00
31 7 -1.000282789555140e+00 -1.896602827549535e-03 -9.273330156693892e-04 -1.007688040421796e+00
31 8 -1.000282885610874e+00 -1.896731104156953e-03 -9.273132954732884e-04 -1.007687405762044e+00
31 9 -1.000282954040048e+00 -1.896784027433827e-03 -9.273476687593949e-04 -1.007687008981867e+00
31 10 -1.000282992178286e+00 -1.896759824218629e-03 -9.274336911786066e-04 -1.007686864886931e+00
31 11 -1.000282998462094e+00 -1.896659570075217e-03 -9.275673186851576e-04 -1.007686978889075e+00
31 12 -1.000282972504346e+00 -1.896487126103650e-03 -9.277431747096034e-04 -1.007687346815953e+00
31 13 -1.000282915131664e+00 -1.896248988826133e-03 -9.279547965727791e-04 -1.007687955039808e+00
31 14 -1.000282828378537e+00 -1.895954059105661e-03 -9.281948445804182e-04 -1.007688780926082e+00
31 15 -1.000282715434453e+00 -1.895613336517313e-03 -9.284552694748857e-04 -1.007689793595530e+00
31 16 -1.000282580542473e+00 -1.895239546073840e-03 -9.287274470051646e-04 -1.007690954984904e+00
31 17 -1.000282428850343e+00 -1.894846704687796e-03 -9.290022998638920e-04 -1.007692221182616e+00
31 18 -1.000282266217918e+00 -1.894449635713508e-03 -9.292704341761119e-04 -1.007693544006630e+00
31 19 -1.000282098987481e+00 -1.894063441943479e-03 -9.295223182923015e-04 -1.007694872780956e+00
31 20 -1.000281933726397e+00 -1.893702950552883e-03 -9.297485258711934e-04 -1.007696156254572e+00
31 21 -1.000281776954007e+00 -1.893382147114056e-03 -9.299400542828051e-04 -1.007697344594279e+00
31 22 -1.000281634866225e+00 -1.893113619322295e-03 -9.300887146313340e-04 -1.007698391372963e+00
31 23 -1.000281513071915e+00 -1.892908034109598e-03 -9.301875730151881e-04 -1.007699255467674e+00
31 24 -1.000281416354739e+00 -1.892773673946599e-03 -9.302314067814990e-04 -1.007699902778358e+00
31 25 -1.000281348473050e+00 -1.892716058608388e-03 -9.302171279200403e-04 -1.007700307679491e+00
31 26 -1.000281312008278e+00 -1.892737676737907e-03 -9.301441212545184e-04 -1.007700454125243e+00
31 27 -1.000281308269095e+00 -1.892837846862152e-03 -9.300144490149829e-04 -1.007700336344936e+00
31 28 -1.000281337254814e+00 -1.893012720373424e-03 -9.298328852224254e-04 -1.007699959088284e+00
31 29 -1.000281397677403e+00 -1.893255430072485e-03 -9.296067612086626e-04 -1.007699337406880e+00
31 30 -1.000281487037878e+00 -1.893556378168823e-03 -9.293456247548724e-04 -1.007698495986651e+00
31 31 -1.000281601749912e+00 -1.893903648346480e-03 -9.290607365824783e-04 -1.007697468072402e+00
