1.087981772814695e-06
1.000000000000000e-12
1.000000000000000e-17
3.539494449031020e-01
1.942873746858724e-01
-6.903117552347023e-02
-1.500017464083440e+00
1.901109735892602e-07
32
32
-9.483082985705686e-04
1
0 0 -1.000281890327985e+00 -1.894170602028724e-03 -9.296598334703847e-04 -1.007696145688476e+00
0 1 -1.000282031412077e+00 -1.894541734184592e-03 -9.293843582191363e-04 -1.007694956544742e+00
0 2 -1.000282181495221e+00 -1.894914444075786e-03 -9.291220390547613e-04 -1.007693721263069e+00
0 3 -1.000282334894894e+00 -1.895274288870676e-03 -9.288835759679716e-04 -1.007692487406434e+00
0 4 -1.000282485844894e+00 -1.895607443424490e-03 -9.286783067953626e-04 -1.007691302180196e+00
0 5 -1.000282628696758e+00 -1.895901229709809e-03 -9.285138260571850e-04 -1.007690210653984e+00
0 6 -1.000282758113101e+00 -1.896144584181507e-03 -9.283957400880557e-04 -1.007689254105111e+00
0 7 -1.000282869249299e+00 -1.896328448563924e-03 -9.283275599227813e-04 -1.007688468534246e+00
0 8 -1.000282957920161e+00 -1.896446074297021e-03 -9.283107195178611e-04 -1.007687883394788e+00
0 9 -1.000283020748046e+00 -1.896493235097224e-03 -9.283446962503008e-04 -1.007687520569076e+00
0 10 -1.000283055288520e+00 -1.896468345901347e-03 -9.284272041807159e-04 -1.007687393616183e+00
0 11 -1.000283060129284e+00 -1.896372489815285e-03 -9.285544282475858e-04 -1.007687507307490e+00
0 12 -1.000283034957765e+00 -1.896209357197644e-03 -9.287212691004008e-04 -1.007687857459081e+00
0 13 -1.000282980592577e+00 -1.895985102350832e-03 -9.289215737980591e-04 -1.007688431064758e+00
0 14 -1.000282898974607e+00 -1.895708123673450e-03 -9.291483369947463e-04 -1.007689206729066e+00
0 15 -1.000282793114581e+00 -1.895388773235414e-03 -9.293938690542091e-04 -1.007690155394016e+00
0 16 -1.000282666995929e+00 -1.895039002218858e-03 -9.296499390440133e-04 -1.007691241345395e+00
0 17 -1.000282525434049e+00 -1.894671949714574e-03 -9.299079092912378e-04 -1.007692423475170e+00
0 18 -1.000282373895683e+00 -1.894301483821253e-03 -9.301588830691286e-04 -1.007693656766800e+00
0 19 -1.000282218284824e+00 -1.893941705788109e-03 -9.303938877981883e-04 -1.007694893960362e+00
0 20 -1.000282064704018e+00 -1.893606430248494e-03 -9.306041123128232e-04 -1.007696087344187e+00
0 21 -1.000281919201880e+00 -1.893308657545082e-03 -9.307812076116191e-04 -1.007697190609343e+00
0 22 -1.000281787518995e+00 -1.893060057432642e-03 -9.309176468771302e-04 -1.007698160694021e+00
0 23 -1.000281674845003e+00 -1.892870486293708e-03 -9.310071253032995e-04 -1.007698959538172e+00
0 24 -1.000281585599463e+00 -1.892747561599584e-03 -9.310449669951947e-04 -1.007699555666399e+00
0 25 -1.000281523247962e+00 -1.892696317204354e-03 -9.310284973975635e-04 -1.007699925519723e+00
0 26 -1.000281490162797e+00 -1.892718960989821e-03 -9.309573364830118e-04 -1.007700054465270e+00
0 27 -1.000281487534741e+00 -1.892814752259952e-03 -9.308335709473766e-04 -1.007699937427077e+00
0 28 -1.000281515339138e+00 -1.892980010027729e-03 -9.306617733685296e-04 -1.007699579101203e+00
0 29 -1.000281572356003e+00 -1.893208255236078e-03 -9.304488519794685e-04 -1.007698993742927e+00
0 30 -1.000281656240429e+00 -1.893490480966737e-03 -9.302037338570205e-04 -1.007698204540204e+00
0 31 -1.000281763636726e+00 -1.893815536215474e-03 -9.299369033631581e-04 -1.007697242611926e+00
1 0 -1.000281983650754e+00 -1.894004645831217e-03 -9.306152380702676e-04 -1.007696244666742e+00
1 1 -1.000282124745093e+00 -1.894376077338778e-03 -9.303388576325318e-04 -1.007695055277301e+00
1 2 -1.000282274669335e+00 -1.894748660013766e-03 -9.300761007500323e-04 -1.007693821077173e+00
1 3 -1.000282427747017e+00 -1.895107955825364e-03 -9.298376858261958e-04 -1.007692589585732e+00
1 4 -1.000282578224363e+00 -1.895440161138808e-03 -9.296329495349944e-04 -1.007691407914387e+00
1 5 -1.000282720471257e+00 -1.895732635276564e-03 -9.294694660024257e-04 -1.007690320992259e+00
1 6 -1.000282849173774e+00 -1.895974366202461e-03 -9.293528029623087e-04 -1.007689369915872e+00
1 7 -1.000282959514840e+00 -1.896156359072317e-03 -9.292864159436536e-04 -1.007688590472817e+00
1 8 -1.000283047339838e+00 -1.896271938123415e-03 -9.292716683546112e-04 -1.007688011879792e+00
1 9 -1.000283109303624e+00 -1.896316956380204e-03 -9.293079549252602e-04 -1.007687655767824e+00
1 10 -1.000283142994975e+00 -1.896289911432449e-03 -9.293928988877874e-04 -1.007687535439529e+00
1 11 -1.000283147034193e+00 -1.896191969103524e-03 -9.295225902498820e-04 -1.007687655414377e+00
1 12 -1.000283121139411e+00 -1.896026899426040e-03 -9.296918342271850e-04 -1.007688011270318e+00
1 13 -1.000283066156936e+00 -1.895800930469984e-03 -9.298943852377664e-04 -1.007688589785211e+00
1 14 -1.000282984051315e+00 -1.895522525753979e-03 -9.301231516162285e-04 -1.007689369377672e+00
1 15 -1.000282877851983e+00 -1.895202091240053e-03 -9.303703674505722e-04 -1.007690320841017e+00
1 16 -1.000282751555321e+00 -1.894851618695829e-03 -9.306277387554968e-04 -1.007691408355351e+00
1 17 -1.000282609983421e+00 -1.894484273207256e-03 -9.308865800601569e-04 -1.007692590753505e+00
1 18 -1.000282458603302e+00 -1.894113933678547e-03 -9.311379631704697e-04 -1.007693823007787e+00
1 19 -1.000282303312906e+00 -1.893754696717259e-03 -9.313729011156226e-04 -1.007695057895329e+00
1 20 -1.000282150202624e+00 -1.893420356851507e-03 -9.315825860526493e-04 -1.007696247789060e+00
1 21 -1.000282005303191e+00 -1.893123879333549e-03 -9.317586901376235e-04 -1.007697346510056e+00
1 22 -1.000281874332194e+00 -1.892876885048915e-03 -9.318937246846895e-04 -1.007698311167650e+00
1 23 -1.000281762452004e+00 -1.892689169580010e-03 -9.319814382055684e-04 -1.007699103907870e+00
1 24 -1.000281674051704e+00 -1.892568279914541e-03 -9.320172210788825e-04 -1.007699693488730e+00
1 25 -1.000281612564381e+00 -1.892519172293335e-03 -9.319984756947944e-04 -1.007700056603267e+00
1 26 -1.000281580329099e+00 -1.892543972751840e-03 -9.319249072789912e-04 -1.007700178879328e+00
1 27 -1.000281578503962e+00 -1.892641857676636e-03 -9.317986933516701e-04 -1.007700055499813e+00
1 28 -1.000281607033424e+00 -1.892809065294607e-03 -9.316244995990128e-04 -1.007699691407451e+00
1 29 -1.000281664669537e+00 -1.893039040976294e-03 -9.314093259825416e-04 -1.007699101082409e+00
1 30 -1.000281749043447e+00 -1.893322710394008e-03 -9.311621863225928e-04 -1.007698307906820e+00
1 31 -1.000281856780534e+00 -1.893648866060801e-03 -9.308936435299354e-04 -1.007697343154876e+00
2 0 -1.000282105588033e+00 -1.893888658654756e-03 -9.313747048010617e-04 -1.007696236527633e+00
2 1 -1.000282246830290e+00 -1.894260685822343e-03 -9.310973315711950e-04 -1.007695045911026e+00
2 2 -1.000282396727399e+00 -1.894633438259884e-03 -9.308340514747570e-04 -1.007693811837955e+00
2 3 -1.000282549604034e+00 -1.894992471819015e-03 -9.305956038796921e-04 -1.007692581819438e+00
2 4 -1.000282699714206e+00 -1.895323993536181e-03 -9.303913272286132e-04 -1.007691402906680e+00
2 5 -1.000282841441871e+00 -1.895615389584263e-03 -9.302287782815441e-04 -1.007690319919942e+00
2 6 -1.000282969492924e+00 -1.895855689904310e-03 -9.301134887113424e-04 -1.007689373802655e+00
2 7 -1.000283079075182e+00 -1.896035955224401e-03 -9.300488603367287e-04 -1.007688600150780e+00
2 8 -1.000283166063101e+00 -1.896149576767426e-03 -9.300361873414750e-04 -1.007688027958261e+00
2 9 -1.000283227143661e+00 -1.896192483160378e-03 -9.300747829551587e-04 -1.007687678611186e+00
2 10 -1.000283259939528e+00 -1.896163253138900e-03 -9.301621803111353e-04 -1.007687565154573e+00
2 11 -1.000283263105369e+00 -1.896063136182157e-03 -9.302943741999222e-04 -1.007687691846920e+00
2 12 -1.000283236392897e+00 -1.895895985492184e-03 -9.304660728707707e-04 -1.007688054010945e+00
2 13 -1.000283180679953e+00 -1.895668108698452e-03 -9.306709357891082e-04 -1.007688638184404e+00
2 14 -1.000283097959310e+00 -1.895388042089716e-03 -9.309017825002853e-04 -1.007689422570319e+00
2 15 -1.000282991284137e+00 -1.895066254743784e-03 -9.311507682421482e-04 -1.007690377779297e+00
2 16 -1.000282864669122e+00 -1.894714789644221e-03 -9.314095328331524e-04 -1.007691467848249e+00
2 17 -1.000282722948561e+00 -1.894346849530131e-03 -9.316693390672790e-04 -1.007692651511292e+00
2 18 -1.000282571595170e+00 -1.893976336111348e-03 -9.319212230243184e-04 -1.007693883690167e+00
2 19 -1.000282416505892e+00 -1.893617353016248e-03 -9.321561794969993e-04 -1.007695117161873e+00
2 20 -1.000282263763443e+00 -1.893283685595599e-03 -9.323654007947552e-04 -1.007696304350189e+00
2 21 -1.000282119384463e+00 -1.892988273968843e-03 -9.325405774345058e-04 -1.007697399176660e+00
2 22 -1.000281989066511e+00 -1.892742698791803e-03 -9.326742561929454e-04 -1.007698358897574e+00
2 23 -1.000281877946755e+00 -1.892556701723175e-03 -9.327602366463849e-04 -1.007699145847443e+00
2 24 -1.000281790384900e+00 -1.892437764099885e-03 -9.327939741719928e-04 -1.007699729007259e+00
2 25 -1.000281729781681e+00 -1.892390767321200e-03 -9.327729480211275e-04 -1.007700085318528e+00
2 26 -1.000281698442128e+00 -1.892417756343535e-03 -9.326969494415575e-04 -1.007700200672853e+00
2 27 -1.000281697489938e+00 -1.892517823367797e-03 -9.325682479373685e-04 -1.007700070521658e+00
2 28 -1.000281726836080e+00 -1.892687122493364e-03 -9.323916037678750e-04 -1.007699700070557e+00
2 29 -1.000281785201303e+00 -1.892919018198007e-03 -9.321741106897774e-04 -1.007699104046734e+00
2 30 -1.000281870188815e+00 -1.893204361644119e-03 -9.319248721533546e-04 -1.007698306053677e+00
2 31 -1.000281978400477e+00 -1.893531880207039e-03 -9.316545330704522e-04 -1.007697337552363e+00
3 0 -1.000282251368832e+00 -1.893827205673405e-03 -9.319086528528226e-04 -1.007696121484008e+00
3 1 -1.000282392891265e+00 -1.894200102445231e-03 -9.316302365126134e-04 -1.007694928704407e+00
3 2 -1.000282542894525e+00 -1.894573316090170e-03 -9.313663656364478e-04 -1.007693693796041e+00
3 3 -1.000282695699342e+00 -1.894932385399032e-03 -9.311278029796366e-04 -1.007692464297876e+00
3 4 -1.000282845562425e+00 -1.895263516571399e-03 -9.309238920307562e-04 -1.007691287237813e+00
3 5 -1.000282986876939e+00 -1.895554111067382e-03 -9.307621757613344e-04 -1.007690207363243e+00
3 6 -1.000283114364281e+00 -1.895793229814658e-03 -9.306481534230390e-04 -1.007689265497617e+00
3 7 -1.000283223253627e+00 -1.895971979185401e-03 -9.305851770791721e-04 -1.007688497073844e+00
3 8 -1.000283309445846e+00 -1.896083808845485e-03 -9.305744761801479e-04 -1.007687930886074e+00
3 9 -1.000283369658332e+00 -1.896124716235836e-03 -9.306152871061311e-04 -1.007687588091803e+00
3 10 -1.000283401547000e+00 -1.896093356669454e-03 -9.307050569174724e-04 -1.007687481487080e+00
3 11 -1.000283403801414e+00 -1.895991061219765e-03 -9.308396881708131e-04 -1.007687615069785e+00
3 12 -1.000283376208501e+00 -1.895821766599281e-03 -9.310137944031141e-04 -1.007687983900006e+00
3 13 -1.000283319680201e+00 -1.895591862471439e-03 -9.312209421234443e-04 -1.007688574261210e+00
3 14 -1.000283236240860e+00 -1.895309962456412e-03 -9.314538636764838e-04 -1.007689364120274e+00
3 15 -1.000283128971466e+00 -1.894986605539965e-03 -9.317046359243166e-04 -1.007690323878147e+00
3 16 -1.000283001909735e+00 -1.894633894823385e-03 -9.319648314415101e-04 -1.007691417395920e+00
3 17 -1.000282859907316e+00 -1.894265081077580e-03 -9.322256591345161e-04 -1.007692603272746e+00
3 18 -1.000282708447867e+00 -1.893894099867058e-03 -9.324781168476803e-04 -1.007693836342389e+00
3 19 -1.000282553432395e+00 -1.893535073066178e-03 -9.327131784892372e-04 -1.007695069344808e+00
3 20 -1.000282400940672e+00 -1.893201788081636e-03 -9.329220333107362e-04 -1.007696254719025e+00
3 21 -1.000282256979525e+00 -1.892907170905942e-03 -9.330963860908385e-04 -1.007697346453645e+00
3 22 -1.000282127230222e+00 -1.892662772238483e-03 -9.332288144559753e-04 -1.007698301922089e+00
3 23 -1.000282016807797e+00 -1.892478288816731e-03 -9.333131647190899e-04 -1.007699083622381e+00
3 24 -1.000281930044874e+00 -1.892361143767982e-03 -9.333449536719120e-04 -1.007699660739001e+00
3 25 -1.000281870311272e+00 -1.892316149427951e-03 -9.333217343963032e-04 -1.007700010448246e+00
3 26 -1.000281839878498e+00 -1.892345273645590e-03 -9.332433812783793e-04 -1.007700118898117e+00
3 27 -1.000281839835424e+00 -1.892447526389474e-03 -9.331122530298841e-04 -1.007699981808046e+00
3 28 -1.000281870058240e+00 -1.892618977456698e-03 -9.329332022082553e-04 -1.007699604652846e+00
3 29 -1.000281929234276e+00 -1.892852908187907e-03 -9.327134149740738e-04 -1.007699002419392e+00
3 30 -1.000282014935873e+00 -1.893140091037445e-03 -9.324620838637768e-04 -1.007698198951085e+00
3 31 -1.000282123737662e+00 -1.893469182202723e-03 -9.321899357071053e-04 -1.007697225919804e+00
4 0 -1.000282415286065e+00 -1.893822711125008e-03 -9.321960020944987e-04 -1.007695904157857e+00
4 1 -1.000282557210135e+00 -1.894196717792427e-03 -9.319165334490848e-04 -1.007694708363462e+00
4 2 -1.000282707448868e+00 -1.894570666432935e-03 -9.316520273240458e-04 -1.007693471689273e+00
4 3 -1.000282860313947e+00 -1.894930068186935e-03 -9.314132716271762e-04 -1.007692241738477e+00
4 4 -1.000283010059499e+00 -1.895261116826775e-03 -9.312096176874882e-04 -1.007691065554051e+00
4 5 -1.000283151082785e+00 -1.895551217133350e-03 -9.310485984418752e-04 -1.007689987848789e+00
4 6 -1.000283278115950e+00 -1.895789449053554e-03 -9.309356857300340e-04 -1.007689049363036e+00
4 7 -1.000283386405177e+00 -1.895966952898851e-03 -9.308741882330269e-04 -1.007688285401388e+00
4 8 -1.000283471873957e+00 -1.896077225840533e-03 -9.308652778874782e-04 -1.007687724589338e+00
4 9 -1.000283531267147e+00 -1.896116324706565e-03 -9.309081214661643e-04 -1.007687387881131e+00
4 10 -1.000283562272062e+00 -1.896082974023535e-03 -9.310000868332266e-04 -1.007687287841748e+00
4 11 -1.000283563612405e+00 -1.895978581250425e-03 -9.311369910539421e-04 -1.007687428218814e+00
4 12 -1.000283535110540e+00 -1.895807163470263e-03 -9.313133597351312e-04 -1.007687803813151e+00
4 13 -1.000283477713640e+00 -1.895575191470202e-03 -9.315226727217011e-04 -1.007688400650164e+00
4 14 -1.000283393479730e+00 -1.895291357873280e-03 -9.317575800236226e-04 -1.007689196448950e+00
4 15 -1.000283285520713e+00 -1.894966275907378e-03 -9.320100831229404e-04 -1.007690161381362e+00
4 16 -1.000283157901254e+00 -1.894612115385083e-03 -9.322716888503584e-04 -1.007691259106801e+00
4 17 -1.000283015494809e+00 -1.894242183383245e-03 -9.325335527624739e-04 -1.007692448059021e+00
4 18 -1.000282863800731e+00 -1.893870458888280e-03 -9.327866339918190e-04 -1.007693682950191e+00
4 19 -1.000282708728979e+00 -1.893511092640719e-03 -9.330218835743545e-04 -1.007694916447480e+00
4 20 -1.000282556361230e+00 -1.893177885413710e-03 -9.332304840280779e-04 -1.007696100968660e+00
4 21 -1.000282412699157e+00 -1.892883760562109e-03 -9.334041495160123e-04 -1.007697190533701e+00
4 22 -1.000282283412078e+00 -1.892640250064789e-03 -9.335354831037793e-04 -1.007698142599305e+00
4 23 -1.000282173596810e+00 -1.892457016452617e-03 -9.336183721466635e-04 -1.007698919795608e+00
4 24 -1.000282087562263e+00 -1.892341434544075e-03 -9.336483887366541e-04 -1.007699491482542e+00
4 25 -1.000282028649998e+00 -1.892298256250312e-03 -9.336231532397470e-04 -1.007699835047978e+00
4 26 -1.000281999099829e+00 -1.892329379245336e-03 -9.335426165789200e-04 -1.007699936879195e+00
4 27 -1.000281999966764e+00 -1.892433736264356e-03 -9.334092205129769e-04 -1.007699792953046e+00
4 28 -1.000282031092280e+00 -1.892607315823920e-03 -9.332279043928269e-04 -1.007699409009481e+00
4 29 -1.000282091129418e+00 -1.892843317131156e-03 -9.330059418154551e-04 -1.007698800297635e+00
4 30 -1.000282177617839e+00 -1.893132432847658e-03 -9.327526098270665e-04 -1.007697990910181e+00
4 31 -1.000282287102293e+00 -1.893463244828086e-03 -9.324787131414333e-04 -1.007697012745705e+00
5 0 -1.000282590931882e+00 -1.893875355759096e-03 -9.322250686173574e-04 -1.007695593371569e+00
5 1 -1.000282733363200e+00 -1.894250668756956e-03 -9.319445825420206e-04 -1.007694393830173e+00
5 2 -1.000282883957246e+00 -1.894625596745981e-03 -9.316794243542616e-04 -1.007693154531059e+00
5 3 -1.000283037011880e+00 -1.894985613663363e-03 -9.314404075356406e-04 -1.007691923175609e+00
5 4 -1.000283186773558e+00 -1.895316889872933e-03 -9.312368933907916e-04 -1.007690746859320e+00
5 5 -1.000283327638474e+00 -1.895606821535121e-03 -9.310764089887036e-04 -1.007689670299497e+00
5 6 -1.000283454344347e+00 -1.895844494945121e-03 -9.309644051331364e-04 -1.007688734193302e+00
5 7 -1.000283562149303e+00 -1.896021071326164e-03 -9.309041552791622e-04 -1.007687973756688e+00
5 8 -1.000283646994794e+00 -1.896130082693611e-03 -9.308967829522710e-04 -1.007687417483844e+00
5 9 -1.000283705649201e+00 -1.896167633703080e-03 -9.309413948590451e-04 -1.007687086158543e+00
5 10 -1.000283735828173e+00 -1.896132507999408e-03 -9.310352897660393e-04 -1.007686992141790e+00
5 11 -1.000283736287376e+00 -1.896026180945067e-03 -9.311742100160152e-04 -1.007687138951966e+00
5 12 -1.000283706883348e+00 -1.895852743504200e-03 -9.313526040646644e-04 -1.007687521144703e+00
5 13 -1.000283648598291e+00 -1.895618743682205e-03 -9.315638746678090e-04 -1.007688124493122e+00
5 14 -1.000283563524856e+00 -1.895332952065279e-03 -9.318005971352623e-04 -1.007688926465524e+00
5 15 -1.000283454807846e+00 -1.895006057667670e-03 -9.320547034953835e-04 -1.007689896993842e+00
5 16 -1.000283326541689e+00 -1.894650300711686e-03 -9.323176395266581e-04 -1.007690999518564e+00
5 17 -1.000283183625139e+00 -1.894279050332094e-03 -9.325805106593441e-04 -1.007692192284948e+00
5 18 -1.000283031577327e+00 -1.893906336810034e-03 -9.328342382775269e-04 -1.007693429854774e+00
5 19 -1.000282876321711e+00 -1.893546349461523e-03 -9.330697489281370e-04 -1.007694664789105e+00
5 20 -1.000282723946680e+00 -1.893212913280813e-03 -9.332782148211556e-04 -1.007695849448708e+00
5 21 -1.000282580453621e+00 -1.892918960396051e-03 -9.334513548023116e-04 -1.007696937848368e+00
5 22 -1.000282451504684e+00 -1.892676015857514e-03 -9.335817916698592e-04 -1.007697887491208e+00
5 23 -1.000282342183070e+00 -1.892493720068460e-03 -9.336634466487620e-04 -1.007698661102750e+00
5 24 -1.000282256778249e+00 -1.892379411442627e-03 -9.336919383756699e-04 -1.007699228183318e+00
5 25 -1.000282198607278e+00 -1.892337792464557e-03 -9.336649448491131e-04 -1.007699566301062e+00
5 26 -1.000282169881360e+00 -1.892370700191114e-03 -9.335824839164501e-04 -1.007699662056381e+00
5 27 -1.000282171623933e+00 -1.892476998062818e-03 -9.334470712119695e-04 -1.007699511663014e+00
5 28 -1.000282203643146e+00 -1.892652599531192e-03 -9.332637239584524e-04 -1.007699121111591e+00
5 29 -1.000282264558143e+00 -1.892890625926095e-03 -9.330397943386734e-04 -1.007698505905904e+00
5 30 -1.000282351875353e+00 -1.893181692181706e-03 -9.327846354544846e-04 -1.007697690387579e+00
5 31 -1.000282462108228e+00 -1.893514305601093e-03 -9.325091225919509e-04 -1.007696706688644e+00
6 0 -1.000282771460228e+00 -1.893983068225071e-03 -9.319941125790509e-04 -1.007695201738262e+00
6 1 -1.000282914484074e+00 -1.894359831629511e-03 -9.317126888567814e-04 -1.007693997868188e+00
6 2 -1.000283065538685e+00 -1.894735943395049e-03 -9.314468920647151e-04 -1.007692755192981e+00
6 3 -1.000283218904036e+00 -1.895096832402567e-03 -9.312075602692904e-04 -1.007691521541469e+00
6 4 -1.000283368814259e+00 -1.895428635725056e-03 -9.310040665905147e-04 -1.007690344096279e+00
6 5 -1.000283509659310e+00 -1.895718729269906e-03 -9.308439368736356e-04 -1.007689267618222e+00
6 6 -1.000283636176979e+00 -1.895956192701046e-03 -9.307326079372955e-04 -1.007688332803254e+00
6 7 -1.000283743631829e+00 -1.896132194463675e-03 -9.306733269738407e-04 -1.007687574821478e+00
6 8 -1.000283827978052e+00 -1.896240287664971e-03 -9.306671797125531e-04 -1.007687022077335e+00
6 9 -1.000283886002779e+00 -1.896276611394707e-03 -9.307132250065340e-04 -1.007686695223282e+00
6 10 -1.000283915445716e+00 -1.896239995729592e-03 -9.308087060547647e-04 -1.007686606452207e+00
6 11 -1.000283915090905e+00 -1.896131972568761e-03 -9.309493044872808e-04 -1.007686759084045e+00
6 12 -1.000283884826474e+00 -1.895956697527144e-03 -9.311294049905029e-04 -1.007687147452626e+00
6 13 -1.000283825668254e+00 -1.895720789258117e-03 -9.313423452840578e-04 -1.007687757093416e+00
6 14 -1.000283739743242e+00 -1.895433092348341e-03 -9.315806366559056e-04 -1.007688565230216e+00
6 15 -1.000283630229808e+00 -1.895104369964910e-03 -9.318361510581662e-04 -1.007689541554085e+00
6 16 -1.000283501253676e+00 -1.894746933444415e-03 -9.321002808455808e-04 -1.007690649278587e+00
6 17 -1.000283357741327e+00 -1.894374217289398e-03 -9.323640863713271e-04 -1.007691846444922e+00
6 18 -1.000283205234970e+00 -1.894000309020757e-03 -9.326184533211397e-04 -1.007693087441565e+00
6 19 -1.000283049675587e+00 -1.893639444667828e-03 -9.328542831997517e-04 -1.007694324694597e+00
6 20 -1.000282897162817e+00 -1.893305483198395e-03 -9.330627354190414e-04 -1.007695510474590e+00
6 21 -1.000282753702636e+00 -1.893011376558053e-03 -9.332355292215786e-04 -1.007696598754608e+00
6 22 -1.000282624955113e+00 -1.892768655047883e-03 -9.333653006619463e-04 -1.007697547045058e+00
6 23 -1.000282515994969e+00 -1.892586949907454e-03 -9.334459959936756e-04 -1.007698318126447e+00
6 24 -1.000282431097217e+00 -1.892473576278910e-03 -9.334732697437535e-04 -1.007698881599654e+00
6 25 -1.000282373559071e+00 -1.892433199925665e-03 -9.334448459750371e-04 -1.007699215175404e+00
6 26 -1.000282345567296e+00 -1.892467609174496e-03 -9.333607975067568e-04 -1.007699305632783e+00
6 27 -1.000282348117238e+00 -1.892575608926186e-03 -9.332237015340010e-04 -1.007699149392414e+00
6 28 -1.000282380986355e+00 -1.892753046795465e-03 -9.330386405204114e-04 -1.007698752671372e+00
6 29 -1.000282442761630e+00 -1.892992973534071e-03 -9.328130328124576e-04 -1.007698131210661e+00
6 30 -1.000282530917078e+00 -1.893285931442263e-03 -9.325562961988850e-04 -1.007697309590639e+00
6 31 -1.000282641934706e+00 -1.893620355958046e-03 -9.322793668854026e-04 -1.007696320174169e+00
7 0 -1.000282949864136e+00 -1.894141611208095e-03 -9.315115012577384e-04 -1.007694745077283e+00
7 1 -1.000283093541920e+00 -1.894519910654205e-03 -9.312292621676607e-04 -1.007693536471458e+00
7 2 -1.000283245143538e+00 -1.894897362323201e-03 -9.309628707849415e-04 -1.007692289807398e+00
7 3 -1.000283398927867e+00 -1.895259344225340e-03 -9.307231877043429e-04 -1.007691053064629e+00
7 4 -1.000283549112563e+00 -1.895591951656471e-03 -9.305195993386106e-04 -1.007689873543690e+00
7 5 -1.000283690076335e+00 -1.895882529372423e-03 -9.303596348589769e-04 -1.007688796086412e+00
7 6 -1.000283816551516e+00 -1.896120137726525e-03 -9.302487241762849e-04 -1.007687861429588e+00
7 7 -1.000283923803437e+00 -1.896295938605272e-03 -9.301900977605775e-04 -1.007687104741551e+00
7 8 -1.000284007793412e+00 -1.896403491717074e-03 -9.301848157866661e-04 -1.007686554381698e+00
7 9 -1.000284065321762e+00 -1.896438955682505e-03 -9.302319039481554e-04 -1.007686230915790e+00
7 10 -1.000284094146946e+00 -1.896401192351407e-03 -9.303285658957410e-04 -1.007686146411431e+00
7 11 -1.000284093076704e+00 -1.896291776739211e-03 -9.304704385111739e-04 -1.007686304028303e+00
7 12 -1.000284062027055e+00 -1.896114917690498e-03 -9.306518579296698e-04 -1.007686697909641e+00
7 13 -1.000284002044835e+00 -1.895877295265857e-03 -9.308661113749381e-04 -1.007687313376924e+00
7 14 -1.000283915289711e+00 -1.895587820941418e-03 -9.311056599217378e-04 -1.007688127425961e+00
7 15 -1.000283804972870e+00 -1.895257327279681e-03 -9.313623276997238e-04 -1.007689109515968e+00
7 16 -1.000283675251618e+00 -1.894898194755701e-03 -9.316274632147579e-04 -1.007690222634203e+00
7 17 -1.000283531081549e+00 -1.894523924192801e-03 -9.318920881734883e-04 -1.007691424609790e+00
7 18 -1.000283378030361e+00 -1.894148663963161e-03 -9.321470562202368e-04 -1.007692669642110e+00
7 19 -1.000283222059826e+00 -1.893786702779238e-03 -9.323832451108878e-04 -1.007693909999569e+00
7 20 -1.000283069284875e+00 -1.893451941848577e-03 -9.325918001718514e-04 -1.007695097833175e+00
7 21 -1.000282925720803e+00 -1.893157363402976e-03 -9.327644366573019e-04 -1.007696187038752e+00
7 22 -1.000282797030824e+00 -1.892914515184307e-03 -9.328937963935746e-04 -1.007697135094046e+00
7 23 -1.000282688286633e+00 -1.892733032457481e-03 -9.329738407925622e-04 -1.007697904792456e+00
7 24 -1.000282603754263e+00 -1.892620220761281e-03 -9.330002488135135e-04 -1.007698465792670e+00
7 25 -1.000282546716436e+00 -1.892580723050613e-03 -9.329707778197217e-04 -1.007698795905313e+00
7 26 -1.000282519340525e+00 -1.892616292769082e-03 -9.328855414602209e-04 -1.007698882046697e+00
7 27 -1.000282522598313e+00 -1.892725689451613e-03 -9.327471631833555e-04 -1.007698720806116e+00
7 28 -1.000282556240409e+00 -1.892904706702525e-03 -9.325607750276944e-04 -1.007698318594067e+00
7 29 -1.000282618824690e+00 -1.893146334718841e-03 -9.323338465402588e-04 -1.007697691361988e+00
7 30 -1.000282707794909e+00 -1.893441051081122e-03 -9.320758466877645e-04 -1.007696863909193e+00
7 31 -1.000282819602681e+00 -1.893777224802385e-03 -9.317977607778786e-04 -1.007695868817834e+00
8 0 -1.000283119255260e+00 -1.894344758546533e-03 -9.307954653238877e-04 -1.007694241690986e+00
8 1 -1.000283263622189e+00 -1.894724617996232e-03 -9.305125702124588e-04 -1.007693028132459e+00
8 2 -1.000283415835227e+00 -1.895103511480447e-03 -9.302456571090884e-04 -1.007691777028304e+00
8 3 -1.000283570129742e+00 -1.895466762431768e-03 -9.300056060835249e-04 -1.007690536525814e+00
8 4 -1.000283720703346e+00 -1.895800417579257e-03 -9.298018173295524e-04 -1.007689354069558e+00
8 5 -1.000283861918984e+00 -1.896091780943528e-03 -9.296418272190068e-04 -1.007688274616421e+00
8 6 -1.000283988498333e+00 -1.896329881754702e-03 -9.295310659181284e-04 -1.007687338983988e+00
8 7 -1.000284095701839e+00 -1.896505861797739e-03 -9.294727576474408e-04 -1.007686582382908e+00
8 8 -1.000284179491938e+00 -1.896613272473291e-03 -9.294679506050333e-04 -1.007686033174550e+00
8 9 -1.000284236676001e+00 -1.896648276204549e-03 -9.295156532046065e-04 -1.007685711886273e+00
8 10 -1.000284265025273e+00 -1.896609750945928e-03 -9.296130465406812e-04 -1.007685630507452e+00
8 11 -1.000284263365774e+00 -1.896499300073184e-03 -9.297557399747617e-04 -1.007685792080820e+00
8 12 -1.000284231636714e+00 -1.896321172253736e-03 -9.299380382981680e-04 -1.007686190597292e+00
8 13 -1.000284170911977e+00 -1.896082097078384e-03 -9.301531952365689e-04 -1.007686811197103e+00
8 14 -1.000284083380799e+00 -1.895791042955301e-03 -9.303936376479005e-04 -1.007687630674259e+00
8 15 -1.000283972285134e+00 -1.895458904437676e-03 -9.306511556509445e-04 -1.007688618274141e+00
8 16 -1.000283841813016e+00 -1.895098126685329e-03 -9.309170648406129e-04 -1.007689736766573e+00
8 17 -1.000283696949469e+00 -1.894722275239601e-03 -9.311823564826150e-04 -1.007690943768719e+00
8 18 -1.000283543289051e+00 -1.894345560341908e-03 -9.314378579083942e-04 -1.007692193282934e+00
8 19 -1.000283386816715e+00 -1.893982327108541e-03 -9.316744259761055e-04 -1.007693437403830e+00
8 20 -1.000283233666110e+00 -1.893646525632114e-03 -9.318831911321623e-04 -1.007694628138132e+00
8 21 -1.000283089866226e+00 -1.893351177818267e-03 -9.320558600361775e-04 -1.007695719271817e+00
8 22 -1.000282961088523e+00 -1.893107860293088e-03 -9.321850726122635e-04 -1.007696668211586e+00
8 23 -1.000282852407205e+00 -1.892926225155969e-03 -9.322647955677813e-04 -1.007697437721664e+00
8 24 -1.000282768085085e+00 -1.892813582207676e-03 -9.322907204612258e-04 -1.007697997473943e+00
8 25 -1.000282711396218e+00 -1.892774566352560e-03 -9.322606239232136e-04 -1.007698325332611e+00
8 26 -1.000282684494316e+00 -1.892810911347464e-03 -9.321746443620951e-04 -1.007698408304685e+00
8 27 -1.000282688333043e+00 -1.892921346250231e-03 -9.320354342598556e-04 -1.007698243103583e+00
8 28 -1.000282722641104e+00 -1.893101624547825e-03 -9.318481579658992e-04 -1.007697836292561e+00
8 29 -1.000282785951510e+00 -1.893344688292642e-03 -9.316203196418950e-04 -1.007697203998191e+00
8 30 -1.000282875681052e+00 -1.893640960806923e-03 -9.313614238579903e-04 -1.007696371210388e+00
8 31 -1.000282988253121e+00 -1.893978752670654e-03 -9.310824907961277e-04 -1.007695370710834e+00
9 0 -1.000283273133539e+00 -1.894584554688466e-03 -9.298734458298387e-04 -1.007693711546962e+00
9 1 -1.000283418197501e+00 -1.894965936042987e-03 -9.295900837164204e-04 -1.007692493015534e+00
9 2 -1.000283571062030e+00 -1.895346315610700e-03 -9.293227470726612e-04 -1.007691237197319e+00
9 3 -1.000283725937405e+00 -1.895710960677537e-03 -9.290823312270306e-04 -1.007689992418090e+00
9 4 -1.000283876998441e+00 -1.896045864614940e-03 -9.288782494419916e-04 -1.007688806286790e+00
9 5 -1.000284018588543e+00 -1.896338282880393e-03 -9.287180485923225e-04 -1.007687723904273e+00
9 6 -1.000284145414052e+00 -1.896577202997884e-03 -9.286071665828436e-04 -1.007686786205365e+00
9 7 -1.000284252724989e+00 -1.896753733702000e-03 -9.285488325390453e-04 -1.007686028485931e+00
9 8 -1.000284336478755e+00 -1.896861403383035e-03 -9.285440965493090e-04 -1.007685479156763e+00
9 9 -1.000284393483373e+00 -1.896896362604775e-03 -9.285919654760413e-04 -1.007685158756217e+00
9 10 -1.000284421516603e+00 -1.896857489511028e-03 -9.286896150272498e-04 -1.007685079244411e+00
9 11 -1.000284419416737e+00 -1.896746400115710e-03 -9.288326454203571e-04 -1.007685243594379e+00
9 12 -1.000284387140504e+00 -1.896567367753266e-03 -9.290153491037782e-04 -1.007685645689309e+00
9 13 -1.000284325783685e+00 -1.896327157545368e-03 -9.292309648262932e-04 -1.007686270528562e+00
9 14 -1.000284237560792e+00 -1.896034782742287e-03 -9.294719021112870e-04 -1.007687094738314e+00
9 15 -1.000284125741357e+00 -1.895701190260104e-03 -9.297299317171878e-04 -1.007688087376053e+00
9 16 -1.000283994542142e+00 -1.895338882954449e-03 -9.299963487373207e-04 -1.007689211011551e+00
9 17 -1.000283848976758e+00 -1.894961486778244e-03 -9.302621240970740e-04 -1.007690423058763e+00
9 18 -1.000283694666933e+00 -1.894583272413683e-03 -9.305180659902825e-04 -1.007691677322702e+00
9 19 -1.000283537622322e+00 -1.894218643082007e-03 -9.307550138009709e-04 -1.007692925714325e+00
9 20 -1.000283383998003e+00 -1.893881602579039e-03 -9.309640825159301e-04 -1.007694120076889e+00
9 21 -1.000283239840454e+00 -1.893585220075488e-03 -9.311369661588644e-04 -1.007695214059062e+00
9 22 -1.000283110834050e+00 -1.893341111036311e-03 -9.312662959277194e-04 -1.007696164961931e+00
9 23 -1.000283002060863e+00 -1.893158956431329e-03 -9.313460343480186e-04 -1.007696935479884e+00
9 24 -1.000282917786339e+00 -1.893046084154562e-03 -9.313718731974255e-04 -1.007697495252545e+00
9 25 -1.000282861282020e+00 -1.893007136196110e-03 -9.313415932431450e-04 -1.007697822149221e+00
9 26 -1.000282834694204e+00 -1.893043842426203e-03 -9.312553406654199e-04 -1.007697903218123e+00
9 27 -1.000282838964597e+00 -1.893154917296449e-03 -9.311157792321698e-04 -1.007697735247837e+00
9 28 -1.000282873805821e+00 -1.893336089596285e-03 -9.309280877039230e-04 -1.007697324907617e+00
9 29 -1.000282937731207e+00 -1.893580267600675e-03 -9.306997869693562e-04 -1.007696688456795e+00
9 30 -1.000283028134878e+00 -1.893877832985946e-03 -9.304403997020535e-04 -1.007695851040261e+00
9 31 -1.000283141415272e+00 -1.894217048158905e-03 -9.301609647947366e-04 -1.007694845611927e+00
10 0 -1.000283405635743e+00 -1.894851643359527e-03 -9.287810504144651e-04 -1.007693175414914e+00
10 1 -1.000283551377274e+00 -1.895234448717174e-03 -9.284974311385284e-04 -1.007691952085409e+00
10 2 -1.000283704907640e+00 -1.895616300057495e-03 -9.282297889331705e-04 -1.007690691464806e+00
10 3 -1.000283860411461e+00 -1.895982409131811e-03 -9.279890292439281e-04 -1.007689442061171e+00
10 4 -1.000284012038969e+00 -1.896318713281171e-03 -9.277845771412223e-04 -1.007688251661550e+00
10 5 -1.000284154111075e+00 -1.896612413481737e-03 -9.276239931236858e-04 -1.007687165533909e+00
10 6 -1.000284281314643e+00 -1.896852446528290e-03 -9.275127301578642e-04 -1.007686224762363e+00
10 7 -1.000284388884087e+00 -1.897029876399378e-03 -9.274540329536366e-04 -1.007685464767729e+00
10 8 -1.000284472765856e+00 -1.897138194797516e-03 -9.274489666485437e-04 -1.007684914055427e+00
10 9 -1.000284529762330e+00 -1.897173525472498e-03 -9.274965518336405e-04 -1.007684593223054e+00
10 10 -1.000284557651313e+00 -1.897134730956205e-03 -9.275939761881437e-04 -1.007684514251189e+00
10 11 -1.000284555276822e+00 -1.897023423591663e-03 -9.277368497806489e-04 -1.007684680093337e+00
10 12 -1.000284522606672e+00 -1.896843885161300e-03 -9.279194722120227e-04 -1.007685084574005e+00
10 13 -1.000284460752569e+00 -1.896602901033778e-03 -9.281350859597686e-04 -1.007685712597230e+00
10 14 -1.000284371949099e+00 -1.896309515655898e-03 -9.283761004179289e-04 -1.007686540661317e+00
10 15 -1.000284259489153e+00 -1.895974716650787e-03 -9.286342825563325e-04 -1.007687537669068e+00
10 16 -1.000284127615042e+00 -1.895611055158538e-03 -9.289009206554295e-04 -1.007688666015864e+00
10 17 -1.000283981366951e+00 -1.895232210820199e-03 -9.291669763158689e-04 -1.007689882929312e+00
10 18 -1.000283826393076e+00 -1.894852511186574e-03 -9.294232460475614e-04 -1.007691142023907e+00
10 19 -1.000283668728432e+00 -1.894486417257703e-03 -9.296605553952164e-04 -1.007692395023595e+00
10 20 -1.000283514551432e+00 -1.894147989174891e-03 -9.298700041249592e-04 -1.007693593595557e+00
10 21 -1.000283369929035e+00 -1.893850348751879e-03 -9.300432708757321e-04 -1.007694691230050e+00
10 22 -1.000283240562547e+00 -1.893605158442938e-03 -9.301729722532177e-04 -1.007695645092967e+00
10 23 -1.000283131546891e+00 -1.893422139011730e-03 -9.302530572657958e-04 -1.007696417771052e+00
10 24 -1.000283047155919e+00 -1.893308649719365e-03 -9.302792052481102e-04 -1.007696978827166e+00
10 25 -1.000282990664964e+00 -1.893269354513283e-03 -9.302491859486029e-04 -1.007697306086975e+00
10 26 -1.000282964219488e+00 -1.893305995183261e-03 -9.301631366540605e-04 -1.007697386588957e+00
10 27 -1.000282968755841e+00 -1.893417287888277e-03 -9.300237147906238e-04 -1.007697217145186e+00
10 28 -1.000283003976953e+00 -1.893598953078900e-03 -9.298360951081133e-04 -1.007696804480195e+00
10 29 -1.000283068382388e+00 -1.893843880940662e-03 -9.296077963570387e-04 -1.007696164938739e+00
10 30 -1.000283159348780e+00 -1.894142425720547e-03 -9.293483409009192e-04 -1.007695323779173e+00
10 31 -1.000283273253899e+00 -1.894482813799860e-03 -9.290687695666837e-04 -1.007694314093540e+00
11 0 -1.000283511753298e+00 -1.895135649064679e-03 -9.275606575106823e-04 -1.007692654006891e+00
11 1 -1.000283658126616e+00 -1.895519725451473e-03 -9.272770013828204e-04 -1.007691426239577e+00
11 2 -1.000283812311187e+00 -1.895902977216830e-03 -9.270091843735683e-04 -1.007690160914461e+00
11 3 -1.000283968466490e+00 -1.896270563294679e-03 -9.267681166978568e-04 -1.007688906718590e+00
11 4 -1.000284120717357e+00 -1.896608364372196e-03 -9.265632340342429e-04 -1.007687711624127e+00
11 5 -1.000284263360022e+00 -1.896903523021157e-03 -9.264021132647845e-04 -1.007686621083240e+00
11 6 -1.000284391058430e+00 -1.897144918297552e-03 -9.262902286261205e-04 -1.007685676355693e+00
11 7 -1.000284499026899e+00 -1.897323559687469e-03 -9.262308496893628e-04 -1.007684913021561e+00
11 8 -1.000284583195585e+00 -1.897432890164172e-03 -9.262250688825867e-04 -1.007684359721625e+00
11 9 -1.000284640355196e+00 -1.897468992735952e-03 -9.262719355775197e-04 -1.007684037158469e+00
11 10 -1.000284668277003e+00 -1.897430698967302e-03 -9.263686666698885e-04 -1.007683957382471e+00
11 11 -1.000284665803879e+00 -1.897319601329687e-03 -9.265109004665304e-04 -1.007684123378752e+00
11 12 -1.000284632907902e+00 -1.897139973691054e-03 -9.266929622604235e-04 -1.007684528964028e+00
11 13 -1.000284570710236e+00 -1.896898605786007e-03 -9.269081164096201e-04 -1.007685158995672e+00
11 14 -1.000284481459643e+00 -1.896604558384877e-03 -9.271487896410636e-04 -1.007685989888910e+00
11 15 -1.000284368467193e+00 -1.896268846455877e-03 -9.274067613107734e-04 -1.007686990431307e+00
11 16 -1.000284235996518e+00 -1.895904058154378e-03 -9.276733267639143e-04 -1.007688122876265e+00
11 17 -1.000284089111336e+00 -1.895523918195682e-03 -9.279394489801702e-04 -1.007689344288756e+00
11 18 -1.000283933484642e+00 -1.895142805359456e-03 -9.281959201307099e-04 -1.007690608106741e+00
11 19 -1.000283775176511e+00 -1.894775235776719e-03 -9.284335562543738e-04 -1.007691865871268e+00
11 20 -1.000283620389648e+00 -1.894435326206580e-03 -9.286434433858593e-04 -1.007693069068017e+00
11 21 -1.000283475213634e+00 -1.894136254353074e-03 -9.288172430462182e-04 -1.007694171014025e+00
11 22 -1.000283345370009e+00 -1.893889736000230e-03 -9.289475518134170e-04 -1.007695128715757e+00
11 23 -1.000283235970996e+00 -1.893705541059417e-03 -9.290282961383440e-04 -1.007695904618987e+00
11 24 -1.000283151304331e+00 -1.893591072119514e-03 -9.290551309973850e-04 -1.007696468168582e+00
11 25 -1.000283094655361e+00 -1.893551029058780e-03 -9.290258010908148e-04 -1.007696797099374e+00
11 26 -1.000283068175350e+00 -1.893587180991870e-03 -9.289404189943825e-04 -1.007696878389116e+00
11 27 -1.000283072802063e+00 -1.893698262084919e-03 -9.288016183097360e-04 -1.007696708820717e+00
11 28 -1.000283108235439e+00 -1.893880001052661e-03 -9.286145511168466e-04 -1.007696295121649e+00
11 29 -1.000283172967677e+00 -1.894125286223109e-03 -9.283867151999926e-04 -1.007695653672071e+00
11 30 -1.000283264363813e+00 -1.894424459607116e-03 -9.281276147027900e-04 -1.007694809798035e+00
11 31 -1.000283378786047e+00 -1.894765725136468e-03 -9.278482760849630e-04 -1.007693796690001e+00
12 0 -1.000283587512147e+00 -1.895425593269959e-03 -9.262597263386874e-04 -1.007692167163769e+00
12 1 -1.000283734447309e+00 -1.895810739590150e-03 -9.259762529072200e-04 -1.007690935487366e+00
12 2 -1.000283889249410e+00 -1.896195267184590e-03 -9.257083972429169e-04 -1.007689665734775e+00
12 3 -1.000284046054249e+00 -1.896564286780564e-03 -9.254670692508274e-04 -1.007688406762120e+00
12 4 -1.000284198961332e+00 -1.896903623811982e-03 -9.252617137843362e-04 -1.007687206727070e+00
12 5 -1.000284342240930e+00 -1.897200360745818e-03 -9.250999258566574e-04 -1.007686111276267e+00
12 6 -1.000284470531567e+00 -1.897443314295465e-03 -9.249872057205921e-04 -1.007685161864345e+00
12 7 -1.000284579023863e+00 -1.897623432056373e-03 -9.249268558195872e-04 -1.007684394258069e+00
12 8 -1.000284663627037e+00 -1.897734098161743e-03 -9.249200073166592e-04 -1.007683837268741e+00
12 9 -1.000284721114480e+00 -1.897771342370063e-03 -9.249657526900385e-04 -1.007683511745895e+00
12 10 -1.000284749244526e+00 -1.897733951009843e-03 -9.250613540959844e-04 -1.007683429856620e+00
12 11 -1.000284746852104e+00 -1.897623481358210e-03 -9.252024948353018e-04 -1.007683594667347e+00
12 12 -1.000284713906658e+00 -1.897444183499542e-03 -9.253835430050537e-04 -1.007684000037714e+00
12 13 -1.000284651532023e+00 -1.897202835516462e-03 -9.255978022084416e-04 -1.007684630828757e+00
12 14 -1.000284561984664e+00 -1.896908498915776e-03 -9.258377335167615e-04 -1.007685463420781e+00
12 15 -1.000284448587943e+00 -1.896572201647217e-03 -9.260951441433756e-04 -1.007686466529807e+00
12 16 -1.000284315621807e+00 -1.896206556429614e-03 -9.263613494130345e-04 -1.007687602304489e+00
12 17 -1.000284168169624e+00 -1.895825322862960e-03 -9.266273238330209e-04 -1.007688827676753e+00
12 18 -1.000284011926533e+00 -1.895442923201051e-03 -9.268838629221986e-04 -1.007690095929236e+00
12 19 -1.000283852976297e+00 -1.895073923665666e-03 -9.271217784374561e-04 -1.007691358432004e+00
12 20 -1.000283697545879e+00 -1.894732495675509e-03 -9.273321448583649e-04 -1.007692566490945e+00
12 21 -1.000283551748782e+00 -1.894431874128246e-03 -9.275066051334817e-04 -1.007693673241191e+00
12 22 -1.000283421329384e+00 -1.894183832582525e-03 -9.276377308039514e-04 -1.007694635511266e+00
12 23 -1.000283311421034e+00 -1.893998197455042e-03 -9.277194178340547e-04 -1.007695415578310e+00
12 24 -1.000283226330279e+00 -1.893882424755995e-03 -9.277472865160013e-04 -1.007695982732954e+00
12 25 -1.000283169358295e+00 -1.893841262868019e-03 -9.277190438414285e-04 -1.007696314575461e+00
12 26 -1.000283142668569e+00 -1.893876522741733e-03 -9.276347626623688e-04 -1.007696397973827e+00
12 27 -1.000283147207004e+00 -1.893986972232819e-03 -9.274970358769277e-04 -1.007696229630167e+00
12 28 -1.000283182677323e+00 -1.894168364462836e-03 -9.273109751898532e-04 -1.007695816222938e+00
12 29 -1.000283247571020e+00 -1.894413601985463e-03 -9.270840399517021e-04 -1.007695174116930e+00
12 30 -1.000283339247809e+00 -1.894713030136197e-03 -9.268256994572168e-04 -1.007694328657771e+00
12 31 -1.000283454059968e+00 -1.895054844871291e-03 -9.265469502244600e-04 -1.007693313090798e+00
13 0 -1.000283630109808e+00 -1.895710326519467e-03 -9.249288872844862e-04 -1.007691733121789e+00
13 1 -1.000283777515863e+00 -1.896096302227178e-03 -9.246458047121650e-04 -1.007690498210184e+00
13 2 -1.000283932875651e+00 -1.896481933429568e-03 -9.243780450083115e-04 -1.007689224472848e+00
13 3 -1.000284090303530e+00 -1.896852288964625e-03 -9.241365127920367e-04 -1.007687960919184e+00
13 4 -1.000284243874669e+00 -1.897193142545254e-03 -9.239306598220876e-04 -1.007686755885834e+00
13 5 -1.000284387833152e+00 -1.897491517267921e-03 -9.237680998192881e-04 -1.007685655216392e+00
13 6 -1.000284516790653e+00 -1.897736165372306e-03 -9.236543628610645e-04 -1.007684700571753e+00
13 7 -1.000284625911408e+00 -1.897917967491580e-03 -9.235927914740035e-04 -1.007683927925660e+00
13 8 -1.000284711079771e+00 -1.898030240994074e-03 -9.235845657641142e-04 -1.007683366288737e+00
13 9 -1.000284769046814e+00 -1.898068951958791e-03 -9.236288336983432e-04 -1.007683036693697e+00
13 10 -1.000284797552111e+00 -1.898032829046632e-03 -9.237229165218040e-04 -1.007682951466455e+00
13 11 -1.000284795416220e+00 -1.897923380383743e-03 -9.238625574485569e-04 -1.007683113801204e+00
13 12 -1.000284762599147e+00 -1.897744817224598e-03 -9.240421831250208e-04 -1.007683517649773e+00
13 13 -1.000284700220453e+00 -1.897503890408018e-03 -9.242551523352561e-04 -1.007684147927137e+00
13 14 -1.000284610537526e+00 -1.897209646747442e-03 -9.244939756279816e-04 -1.007684981027744e+00
13 15 -1.000284496879739e+00 -1.896873112593486e-03 -9.247505016022853e-04 -1.007685985641792e+00
13 16 -1.000284363537827e+00 -1.896506911962745e-03 -9.250160772810950e-04 -1.007687123854022e+00
13 17 -1.000284215610184e+00 -1.896124827700019e-03 -9.252816987059707e-04 -1.007688352498155e+00
13 18 -1.000284058810510e+00 -1.895741315925633e-03 -9.255381727933413e-04 -1.007689624729073e+00
13 19 -1.000283899243881e+00 -1.895370985944504e-03 -9.257763123799251e-04 -1.007690891764554e+00
13 20 -1.000283743160528e+00 -1.895028059903508e-03 -9.259871824343659e-04 -1.007692104739204e+00
13 21 -1.000283596698343e+00 -1.894725829165231e-03 -9.261624061110962e-04 -1.007693216604199e+00
13 22 -1.000283465626395e+00 -1.894476127381675e-03 -9.262945259785817e-04 -1.007694183997978e+00
13 23 -1.000283355102255e+00 -1.894288842684602e-03 -9.263774012132921e-04 -1.007694969007491e+00
13 24 -1.000283269455454e+00 -1.894171492546909e-03 -9.264066086002897e-04 -1.007695540738755e+00
13 25 -1.000283212008140e+00 -1.894128884558529e-03 -9.263798059002448e-04 -1.007695876619187e+00
13 26 -1.000283184941928e+00 -1.894162884381537e-03 -9.262970124493921e-04 -1.007695963362548e+00
13 27 -1.000283189217295e+00 -1.894272307891531e-03 -9.261607653775557e-04 -1.007695797541785e+00
13 28 -1.000283224548411e+00 -1.894452947739339e-03 -9.259761205932052e-04 -1.007695385736276e+00
13 29 -1.000283289432667e+00 -1.894697736150208e-03 -9.257504836223009e-04 -1.007694744245440e+00
13 30 -1.000283381230842e+00 -1.894997037151102e-03 -9.254932736641881e-04 -1.007693898385991e+00
13 31 -1.000283496291287e+00 -1.895339053481824e-03 -9.252154426170096e-04 -1.007692881412721e+00
14 0 -1.000283638006728e+00 -1.895978958158230e-03 -9.236198996368950e-04 -1.007691367883131e+00
14 1 -1.000283785775545e+00 -1.896365493055144e-03 -9.233373957695222e-04 -1.007690130527545e+00
14 2 -1.000283941612561e+00 -1.896752015158439e-03 -9.230698586188794e-04 -1.007688853395221e+00
14 3 -1.000284099613680e+00 -1.897123559340347e-03 -9.228281824494578e-04 -1.007687585627375e+00
14 4 -1.000284253831712e+00 -1.897465853255068e-03 -9.226218230570251e-04 -1.007686375725857e+00
14 5 -1.000284398485421e+00 -1.897765863709083e-03 -9.224584129066183e-04 -1.007685269725796e+00
14 6 -1.000284528159198e+00 -1.898012278644515e-03 -9.223435151942994e-04 -1.007684309498139e+00
14 7 -1.000284637989102e+00 -1.898195908996909e-03 -9.222805186277664e-04 -1.007683531236601e+00
14 8 -1.000284723831605e+00 -1.898309999999751e-03 -9.222706603468465e-04 -1.007682964172396e+00
14 9 -1.000284782411406e+00 -1.898350446273893e-03 -9.223131534997178e-04 -1.007682629550094e+00
14 10 -1.000284811444308e+00 -1.898315908691035e-03 -9.224053898245852e-04 -1.007682539890140e+00
14 11 -1.000284809730619e+00 -1.898207833979526e-03 -9.225431854601600e-04 -1.007682698556428e+00
14 12 -1.000284777214379e+00 -1.898030380824169e-03 -9.227210393767254e-04 -1.007683099639187e+00
14 13 -1.000284715004065e+00 -1.897790258409588e-03 -9.229323789155774e-04 -1.007683728155201e+00
14 14 -1.000284625351263e+00 -1.897496484347840e-03 -9.231697764663705e-04 -1.007684560560662e+00
14 15 -1.000284511584935e+00 -1.897160069050718e-03 -9.234251334970881e-04 -1.007685565566164e+00
14 16 -1.000284378000671e+00 -1.896793633990784e-03 -9.236898395056110e-04 -1.007686705236100e+00
14 17 -1.000284229706645e+00 -1.896410972554939e-03 -9.239549216576589e-04 -1.007687936344900e+00
14 18 -1.000284072430809e+00 -1.896026563912392e-03 -9.242112057123390e-04 -1.007689211951847e+00
14 19 -1.000283912296403e+00 -1.895655052032535e-03 -9.244495102352213e-04 -1.007690483146406e+00
14 20 -1.000283755575087e+00 -1.895310704023000e-03 -9.246608926082820e-04 -1.007691700906826e+00
14 21 -1.000283608428715e+00 -1.895006864783092e-03 -9.248369558009811e-04 -1.007692818005416e+00
14 22 -1.000283476652021e+00 -1.894755428139526e-03 -9.249702108255456e-04 -1.007693790885292e+00
14 23 -1.000283365429028e+00 -1.894566347027876e-03 -9.250544750266738e-04 -1.007694581428112e+00
14 24 -1.000283279115570e+00 -1.894447206247974e-03 -9.250852739993319e-04 -1.007695158531571e+00
14 25 -1.000283221059037e+00 -1.894402880926169e-03 -9.250602063093403e-04 -1.007695499419132e+00
14 26 -1.000283193464334e+00 -1.894435301949501e-03 -9.249792263258434e-04 -1.007695590612627e+00
14 27 -1.000283197312371e+00 -1.894543345563221e-03 -9.248448031789532e-04 -1.007695428512699e+00
14 28 -1.000283232334020e+00 -1.894722857615253e-03 -9.246619242273245e-04 -1.007695019553076e+00
14 29 -1.000283297038938e+00 -1.894966814402322e-03 -9.244379278986251e-04 -1.007694379920059e+00
14 30 -1.000283388795280e+00 -1.895265613270981e-03 -9.241821697901785e-04 -1.007693534854214e+00
14 31 -1.000283503953634e+00 -1.895607478123097e-03 -9.239055442827207e-04 -1.007692517574360e+00
15 0 -1.000283610970667e+00 -1.896221266823109e-03 -9.223835697508104e-04 -1.007691084704449e+00
15 1 -1.000283758981184e+00 -1.896608071582904e-03 -9.221018047299835e-04 -1.007689845782548e+00
15 2 -1.000283915197514e+00 -1.896995239893666e-03 -9.218346025694454e-04 -1.007688565968617e+00
15 3 -1.000284073700894e+00 -1.897367781996436e-03 -9.215928424675795e-04 -1.007687294508790e+00
15 4 -1.000284228524665e+00 -1.897711386947037e-03 -9.213859817335556e-04 -1.007686080049735e+00
15 5 -1.000284373864043e+00 -1.898012970349547e-03 -9.212216716016893e-04 -1.007684968805684e+00
15 6 -1.000284504276617e+00 -1.898261158267090e-03 -9.211055107631969e-04 -1.007684002854034e+00
15 7 -1.000284614869508e+00 -1.898446691772494e-03 -9.210409382562958e-04 -1.007683218613394e+00
15 8 -1.000284701469421e+00 -1.898562741404944e-03 -9.210292538426248e-04 -1.007682645548301e+00
15 9 -1.000284760771694e+00 -1.898605125321207e-03 -9.210697430646848e-04 -1.007682305135659e+00
15 10 -1.000284790464236e+00 -1.898572429004496e-03 -9.211598771720210e-04 -1.007682210118923e+00
15 11 -1.000284789321933e+00 -1.898466027822354e-03 -9.212955555488785e-04 -1.007682364067345e+00
15 12 -1.000284757266940e+00 -1.898290016256297e-03 -9.214713600820718e-04 -1.007682761250197e+00
15 13 -1.000284695390357e+00 -1.898051049212290e-03 -9.216807968549051e-04 -1.007683386829481e+00
15 14 -1.000284605931534e+00 -1.897758101778611e-03 -9.219165099872666e-04 -1.007684217368095e+00
15 15 -1.000284492212605e+00 -1.897422154575725e-03 -9.221704636869380e-04 -1.007685221642692e+00
15 16 -1.000284358527822e+00 -1.897055812679177e-03 -9.224340993676129e-04 -1.007686361741890e+00
15 17 -1.000284209989513e+00 -1.896672867030350e-03 -9.226984833288336e-04 -1.007687594421721e+00
15 18 -1.000284052335117e+00 -1.896287808429522e-03 -9.229544660763375e-04 -1.007688872680996e+00
15 19 -1.000283891702313e+00 -1.895915305964906e-03 -9.231928758340511e-04 -1.007690147509190e+00
15 20 -1.000283734381608e+00 -1.895569664240543e-03 -9.234047647249840e-04 -1.007691369748877e+00
15 21 -1.000283586557482e+00 -1.895264276725221e-03 -9.235817161163676e-04 -1.007692492005250e+00
15 22 -1.000283454050312e+00 -1.895011095356324e-03 -9.237162077499507e-04 -1.007693470527975e+00
15 23 -1.000283342071808e+00 -1.894820138707320e-03 -9.238020109390752e-04 -1.007694266985763e+00
15 24 -1.000283255006455e+00 -1.894699062267156e-03 -9.238345939304949e-04 -1.007694850052167e+00
15 25 -1.000283196230208e+00 -1.894652814295453e-03 -9.238114887157212e-04 -1.007695196723695e+00
15 26 -1.000283167975484e+00 -1.894683398713655e-03 -9.237325764004191e-04 -1.007695293300353e+00
15 27 -1.000283171248624e+00 -1.894789762106998e-03 -9.236002487844477e-04 -1.007695135974193e+00
15 28 -1.000283205802800e+00 -1.894967815250781e-03 -9.234194143046955e-04 -1.007694730992191e+00
15 29 -1.000283270165895e+00 -1.895210591352072e-03 -9.231973333246646e-04 -1.007694094383767e+00
15 30 -1.000283361719564e+00 -1.895508534425682e-03 -9.229432870182127e-04 -1.007693251268813e+00
15 31 -1.000283476822691e+00 -1.895849902922811e-03 -9.226681022195844e-04 -1.007692234786439e+00
16 0 -1.000283550074557e+00 -1.896428077262632e-03 -9.212677228965096e-04 -1.007690893707320e+00
16 1 -1.000283698197366e+00 -1.896814854458571e-03 -9.209868229377195e-04 -1.007689654150024e+00
16 2 -1.000283854681477e+00 -1.897202401901190e-03 -9.207200490227278e-04 -1.007688372463679e+00
16 3 -1.000284013597871e+00 -1.897575715491488e-03 -9.204782616794684e-04 -1.007687097968172e+00
16 4 -1.000284168963997e+00 -1.897920454437590e-03 -9.202709179521093e-04 -1.007685879429466e+00
16 5 -1.000284314954052e+00 -1.898223489967375e-03 -9.201056875448040e-04 -1.007684763222298e+00
16 6 -1.000284446100295e+00 -1.898473391019720e-03 -9.199882054614562e-04 -1.007683791619212e+00
16 7 -1.000284557481322e+00 -1.898660831382325e-03 -9.199219630417751e-04 -1.007683001259843e+00
16 8 -1.000284644893346e+00 -1.898778907094573e-03 -9.199083261061284e-04 -1.007682421846127e+00
16 9 -1.000284705000383e+00 -1.898823357494097e-03 -9.199466575759590e-04 -1.007682075099733e+00
16 10 -1.000284735459283e+00 -1.898792687860181e-03 -9.200345143146559e-04 -1.007681974007467e+00
16 11 -1.000284735015349e+00 -1.898688195227180e-03 -9.201678855494681e-04 -1.007682122371055e+00
16 12 -1.000284703563916e+00 -1.898513901014838e-03 -9.203414429235570e-04 -1.007682514671653e+00
16 13 -1.000284642173148e+00 -1.898276395266922e-03 -9.205487785544159e-04 -1.007683136254303e+00
16 14 -1.000284553064132e+00 -1.897984598513956e-03 -9.207826161522359e-04 -1.007683963830283e+00
16 15 -1.000284439545932e+00 -1.897649448683453e-03 -9.210349905821673e-04 -1.007684966285860e+00
16 16 -1.000284305905333e+00 -1.897283521430737e-03 -9.212974022348183e-04 -1.007686105776984e+00
16 17 -1.000284157253118e+00 -1.896900592702765e-03 -9.215609622032156e-04 -1.007687339082077e+00
16 18 -1.000283999331173e+00 -1.896515153226553e-03 -9.218165501841952e-04 -1.007688619176576e+00
16 19 -1.000283838287413e+00 -1.896141886711076e-03 -9.220550076729133e-04 -1.007689896981956e+00
16 20 -1.000283680427956e+00 -1.895795126469223e-03 -9.222673841464962e-04 -1.007691123230407e+00
16 21 -1.000283531957747e+00 -1.895488307955680e-03 -9.224452442967583e-04 -1.007692250377413e+00
16 22 -1.000283398721773e+00 -1.895233437072439e-03 -9.225810314337095e-04 -1.007693234488309e+00
16 23 -1.000283285959566e+00 -1.895040596281191e-03 -9.226684680031313e-04 -1.007694037019855e+00
16 24 -1.000283198085522e+00 -1.894917512303323e-03 -9.227029611705434e-04 -1.007694626414497e+00
16 25 -1.000283138506452e+00 -1.894869209355174e-03 -9.226819720019178e-04 -1.007694979427132e+00
16 26 -1.000283109485459e+00 -1.894897769512904e-03 -9.226053029690294e-04 -1.007695082114094e+00
16 27 -1.000283112058303e+00 -1.895002217016594e-03 -9.224752617836447e-04 -1.007694930430624e+00
16 28 -1.000283146005178e+00 -1.895178536785831e-03 -9.222966701671466e-04 -1.007694530403276e+00
16 29 -1.000283209877541e+00 -1.895419829598164e-03 -9.220767024825186e-04 -1.007693897866750e+00
16 30 -1.000283301076216e+00 -1.895716597691805e-03 -9.218245580592992e-04 -1.007693057780109e+00
16 31 -1.000283415974051e+00 -1.896057146005441e-03 -9.215509892847404e-04 -1.007692043162365e+00
17 0 -1.000283457649797e+00 -1.896591591736276e-03 -9.203153177126779e-04 -1.007690801606389e+00
17 1 -1.000283605752006e+00 -1.896978047013201e-03 -9.200353706746688e-04 -1.007689562363165e+00
17 2 -1.000283762383063e+00 -1.897365694302542e-03 -9.197690961986776e-04 -1.007688279678498e+00
17 3 -1.000283921608404e+00 -1.897739525827258e-03 -9.195273338300920e-04 -1.007687002912541e+00
17 4 -1.000284077433631e+00 -1.898085180620240e-03 -9.193195387471017e-04 -1.007685780921243e+00
17 5 -1.000284224015227e+00 -1.898389493993682e-03 -9.191533978953611e-04 -1.007684660215409e+00
17 6 -1.000284355862638e+00 -1.898640984793629e-03 -9.190345818813114e-04 -1.007683683243676e+00
17 7 -1.000284468027481e+00 -1.898830264661297e-03 -9.189666346576799e-04 -1.007682886854362e+00
17 8 -1.000284556275802e+00 -1.898950357920676e-03 -9.189509896243143e-04 -1.007682300982578e+00
17 9 -1.000284617239370e+00 -1.898996925486482e-03 -9.189870893607650e-04 -1.007681947598710e+00
17 10 -1.000284648541989e+00 -1.898968390744946e-03 -9.190725788220747e-04 -1.007681839943869e+00
17 11 -1.000284648896493e+00 -1.898865968722372e-03 -9.192035398097119e-04 -1.007681982069582e+00
17 12 -1.000284618167590e+00 -1.898693601838877e-03 -9.193747372985554e-04 -1.007682368693119e+00
17 13 -1.000284557395790e+00 -1.898457806942756e-03 -9.195798541403031e-04 -1.007682985373888e+00
17 14 -1.000284468778484e+00 -1.898167439785400e-03 -9.198116988980422e-04 -1.007683809008276e+00
17 15 -1.000284355605912e+00 -1.897833384379106e-03 -9.200623819983285e-04 -1.007684808631437e+00
17 16 -1.000284222151654e+00 -1.897468175348448e-03 -9.203234669548505e-04 -1.007685946506463e+00
17 17 -1.000284073519396e+00 -1.897085561845890e-03 -9.205861133367231e-04 -1.007687179473629e+00
17 18 -1.000283915450285e+00 -1.896700022803676e-03 -9.208412335612457e-04 -1.007688460522971e+00
17 19 -1.000283754097879e+00 -1.896326245547758e-03 -9.210796855123317e-04 -1.007689740542296e+00
17 20 -1.000283595780128e+00 -1.895978582485674e-03 -9.212925181376102e-04 -1.007690970182156e+00
17 21 -1.000283446719549e+00 -1.895670503106730e-03 -9.214712783242815e-04 -1.007692101770893e+00
17 22 -1.000283312783766e+00 -1.895414060990427e-03 -9.216083748976876e-04 -1.007693091206012e+00
17 23 -1.000283199239142e+00 -1.895219398031052e-03 -9.216974808865073e-04 -1.007693899742123e+00
17 24 -1.000283110530082e+00 -1.895094309939981e-03 -9.217339413406688e-04 -1.007694495592530e+00
17 25 -1.000283050095407e+00 -1.895043897068067e-03 -9.217151445078707e-04 -1.007694855264330e+00
17 26 -1.000283020230995e+00 -1.895070322075849e-03 -9.216408111997933e-04 -1.007694964556880e+00
17 27 -1.000283022004933e+00 -1.895172691258960e-03 -9.215131610716395e-04 -1.007694819169297e+00
17 28 -1.000283055228152e+00 -1.895347069919568e-03 -9.213369247638040e-04 -1.007694424882791e+00
17 29 -1.000283118480092e+00 -1.895586634352932e-03 -9.211191863396092e-04 -1.007693797307246e+00
17 30 -1.000283209185616e+00 -1.895881954313270e-03 -9.208690591207503e-04 -1.007692961207088e+00
17 31 -1.000283323736591e+00 -1.896221391381936e-03 -9.205972168132920e-04 -1.007691949445630e+00
18 0 -1.000283337197842e+00 -1.896705666664816e-03 -9.195627834226079e-04 -1.007690811546960e+00
18 1 -1.000283485147992e+00 -1.897091519471295e-03 -9.192838372253073e-04 -1.007689573551076e+00
18 2 -1.000283641800321e+00 -1.897478985257958e-03 -9.190181106660457e-04 -1.007688290775072e+00
18 3 -1.000283801219479e+00 -1.897853063158364e-03 -9.187764208425209e-04 -1.007687012585154e+00
18 4 -1.000283957403673e+00 -1.898199382411838e-03 -9.185682191491754e-04 -1.007685787894885e+00
18 5 -1.000284104495728e+00 -1.898504752299425e-03 -9.184012076900631e-04 -1.007684663321361e+00
18 6 -1.000284236985697e+00 -1.898757650477893e-03 -9.182810909596710e-04 -1.007683681463593e+00
18 7 -1.000284349900683e+00 -1.898948633773519e-03 -9.182114644019213e-04 -1.007682879358820e+00
18 8 -1.000284438977925e+00 -1.899070660197242e-03 -9.181938281372012e-04 -1.007682287162648e+00
18 9 -1.000284500817255e+00 -1.899119315706041e-03 -9.182277033815599e-04 -1.007681927088457e+00
18 10 -1.000284533008807e+00 -1.899092943338976e-03 -9.183108221399184e-04 -1.007681812632538e+00
18 11 -1.000284534231335e+00 -1.898992675480257e-03 -9.184393584181003e-04 -1.007681948104144e+00
18 12 -1.000284504316233e+00 -1.898822372400290e-03 -9.186081712830227e-04 -1.007682328472442e+00
18 13 -1.000284444272622e+00 -1.898588472139076e-03 -9.188110358627834e-04 -1.007682939534539e+00
18 14 -1.000284356269699e+00 -1.898299758106061e-03 -9.190408471663925e-04 -1.007683758401121e+00
18 15 -1.000284243573941e+00 -1.897967051438916e-03 -9.192897926012131e-04 -1.007684754289368e+00
18 16 -1.000284110440539e+00 -1.897602835672293e-03 -9.195495004937419e-04 -1.007685889605318e+00
18 17 -1.000283961960804e+00 -1.897220822258734e-03 -9.198111811845286e-04 -1.007687121288448e+00
18 18 -1.000283803869975e+00 -1.896835467108178e-03 -9.200657823180607e-04 -1.007688402380516e+00
18 19 -1.000283642322460e+00 -1.896461450275567e-03 -9.203041801805918e-04 -1.007689683770585e+00
18 20 -1.000283483643831e+00 -1.896113133111581e-03 -9.205174245817264e-04 -1.007690916059097e+00
18 21 -1.000283334070623e+00 -1.895804009813137e-03 -9.206970459392956e-04 -1.007692051475028e+00
18 22 -1.000283199490249e+00 -1.895546173317242e-03 -9.208354203117127e-04 -1.007693045771409e+00
18 23 -1.000283085193889e+00 -1.895349818158762e-03 -9.209261730676052e-04 -1.007693860018187e+00
18 24 -1.000282995654902e+00 -1.895222804330531e-03 -9.209645881813144e-04 -1.007694462209763e+00
18 25 -1.000282934344087e+00 -1.895170305843860e-03 -9.209479811111093e-04 -1.007694828608241e+00
18 26 -1.000282903591016e+00 -1.895194565470313e-03 -9.208759904588779e-04 -1.007694944752118e+00
18 27 -1.000282904497887e+00 -1.895294772869970e-03 -9.207507472647050e-04 -1.007694806074517e+00
18 28 -1.000282936908916e+00 -1.895467076825833e-03 -9.205768905997791e-04 -1.007694418095687e+00
18 29 -1.000282999434751e+00 -1.895704734082856e-03 -9.203614134539217e-04 -1.007693796179649e+00
18 30 -1.000283089528099e+00 -1.895998388537802e-03 -9.201133418278897e-04 -1.007692964870432e+00
18 31 -1.000283203604189e+00 -1.896336466459067e-03 -9.198432690719115e-04 -1.007691956846026e+00
19 0 -1.000283193263329e+00 -1.896766027332203e-03 -9.190386461478587e-04 -1.007690923043849e+00
19 1 -1.000283340936074e+00 -1.897151020727111e-03 -9.187607099325945e-04 -1.007689687179259e+00
19 2 -1.000283497483538e+00 -1.897538031394517e-03 -9.184955576796949e-04 -1.007688405220038e+00
19 3 -1.000283656974357e+00 -1.897912075646775e-03 -9.182539831410265e-04 -1.007687126504246e+00
19 4 -1.000283813404131e+00 -1.898258783707054e-03 -9.180454321070088e-04 -1.007685899968375e+00
19 5 -1.000283960906595e+00 -1.898564949639882e-03 -9.178776195408256e-04 -1.007684772302120e+00
19 6 -1.000284093956435e+00 -1.898819020178661e-03 -9.177562812339188e-04 -1.007683786224115e+00
19 7 -1.000284207559529e+00 -1.899011506642470e-03 -9.176850610343040e-04 -1.007682978934059e+00
19 8 -1.000284297426815e+00 -1.899135308846447e-03 -9.176655220263780e-04 -1.007682380786459e+00
19 9 -1.000284360127882e+00 -1.899185944377161e-03 -9.176972599609558e-04 -1.007682014221758e+00
19 10 -1.000284393219898e+00 -1.899161680460058e-03 -9.177780901333079e-04 -1.007681892982589e+00
19 11 -1.000284395347099e+00 -1.899063568937303e-03 -9.179042757387345e-04 -1.007682021635207e+00
19 12 -1.000284366306005e+00 -1.898895387640571e-03 -9.180707674309169e-04 -1.007682395407746e+00
19 13 -1.000284307071844e+00 -1.898663493393412e-03 -9.182714301920027e-04 -1.007683000348825e+00
19 14 -1.000284219782352e+00 -1.898376592839760e-03 -9.184992432238270e-04 -1.007683813803416e+00
19 15 -1.000284107676276e+00 -1.898045437752820e-03 -9.187464694525788e-04 -1.007684805196714e+00
19 16 -1.000283974985872e+00 -1.897682452220740e-03 -9.190048017680312e-04 -1.007685937108728e+00
19 17 -1.000283826785204e+00 -1.897301300392883e-03 -9.192655019256977e-04 -1.007687166612029e+00
19 18 -1.000283668798686e+00 -1.896916404980803e-03 -9.195195536671055e-04 -1.007688446834730e+00
19 19 -1.000283507176811e+00 -1.896542428336789e-03 -9.197578525987013e-04 -1.007689728701561e+00
19 20 -1.000283348248247e+00 -1.896193730138830e-03 -9.199714508525984e-04 -1.007690962796727e+00
19 21 -1.000283198259394e+00 -1.895883818761391e-03 -9.201518648349726e-04 -1.007692101282108e+00
19 22 -1.000283063113846e+00 -1.895624816661483e-03 -9.202914410203505e-04 -1.007693099795049e+00
19 23 -1.000282948124700e+00 -1.895426962481672e-03 -9.203837602433562e-04 -1.007693919244547e+00
19 24 -1.000282857792176e+00 -1.895298173566083e-03 -9.204240480056890e-04 -1.007694527424154e+00
19 25 -1.000282795617806e+00 -1.895243692309807e-03 -9.204095493146196e-04 -1.007694900363239e+00
19 26 -1.000282763964517e+00 -1.895265838014699e-03 -9.203398231645140e-04 -1.007695023345612e+00
19 27 -1.000282763969134e+00 -1.895363881906051e-03 -9.202169149452066e-04 -1.007694891538313e+00
19 28 -1.000282795510424e+00 -1.895534056264597e-03 -9.200453750383410e-04 -1.007694510194644e+00
19 29 -1.000282857232200e+00 -1.895769700114874e-03 -9.198321076751535e-04 -1.007693894421345e+00
19 30 -1.000282946617727e+00 -1.896061535186543e-03 -9.195860532541032e-04 -1.007693068525134e+00
19 31 -1.000283060109093e+00 -1.896398058012643e-03 -9.193177262229142e-04 -1.007692064976036e+00
20 0 -1.000283031272252e+00 -1.896770415525964e-03 -9.187624928430934e-04 -1.007691132015565e+00
20 1 -1.000283178552695e+00 -1.897154324940651e-03 -9.184855394631982e-04 -1.007689899086222e+00
20 2 -1.000283334873034e+00 -1.897540623992952e-03 -9.182209669473725e-04 -1.007688618821736e+00
20 3 -1.000283494310636e+00 -1.897914355872497e-03 -9.179795456491063e-04 -1.007687340498460e+00
20 4 -1.000283650863392e+00 -1.898261162470631e-03 -9.177707146662110e-04 -1.007686113040221e+00
20 5 -1.000283798660725e+00 -1.898567833839903e-03 -9.176021995247069e-04 -1.007684983173430e+00
20 6 -1.000283932166429e+00 -1.898822797115773e-03 -9.174797634580281e-04 -1.007683993701596e+00
20 7 -1.000284046369279e+00 -1.899016529277982e-03 -9.174070933012291e-04 -1.007683181953974e+00
20 8 -1.000284136957595e+00 -1.899141882531186e-03 -9.173858087448168e-04 -1.007682578453955e+00
20 9 -1.000284200473667e+00 -1.899194315356018e-03 -9.174155736240655e-04 -1.007682205844022e+00
20 10 -1.000284234443586e+00 -1.899172026384347e-03 -9.174942803580268e-04 -1.007682078095396e+00
20 11 -1.000284237477808e+00 -1.899075991852939e-03 -9.176182751912262e-04 -1.007682200021590e+00
20 12 -1.000284209337707e+00 -1.898909909997517e-03 -9.177825939874399e-04 -1.007682567107157e+00
20 13 -1.000284150963501e+00 -1.898680057257430e-03 -9.179811853555291e-04 -1.007683165656190e+00
20 14 -1.000284064459451e+00 -1.898395062064423e-03 -9.182071074664540e-04 -1.007683973258830e+00
20 15 -1.000283953033633e+00 -1.898065602888371e-03 -9.184526950526394e-04 -1.007684959566500e+00
20 16 -1.000283820891642e+00 -1.897704038233981e-03 -9.187097031242812e-04 -1.007686087357649e+00
20 17 -1.000283673086068e+00 -1.897323977234083e-03 -9.189694432153064e-04 -1.007687313866584e+00
20 18 -1.000283515326031e+00 -1.896939800518587e-03 -9.192229343826805e-04 -1.007688592339141e+00
20 19 -1.000283353753479e+00 -1.896566142768544e-03 -9.194610921409647e-04 -1.007689873769349e+00
20 20 -1.000283194695480e+00 -1.896217351143230e-03 -9.196749731366200e-04 -1.007691108760335e+00
20 21 -1.000283044403724e+00 -1.895906937083258e-03 -9.198560830884283e-04 -1.007692249441726e+00
20 22 -1.000282908793796e+00 -1.895647041883805e-03 -9.199967426298783e-04 -1.007693251367665e+00
20 23 -1.000282793197057e+00 -1.895447938382956e-03 -9.200904920014441e-04 -1.007694075315364e+00
20 24 -1.000282702137516e+00 -1.895317592194687e-03 -9.201325027119902e-04 -1.007694688903150e+00
20 25 -1.000282639145030e+00 -1.895261306041611e-03 -9.201199546280936e-04 -1.007695067949119e+00
20 26 -1.000282606614208e+00 -1.895281469148354e-03 -9.200523330359273e-04 -1.007695197498498e+00
20 27 -1.000282605715629e+00 -1.895377429474198e-03 -9.199316036008256e-04 -1.007695072462220e+00
20 28 -1.000282636362556e+00 -1.895545499777355e-03 -9.197622336262805e-04 -1.007694697830626e+00
20 29 -1.000282697232731e+00 -1.895779100121598e-03 -9.195510439414050e-04 -1.007694088451363e+00
20 30 -1.000282785841606e+00 -1.896069030766310e-03 -9.193068945623653e-04 -1.007693268385795e+00
20 31 -1.000282898660618e+00 -1.896403861357065e-03 -9.190402259032981e-04 -1.007692269881199e+00
21 0 -1.000282857339423e+00 -1.896718667015025e-03 -9.187443027269802e-04 -1.007691430910344e+00
21 1 -1.000283004127160e+00 -1.897101308008223e-03 -9.184682714669589e-04 -1.007690201612065e+00
21 2 -1.000283160106344e+00 -1.897486664944142e-03 -9.182042648314372e-04 -1.007688923859356e+00
21 3 -1.000283319367531e+00 -1.897859816636124e-03 -9.179630308296838e-04 -1.007687646835279e+00
21 4 -1.000283475915661e+00 -1.898206426817326e-03 -9.177540012893475e-04 -1.007686419416036e+00
21 5 -1.000283623880713e+00 -1.898513292843999e-03 -9.175849095134891e-04 -1.007685288327679e+00
21 6 -1.000283757720530e+00 -1.898768834463005e-03 -9.174615409543514e-04 -1.007684296420213e+00
21 7 -1.000283872411693e+00 -1.898963506974077e-03 -9.173876183017599e-04 -1.007683481113953e+00
21 8 -1.000283963624490e+00 -1.899090127355884e-03 -9.173648097210462e-04 -1.007682873064620e+00
21 9 -1.000284027877815e+00 -1.899144106325286e-03 -9.173928385322642e-04 -1.007682495084544e+00
21 10 -1.000284062669681e+00 -1.899123583715380e-03 -9.174696651342645e-04 -1.007682361347300e+00
21 11 -1.000284066578830e+00 -1.899029468168028e-03 -9.175917090438296e-04 -1.007682476894057e+00
21 12 -1.000284039332647e+00 -1.898865384335133e-03 -9.177540814609539e-04 -1.007682837453136e+00
21 13 -1.000283981836517e+00 -1.898637531989756e-03 -9.179508056234331e-04 -1.007683429578883e+00
21 14 -1.000283896160386e+00 -1.898354462582428e-03 -9.181750111577692e-04 -1.007684231109038e+00
21 15 -1.000283785479829e+00 -1.898026780097578e-03 -9.184190984545333e-04 -1.007685211930912e+00
21 16 -1.000283653971124e+00 -1.897666774065164e-03 -9.186748795784926e-04 -1.007686335037551e+00
21 17 -1.000283506662055e+00 -1.897287993101168e-03 -9.189337121270042e-04 -1.007687557847159e+00
21 18 -1.000283349242508e+00 -1.896904768192881e-03 -9.191866488003099e-04 -1.007688833751002e+00
21 19 -1.000283187841481e+00 -1.896531697017893e-03 -9.194246256732775e-04 -1.007690113844564e+00
21 20 -1.000283028779746e+00 -1.896183103734439e-03 -9.196387063272696e-04 -1.007691348784571e+00
21 21 -1.000282878309561e+00 -1.895872491866350e-03 -9.198203891636091e-04 -1.007692490703765e+00
21 22 -1.000282742353922e+00 -1.895612010409100e-03 -9.199619730744268e-04 -1.007693495108118e+00
21 23 -1.000282626258121e+00 -1.895411955203340e-03 -9.200569629923383e-04 -1.007694322677240e+00
21 24 -1.000282534565978e+00 -1.895280329081276e-03 -9.201004832813993e-04 -1.007694940886808e+00
21 25 -1.000282470832136e+00 -1.895222484644201e-03 -9.200896567517120e-04 -1.007695325373278e+00
21 26 -1.000282437479929e+00 -1.895240871736689e-03 -9.200239035164143e-04 -1.007695460968622e+00
21 27 -1.000282435711474e+00 -1.895334907270218e-03 -9.199051179802861e-04 -1.007695342347719e+00
21 28 -1.000282465473175e+00 -1.895500978406742e-03 -9.197376928052214e-04 -1.007694974252047e+00
21 29 -1.000282525476288e+00 -1.895732582032006e-03 -9.195283740122407e-04 -1.007694371277741e+00
21 30 -1.000282613268946e+00 -1.896020594767363e-03 -9.192859497217377e-04 -1.007693557241464e+00
21 31 -1.000282725353285e+00 -1.896353659443731e-03 -9.190207939150024e-04 -1.007692564161390e+00
22 0 -1.000282678050366e+00 -1.896612717411050e-03 -9.189841590754054e-04 -1.007691808923328e+00
22 1 -1.000282824263156e+00 -1.896993952221536e-03 -9.187089588173894e-04 -1.007690583818751e+00
22 2 -1.000282979799516e+00 -1.897378170615007e-03 -9.184454872563122e-04 -1.007689309304724e+00
22 3 -1.000283138767083e+00 -1.897750494428037e-03 -9.182044719102308e-04 -1.007688034443073e+00
22 4 -1.000283295182321e+00 -1.898096618706684e-03 -9.179953364892560e-04 -1.007686808029006e+00
22 5 -1.000283443180752e+00 -1.898403359411370e-03 -9.178258184303589e-04 -1.007685676750350e+00
22 6 -1.000283577219620e+00 -1.898659141623059e-03 -9.177017193408751e-04 -1.007684683462506e+00
22 7 -1.000283692268739e+00 -1.898854412430509e-03 -9.176267898238753e-04 -1.007683865634663e+00
22 8 -1.000283783985514e+00 -1.898981967085621e-03 -9.176027369778020e-04 -1.007683254013974e+00
22 9 -1.000283848870107e+00 -1.899037181581484e-03 -9.176293324834107e-04 -1.007682871544561e+00
22 10 -1.000283884396553e+00 -1.899018149172548e-03 -9.177045922738557e-04 -1.007682732568131e+00
22 11 -1.000283889115291e+00 -1.898925721773330e-03 -9.178249962217353e-04 -1.007682842324423e+00
22 12 -1.000283862722212e+00 -1.898763459286542e-03 -9.179857185494653e-04 -1.007683196763400e+00
22 13 -1.000283806089272e+00 -1.898537491196736e-03 -9.181808459991220e-04 -1.007683782675591e+00
22 14 -1.000283721252432e+00 -1.898256295936214e-03 -9.184035696673951e-04 -1.007684578140010e+00
22 15 -1.000283611354183e+00 -1.897930404723953e-03 -9.186463467040365e-04 -1.007685553280462e+00
22 16 -1.000283480540045e+00 -1.897572037467188e-03 -9.189010389381165e-04 -1.007686671312209e+00
22 17 -1.000283333810629e+00 -1.897194678941242e-03 -9.191590451633771e-04 -1.007687889852719e+00
22 18 -1.000283176833301e+00 -1.896812604519264e-03 -9.194114495810974e-04 -1.007689162461621e+00
22 19 -1.000283015720086e+00 -1.896440366813845e-03 -9.196492089285142e-04 -1.007690440364605e+00
22 20 -1.000282856781009e+00 -1.896092257510998e-03 -9.198633954320927e-04 -1.007691674304434e+00
22 21 -1.000282706264207e+00 -1.895781761687308e-03 -9.200455034151047e-04 -1.007692816451872e+00
22 22 -1.000282570095253e+00 -1.895521024534819e-03 -9.201878151941267e-04 -1.007693822301694e+00
22 23 -1.000282453628474e+00 -1.895320352631985e-03 -9.202838076672734e-04 -1.007694652474205e+00
22 24 -1.000282361422680e+00 -1.895187773483202e-03 -9.203285670149942e-04 -1.007695274340598e+00
22 25 -1.000282297052762e+00 -1.895128677274455e-03 -9.203191689614731e-04 -1.007695663392207e+00
22 26 -1.000282262966715e+00 -1.895145562848689e-03 -9.202549790292859e-04 -1.007695804281379e+00
22 27 -1.000282260394773e+00 -1.895237905519448e-03 -9.201378315001879e-04 -1.007695691476403e+00
22 28 -1.000282289313883e+00 -1.895402157844062e-03 -9.199720559690892e-04 -1.007695329493644e+00
22 29 -1.000282348467145e+00 -1.895631886481214e-03 -9.197643351759857e-04 -1.007694732694542e+00
22 30 -1.000282435434638e+00 -1.895918039545746e-03 -9.195233961032736e-04 -1.007693924660527e+00
22 31 -1.000282546749399e+00 -1.896249330474239e-03 -9.192595556903680e-04 -1.007692937182761e+00
23 0 -1.000282500223499e+00 -1.896456536217247e-03 -9.194723388852233e-04 -1.007692252307261e+00
23 1 -1.000282645800283e+00 -1.896836278709533e-03 -9.191978522834538e-04 -1.007691031805209e+00
23 2 -1.000282800808179e+00 -1.897219203227746e-03 -9.189348704862977e-04 -1.007689761140226e+00
23 3 -1.000282959375081e+00 -1.897590480441309e-03 -9.186941026760739e-04 -1.007688489229636e+00
23 4 -1.000283115533147e+00 -1.897935845288910e-03 -9.184849632018791e-04 -1.007687264756561e+00
23 5 -1.000283263428428e+00 -1.898242143262556e-03 -9.183151895222734e-04 -1.007686134333020e+00
23 6 -1.000283397523046e+00 -1.898497817391598e-03 -9.181905929651433e-04 -1.007685140777987e+00
23 7 -1.000283512785661e+00 -1.898693320202974e-03 -9.181149433447872e-04 -1.007684321565799e+00
23 8 -1.000283604866334e+00 -1.898821439453291e-03 -9.180899754839022e-04 -1.007683707491061e+00
23 9 -1.000283670251872e+00 -1.898877530861589e-03 -9.181154958937038e-04 -1.007683321586572e+00
23 10 -1.000283706397407e+00 -1.898859655224331e-03 -9.181895611731867e-04 -1.007683178321285e+00
23 11 -1.000283711829583e+00 -1.898768620753256e-03 -9.183086966243265e-04 -1.007683283096846e+00
23 12 -1.000283686216447e+00 -1.898607933842972e-03 -9.184681252555017e-04 -1.007683632054350e+00
23 13 -1.000283630399176e+00 -1.898383662801190e-03 -9.186619838331345e-04 -1.007684212197214e+00
23 14 -1.000283546381407e+00 -1.898104219907570e-03 -9.188835122859093e-04 -1.007685001829894e+00
23 15 -1.000283437273253e+00 -1.897780068048879e-03 -9.191252134293149e-04 -1.007685971304543e+00
23 16 -1.000283307189166e+00 -1.897423359213356e-03 -9.193789902880694e-04 -1.007687084058663e+00
23 17 -1.000283161101177e+00 -1.897047513174714e-03 -9.196362772053423e-04 -1.007688297917431e+00
23 18 -1.000283004651676e+00 -1.896666745873813e-03 -9.198881867415535e-04 -1.007689566625206e+00
23 19 -1.000282843932363e+00 -1.896295558755273e-03 -9.201256951576425e-04 -1.007690841561095e+00
23 20 -1.000282685238498e+00 -1.895948202900362e-03 -9.203398843374598e-04 -1.007692073582928e+00
23 21 -1.000282534809543e+00 -1.895638134912945e-03 -9.205222482693847e-04 -1.007693214933528e+00
23 22 -1.000282398568648e+00 -1.895377484516418e-03 -9.206650593239211e-04 -1.007694221134567e+00
23 23 -1.000282281873847e+00 -1.895176556193647e-03 -9.207617752524009e-04 -1.007695052787926e+00
23 24 -1.000282189293493e+00 -1.895043388643950e-03 -9.208074543629704e-04 -1.007695677202539e+00
23 25 -1.000282124417397e+00 -1.894983395932542e-03 -9.207991367093643e-04 -1.007696069766798e+00
23 26 -1.000282089713228e+00 -1.894999112351908e-03 -9.207361458847731e-04 -1.007696214994091e+00
23 27 -1.000282086434883e+00 -1.895090058748180e-03 -9.206202698587793e-04 -1.007696107183534e+00
23 28 -1.000282114586071e+00 -1.895252741523376e-03 -9.204557893718907e-04 -1.007695750658757e+00
23 29 -1.000282172938779e+00 -1.895480787428395e-03 -9.202493374702399e-04 -1.007695159572349e+00
23 30 -1.000282259103064e+00 -1.895765208590079e-03 -9.200095923261117e-04 -1.007694357288864e+00
23 31 -1.000282369641981e+00 -1.896094783939945e-03 -9.197468248435713e-04 -1.007693375382743e+00
24 0 -1.000282330659259e+00 -1.896255990134871e-03 -9.201897635086242e-04 -1.007692744781119e+00
24 1 -1.000282475562359e+00 -1.896634208924509e-03 -9.199158517652316e-04 -1.007691529121387e+00
24 2 -1.000282629975281e+00 -1.897015731169567e-03 -9.196533017179441e-04 -1.007690262776360e+00
24 3 -1.000282788048704e+00 -1.897385780468635e-03 -9.194128066576659e-04 -1.007688994500635e+00
24 4 -1.000282943834173e+00 -1.897730138895478e-03 -9.192037706599513e-04 -1.007687772837718e+00
24 5 -1.000283091492903e+00 -1.898035691356373e-03 -9.190339272407572e-04 -1.007686644288780e+00
24 6 -1.000283225497124e+00 -1.898290910737606e-03 -9.189090904977257e-04 -1.007685651596063e+00
24 7 -1.000283340819959e+00 -1.898486268489486e-03 -9.188330394371848e-04 -1.007684832195165e+00
24 8 -1.000283433110016e+00 -1.898614559559763e-03 -9.188075237565050e-04 -1.007684216881944e+00
24 9 -1.000283498846717e+00 -1.898671134724394e-03 -9.188323699096789e-04 -1.007683828730986e+00
24 10 -1.000283535472061e+00 -1.898654037568621e-03 -9.189056592325532e-04 -1.007683682292982e+00
24 11 -1.000283541494200e+00 -1.898564047128135e-03 -9.190239461599765e-04 -1.007683783089133e+00
24 12 -1.000283516558020e+00 -1.898404629655552e-03 -9.191824861437208e-04 -1.007684127413697e+00
24 13 -1.000283461477859e+00 -1.898181804034705e-03 -9.193754500515410e-04 -1.007684702450667e+00
24 14 -1.000283378228050e+00 -1.897903925926787e-03 -9.195961120598137e-04 -1.007685486704975e+00
24 15 -1.000283269888236e+00 -1.897581396673119e-03 -9.198370083926307e-04 -1.007686450740907e+00
24 16 -1.000283140542515e+00 -1.897226304250990e-03 -9.200900737550531e-04 -1.007687558210925e+00
24 17 -1.000282995133930e+00 -1.896852004663687e-03 -9.203467710475765e-04 -1.007688767148877e+00
24 18 -1.000282839278431e+00 -1.896472653116332e-03 -9.205982365071942e-04 -1.007690031492591e+00
24 19 -1.000282679044932e+00 -1.896102695938202e-03 -9.208354638663370e-04 -1.007691302791331e+00
24 20 -1.000282520710472e+00 -1.895756336905138e-03 -9.210495458407695e-04 -1.007692532042810e+00
24 21 -1.000282370501511e+00 -1.895446994904683e-03 -9.212319806470555e-04 -1.007693671593937e+00
24 22 -1.000282234333743e+00 -1.895186772900318e-03 -9.213750381287126e-04 -1.007694677031012e+00
24 23 -1.000282117563371e+00 -1.894985960440663e-03 -9.214721664272558e-04 -1.007695508979473e+00
24 24 -1.000282024762460e+00 -1.894852593422171e-03 -9.215184072831457e-04 -1.007696134730980e+00
24 25 -1.000281959529858e+00 -1.894792095045379e-03 -9.215107781707902e-04 -1.007696529617401e+00
24 26 -1.000281924347196e+00 -1.894807020111609e-03 -9.214485754803864e-04 -1.007696678059107e+00
24 27 -1.000281920486669e+00 -1.894896920472625e-03 -9.213335565559344e-04 -1.007696574229633e+00
24 28 -1.000281947973906e+00 -1.895058342830337e-03 -9.211699689775319e-04 -1.007696222299543e+00
24 29 -1.000282005605685e+00 -1.895284962000570e-03 -9.209644110926702e-04 -1.007695636246702e+00
24 30 -1.000282091018936e+00 -1.895567844123459e-03 -9.207255263009714e-04 -1.007694839245647e+00
24 31 -1.000282200804750e+00 -1.895895826043435e-03 -9.204635524283163e-04 -1.007693862672459e+00
25 0 -1.000282175883904e+00 -1.896018638338258e-03 -9.211087808617102e-04 -1.007693268039859e+00
25 1 -1.000282320100468e+00 -1.896395358236391e-03 -9.208352881110364e-04 -1.007692057283342e+00
25 2 -1.000282473873700e+00 -1.896775421315220e-03 -9.205731002431604e-04 -1.007690795570555e+00
25 3 -1.000282631378869e+00 -1.897144106342465e-03 -9.203328977143887e-04 -1.007689531480630e+00
25 4 -1.000282786689870e+00 -1.897487247880523e-03 -9.201240741929982e-04 -1.007688313395367e+00
25 5 -1.000282933986996e+00 -1.897791778461754e-03 -9.199543555000015e-04 -1.007687187674854e+00
25 6 -1.000283067757366e+00 -1.898046211626141e-03 -9.198295508378913e-04 -1.007686196947372e+00
25 7 -1.000283182984097e+00 -1.898241050754610e-03 -9.197534372299115e-04 -1.007685378566814e+00
25 8 -1.000283275320410e+00 -1.898369112601690e-03 -9.197277655863211e-04 -1.007684763283390e+00
25 9 -1.000283341244621e+00 -1.898425758495676e-03 -9.197523670819713e-04 -1.007684374164871e+00
25 10 -1.000283378191796e+00 -1.898409030596226e-03 -9.198253313252101e-04 -1.007684225795240e+00
25 11 -1.000283384657579e+00 -1.898319694441792e-03 -9.199432242477519e-04 -1.007684323768239e+00
25 12 -1.000283360269326e+00 -1.898161191238097e-03 -9.201013155485764e-04 -1.007684664487020e+00
25 13 -1.000283305819593e+00 -1.897939504196955e-03 -9.202937927440409e-04 -1.007685235276650e+00
25 14 -1.000283223257562e+00 -1.897662943956075e-03 -9.205139487808855e-04 -1.007686014810093e+00
25 15 -1.000283115635410e+00 -1.897341859301778e-03 -9.207543402013562e-04 -1.007686973839739e+00
25 16 -1.000282987008687e+00 -1.896988280570599e-03 -9.210069224861546e-04 -1.007688076217580e+00
25 17 -1.000282842292126e+00 -1.896615503793740e-03 -9.212631784259235e-04 -1.007689280179031e+00
25 18 -1.000282687074813e+00 -1.896237624481095e-03 -9.215142621894564e-04 -1.007690539856836e+00
25 19 -1.000282527401293e+00 -1.895869031852538e-03 -9.217511828992433e-04 -1.007691806980920e+00
25 20 -1.000282369527611e+00 -1.895523877314538e-03 -9.219650457340837e-04 -1.007693032708521e+00
25 21 -1.000282219663323e+00 -1.895215534172291e-03 -9.221473578781854e-04 -1.007694169518797e+00
25 22 -1.000282083711838e+00 -1.894956068317007e-03 -9.222903939481866e-04 -1.007695173098287e+00
25 23 -1.000281967022006e+00 -1.894755741930373e-03 -9.223876022790446e-04 -1.007696004137783e+00
25 24 -1.000281874163623e+00 -1.894622573971650e-03 -9.224340204401017e-04 -1.007696629957969e+00
25 25 -1.000281808738345e+00 -1.894561981546696e-03 -9.224266579601849e-04 -1.007697025882975e+00
25 26 -1.000281773235500e+00 -1.894576524297443e-03 -9.223648000255679e-04 -1.007697176289433e+00
25 27 -1.000281768939488e+00 -1.894665769507704e-03 -9.222501898345026e-04 -1.007697075273463e+00
25 28 -1.000281795892179e+00 -1.894826289150855e-03 -9.220870583064083e-04 -1.007696726898037e+00
25 29 -1.000281852910137e+00 -1.895051792162707e-03 -9.218819854550103e-04 -1.007696145007224e+00
25 30 -1.000281937653033e+00 -1.895333386477002e-03 -9.216435958059962e-04 -1.007695352619928e+00
25 31 -1.000282046736867e+00 -1.895659956934950e-03 -9.213821087501551e-04 -1.007694380940156e+00
26 0 -1.000282041897087e+00 -1.895753464428308e-03 -9.221942410193794e-04 -1.007693802363539e+00
26 1 -1.000282185439942e+00 -1.896128766353442e-03 -9.219209981001001e-04 -1.007692596387294e+00
26 2 -1.000282338552685e+00 -1.896507367917735e-03 -9.216590923374641e-04 -1.007691339445700e+00
26 3 -1.000282495436091e+00 -1.896874603266089e-03 -9.214191949806161e-04 -1.007690079936042e+00
26 4 -1.000282650188407e+00 -1.897216362644069e-03 -9.212106894551336e-04 -1.007688866063036e+00
26 5 -1.000282797012118e+00 -1.897519632475854e-03 -9.210412900640505e-04 -1.007687744021368e+00
26 6 -1.000282930413473e+00 -1.897772976273270e-03 -9.209167932836279e-04 -1.007686756292316e+00
26 7 -1.000283045390815e+00 -1.897966941278478e-03 -9.208409630247458e-04 -1.007685940107745e+00
26 8 -1.000283137607874e+00 -1.898094379868659e-03 -9.208155379051345e-04 -1.007685326126901e+00
26 9 -1.000283203548147e+00 -1.898150679022820e-03 -9.208403384096893e-04 -1.007684937362314e+00
26 10 -1.000283240646293e+00 -1.898133895479452e-03 -9.209134451908713e-04 -1.007684788380999e+00
26 11 -1.000283247392029e+00 -1.898044797715578e-03 -9.210314170707837e-04 -1.007684884798663e+00
26 12 -1.000283223401552e+00 -1.897886817968339e-03 -9.211895191765541e-04 -1.007685223078807e+00
26 13 -1.000283169451451e+00 -1.897665918656300e-03 -9.213819379473320e-04 -1.007685790643411e+00
26 14 -1.000283087470763e+00 -1.897390378553953e-03 -9.216019690955137e-04 -1.007686566295108e+00
26 15 -1.000282980488255e+00 -1.897070505095244e-03 -9.218421751967119e-04 -1.007687520942647e+00
26 16 -1.000282852533931e+00 -1.896718279906031e-03 -9.220945201513503e-04 -1.007688618613499e+00
26 17 -1.000282708496019e+00 -1.896346945210939e-03 -9.223504970771677e-04 -1.007689817729650e+00
26 18 -1.000282553937275e+00 -1.895970539859102e-03 -9.226012722288827e-04 -1.007691072613548e+00
26 19 -1.000282394877120e+00 -1.895603395854640e-03 -9.228378681395135e-04 -1.007692335180151e+00
26 20 -1.000282237548595e+00 -1.895259609150173e-03 -9.230514037604070e-04 -1.007693556759813e+00
26 21 -1.000282088141124e+00 -1.894952501452735e-03 -9.232333993736831e-04 -1.007694689986816e+00
26 22 -1.000281952541481e+00 -1.894694092633063e-03 -9.233761414462673e-04 -1.007695690679973e+00
26 23 -1.000281836085892e+00 -1.894494605896026e-03 -9.234730887906608e-04 -1.007696519635335e+00
26 24 -1.000281743335945e+00 -1.894362029615858e-03 -9.235192879712100e-04 -1.007697144248167e+00
26 25 -1.000281677889733e+00 -1.894301759815488e-03 -9.235117556865147e-04 -1.007697539883916e+00
26 26 -1.000281642237677e+00 -1.894316345174992e-03 -9.234497820882572e-04 -1.007697690926437e+00
26 27 -1.000281637669815e+00 -1.894405352223148e-03 -9.233351130655268e-04 -1.007697591445725e+00
26 28 -1.000281664238002e+00 -1.894565362156656e-03 -9.231719802877475e-04 -1.007697245446782e+00
26 29 -1.000281720772860e+00 -1.894790102750515e-03 -9.229669630683791e-04 -1.007696666685775e+00
26 30 -1.000281804951746e+00 -1.895070709846526e-03 -9.227286840560317e-04 -1.007695878066463e+00
26 31 -1.000281913411376e+00 -1.895396104408889e-03 -9.224673594583573e-04 -1.007694910654236e+00
27 0 -1.000281933933318e+00 -1.895470551969854e-03 -9.234048218872503e-04 -1.007694327316478e+00
27 1 -1.000282076841073e+00 -1.895844571123673e-03 -9.231316502378124e-04 -1.007693125814421e+00
27 2 -1.000282229297757e+00 -1.896221764531065e-03 -9.228699371552593e-04 -1.007691873600844e+00
27 3 -1.000282385529502e+00 -1.896587519790013e-03 -9.226303484127929e-04 -1.007690618891956e+00
27 4 -1.000282539659967e+00 -1.896927783937315e-03 -9.224222571169328e-04 -1.007689409706813e+00
27 5 -1.000282685916171e+00 -1.897229601558602e-03 -9.222533623175865e-04 -1.007688292056505e+00
27 6 -1.000282818827066e+00 -1.897481593520791e-03 -9.221294407299046e-04 -1.007687308247814e+00
27 7 -1.000282933410819e+00 -1.897674361061933e-03 -9.220542330834516e-04 -1.007686495355135e+00
27 8 -1.000283025347096e+00 -1.897800804607754e-03 -9.220294526979632e-04 -1.007685883904974e+00
27 9 -1.000283091130718e+00 -1.897856351123961e-03 -9.220548936586121e-04 -1.007685496807732e+00
27 10 -1.000283128202629e+00 -1.897839087697526e-03 -9.221286099872285e-04 -1.007685348562887e+00
27 11 -1.000283135053549e+00 -1.897749802172381e-03 -9.222471349322490e-04 -1.007685444756271e+00
27 12 -1.000283111295271e+00 -1.897591934039748e-03 -9.224057108366164e-04 -1.007685781861333e+00
27 13 -1.000283057694707e+00 -1.897371440393592e-03 -9.225985055611822e-04 -1.007686347349714e+00
27 14 -1.000282976166468e+00 -1.897096582622189e-03 -9.228188009385034e-04 -1.007687120110315e+00
27 15 -1.000282869720944e+00 -1.896777639914511e-03 -9.230591503024027e-04 -1.007688071169768e+00
27 16 -1.000282742366677e+00 -1.896426556175601e-03 -9.233115131408852e-04 -1.007689164699615e+00
27 17 -1.000282598968241e+00 -1.896056527953371e-03 -9.235673834918443e-04 -1.007690359286280e+00
27 18 -1.000282445063532e+00 -1.895681542443039e-03 -9.238179339027290e-04 -1.007691609429830e+00
27 19 -1.000282286646968e+00 -1.895315876445971e-03 -9.240541976915513e-04 -1.007692867227888e+00
27 20 -1.000282129927416e+00 -1.894973569520242e-03 -9.242673078665136e-04 -1.007694084191152e+00
27 21 -1.000281981071738e+00 -1.894667887681394e-03 -9.244488013337890e-04 -1.007695213126261e+00
27 22 -1.000281845946401e+00 -1.894410797468642e-03 -9.245909835627388e-04 -1.007696210011447e+00
27 23 -1.000281729870232e+00 -1.894212472957526e-03 -9.246873343245456e-04 -1.007697035783766e+00
27 24 -1.000281637390954e+00 -1.894080859559891e-03 -9.247329220655551e-04 -1.007697657955481e+00
27 25 -1.000281572096805e+00 -1.894021318101562e-03 -9.247247851499327e-04 -1.007698051980860e+00
27 26 -1.000281536472637e+00 -1.894036370808300e-03 -9.246622345849102e-04 -1.007698202302104e+00
27 27 -1.000281531807344e+00 -1.894125567090283e-03 -9.245470362196286e-04 -1.007698103015817e+00
27 28 -1.000281558156135e+00 -1.894285480850453e-03 -9.243834406438793e-04 -1.007697758120984e+00
27 29 -1.000281614357381e+00 -1.894509842724703e-03 -9.241780445048367e-04 -1.007697181335060e+00
27 30 -1.000281698100345e+00 -1.894789801569305e-03 -9.239394853943222e-04 -1.007696395491591e+00
27 31 -1.000281806037477e+00 -1.895114301228239e-03 -9.236779912889739e-04 -1.007695431556231e+00
28 0 -1.000281856247705e+00 -1.895180712925100e-03 -9.246945581589616e-04 -1.007694822518368e+00
28 1 -1.000281998583797e+00 -1.895553634819126e-03 -9.244212743892943e-04 -1.007693625009190e+00
28 2 -1.000282150414309e+00 -1.895929528174444e-03 -9.241596562110509e-04 -1.007692377296715e+00
28 3 -1.000282305989544e+00 -1.896293829999036e-03 -9.239203675860016e-04 -1.007691127424163e+00
28 4 -1.000282459458758e+00 -1.896632543213718e-03 -9.237127713674634e-04 -1.007689923222945e+00
28 5 -1.000282605075007e+00 -1.896932772726801e-03 -9.235445483318419e-04 -1.007688810508896e+00
28 6 -1.000282737392620e+00 -1.897183201842775e-03 -9.234214495296447e-04 -1.007687831393715e+00
28 7 -1.000282851453344e+00 -1.897374493719212e-03 -9.233471834250733e-04 -1.007687022765345e+00
28 8 -1.000282942957633e+00 -1.897499607506427e-03 -9.233234255734466e-04 -1.007686414980576e+00
28 9 -1.000283008417468e+00 -1.897554023217102e-03 -9.233499283954432e-04 -1.007686030803904e+00
28 10 -1.000283045286612e+00 -1.897535872993378e-03 -9.234247024801363e-04 -1.007685884618973e+00
28 11 -1.000283052063619e+00 -1.897445979586376e-03 -9.235442382582353e-04 -1.007685981931467e+00
28 12 -1.000283028362708e+00 -1.897287805578938e-03 -9.237037379746632e-04 -1.007686319174293e+00
28 13 -1.000282974947789e+00 -1.897067318572959e-03 -9.238973335900582e-04 -1.007686883819148e+00
28 14 -1.000282893725398e+00 -1.896792777965497e-03 -9.241182762948562e-04 -1.007687654793844e+00
28 15 -1.000282787693316e+00 -1.896474448925386e-03 -9.243590951704557e-04 -1.007688603199844e+00
28 16 -1.000282660843503e+00 -1.896124249918007e-03 -9.246117330852600e-04 -1.007689693316208e+00
28 17 -1.000282518020626e+00 -1.895755341660828e-03 -9.248676758371980e-04 -1.007690883865248e+00
28 18 -1.000282364740184e+00 -1.895381666870498e-03 -9.251180958585297e-04 -1.007692129505130e+00
28 19 -1.000282206972700e+00 -1.895017451416736e-03 -9.253540335729855e-04 -1.007693382506542e+00
28 20 -1.000282050902597e+00 -1.894676679550569e-03 -9.255666356170878e-04 -1.007694594561468e+00
28 21 -1.000281902672552e+00 -1.894372559398467e-03 -9.257474588231924e-04 -1.007695718660259e+00
28 22 -1.000281768125839e+00 -1.894116998891040e-03 -9.258888344859013e-04 -1.007696710961484e+00
28 23 -1.000281652559834e+00 -1.893920114951187e-03 -9.259842729038049e-04 -1.007697532572738e+00
28 24 -1.000281560503304e+00 -1.893789799498505e-03 -9.260288760835985e-04 -1.007698151160731e+00
28 25 -1.000281495528712e+00 -1.893731365334472e-03 -9.260197177274905e-04 -1.007698542312887e+00
28 26 -1.000281460108864e+00 -1.893747293526285e-03 -9.259561453943748e-04 -1.007698690579168e+00
28 27 -1.000281455524755e+00 -1.893837100476001e-03 -9.258399621623360e-04 -1.007698590134853e+00
28 28 -1.000281481828104e+00 -1.893997336479580e-03 -9.256754553385770e-04 -1.007698245025373e+00
28 29 -1.000281537858363e+00 -1.894221718941090e-03 -9.254692561045399e-04 -1.007697668980430e+00
28 30 -1.000281621310488e+00 -1.894501394406926e-03 -9.252300329445640e-04 -1.007696884810932e+00
28 31 -1.000281728847202e+00 -1.894825315596908e-03 -9.249680401201656e-04 -1.007695923425010e+00
29 0 -1.000281811936122e+00 -1.894895080930988e-03 -9.260145235313288e-04 -1.007695268459803e+00
29 1 -1.000281953786635e+00 -1.895267135082545e-03 -9.257409444875411e-04 -1.007694074303088e+00
29 2 -1.000282105045459e+00 -1.895641888049994e-03 -9.254793161713661e-04 -1.007692830687104e+00
29 3 -1.000282259984950e+00 -1.896004820164863e-03 -9.252403047466739e-04 -1.007691585497209e+00
29 4 -1.000282412779200e+00 -1.896341987169898e-03 -9.250332638231621e-04 -1.007690386382247e+00
29 5 -1.000282557707781e+00 -1.896640554163522e-03 -9.248658539052430e-04 -1.007689278958502e+00
29 6 -1.000282689352059e+00 -1.896889269600554e-03 -9.247437951907578e-04 -1.007688305129512e+00
29 7 -1.000282802780271e+00 -1.897078864203846e-03 -9.246707554028827e-04 -1.007687501574714e+00
29 8 -1.000282893717825e+00 -1.897202364392153e-03 -9.246483609559412e-04 -1.007686898450293e+00
29 9 -1.000282958699092e+00 -1.897255314215717e-03 -9.246763091825666e-04 -1.007686518336615e+00
29 10 -1.000282995196593e+00 -1.897235903641112e-03 -9.247525525515507e-04 -1.007686375458224e+00
29 11 -1.000283001723115e+00 -1.897145004411498e-03 -9.248735230343928e-04 -1.007686475193911e+00
29 12 -1.000282977902056e+00 -1.896986117347819e-03 -9.250343663394004e-04 -1.007686813886661e+00
29 13 -1.000282924501249e+00 -1.896765236312853e-03 -9.252291619414130e-04 -1.007687378957637e+00
29 14 -1.000282843425911e+00 -1.896490634255581e-03 -9.254511148289341e-04 -1.007688149324329e+00
29 15 -1.000282737667414e+00 -1.896172576858240e-03 -9.256927162497157e-04 -1.007689096117645e+00
29 16 -1.000282611206556e+00 -1.895822970243679e-03 -9.259458810273630e-04 -1.007690183683943e+00
29 17 -1.000282468872614e+00 -1.895454950703332e-03 -9.262020772604476e-04 -1.007691370847260e+00
29 18 -1.000282316162138e+00 -1.895082425678914e-03 -9.264524700415078e-04 -1.007692612397451e+00
29 19 -1.000282159023867e+00 -1.894719576414111e-03 -9.266881027297971e-04 -1.007693860761761e+00
29 20 -1.000282003618420e+00 -1.894380334888470e-03 -9.269001350493376e-04 -1.007695067807835e+00
29 21 -1.000281856063535e+00 -1.894077851280102e-03 -9.270801465767532e-04 -1.007696186714247e+00
29 22 -1.000281722177284e+00 -1.893823972079699e-03 -9.272204998941758e-04 -1.007697173833464e+00
29 23 -1.000281607232419e+00 -1.893628751484169e-03 -9.273147436139036e-04 -1.007697990466043e+00
29 24 -1.000281515734462e+00 -1.893500019474471e-03 -9.273580236439164e-04 -1.007698604464540e+00
29 25 -1.000281451234820e+00 -1.893443029680385e-03 -9.273474620231804e-04 -1.007698991588993e+00
29 26 -1.000281416188222e+00 -1.893460208762830e-03 -9.272824579140848e-04 -1.007699136542529e+00
29 27 -1.000281411861225e+00 -1.893551025482461e-03 -9.271648676400843e-04 -1.007699033628276e+00
29 28 -1.000281438295284e+00 -1.893711991096824e-03 -9.269990312966176e-04 -1.007698686989191e+00
29 29 -1.000281494324200e+00 -1.893936794105845e-03 -9.267916302899222e-04 -1.007698110418169e+00
29 30 -1.000281577642260e+00 -1.894216563475619e-03 -9.265513790746903e-04 -1.007697326751898e+00
29 31 -1.000281684916664e+00 -1.894540246525115e-03 -9.262885722496171e-04 -1.007696366884952e+00
30 0 -1.000281802799203e+00 -1.894624683917034e-03 -9.273146136857819e-04 -1.007695647325693e+00
30 1 -1.000281944269652e+00 -1.894996135435812e-03 -9.270405618645194e-04 -1.007694455745562e+00
30 2 -1.000282095034021e+00 -1.895369953750345e-03 -9.267788132785637e-04 -1.007693215657452e+00
30 3 -1.000282249383722e+00 -1.895731654555368e-03 -9.265400409260060e-04 -1.007691974810555e+00
30 4 -1.000282401515845e+00 -1.896067341099854e-03 -9.263335911315345e-04 -1.007690780683933e+00
30 5 -1.000282545735868e+00 -1.896364236191319e-03 -9.261671028468779e-04 -1.007689678697916e+00
30 6 -1.000282676652884e+00 -1.896611153848717e-03 -9.260462608186892e-04 -1.007688710542238e+00
30 7 -1.000282789363646e+00 -1.896798895619022e-03 -9.259746846855840e-04 -1.007687912673122e+00
30 8 -1.000282879621758e+00 -1.896920561083351e-03 -9.259539424383725e-04 -1.007687315023075e+00
30 9 -1.000282943988223e+00 -1.896971766558191e-03 -9.259836655465457e-04 -1.007686939958073e+00
30 10 -1.000282979959404e+00 -1.896950770180472e-03 -9.260617360527061e-04 -1.007686801507043e+00
30 11 -1.000282986068173e+00 -1.896858505000461e-03 -9.261845136318661e-04 -1.007686904879756e+00
30 12 -1.000282961953610e+00 -1.896698524008063e-03 -9.263470727090706e-04 -1.007687246282627e+00
30 13 -1.000282908394327e+00 -1.896476862155848e-03 -9.265434257585655e-04 -1.007687813037297e+00
30 14 -1.000282827301024e+00 -1.896201820850447e-03 -9.267667181865989e-04 -1.007688584002237e+00
30 15 -1.000282721665075e+00 -1.895883680729702e-03 -9.270093913136662e-04 -1.007689530291347e+00
30 16 -1.000282595461971e+00 -1.895534349269128e-03 -9.272633209244491e-04 -1.007690616275198e+00
30 17 -1.000282453510758e+00 -1.895166950856161e-03 -9.275199478354370e-04 -1.007691800841207e+00
30 18 -1.000282301293241e+00 -1.894795368266847e-03 -9.277704225907409e-04 -1.007693038879426e+00
30 19 -1.000282144739360e+00 -1.894433746119225e-03 -9.280057874634968e-04 -1.007694282951043e+00
30 20 -1.000281989987528e+00 -1.894095969273350e-03 -9.282172143511382e-04 -1.007695485086438e+00
30 21 -1.000281843130776e+00 -1.893795132380745e-03 -9.283963070918443e-04 -1.007696598648938e+00
30 22 -1.000281709960956e+00 -1.893543020213373e-03 -9.285354631895644e-04 -1.007697580190683e+00
30 23 -1.000281595723982e+00 -1.893349621056326e-03 -9.286282757293655e-04 -1.007698391220405e+00
30 24 -1.000281504898758e+00 -1.893222696750292e-03 -9.286699436276473e-04 -1.007698999801018e+00
30 25 -1.000281441011191e+00 -1.893167432831760e-03 -9.286576489170403e-04 -1.007699381897910e+00
30 26 -1.000281406492584e+00 -1.893186190478717e-03 -9.285908554614745e-04 -1.007699522406689e+00
30 27 -1.000281402589045e+00 -1.893278378088730e-03 -9.284714864285115e-04 -1.007699415802601e+00
30 28 -1.000281429325379e+00 -1.893440453925879e-03 -9.283039485463047e-04 -1.007699066373689e+00
30 29 -1.000281485523256e+00 -1.893666062917114e-03 -9.280949875534690e-04 -1.007698488024769e+00
30 30 -1.000281568869938e+00 -1.893946301738032e-03 -9.278533778359613e-04 -1.007697703665902e+00
30 31 -1.000281676031050e+00 -1.894270098158117e-03 -9.275894672358031e-04 -1.007696744222842e+00
31 0 -1.000281829258152e+00 -1.894380012530201e-03 -9.285453763422611e-04 -1.007695943783239e+00
31 1 -1.000281970469509e+00 -1.894751152012127e-03 -9.282706860964045e-04 -1.007694753897972e+00
31 2 -1.000282120836590e+00 -1.895124279734718e-03 -9.280087059442529e-04 -1.007693516626285e+00
31 3 -1.000282274666052e+00 -1.895484937308013e-03 -9.277701204224334e-04 -1.007692279608553e+00
31 4 -1.000282426175138e+00 -1.895819268179540e-03 -9.275642706794885e-04 -1.007691090174112e+00
31 5 -1.000282569693612e+00 -1.896114548151408e-03 -9.273987733493640e-04 -1.007689993558642e+00
31 6 -1.000282699858026e+00 -1.896359654804228e-03 -9.272792744860572e-04 -1.007689031240217e+00
31 7 -1.000282811794603e+00 -1.896545461027877e-03 -9.272093405801472e-04 -1.007688239445595e+00
31 8 -1.000282901287176e+00 -1.896665142425372e-03 -9.271904746076599e-04 -1.007687647869827e+00
31 9 -1.000282964926452e+00 -1.896714392831800e-03 -9.272222339064939e-04 -1.007687278643238e+00
31 10 -1.000283000236802e+00 -1.896691546312607e-03 -9.273024200871342e-04 -1.007687145570154e+00
31 11 -1.000283005776383e+00 -1.896597607317777e-03 -9.274273092777913e-04 -1.007687253655206e+00
31 12 -1.000282981205907e+00 -1.896436192907610e-03 -9.275918929698200e-04 -1.007687598926738e+00
31 13 -1.000282927321157e+00 -1.896213392224107e-03 -9.277901051670878e-04 -1.007688168562050e+00
31 14 -1.000282846044857e+00 -1.895937548957632e-03 -9.280150204815991e-04 -1.007688941314124e+00
31 15 -1.000282740374882e+00 -1.895618972830558e-03 -9.282590193633143e-04 -1.007689888233300e+00
31 16 -1.000282614287592e+00 -1.895269586530261e-03 -9.285139283626507e-04 -1.007690973669741e+00
31 17 -1.000282472597356e+00 -1.894902515444360e-03 -9.287711524327515e-04 -1.007692156533697e+00
31 18 -1.000282320775935e+00 -1.894531629067610e-03 -9.290218212377874e-04 -1.007693391780596e+00
31 19 -1.000282164738153e+00 -1.894171044912519e-03 -9.292569719028602e-04 -1.007694632077476e+00
31 20 -1.000282010602777e+00 -1.893834608101215e-03 -9.294677864223994e-04 -1.007695829597042e+00
31 21 -1.000281864439460e+00 -1.893535362652848e-03 -9.296458928038527e-04 -1.007696937875818e+00
31 22 -1.000281732013871e+00 -1.893285033694761e-03 -9.297837257553982e-04 -1.007697913663719e+00
31 23 -1.000281618543867e+00 -1.893093542739539e-03 -9.298749277780612e-04 -1.007698718685359e+00
31 24 -1.000281528479346e+00 -1.892968579840160e-03 -9.299147581108344e-04 -1.007699321230600e+00
31 25 -1.000281465317240e+00 -1.892915256275172e-03 -9.299004677337672e-04 -1.007699697494790e+00
31 26 -1.000281431461000e+00 -1.892935859328402e-03 -9.298315951985145e-04 -1.007699832597754e+00
31 27 -1.000281428131122e+00 -1.893029726669258e-03 -9.297101413688400e-04 -1.007699721224467e+00
31 28 -1.000281455330073e+00 -1.893193251634324e-03 -9.295405913150421e-04 -1.007699367849863e+00
31 29 -1.000281511861374e+00 -1.893420022556860e-03 -9.293297673204344e-04 -1.007698786534956e+00
31 30 -1.000281595399078e+00 -1.893701090248725e-03 -9.290865156194126e-04 -1.007698000308313e+00
31 31 -1.000281702601097e+00 -1.894025349343140e-03 -9.288212481167086e-04 -1.007697040171207e+00
