9.326548084613851e-07
1.000000000000000e-12
1.000000000000000e-17
3.539464694306032e-01
1.942814315197210e-01
-5.627896835384683e-02
-1.500017464083440e+00
1.901109735892602e-07
32
32
-1.081402109743542e-03
1
0 0 -1.000281687274209e+00 -1.893912515525025e-03 -9.303551971665083e-04 -1.007696990239750e+00
0 1 -1.000281851379860e+00 -1.894344999927974e-03 -9.300321973829067e-04 -1.007695605137764e+00
0 2 -1.000282025963013e+00 -1.894779221604250e-03 -9.297250836855489e-04 -1.007694166245183e+00
0 3 -1.000282204431503e+00 -1.895198331336134e-03 -9.294464986241157e-04 -1.007692728979698e+00
0 4 -1.000282380103990e+00 -1.895586229128307e-03 -9.292073810958393e-04 -1.007691348282140e+00
0 5 -1.000282546438936e+00 -1.895928179965853e-03 -9.290165169955390e-04 -1.007690076555249e+00
0 6 -1.000282697253495e+00 -1.896211353045535e-03 -9.288802664824294e-04 -1.007688961752329e+00
0 7 -1.000282826928987e+00 -1.896425268104853e-03 -9.288024671615497e-04 -1.007688045673261e+00
0 8 -1.000282930599928e+00 -1.896562138515738e-03 -9.287844942384234e-04 -1.007687362513242e+00
0 9 -1.000283004323373e+00 -1.896617106426232e-03 -9.288254454607674e-04 -1.007686937697836e+00
0 10 -1.000283045224774e+00 -1.896588370070542e-03 -9.289224107182149e-04 -1.007686787027292e+00
0 11 -1.000283051615565e+00 -1.896477206958492e-03 -9.290707830045312e-04 -1.007686916145351e+00
0 12 -1.000283023076559e+00 -1.896287898761404e-03 -9.292645695715920e-04 -1.007687320342525e+00
0 13 -1.000282960500778e+00 -1.896027564590763e-03 -9.294966704090923e-04 -1.007687984699438e+00
0 14 -1.000282866089862e+00 -1.895705909551495e-03 -9.297591047724686e-04 -1.007688884570473e+00
0 15 -1.000282743299683e+00 -1.895334895354254e-03 -9.300431823669149e-04 -1.007689986401536e+00
0 16 -1.000282596732921e+00 -1.894928339657442e-03 -9.303396309031588e-04 -1.007691248868505e+00
0 17 -1.000282431979034e+00 -1.894501451076016e-03 -9.306387042572919e-04 -1.007692624314128e+00
0 18 -1.000282255405448e+00 -1.894070307970568e-03 -9.309303039184546e-04 -1.007694060449986e+00
0 19 -1.000282073907339e+00 -1.893651291495259e-03 -9.312041486049958e-04 -1.007695502276866e+00
0 20 -1.000281894626663e+00 -1.893260486731093e-03 -9.314500210419519e-04 -1.007696894163338e+00
0 21 -1.000281724653428e+00 -1.892913069632358e-03 -9.316581073632466e-04 -1.007698182009862e+00
0 22 -1.000281570723841e+00 -1.892622701641879e-03 -9.318194261608508e-04 -1.007699315414440e+00
0 23 -1.000281438930902e+00 -1.892400957818123e-03 -9.319263241281220e-04 -1.007700249746166e+00
0 24 -1.000281334463091e+00 -1.892256817377597e-03 -9.319729964614666e-04 -1.007700948027013e+00
0 25 -1.000281261385449e+00 -1.892196246542254e-03 -9.319559759396983e-04 -1.007701382522953e+00
0 26 -1.000281222474677e+00 -1.892221901572478e-03 -9.318745285303285e-04 -1.007701535954900e+00
0 27 -1.000281219116217e+00 -1.892332974635629e-03 -9.317308977386133e-04 -1.007701402257894e+00
0 28 -1.000281251267052e+00 -1.892525197095689e-03 -9.315303540344978e-04 -1.007700986842302e+00
0 29 -1.000281317483555e+00 -1.892791004630845e-03 -9.312810267048958e-04 -1.007700306341585e+00
0 30 -1.000281415009304e+00 -1.893119857335548e-03 -9.309935202451424e-04 -1.007699387864211e+00
0 31 -1.000281539914216e+00 -1.893498697089551e-03 -9.306803428845955e-04 -1.007698267798044e+00
1 0 -1.000281797272671e+00 -1.893720500492149e-03 -9.314695654875559e-04 -1.007697099790114e+00
1 1 -1.000281961391155e+00 -1.894153391581697e-03 -9.311453318505814e-04 -1.007695714363535e+00
1 2 -1.000282135755898e+00 -1.894587436316091e-03 -9.308376241726507e-04 -1.007694276962455e+00
1 3 -1.000282313783138e+00 -1.895005792308364e-03 -9.305591104041359e-04 -1.007692842943424e+00
1 4 -1.000282488808614e+00 -1.895392389169195e-03 -9.303207282717650e-04 -1.007691467117430e+00
1 5 -1.000282654315913e+00 -1.895732543118836e-03 -9.301312359221807e-04 -1.007690201694045e+00
1 6 -1.000282804154296e+00 -1.896013494057573e-03 -9.299969402623678e-04 -1.007689094378484e+00
1 7 -1.000282932742791e+00 -1.896224848772857e-03 -9.299216021857614e-04 -1.007688186678668e+00
1 8 -1.000283035257717e+00 -1.896358920344983e-03 -9.299064997701099e-04 -1.007687512466162e+00
1 9 -1.000283107800519e+00 -1.896410959381798e-03 -9.299506173090039e-04 -1.007687096823402e+00
1 10 -1.000283147542007e+00 -1.896379277197836e-03 -9.300509198921137e-04 -1.007686955200439e+00
1 11 -1.000283152838171e+00 -1.896265264563577e-03 -9.302026697876168e-04 -1.007687092896874e+00
1 12 -1.000283123311787e+00 -1.896073312080801e-03 -9.303997429422454e-04 -1.007687504878344e+00
1 13 -1.000283059893651e+00 -1.895810639318422e-03 -9.306349125118157e-04 -1.007688175931787e+00
1 14 -1.000282964817625e+00 -1.895487039773046e-03 -9.309000802347682e-04 -1.007689081159266e+00
1 15 -1.000282841565037e+00 -1.895114548322504e-03 -9.311864522487615e-04 -1.007690186804678e+00
1 16 -1.000282694756210e+00 -1.894707037859780e-03 -9.314846706574261e-04 -1.007691451399843e+00
1 17 -1.000282529989733e+00 -1.894279752365024e-03 -9.317849245618689e-04 -1.007692827206719e+00
1 18 -1.000282353633398e+00 -1.893848784738012e-03 -9.320770731832537e-04 -1.007694261921643e+00
1 19 -1.000282172574108e+00 -1.893430509623161e-03 -9.323508164180613e-04 -1.007695700595716e+00
1 20 -1.000281993937206e+00 -1.893040984687798e-03 -9.325959421883870e-04 -1.007697087712276e+00
1 21 -1.000281824788242e+00 -1.892695338152817e-03 -9.328026658345259e-04 -1.007698369348476e+00
1 22 -1.000281671831944e+00 -1.892407164860703e-03 -9.329620580735439e-04 -1.007699495335650e+00
1 23 -1.000281541124020e+00 -1.892187956887474e-03 -9.330665383957972e-04 -1.007700421324325e+00
1 24 -1.000281437811321e+00 -1.892046597257451e-03 -9.331103925631169e-04 -1.007701110655288e+00
1 25 -1.000281365914512e+00 -1.891988946273172e-03 -9.330902586049826e-04 -1.007701535938850e+00
1 26 -1.000281328164861e+00 -1.892017548362704e-03 -9.330055190963772e-04 -1.007701680252767e+00
1 27 -1.000281325903097e+00 -1.892131482247887e-03 -9.328585415686046e-04 -1.007701537886974e+00
1 28 -1.000281359043985e+00 -1.892326368802181e-03 -9.326547233517630e-04 -1.007701114589894e+00
1 29 -1.000281426105787e+00 -1.892594540502572e-03 -9.324023186374101e-04 -1.007700427302536e+00
1 30 -1.000281524299482e+00 -1.892925365388373e-03 -9.321120503172939e-04 -1.007699503398647e+00
1 31 -1.000281649669148e+00 -1.893305707968514e-03 -9.317965342236306e-04 -1.007698379478691e+00
2 0 -1.000281940764466e+00 -1.893586857543725e-03 -9.323553950492532e-04 -1.007697083748261e+00
2 1 -1.000282105084444e+00 -1.894020561555372e-03 -9.320298031793437e-04 -1.007695696651990e+00
2 2 -1.000282279411578e+00 -1.894454836857523e-03 -9.317213804695572e-04 -1.007694259432815e+00
2 3 -1.000282457163619e+00 -1.894872832610936e-03 -9.314428241842691e-04 -1.007692827435483e+00
2 4 -1.000282631686952e+00 -1.895258493064269e-03 -9.312050748556007e-04 -1.007691455387870e+00
2 5 -1.000282796484471e+00 -1.895597171451267e-03 -9.310168666892815e-04 -1.007690195349343e+00
2 6 -1.000282945432591e+00 -1.895876165436131e-03 -9.308844566525979e-04 -1.007689094814655e+00
2 7 -1.000283072984325e+00 -1.896085157927691e-03 -9.308115315790566e-04 -1.007688195029680e+00
2 8 -1.000283174355614e+00 -1.896216553487906e-03 -9.307992744546458e-04 -1.007687529562320e+00
2 9 -1.000283245691715e+00 -1.896265706034814e-03 -9.308465575887022e-04 -1.007687123160943e+00
2 10 -1.000283284209770e+00 -1.896231038000002e-03 -9.309502219954690e-04 -1.007686990923595e+00
2 11 -1.000283288312790e+00 -1.896114054729306e-03 -9.311053988412851e-04 -1.007687137793172e+00
2 12 -1.000283257669474e+00 -1.895919260436579e-03 -9.313058311014851e-04 -1.007687558387145e+00
2 13 -1.000283193253688e+00 -1.895653983034238e-03 -9.315441623516208e-04 -1.007688237165591e+00
2 14 -1.000283097337814e+00 -1.895328115010814e-03 -9.318121733759650e-04 -1.007689148937180e+00
2 15 -1.000282973435572e+00 -1.894953777187094e-03 -9.321009627409605e-04 -1.007690259696892e+00
2 16 -1.000282826192267e+00 -1.894544912277922e-03 -9.324010821589732e-04 -1.007691527781189e+00
2 17 -1.000282661223181e+00 -1.894116815629499e-03 -9.327026503075121e-04 -1.007692905316973e+00
2 18 -1.000282484903958e+00 -1.893685611324045e-03 -9.329954781028938e-04 -1.007694339930644e+00
2 19 -1.000282304120186e+00 -1.893267683733621e-03 -9.332692410066589e-04 -1.007695776671880e+00
2 20 -1.000282125986677e+00 -1.892879078107587e-03 -9.335137274290752e-04 -1.007697160092599e+00
2 21 -1.000281957549568e+00 -1.892534888315416e-03 -9.337191779762704e-04 -1.007698436407130e+00
2 22 -1.000281805486078e+00 -1.892248654172112e-03 -9.338767120208317e-04 -1.007699555647840e+00
2 23 -1.000281675817442e+00 -1.892031794155199e-03 -9.339788189805427e-04 -1.007700473722663e+00
2 24 -1.000281573650420e+00 -1.891893101811190e-03 -9.340198734262985e-04 -1.007701154276602e+00
2 25 -1.000281502961504e+00 -1.891838335333428e-03 -9.339966183112498e-04 -1.007701570259475e+00
2 26 -1.000281466435443e+00 -1.891869928295107e-03 -9.339085537071375e-04 -1.007701705110272e+00
2 27 -1.000281465365941e+00 -1.891986844205496e-03 -9.337581728582364e-04 -1.007701553487014e+00
2 28 -1.000281499622057e+00 -1.892184588882522e-03 -9.335510023147618e-04 -1.007701121498168e+00
2 29 -1.000281567679356e+00 -1.892455384257666e-03 -9.332954243861131e-04 -1.007700426422708e+00
2 30 -1.000281666710696e+00 -1.892788496515964e-03 -9.330022844656416e-04 -1.007699495937152e+00
2 31 -1.000281792728051e+00 -1.893170701062356e-03 -9.326843105990845e-04 -1.007698366897368e+00
3 0 -1.000282112118803e+00 -1.893516868649462e-03 -9.329781090738087e-04 -1.007696942597781e+00
3 1 -1.000282276821541e+00 -1.893951761184032e-03 -9.326510859667483e-04 -1.007695552549178e+00
3 2 -1.000282451293901e+00 -1.894386666809919e-03 -9.323418521657404e-04 -1.007694114191946e+00
3 3 -1.000282628948133e+00 -1.894804711167013e-03 -9.320631374421807e-04 -1.007692682909071e+00
3 4 -1.000282803134296e+00 -1.895189837455582e-03 -9.318258892222514e-04 -1.007691313395846e+00
3 5 -1.000282967367905e+00 -1.895527420111444e-03 -9.316388225500114e-04 -1.007690057610878e+00
3 6 -1.000283115546518e+00 -1.895804799317214e-03 -9.315081497975680e-04 -1.007688962884470e+00
3 7 -1.000283242152170e+00 -1.896011720277531e-03 -9.314374895617062e-04 -1.007688070240226e+00
3 8 -1.000283342436749e+00 -1.896140667339050e-03 -9.314279358763922e-04 -1.007687412973781e+00
3 9 -1.000283412587031e+00 -1.896187088571774e-03 -9.314782551682073e-04 -1.007687015521452e+00
3 10 -1.000283449865624e+00 -1.896149511200313e-03 -9.315851699264006e-04 -1.007686892641344e+00
3 11 -1.000283452723236e+00 -1.896029551998546e-03 -9.317436848057462e-04 -1.007687048921021e+00
3 12 -1.000283420876704e+00 -1.895831829056170e-03 -9.319474133724364e-04 -1.007687478620056e+00
3 13 -1.000283355346564e+00 -1.895563782223111e-03 -9.321888722854895e-04 -1.007688165851521e+00
3 14 -1.000283258448440e+00 -1.895235409622482e-03 -9.324597230464678e-04 -1.007689085101415e+00
3 15 -1.000283133734106e+00 -1.894858927488769e-03 -9.327509568966432e-04 -1.007690202078493e+00
3 16 -1.000282985880310e+00 -1.894448360443091e-03 -9.330530336630146e-04 -1.007691474879470e+00
3 17 -1.000282820526051e+00 -1.894019069356122e-03 -9.333559986470935e-04 -1.007692855446602e+00
3 18 -1.000282644062004e+00 -1.893587224805541e-03 -9.336496107250824e-04 -1.007694291284625e+00
3 19 -1.000282463379376e+00 -1.893169236480365e-03 -9.339235167769912e-04 -1.007695727390810e+00
3 20 -1.000282285588884e+00 -1.892781152601594e-03 -9.341675009406465e-04 -1.007697108337053e+00
3 21 -1.000282117723100e+00 -1.892438047613044e-03 -9.343718234807356e-04 -1.007698380429508e+00
3 22 -1.000281966436860e+00 -1.892153420283496e-03 -9.345276463252745e-04 -1.007699493860842e+00
3 23 -1.000281837721112e+00 -1.891938627822464e-03 -9.346275229915286e-04 -1.007700404762160e+00
3 24 -1.000281736645606e+00 -1.891802384459190e-03 -9.346659117471227e-04 -1.007701077056273e+00
3 25 -1.000281667144587e+00 -1.891750354127922e-03 -9.346396559090198e-04 -1.007701484014156e+00
3 26 -1.000281631857036e+00 -1.891784865012863e-03 -9.345483687890325e-04 -1.007701609425866e+00
3 27 -1.000281632029164e+00 -1.891904768181045e-03 -9.343946656159450e-04 -1.007701448316321e+00
3 28 -1.000281667482574e+00 -1.892105454122478e-03 -9.341841994819246e-04 -1.007701007162599e+00
3 29 -1.000281736647146e+00 -1.892379030939169e-03 -9.339254793702915e-04 -1.007700303599563e+00
3 30 -1.000281836653543e+00 -1.892714657074791e-03 -9.336294726020302e-04 -1.007699365632352e+00
3 31 -1.000281963476627e+00 -1.893099010710885e-03 -9.333090192868556e-04 -1.007698230404759e+00
4 0 -1.000282304607474e+00 -1.893513308720429e-03 -9.333130153332259e-04 -1.007696682038298e+00
4 1 -1.000282469859353e+00 -1.893949718886184e-03 -9.329845455220165e-04 -1.007695287870868e+00
4 2 -1.000282644654192e+00 -1.894385629917338e-03 -9.326744369086486e-04 -1.007693847100676e+00
4 3 -1.000282822391845e+00 -1.894804129683590e-03 -9.323954538140546e-04 -1.007692415197856e+00
4 4 -1.000282996418818e+00 -1.895189144559597e-03 -9.321585542804961e-04 -1.007691046877505e+00
4 5 -1.000283160256112e+00 -1.895526053559432e-03 -9.319724396445999e-04 -1.007689794050817e+00
4 6 -1.000283307815716e+00 -1.895802222659854e-03 -9.318432849323001e-04 -1.007688703935349e+00
4 7 -1.000283433602674e+00 -1.896007443257138e-03 -9.317746493049542e-04 -1.007687817380252e+00
4 8 -1.000283532899700e+00 -1.896134264672479e-03 -9.317675476118268e-04 -1.007687167450948e+00
4 9 -1.000283601931114e+00 -1.896178216254868e-03 -9.318206504786089e-04 -1.007686778306176e+00
4 10 -1.000283638002393e+00 -1.896137919650165e-03 -9.319305718487493e-04 -1.007686664389397e+00
4 11 -1.000283639610813e+00 -1.896015095588595e-03 -9.320921995630947e-04 -1.007686829947991e+00
4 12 -1.000283606521645e+00 -1.895814471711385e-03 -9.322990269586182e-04 -1.007687268888330e+00
4 13 -1.000283539803754e+00 -1.895543598835547e-03 -9.325434518994198e-04 -1.007687964970540e+00
4 14 -1.000283441819023e+00 -1.895212583275404e-03 -9.328170229713243e-04 -1.007688892341239e+00
4 15 -1.000283316161582e+00 -1.894833742711742e-03 -9.331106283023428e-04 -1.007690016395911e+00
4 16 -1.000283167545010e+00 -1.894421192741524e-03 -9.334146380275433e-04 -1.007691294955803e+00
4 17 -1.000283001638112e+00 -1.893990371174490e-03 -9.337190246122974e-04 -1.007692679736589e+00
4 18 -1.000282824853059e+00 -1.893557508231003e-03 -9.340134938427542e-04 -1.007694118075362e+00
4 19 -1.000282644093308e+00 -1.893139053405249e-03 -9.342876610563718e-04 -1.007695554868426e+00
4 20 -1.000282466472129e+00 -1.892751073349656e-03 -9.345313010483485e-04 -1.007696934657809e+00
4 21 -1.000282299014977e+00 -1.892408638936732e-03 -9.347346869550403e-04 -1.007698203792143e+00
4 22 -1.000282148360292e+00 -1.892125223424991e-03 -9.348890155384581e-04 -1.007699312577563e+00
4 23 -1.000282020474059e+00 -1.891912137387725e-03 -9.349868962891962e-04 -1.007700217325618e+00
4 24 -1.000281920393536e+00 -1.891778029085830e-03 -9.350228626517965e-04 -1.007700882199318e+00
4 25 -1.000281852014317e+00 -1.891728479898035e-03 -9.349938493203882e-04 -1.007701280759401e+00
4 26 -1.000281817932155e+00 -1.891765722182939e-03 -9.348995737622656e-04 -1.007701397123253e+00
4 27 -1.000281819347107e+00 -1.891888501497130e-03 -9.347427647121079e-04 -1.007701226667887e+00
4 28 -1.000281856033379e+00 -1.892092097059168e-03 -9.345291943651142e-04 -1.007700776233629e+00
4 29 -1.000281926373953e+00 -1.892368504354779e-03 -9.342674918445983e-04 -1.007700063815105e+00
4 30 -1.000282027454862e+00 -1.892706772558374e-03 -9.339687404724689e-04 -1.007699117758802e+00
4 31 -1.000282155210303e+00 -1.893093478368899e-03 -9.336458872348473e-04 -1.007697975517699e+00
5 0 -1.000282510685054e+00 -1.893576325555714e-03 -9.333463717344578e-04 -1.007696312725786e+00
5 1 -1.000282676630646e+00 -1.894014522011060e-03 -9.330165012633759e-04 -1.007694913437848e+00
5 2 -1.000282851912144e+00 -1.894451772898060e-03 -9.327054925162535e-04 -1.007693469078558e+00
5 3 -1.000283029910559e+00 -1.894871115515030e-03 -9.324261448405140e-04 -1.007692035250868e+00
5 4 -1.000283203961815e+00 -1.895256444320126e-03 -9.321894301147134e-04 -1.007690666741157e+00
5 5 -1.000283367585153e+00 -1.895593126276984e-03 -9.320040420129365e-04 -1.007689415467723e+00
5 6 -1.000283514699824e+00 -1.895868535663103e-03 -9.318761269742836e-04 -1.007688328590629e+00
5 7 -1.000283639826972e+00 -1.896072492296381e-03 -9.318091957482504e-04 -1.007687446838807e+00
5 8 -1.000283738273787e+00 -1.896197593130967e-03 -9.318041966190005e-04 -1.007686803098585e+00
5 9 -1.000283806296699e+00 -1.896239432720601e-03 -9.318597180681679e-04 -1.007686421296597e+00
5 10 -1.000283841239799e+00 -1.896196713048389e-03 -9.319722798729119e-04 -1.007686315599352e+00
5 11 -1.000283841643939e+00 -1.896071247182768e-03 -9.321366677998177e-04 -1.007686489942790e+00
5 12 -1.000283807321137e+00 -1.895867863587353e-03 -9.323462692846367e-04 -1.007686937899027e+00
5 13 -1.000283739388332e+00 -1.895594218737121e-03 -9.325933762681813e-04 -1.007687642883165e+00
5 14 -1.000283640254968e+00 -1.895260525646937e-03 -9.328694351082937e-04 -1.007688578698396e+00
5 15 -1.000283513560335e+00 -1.894879205671339e-03 -9.331652392370997e-04 -1.007689710411513e+00
5 16 -1.000283364058806e+00 -1.894464470799980e-03 -9.334710754055158e-04 -1.007690995543497e+00
5 17 -1.000283197453823e+00 -1.894031843909728e-03 -9.337768472401222e-04 -1.007692385551169e+00
5 18 -1.000283020184585e+00 -1.893597625525141e-03 -9.340722085660562e-04 -1.007693827565125e+00
5 19 -1.000282839172956e+00 -1.893178317967484e-03 -9.343467411515489e-04 -1.007695266335968e+00
5 20 -1.000282661541354e+00 -1.892790021171337e-03 -9.345902056506037e-04 -1.007696646326914e+00
5 21 -1.000282494314826e+00 -1.892447818346215e-03 -9.347928811891404e-04 -1.007697913878258e+00
5 22 -1.000282344121976e+00 -1.892165173597645e-03 -9.349459907656311e-04 -1.007699019358760e+00
5 23 -1.000282216910077e+00 -1.891953367296553e-03 -9.350421895275479e-04 -1.007699919210630e+00
5 24 -1.000282117689695e+00 -1.891820997779256e-03 -9.350760742130051e-04 -1.007700577789769e+00
5 25 -1.000282050322890e+00 -1.891773578783210e-03 -9.350446580767690e-04 -1.007700968904060e+00
5 26 -1.000282017366355e+00 -1.891813259896601e-03 -9.349477497796520e-04 -1.007701076962442e+00
5 27 -1.000282019977050e+00 -1.891938691979179e-03 -9.347881788740617e-04 -1.007700897666164e+00
5 28 -1.000282057883667e+00 -1.892145051426967e-03 -9.345718242604931e-04 -1.007700438199188e+00
5 29 -1.000282129422947e+00 -1.892424226986783e-03 -9.343074231637328e-04 -1.007699716905102e+00
5 30 -1.000282231635665e+00 -1.892765161495823e-03 -9.340061636993439e-04 -1.007698762470659e+00
5 31 -1.000282360413428e+00 -1.893154329862965e-03 -9.336810901035856e-04 -1.007697612667182e+00
6 0 -1.000282722301042e+00 -1.893703431696456e-03 -9.330760484511777e-04 -1.007695849767256e+00
6 1 -1.000282889057046e+00 -1.894143611256872e-03 -9.327448856908157e-04 -1.007694444563591e+00
6 2 -1.000283064969391e+00 -1.894582481686365e-03 -9.324329936740701e-04 -1.007692995587009e+00
6 3 -1.000283243394633e+00 -1.895003018986882e-03 -9.321532056319941e-04 -1.007691558613392e+00
6 4 -1.000283417651641e+00 -1.895389072068216e-03 -9.319165099596914e-04 -1.007690188548223e+00
6 5 -1.000283581250797e+00 -1.895725979897120e-03 -9.317315989756678e-04 -1.007688937370361e+00
6 6 -1.000283728111150e+00 -1.896001107379219e-03 -9.316046000936605e-04 -1.007687852239510e+00
6 7 -1.000283852762418e+00 -1.896204283981368e-03 -9.315389880944465e-04 -1.007686973823090e+00
6 8 -1.000283950529021e+00 -1.896328135161638e-03 -9.315356596700679e-04 -1.007686334886232e+00
6 9 -1.000284017692828e+00 -1.896368302020019e-03 -9.315931382318163e-04 -1.007685959178058e+00
6 10 -1.000284051630695e+00 -1.896323549501323e-03 -9.317078679070519e-04 -1.007685860637118e+00
6 11 -1.000284050922262e+00 -1.896195767689294e-03 -9.318745513795293e-04 -1.007686042929244e+00
6 12 -1.000284015422794e+00 -1.895989873326917e-03 -9.320864885415205e-04 -1.007686499324011e+00
6 13 -1.000283946295306e+00 -1.895713619358177e-03 -9.323358822681505e-04 -1.007687212912104e+00
6 14 -1.000283845996367e+00 -1.895377319918822e-03 -9.326140916288275e-04 -1.007688157162288e+00
6 15 -1.000283718211421e+00 -1.894993498013023e-03 -9.329118281398631e-04 -1.007689296810583e+00
6 16 -1.000283567737913e+00 -1.894576463417136e-03 -9.332193052862546e-04 -1.007690589065404e+00
6 17 -1.000283400317340e+00 -1.894141828829782e-03 -9.335263645794109e-04 -1.007691985102811e+00
6 18 -1.000283222420438e+00 -1.893705973105419e-03 -9.338226108021196e-04 -1.007693431815928e+00
6 19 -1.000283040992940e+00 -1.893285462362738e-03 -9.340975915305744e-04 -1.007694873770669e+00
6 20 -1.000282863172591e+00 -1.892896443193289e-03 -9.343410496642598e-04 -1.007696255306057e+00
6 21 -1.000282695990683e+00 -1.892554026393619e-03 -9.345432639063705e-04 -1.007697522703960e+00
6 22 -1.000282546072889e+00 -1.892271683611113e-03 -9.346954740981275e-04 -1.007698626342415e+00
6 23 -1.000282419354747e+00 -1.892060682646701e-03 -9.347903687652227e-04 -1.007699522739371e+00
6 24 -1.000282320826942e+00 -1.891929589752168e-03 -9.348225935448019e-04 -1.007700176389291e+00
6 25 -1.000282254324347e+00 -1.891883868274363e-03 -9.347892247230047e-04 -1.007700561295837e+00
6 26 -1.000282222370207e+00 -1.891925601106726e-03 -9.346901459689692e-04 -1.007700662112928e+00
6 27 -1.000282226083081e+00 -1.892053358962792e-03 -9.345282707882705e-04 -1.007700474825510e+00
6 28 -1.000282265149809e+00 -1.892262228074095e-03 -9.343095674210574e-04 -1.007700006927798e+00
6 29 -1.000282337863406e+00 -1.892544000659963e-03 -9.340428641635947e-04 -1.007699277087552e+00
6 30 -1.000282441220616e+00 -1.892887520380930e-03 -9.337394383660051e-04 -1.007698314317076e+00
6 31 -1.000282571070250e+00 -1.893279164047117e-03 -9.334124182089307e-04 -1.007697156702416e+00
7 0 -1.000282931228780e+00 -1.893889609325455e-03 -9.325117399895713e-04 -1.007695312002627e+00
7 1 -1.000283098879153e+00 -1.894331888674833e-03 -9.321794526146358e-04 -1.007693900327320e+00
7 2 -1.000283275540647e+00 -1.894772592003347e-03 -9.318667374357191e-04 -1.007692445895218e+00
7 3 -1.000283454540844e+00 -1.895194625909897e-03 -9.315864588785358e-04 -1.007691004687681e+00
7 4 -1.000283629175845e+00 -1.895581782162427e-03 -9.313496236404400e-04 -1.007689631771566e+00
7 5 -1.000283792940435e+00 -1.895919357022509e-03 -9.311649286389866e-04 -1.007688379236973e+00
7 6 -1.000283939746001e+00 -1.896194688772233e-03 -9.310384920822736e-04 -1.007687294300290e+00
7 7 -1.000284064123026e+00 -1.896397597443582e-03 -9.309737663325785e-04 -1.007686417628335e+00
7 8 -1.000284161405280e+00 -1.896520716804133e-03 -9.309716135617647e-04 -1.007685781927453e+00
7 9 -1.000284227892369e+00 -1.896559713965287e-03 -9.310305120410795e-04 -1.007685410830917e+00
7 10 -1.000284260986704e+00 -1.896513396918520e-03 -9.311468518616438e-04 -1.007685318107530e+00
7 11 -1.000284259300409e+00 -1.896383714539366e-03 -9.313152746330142e-04 -1.007685507204636e+00
7 12 -1.000284222726965e+00 -1.896175656157494e-03 -9.315290141792394e-04 -1.007685971131867e+00
7 13 -1.000284152471808e+00 -1.895897058421153e-03 -9.317802047299316e-04 -1.007686692688071e+00
7 14 -1.000284051036324e+00 -1.895558326916474e-03 -9.320601369097312e-04 -1.007687645030018e+00
7 15 -1.000283922151164e+00 -1.895172079998427e-03 -9.323594567312715e-04 -1.007688792574775e+00
7 16 -1.000283770657337e+00 -1.894752722681593e-03 -9.326683174103081e-04 -1.007690092218613e+00
7 17 -1.000283602336374e+00 -1.894315958836993e-03 -9.329765073523542e-04 -1.007691494845687e+00
7 18 -1.000283423693872e+00 -1.893878250663537e-03 -9.332735873732392e-04 -1.007692947089815e+00
7 19 -1.000283241703915e+00 -1.893456236380315e-03 -9.335490722796406e-04 -1.007694393300911e+00
7 20 -1.000283063525068e+00 -1.893066120575158e-03 -9.337926849830311e-04 -1.007695777653834e+00
7 21 -1.000282896201234e+00 -1.892723055771632e-03 -9.339946976215828e-04 -1.007697046324244e+00
7 22 -1.000282746362199e+00 -1.892440537590553e-03 -9.341463568558427e-04 -1.007698149645642e+00
7 23 -1.000282619939171e+00 -1.892229839198707e-03 -9.342403713035205e-04 -1.007699044154372e+00
7 24 -1.000282521910421e+00 -1.892099513452762e-03 -9.342714198125451e-04 -1.007699694424917e+00
7 25 -1.000282456090911e+00 -1.892054992235846e-03 -9.342366241384832e-04 -1.007700074598588e+00
7 26 -1.000282424977308e+00 -1.892098310464417e-03 -9.341359236605568e-04 -1.007700169518158e+00
7 27 -1.000282429655983e+00 -1.892227976590769e-03 -9.339722950855317e-04 -1.007699975400203e+00
7 28 -1.000282469777257e+00 -1.892439002955045e-03 -9.337517746609490e-04 -1.007699500003502e+00
7 29 -1.000282543594668e+00 -1.892723099185815e-03 -9.334832611007952e-04 -1.007698762282578e+00
7 30 -1.000282648063897e+00 -1.893069020784986e-03 -9.331781020588424e-04 -1.007697791547706e+00
7 31 -1.000282778992439e+00 -1.893463054053006e-03 -9.328494929937555e-04 -1.007696626183465e+00
8 0 -1.000283129395677e+00 -1.894127522913326e-03 -9.316746987143212e-04 -1.007694721122089e+00
8 1 -1.000283297988297e+00 -1.894571933923880e-03 -9.313415069457826e-04 -1.007693302680567e+00
8 2 -1.000283475486767e+00 -1.895014608799789e-03 -9.310280701000836e-04 -1.007691842177340e+00
8 3 -1.000283655186368e+00 -1.895438379596033e-03 -9.307472794597223e-04 -1.007690395823012e+00
8 4 -1.000283830355625e+00 -1.895826971741583e-03 -9.305101604608231e-04 -1.007689018881408e+00
8 5 -1.000283994467630e+00 -1.896165625819252e-03 -9.303254198494655e-04 -1.007687763600023e+00
8 6 -1.000284141419006e+00 -1.896441637294156e-03 -9.301991766094773e-04 -1.007686677306589e+00
8 7 -1.000284265733182e+00 -1.896644798029006e-03 -9.301348752397765e-04 -1.007685800728182e+00
8 8 -1.000284362744990e+00 -1.896767729539764e-03 -9.301333619728733e-04 -1.007685166577203e+00
8 9 -1.000284428763327e+00 -1.896806103432645e-03 -9.301930915105414e-04 -1.007684798437252e+00
8 10 -1.000284461208013e+00 -1.896758749355775e-03 -9.303104232128036e-04 -1.007684709971617e+00
8 11 -1.000284458716250e+00 -1.896627654751571e-03 -9.304799616373759e-04 -1.007684904468311e+00
8 12 -1.000284421213319e+00 -1.896417863166199e-03 -9.306948986074770e-04 -1.007685374729157e+00
8 13 -1.000284349941740e+00 -1.896137278838374e-03 -9.309473231089161e-04 -1.007686103305357e+00
8 14 -1.000284247443549e+00 -1.895796385403221e-03 -9.312284789862794e-04 -1.007687063076873e+00
8 15 -1.000284117491824e+00 -1.895407886502311e-03 -9.315289655099617e-04 -1.007688218166410e+00
8 16 -1.000283964969941e+00 -1.894986276165482e-03 -9.318388907849761e-04 -1.007689525170730e+00
8 17 -1.000283795699878e+00 -1.894547347174607e-03 -9.321480015311904e-04 -1.007690934682501e+00
8 18 -1.000283616224014e+00 -1.894107646651839e-03 -9.324458221998880e-04 -1.007692393064965e+00
8 19 -1.000283433548104e+00 -1.893683890270496e-03 -9.327218381972530e-04 -1.007693844429427e+00
8 20 -1.000283254856202e+00 -1.893292349706096e-03 -9.329657511297139e-04 -1.007695232752929e+00
8 21 -1.000283087210724e+00 -1.892948231725161e-03 -9.331678206519641e-04 -1.007696504061317e+00
8 22 -1.000282937252417e+00 -1.892665071198426e-03 -9.333192903692825e-04 -1.007697608592119e+00
8 23 -1.000282810915627e+00 -1.892454163998449e-03 -9.334128757801243e-04 -1.007698502843098e+00
8 24 -1.000282713174034e+00 -1.892324068527967e-03 -9.334432725862611e-04 -1.007699151407877e+00
8 25 -1.000282647830670e+00 -1.892280205360632e-03 -9.334076285838341e-04 -1.007699528502091e+00
8 26 -1.000282617363509e+00 -1.892324582154444e-03 -9.333059168992949e-04 -1.007699619093701e+00
8 27 -1.000282622834238e+00 -1.892455665454991e-03 -9.331411540364038e-04 -1.007699419569730e+00
8 28 -1.000282663863439e+00 -1.892668412789095e-03 -9.329194205912351e-04 -1.007698937897532e+00
8 29 -1.000282738670960e+00 -1.892954468274961e-03 -9.326496626659864e-04 -1.007698193269816e+00
8 30 -1.000282844175951e+00 -1.893302513691863e-03 -9.323432764705708e-04 -1.007697215255720e+00
8 31 -1.000282976147634e+00 -1.893698755946656e-03 -9.320135049870630e-04 -1.007696042510752e+00
9 0 -1.000283309199979e+00 -1.894407828402925e-03 -9.305969839806614e-04 -1.007694100677177e+00
9 1 -1.000283478745033e+00 -1.894854317460616e-03 -9.302631505241252e-04 -1.007692675445775e+00
9 2 -1.000283657134653e+00 -1.895299023072025e-03 -9.299491298449127e-04 -1.007691208500306e+00
9 3 -1.000283837629762e+00 -1.895724700680122e-03 -9.296678340750881e-04 -1.007689756295075e+00
9 4 -1.000284013467594e+00 -1.896115002815512e-03 -9.294303065221824e-04 -1.007688374318713e+00
9 5 -1.000284178094362e+00 -1.896455103600978e-03 -9.292452683942835e-04 -1.007687115015977e+00
9 6 -1.000284325385442e+00 -1.896732241143810e-03 -9.291188495349162e-04 -1.007686025876145e+00
9 7 -1.000284449849616e+00 -1.896936161423733e-03 -9.290545015700233e-04 -1.007685147745260e+00
9 8 -1.000284546814394e+00 -1.897059453614904e-03 -9.290530737689120e-04 -1.007684513406476e+00
9 9 -1.000284612589236e+00 -1.897097772356499e-03 -9.291130191898018e-04 -1.007684146461183e+00
9 10 -1.000284644602734e+00 -1.897049947094446e-03 -9.292306904543496e-04 -1.007684060534254e+00
9 11 -1.000284641508908e+00 -1.896917982314504e-03 -9.294006804169800e-04 -1.007684258818971e+00
9 12 -1.000284603257129e+00 -1.896706955192632e-03 -9.296161647626453e-04 -1.007684733969842e+00
9 13 -1.000284531120093e+00 -1.896424818639667e-03 -9.298692123976353e-04 -1.007685468344854e+00
9 14 -1.000284427674703e+00 -1.896082117939062e-03 -9.301510435327430e-04 -1.007686434593154e+00
9 15 -1.000284296732086e+00 -1.895691628804364e-03 -9.304522309565025e-04 -1.007687596578731e+00
9 16 -1.000284143215156e+00 -1.895267924591038e-03 -9.307628547494849e-04 -1.007688910623176e+00
9 17 -1.000283972985101e+00 -1.894826881047471e-03 -9.310726336091595e-04 -1.007690327040090e+00
9 18 -1.000283792621493e+00 -1.894385128330283e-03 -9.313710651688783e-04 -1.007691791921797e+00
9 19 -1.000283609163865e+00 -1.893959461969939e-03 -9.316476100437819e-04 -1.007693249127411e+00
9 20 -1.000283429825495e+00 -1.893566227272382e-03 -9.318919480201822e-04 -1.007694642410002e+00
9 21 -1.000283261692449e+00 -1.893220695422857e-03 -9.320943212185877e-04 -1.007695917608526e+00
9 22 -1.000283111422735e+00 -1.892936453866950e-03 -9.322459612296589e-04 -1.007697024818088e+00
9 23 -1.000282984961074e+00 -1.892724837392862e-03 -9.323395775895408e-04 -1.007697920443108e+00
9 24 -1.000282887284518e+00 -1.892594428745977e-03 -9.323698658949849e-04 -1.007698569034604e+00
9 25 -1.000282822192609e+00 -1.892550657921129e-03 -9.323339792882651e-04 -1.007698944816070e+00
9 26 -1.000282792153244e+00 -1.892595527041077e-03 -9.322319014227742e-04 -1.007699032812344e+00
9 27 -1.000282798211860e+00 -1.892727482549196e-03 -9.320666641899727e-04 -1.007698829513456e+00
9 28 -1.000282839967243e+00 -1.892941448275505e-03 -9.318443677362007e-04 -1.007698343031271e+00
9 29 -1.000282915612624e+00 -1.893229022461658e-03 -9.315739808133954e-04 -1.007697592738786e+00
9 30 -1.000283022036504e+00 -1.893578830423221e-03 -9.312669242470206e-04 -1.007696608415174e+00
9 31 -1.000283154974338e+00 -1.893977013776155e-03 -9.309364665933645e-04 -1.007695428949251e+00
10 0 -1.000283463800928e+00 -1.894719563025405e-03 -9.293202457954614e-04 -1.007693475046886e+00
10 1 -1.000283634271004e+00 -1.895167994405137e-03 -9.289860628096375e-04 -1.007692043269671e+00
10 2 -1.000283813570600e+00 -1.895614709462867e-03 -9.286716242707638e-04 -1.007690569765917e+00
10 3 -1.000283994925587e+00 -1.896042387954089e-03 -9.283898559939798e-04 -1.007689111238559e+00
10 4 -1.000284171539473e+00 -1.896434605777653e-03 -9.281518175516803e-04 -1.007687723420029e+00
10 5 -1.000284336827472e+00 -1.896776462388407e-03 -9.279662488108621e-04 -1.007686458984469e+00
10 6 -1.000284484638013e+00 -1.897055126185409e-03 -9.278393001319219e-04 -1.007685365626799e+00
10 7 -1.000284609458174e+00 -1.897260281342502e-03 -9.277744446421929e-04 -1.007684484366185e+00
10 8 -1.000284706600128e+00 -1.897384466044381e-03 -9.277725529302927e-04 -1.007683848117903e+00
10 9 -1.000284772365336e+00 -1.897423297480669e-03 -9.278320979221178e-04 -1.007683480566768e+00
10 10 -1.000284804182300e+00 -1.897375583254211e-03 -9.279494495939119e-04 -1.007683395367061e+00
10 11 -1.000284800712884e+00 -1.897243322665846e-03 -9.281192148907916e-04 -1.007683595685737e+00
10 12 -1.000284761921790e+00 -1.897031604497245e-03 -9.283345796412905e-04 -1.007684074096703e+00
10 13 -1.000284689103769e+00 -1.896748409546782e-03 -9.285876181640563e-04 -1.007684812826684e+00
10 14 -1.000284584863523e+00 -1.896404326110512e-03 -9.288695507865332e-04 -1.007685784348494e+00
10 15 -1.000284453044421e+00 -1.896012186028760e-03 -9.291709452499506e-04 -1.007686952312866e+00
10 16 -1.000284298604506e+00 -1.895586629126178e-03 -9.294818721684403e-04 -1.007688272801476e+00
10 17 -1.000284127441363e+00 -1.895143604904700e-03 -9.297920370741137e-04 -1.007689695872253e+00
10 18 -1.000283946170755e+00 -1.894699821550495e-03 -9.300909211012894e-04 -1.007691167356485e+00
10 19 -1.000283761866853e+00 -1.894272153818561e-03 -9.303679655124624e-04 -1.007692630857122e+00
10 20 -1.000283581774721e+00 -1.893877024108994e-03 -9.306128290597477e-04 -1.007694029886437e+00
10 21 -1.000283413008170e+00 -1.893529775298272e-03 -9.308157327504727e-04 -1.007695310067833e+00
10 22 -1.000283262247969e+00 -1.893244058463453e-03 -9.309678881276311e-04 -1.007696421313791e+00
10 23 -1.000283135456023e+00 -1.893031262096772e-03 -9.310619860591468e-04 -1.007697319884126e+00
10 24 -1.000283037620636e+00 -1.892900011296361e-03 -9.310927049397802e-04 -1.007697970226789e+00
10 25 -1.000282972546455e+00 -1.892855765793040e-03 -9.310571827327672e-04 -1.007698346506442e+00
10 26 -1.000282942700273e+00 -1.892900543897693e-03 -9.309553907959294e-04 -1.007698433734705e+00
10 27 -1.000282949120318e+00 -1.893032794387158e-03 -9.307903520468017e-04 -1.007698228433450e+00
10 28 -1.000282991392314e+00 -1.893247429793971e-03 -9.305681607611788e-04 -1.007697738789510e+00
10 29 -1.000283067690926e+00 -1.893536023853180e-03 -9.302977825838449e-04 -1.007696984291614e+00
10 30 -1.000283174881061e+00 -1.893887164745546e-03 -9.299906380398918e-04 -1.007695994872479e+00
10 31 -1.000283308670234e+00 -1.894286945376500e-03 -9.296599984525467e-04 -1.007694809607688e+00
11 0 -1.000283587371419e+00 -1.895050596244343e-03 -9.278940872867903e-04 -1.007692868417813e+00
11 1 -1.000283758703173e+00 -1.895500759086332e-03 -9.275598610664021e-04 -1.007691430591917e+00
11 2 -1.000283938896060e+00 -1.895949384267666e-03 -9.272451884529177e-04 -1.007689950668563e+00
11 3 -1.000284121141604e+00 -1.896379079603849e-03 -9.269630014737859e-04 -1.007688485594763e+00
11 4 -1.000284298608477e+00 -1.896773343556357e-03 -9.267243740203424e-04 -1.007687091356248e+00
11 5 -1.000284464677940e+00 -1.897117195574583e-03 -9.265380680770170e-04 -1.007685820879935e+00
11 6 -1.000284613166774e+00 -1.897397724731911e-03 -9.264102629558772e-04 -1.007684722102613e+00
11 7 -1.000284738534225e+00 -1.897604540062539e-03 -9.263444662173814e-04 -1.007683836263479e+00
11 8 -1.000284836069897e+00 -1.897730112390367e-03 -9.263415867885234e-04 -1.007683196465090e+00
11 9 -1.000284902059104e+00 -1.897770002589168e-03 -9.264001380891517e-04 -1.007682826537385e+00
11 10 -1.000284933921336e+00 -1.897722975542647e-03 -9.265165308610614e-04 -1.007682740230958e+00
11 11 -1.000284930316909e+00 -1.897591003213459e-03 -9.266854111346395e-04 -1.007682940756354e+00
11 12 -1.000284891216480e+00 -1.897379163580730e-03 -9.269000002433408e-04 -1.007683420676610e+00
11 13 -1.000284817927972e+00 -1.897095443647849e-03 -9.271524027952090e-04 -1.007684162153645e+00
11 14 -1.000284713075777e+00 -1.896750454471802e-03 -9.274338630340126e-04 -1.007685137545037e+00
11 15 -1.000284580528403e+00 -1.896357065812516e-03 -9.277349655646625e-04 -1.007686310342172e+00
11 16 -1.000284425273226e+00 -1.895929968573773e-03 -9.280457903903801e-04 -1.007687636431222e+00
11 17 -1.000284253240098e+00 -1.895485174209810e-03 -9.283560446780277e-04 -1.007689065646949e+00
11 18 -1.000284071078669e+00 -1.895039461108443e-03 -9.286552035266490e-04 -1.007690543579046e+00
11 19 -1.000283885897241e+00 -1.894609779375577e-03 -9.289326952102179e-04 -1.007692013580791e+00
11 20 -1.000283704973860e+00 -1.894212628586914e-03 -9.291781597139688e-04 -1.007693418917343e+00
11 21 -1.000283535452983e+00 -1.893863427614046e-03 -9.293817945733817e-04 -1.007694704976851e+00
11 22 -1.000283384042758e+00 -1.893575899906003e-03 -9.295347838306457e-04 -1.007695821455717e+00
11 23 -1.000283256728464e+00 -1.893361500549235e-03 -9.296297874432551e-04 -1.007696724423069e+00
11 24 -1.000283158517119e+00 -1.893228913292005e-03 -9.296614505432528e-04 -1.007697378167491e+00
11 25 -1.000283093226876e+00 -1.893183646541736e-03 -9.296268769080118e-04 -1.007697756730808e+00
11 26 -1.000283063332426e+00 -1.893227755785673e-03 -9.295260040190609e-04 -1.007697845041907e+00
11 27 -1.000283069874075e+00 -1.893359714491987e-03 -9.293618219606927e-04 -1.007697639582100e+00
11 28 -1.000283112433664e+00 -1.893574446655826e-03 -9.291403938125921e-04 -1.007697148541242e+00
11 29 -1.000283189175997e+00 -1.893863523616790e-03 -9.288706566119891e-04 -1.007696391455569e+00
11 30 -1.000283296950342e+00 -1.894215517066169e-03 -9.285640061189656e-04 -1.007695398349216e+00
11 31 -1.000283431443221e+00 -1.894616489771154e-03 -9.282336937945556e-04 -1.007694208430332e+00
12 0 -1.000283675304882e+00 -1.895388119771296e-03 -9.263740748648294e-04 -1.007692303830705e+00
12 1 -1.000283847402135e+00 -1.895839737899539e-03 -9.260401098022667e-04 -1.007690860682088e+00
12 2 -1.000284028437435e+00 -1.896290101263505e-03 -9.257253938793169e-04 -1.007689374722228e+00
12 3 -1.000284211569960e+00 -1.896721752111464e-03 -9.254428580657455e-04 -1.007687903128604e+00
12 4 -1.000284389933730e+00 -1.897118113578268e-03 -9.252035881275620e-04 -1.007686502140280e+00
12 5 -1.000284556874376e+00 -1.897464122875065e-03 -9.250163704037347e-04 -1.007685224950689e+00
12 6 -1.000284706173645e+00 -1.897746783363462e-03 -9.248874199722724e-04 -1.007684119764921e+00
12 7 -1.000284832258056e+00 -1.897955618778091e-03 -9.248202901113468e-04 -1.007683228079665e+00
12 8 -1.000284930388368e+00 -1.898083018973249e-03 -9.248159435589675e-04 -1.007682583232055e+00
12 9 -1.000284996826150e+00 -1.898124471735502e-03 -9.248729532588300e-04 -1.007682209253473e+00
12 10 -1.000285028973195e+00 -1.898078679842982e-03 -9.249877923164791e-04 -1.007682120054565e+00
12 11 -1.000285025478941e+00 -1.897947566830737e-03 -9.251551689269076e-04 -1.007682318957703e+00
12 12 -1.000284986310487e+00 -1.897736178048698e-03 -9.253683636327147e-04 -1.007682798584636e+00
12 13 -1.000284912779583e+00 -1.897452484875483e-03 -9.256195350286964e-04 -1.007683541101088e+00
12 14 -1.000284807521404e+00 -1.897107099956068e-03 -9.258999741759015e-04 -1.007684518815033e+00
12 15 -1.000284674421496e+00 -1.896712911339625e-03 -9.262003034858141e-04 -1.007685695118471e+00
12 16 -1.000284518489734e+00 -1.896284643908176e-03 -9.265106301955482e-04 -1.007687025753226e+00
12 17 -1.000284345682981e+00 -1.895838357135856e-03 -9.268206773345332e-04 -1.007688460371195e+00
12 18 -1.000284162681183e+00 -1.895390889036277e-03 -9.271199246609621e-04 -1.007689944349331e+00
12 19 -1.000283976624834e+00 -1.894959258023367e-03 -9.273977946044801e-04 -1.007691420808185e+00
12 20 -1.000283794824791e+00 -1.894560037843153e-03 -9.276439113939166e-04 -1.007692832769461e+00
12 21 -1.000283624457898e+00 -1.894208724931210e-03 -9.278484472733022e-04 -1.007694125374971e+00
12 22 -1.000283472263327e+00 -1.893919121283185e-03 -9.280025521325319e-04 -1.007695248079319e+00
12 23 -1.000283344255058e+00 -1.893702758857508e-03 -9.280988442983896e-04 -1.007696156722276e+00
12 24 -1.000283245465540e+00 -1.893568393864275e-03 -9.281319216149601e-04 -1.007696815383378e+00
12 25 -1.000283179734281e+00 -1.893521600345899e-03 -9.280988365535859e-04 -1.007697197922495e+00
12 26 -1.000283149552588e+00 -1.893564490580601e-03 -9.279994725434621e-04 -1.007697289119304e+00
12 27 -1.000283155972027e+00 -1.893695584116318e-03 -9.278367642112746e-04 -1.007697085343927e+00
12 28 -1.000283198579820e+00 -1.893909838512224e-03 -9.276167196089018e-04 -1.007696594717951e+00
12 29 -1.000283275539947e+00 -1.894198844700782e-03 -9.273482233424512e-04 -1.007695836755693e+00
12 30 -1.000283383694573e+00 -1.894551179173257e-03 -9.270426233164742e-04 -1.007694841506993e+00
12 31 -1.000283518716981e+00 -1.894952894442228e-03 -9.267131292934422e-04 -1.007693648252864e+00
13 0 -1.000283724370939e+00 -1.895719153650480e-03 -9.248194862601261e-04 -1.007691802334973e+00
13 1 -1.000283897108983e+00 -1.896171897507544e-03 -9.244860699601451e-04 -1.007690354786350e+00
13 2 -1.000284078904227e+00 -1.896623762427002e-03 -9.241714982531809e-04 -1.007688863398402e+00
13 3 -1.000284262886636e+00 -1.897057233862674e-03 -9.238886939263319e-04 -1.007687385557158e+00
13 4 -1.000284442157017e+00 -1.897455664561193e-03 -9.236487514453456e-04 -1.007685977745779e+00
13 5 -1.000284610025128e+00 -1.897803910497906e-03 -9.234604825015791e-04 -1.007684693427511e+00
13 6 -1.000284760235792e+00 -1.898088886427101e-03 -9.233301432992032e-04 -1.007683581091065e+00
13 7 -1.000284887179239e+00 -1.898300024021798e-03 -9.232613424667821e-04 -1.007682682517677e+00
13 8 -1.000284986082118e+00 -1.898429621581166e-03 -9.232551099962915e-04 -1.007682031317659e+00
13 9 -1.000285053175453e+00 -1.898473079682888e-03 -9.233100948881301e-04 -1.007681651773036e+00
13 10 -1.000285085835345e+00 -1.898429021985932e-03 -9.234228514771372e-04 -1.007681558012129e+00
13 11 -1.000285082691535e+00 -1.898299304483802e-03 -9.235881706586138e-04 -1.007681753532591e+00
13 12 -1.000285043698251e+00 -1.898088919379351e-03 -9.237994137166271e-04 -1.007682231081926e+00
13 13 -1.000284970161539e+00 -1.897805801174088e-03 -9.240488148591870e-04 -1.007682972898189e+00
13 14 -1.000284864718018e+00 -1.897460542970873e-03 -9.243277325716895e-04 -1.007683951307031e+00
13 15 -1.000284731261628e+00 -1.897066031077529e-03 -9.246268457087041e-04 -1.007685129663937e+00
13 16 -1.000284574817179e+00 -1.896637006191889e-03 -9.249363049521902e-04 -1.007686463622293e+00
13 17 -1.000284401362250e+00 -1.896189559965094e-03 -9.252458628457362e-04 -1.007687902698589e+00
13 18 -1.000284217602210e+00 -1.895740576949357e-03 -9.255450145599842e-04 -1.007689392094719e+00
13 19 -1.000284030706509e+00 -1.895307134214876e-03 -9.258231838102186e-04 -1.007690874724440e+00
13 20 -1.000283848017464e+00 -1.894905874163677e-03 -9.260699819397992e-04 -1.007692293378138e+00
13 21 -1.000283676744932e+00 -1.894552369707539e-03 -9.262755545153793e-04 -1.007693592948802e+00
13 22 -1.000283523661619e+00 -1.894260504551278e-03 -9.264310121506049e-04 -1.007694722632724e+00
13 23 -1.000283394814415e+00 -1.894041894664536e-03 -9.265289230626753e-04 -1.007695638010812e+00
13 24 -1.000283295266929e+00 -1.893905379683407e-03 -9.265638259136961e-04 -1.007696302911975e+00
13 25 -1.000283228887064e+00 -1.893856613809566e-03 -9.265327065106444e-04 -1.007696690961845e+00
13 26 -1.000283198190792e+00 -1.893897783535718e-03 -9.264353759598055e-04 -1.007696786730398e+00
13 27 -1.000283204249642e+00 -1.894027473898356e-03 -9.262746933221527e-04 -1.007696586410921e+00
13 28 -1.000283246665239e+00 -1.894240696631143e-03 -9.260565906450396e-04 -1.007696097988537e+00
13 29 -1.000283323609786e+00 -1.894529083497681e-03 -9.257898787883147e-04 -1.007695340886959e+00
13 30 -1.000283431927133e+00 -1.894881236995043e-03 -9.254858365975100e-04 -1.007694345114812e+00
13 31 -1.000283567285532e+00 -1.895283219618736e-03 -9.251576119136371e-04 -1.007693149963744e+00
14 0 -1.000283732817000e+00 -1.896031046527651e-03 -9.232909014831989e-04 -1.007691382278168e+00
14 1 -1.000283906047871e+00 -1.896484546689284e-03 -9.229582920513259e-04 -1.007689931410672e+00
14 2 -1.000284088492642e+00 -1.896937621947748e-03 -9.226440394314878e-04 -1.007688435401772e+00
14 3 -1.000284273256248e+00 -1.897372711849023e-03 -9.223610512338774e-04 -1.007686951816616e+00
14 4 -1.000284453408986e+00 -1.897773106366354e-03 -9.221204270245297e-04 -1.007685537364034e+00
14 5 -1.000284622225941e+00 -1.898123584403158e-03 -9.219310040728929e-04 -1.007684245769760e+00
14 6 -1.000284773414565e+00 -1.898410972618408e-03 -9.217990838183029e-04 -1.007683125810352e+00
14 7 -1.000284901326535e+00 -1.898624607252825e-03 -9.217283379228064e-04 -1.007682219568152e+00
14 8 -1.000285001150331e+00 -1.898756687775411e-03 -9.217198744257823e-04 -1.007681560955522e+00
14 9 -1.000285069080793e+00 -1.898802516708355e-03 -9.217724318524923e-04 -1.007681174544962e+00
14 10 -1.000285102461400e+00 -1.898760624689722e-03 -9.218826615118407e-04 -1.007681074731388e+00
14 11 -1.000285099894200e+00 -1.898632783702474e-03 -9.220454544928814e-04 -1.007681265244156e+00
14 12 -1.000285061311694e+00 -1.898423914302052e-03 -9.222542712300263e-04 -1.007681739018800e+00
14 13 -1.000284988004901e+00 -1.898141894358226e-03 -9.225014398200734e-04 -1.007682478431277e+00
14 14 -1.000284882602612e+00 -1.897797277344732e-03 -9.227784034532476e-04 -1.007683455890634e+00
14 15 -1.000284748998345e+00 -1.897402928149350e-03 -9.230759133490005e-04 -1.007684634779127e+00
14 16 -1.000284592223724e+00 -1.896973584510307e-03 -9.233841781041792e-04 -1.007685970720928e+00
14 17 -1.000284418269848e+00 -1.896525352969205e-03 -9.236929923952635e-04 -1.007687413150420e+00
14 18 -1.000284233861580e+00 -1.896075149726305e-03 -9.239918766894268e-04 -1.007688907139006e+00
14 19 -1.000284046193065e+00 -1.895640098951083e-03 -9.242702623278035e-04 -1.007690395426583e+00
14 20 -1.000283862635687e+00 -1.895236903973507e-03 -9.245177504670217e-04 -1.007691820591994e+00
14 21 -1.000283690431784e+00 -1.894881210310888e-03 -9.247244595293234e-04 -1.007693127285946e+00
14 22 -1.000283536388836e+00 -1.894586983336465e-03 -9.248814574988824e-04 -1.007694264439899e+00
14 23 -1.000283406589592e+00 -1.894365926953727e-03 -9.249812559545196e-04 -1.007695187356247e+00
14 24 -1.000283306133386e+00 -1.894226972129295e-03 -9.250183243556139e-04 -1.007695859580982e+00
14 25 -1.000283238922473e+00 -1.894175864704259e-03 -9.249895687102597e-04 -1.007696254462315e+00
14 26 -1.000283207504532e+00 -1.894214879756322e-03 -9.248947125401590e-04 -1.007696356308811e+00
14 27 -1.000283212978921e+00 -1.894342684487300e-03 -9.247365227801791e-04 -1.007696161078684e+00
14 28 -1.000283254970123e+00 -1.894554363357458e-03 -9.245208378855554e-04 -1.007695676557475e+00
14 29 -1.000283331667320e+00 -1.894841608798660e-03 -9.242563765442758e-04 -1.007694922012551e+00
14 30 -1.000283439924764e+00 -1.895193069522333e-03 -9.239543300325601e-04 -1.007693927346043e+00
14 31 -1.000283575414025e+00 -1.895594837596255e-03 -9.236277669148396e-04 -1.007692731798340e+00
15 0 -1.000283700415363e+00 -1.896311950848239e-03 -9.218477487708779e-04 -1.007691058742228e+00
15 1 -1.000283873973768e+00 -1.896765812644024e-03 -9.215161642834017e-04 -1.007689605752491e+00
15 2 -1.000284056934238e+00 -1.897219764302730e-03 -9.212023844903896e-04 -1.007688106095615e+00
15 3 -1.000284242381813e+00 -1.897656212078605e-03 -9.209192955001010e-04 -1.007686617479687e+00
15 4 -1.000284423360194e+00 -1.898058393183726e-03 -9.206779986008165e-04 -1.007685196812030e+00
15 5 -1.000284593112266e+00 -1.898411016475049e-03 -9.204873564094586e-04 -1.007683898063653e+00
15 6 -1.000284745308942e+00 -1.898700824168697e-03 -9.203537183018857e-04 -1.007682770292940e+00
15 7 -1.000284874262441e+00 -1.898917057089377e-03 -9.202808243101350e-04 -1.007681855889279e+00
15 8 -1.000284975120468e+00 -1.899051812245910e-03 -9.202698683597079e-04 -1.007681189084795e+00
15 9 -1.000285044037503e+00 -1.899100287009175e-03 -9.203196887516142e-04 -1.007680794771065e+00
15 10 -1.000285078318757e+00 -1.899060908667030e-03 -9.204270460758710e-04 -1.007680687648185e+00
15 11 -1.000285076531612e+00 -1.898935351940383e-03 -9.205869452522112e-04 -1.007680871724787e+00
15 12 -1.000285038578822e+00 -1.898728450090539e-03 -9.207929599960463e-04 -1.007681340179243e+00
15 13 -1.000284965727757e+00 -1.898448007019182e-03 -9.210375263467225e-04 -1.007682075584936e+00
15 14 -1.000284860590535e+00 -1.898104518199718e-03 -9.213121859591325e-04 -1.007683050496098e+00
15 15 -1.000284727051467e+00 -1.897710808212822e-03 -9.216077757083659e-04 -1.007684228383970e+00
15 16 -1.000284570140524e+00 -1.897281593042424e-03 -9.219145744262325e-04 -1.007685564904209e+00
15 17 -1.000284395854562e+00 -1.896832976322157e-03 -9.222224294685053e-04 -1.007687009465481e+00
15 18 -1.000284210931353e+00 -1.896381890117506e-03 -9.225208947039020e-04 -1.007688507057452e+00
15 19 -1.000284022584673e+00 -1.895945492668827e-03 -9.227994145870851e-04 -1.007690000284791e+00
15 20 -1.000283838211565e+00 -1.895540538303557e-03 -9.230475831183892e-04 -1.007691431542158e+00
15 21 -1.000283665085106e+00 -1.895182738525379e-03 -9.232554921707848e-04 -1.007692745253544e+00
15 22 -1.000283510047494e+00 -1.894886137358779e-03 -9.234141649657098e-04 -1.007693890088750e+00
15 23 -1.000283379218973e+00 -1.894662527435855e-03 -9.235160513415819e-04 -1.007694821062146e+00
15 24 -1.000283277737829e+00 -1.894520935542517e-03 -9.235555437330876e-04 -1.007695501415296e+00
15 25 -1.000283209545274e+00 -1.894467206970504e-03 -9.235294584576720e-04 -1.007695904186947e+00
15 26 -1.000283177226472e+00 -1.894503716185988e-03 -9.234374200220505e-04 -1.007696013383012e+00
15 27 -1.000283181915395e+00 -1.894629226124819e-03 -9.232820904065147e-04 -1.007695824677257e+00
15 28 -1.000283223266975e+00 -1.894838909912858e-03 -9.230692003412680e-04 -1.007695345599717e+00
15 29 -1.000283299495503e+00 -1.895124538204301e-03 -9.228073614582665e-04 -1.007694595201559e+00
15 30 -1.000283407473948e+00 -1.895474824169322e-03 -9.225076628274849e-04 -1.007693603217624e+00
15 31 -1.000283542885366e+00 -1.895875907619083e-03 -9.221830802404310e-04 -1.007692408777760e+00
16 0 -1.000283628457100e+00 -1.896551256741027e-03 -9.205459177536644e-04 -1.007690843125963e+00
16 1 -1.000283802166779e+00 -1.897005075404232e-03 -9.202155279599143e-04 -1.007689389280476e+00
16 2 -1.000283985490964e+00 -1.897459539879256e-03 -9.199023469097709e-04 -1.007687887076627e+00
16 3 -1.000284171500722e+00 -1.897897036970806e-03 -9.196192342859419e-04 -1.007686394323731e+00
16 4 -1.000284353218041e+00 -1.898300763080633e-03 -9.193772902417088e-04 -1.007684968092924e+00
16 5 -1.000284523857173e+00 -1.898655366502662e-03 -9.191854018963274e-04 -1.007683662574670e+00
16 6 -1.000284677054570e+00 -1.898947511588161e-03 -9.190499676123214e-04 -1.007682527093456e+00
16 7 -1.000284807083542e+00 -1.899166347194719e-03 -9.189747987368410e-04 -1.007681604340590e+00
16 8 -1.000284909050012e+00 -1.899303868078358e-03 -9.189611799986067e-04 -1.007680928873561e+00
16 9 -1.000284979065482e+00 -1.899355163338928e-03 -9.190080562581179e-04 -1.007680525919487e+00
16 10 -1.000285014392671e+00 -1.899318550501032e-03 -9.191123055666199e-04 -1.007680410510747e+00
16 11 -1.000285013558645e+00 -1.899195597579133e-03 -9.192690556195949e-04 -1.007680586971964e+00
16 12 -1.000284976429659e+00 -1.898991038463011e-03 -9.194720027722419e-04 -1.007681048769122e+00
16 13 -1.000284904241830e+00 -1.898712588736009e-03 -9.197137008312318e-04 -1.007681778724357e+00
16 14 -1.000284799582392e+00 -1.898370669613161e-03 -9.199858002207369e-04 -1.007682749593505e+00
16 15 -1.000284666317902e+00 -1.897978047814196e-03 -9.202792337398910e-04 -1.007683924996223e+00
16 16 -1.000284509468233e+00 -1.897549399646730e-03 -9.205843597863055e-04 -1.007685260679121e+00
16 17 -1.000284335028138e+00 -1.897100808511895e-03 -9.208910861724040e-04 -1.007686706081505e+00
16 18 -1.000284149741385e+00 -1.896649206318416e-03 -9.211890064057604e-04 -1.007688206162095e+00
16 19 -1.000283960835647e+00 -1.896211771148083e-03 -9.214675829515827e-04 -1.007689703433754e+00
16 20 -1.000283775729238e+00 -1.895805296414346e-03 -9.217164059740108e-04 -1.007691140141360e+00
16 21 -1.000283601723079e+00 -1.895445550598726e-03 -9.219255419358868e-04 -1.007692460506009e+00
16 22 -1.000283445692781e+00 -1.895146650650251e-03 -9.220859679663028e-04 -1.007693612948268e+00
16 23 -1.000283313796340e+00 -1.894920475505149e-03 -9.221900687575574e-04 -1.007694552195654e+00
16 24 -1.000283211212712e+00 -1.894776148516325e-03 -9.222321548551689e-04 -1.007695241175754e+00
16 25 -1.000283141925152e+00 -1.894719618338515e-03 -9.222089467458990e-04 -1.007695652597859e+00
16 26 -1.000283108560678e+00 -1.894753365955928e-03 -9.221199622634862e-04 -1.007695770135116e+00
16 27 -1.000283112293399e+00 -1.894876260189188e-03 -9.219677492159373e-04 -1.007695589137644e+00
16 28 -1.000283152815168e+00 -1.895083575439718e-03 -9.217579203873619e-04 -1.007695116833691e+00
16 29 -1.000283228372531e+00 -1.895367174949179e-03 -9.214989699692872e-04 -1.007694372007133e+00
16 30 -1.000283335864723e+00 -1.895715851873945e-03 -9.212018748240699e-04 -1.007693384171682e+00
16 31 -1.000283470993967e+00 -1.896115809978874e-03 -9.208795084617226e-04 -1.007692192291936e+00
17 0 -1.000283519695230e+00 -1.896739971212892e-03 -9.194355465987738e-04 -1.007690742865335e+00
17 1 -1.000283693375520e+00 -1.897193346902349e-03 -9.191064676083432e-04 -1.007689289453756e+00
17 2 -1.000283876899031e+00 -1.897647944599723e-03 -9.187939795295953e-04 -1.007687785890809e+00
17 3 -1.000284063329240e+00 -1.898086146128678e-03 -9.185109123313163e-04 -1.007686290041665e+00
17 4 -1.000284245672021e+00 -1.898491120401758e-03 -9.182683625178318e-04 -1.007684859100946e+00
17 5 -1.000284417117548e+00 -1.898847466716848e-03 -9.180752400451414e-04 -1.007683547445160e+00
17 6 -1.000284571271180e+00 -1.899141780924450e-03 -9.179379917163573e-04 -1.007682404639603e+00
17 7 -1.000284702369350e+00 -1.899363126755380e-03 -9.178605009257123e-04 -1.007681473661141e+00
17 8 -1.000284805476745e+00 -1.899503400731986e-03 -9.178441450911306e-04 -1.007680789386076e+00
17 9 -1.000284876660834e+00 -1.899557584641992e-03 -9.178879783817426e-04 -1.007680377381010e+00
17 10 -1.000284913139245e+00 -1.899523884078926e-03 -9.179889997070601e-04 -1.007680253024981e+00
17 11 -1.000284913394728e+00 -1.899403755128216e-03 -9.181424636001624e-04 -1.007680420982780e+00
17 12 -1.000284877251769e+00 -1.899201824095118e-03 -9.183421939694261e-04 -1.007680875041380e+00
17 13 -1.000284805908811e+00 -1.898925707131368e-03 -9.185808682267701e-04 -1.007681598313719e+00
17 14 -1.000284701920828e+00 -1.898585737557008e-03 -9.188502520073660e-04 -1.007682563806606e+00
17 15 -1.000284569128702e+00 -1.898194608859359e-03 -9.191413804323246e-04 -1.007683735342098e+00
17 16 -1.000284412534240e+00 -1.897766941496840e-03 -9.194446972893604e-04 -1.007685068813156e+00
17 17 -1.000284238122461e+00 -1.897318782375401e-03 -9.197501760270058e-04 -1.007686513743993e+00
17 18 -1.000284052636090e+00 -1.896867047375066e-03 -9.200474544906090e-04 -1.007688015113768e+00
17 19 -1.000283863310449e+00 -1.896428919484123e-03 -9.203260172372941e-04 -1.007689515390232e+00
17 20 -1.000283677579928e+00 -1.896021217926269e-03 -9.205754535113340e-04 -1.007690956708287e+00
17 21 -1.000283502769382e+00 -1.895659757172729e-03 -9.207858056961100e-04 -1.007692283117283e+00
17 22 -1.000283345785290e+00 -1.895358718679055e-03 -9.209480047610066e-04 -1.007693442810315e+00
17 23 -1.000283212822208e+00 -1.895130061916278e-03 -9.210543693075294e-04 -1.007694390240324e+00
17 24 -1.000283109099909e+00 -1.894983003870177e-03 -9.210991263199862e-04 -1.007695088023308e+00
17 25 -1.000283038645212e+00 -1.894923596750921e-03 -9.210788976675671e-04 -1.007695508531045e+00
17 26 -1.000283004129864e+00 -1.894954431448395e-03 -9.209930903119050e-04 -1.007695635085570e+00
17 27 -1.000283006772198e+00 -1.895074488921313e-03 -9.208441326431972e-04 -1.007695462686055e+00
17 28 -1.000283046306067e+00 -1.895279153462749e-03 -9.206375139659858e-04 -1.007694998224431e+00
17 29 -1.000283121016140e+00 -1.895560391506181e-03 -9.203816056111487e-04 -1.007694260176952e+00
17 30 -1.000283227834379e+00 -1.895907088535167e-03 -9.200872667399294e-04 -1.007693277791265e+00
17 31 -1.000283362489032e+00 -1.896305526004444e-03 -9.197672627862926e-04 -1.007692089818626e+00
18 0 -1.000283378240477e+00 -1.896871032281358e-03 -9.185590785077591e-04 -1.007690761278495e+00
18 1 -1.000283551712853e+00 -1.897323584390332e-03 -9.182313711671462e-04 -1.007689309567405e+00
18 2 -1.000283735264834e+00 -1.897777933328932e-03 -9.179196377319019e-04 -1.007687805877331e+00
18 3 -1.000283921958859e+00 -1.898216470418784e-03 -9.176366765235937e-04 -1.007686308082397e+00
18 4 -1.000284104790804e+00 -1.898622351232987e-03 -9.173935781164252e-04 -1.007684873456404e+00
18 5 -1.000284276932249e+00 -1.898980139370777e-03 -9.171992729859031e-04 -1.007683556521763e+00
18 6 -1.000284431962034e+00 -1.899276374098442e-03 -9.170602544094497e-04 -1.007682407050186e+00
18 7 -1.000284564083110e+00 -1.899500044042402e-03 -9.169804762226474e-04 -1.007681468277074e+00
18 8 -1.000284668320950e+00 -1.899642955202462e-03 -9.169614069720590e-04 -1.007680775379160e+00
18 9 -1.000284740699602e+00 -1.899699987154310e-03 -9.170022084984122e-04 -1.007680354253509e+00
18 10 -1.000284778390795e+00 -1.899669235773512e-03 -9.170999992550954e-04 -1.007680220626620e+00
18 11 -1.000284779830715e+00 -1.899552044238797e-03 -9.172501602314574e-04 -1.007680379514578e+00
18 12 -1.000284744798348e+00 -1.899352926916838e-03 -9.174466436640508e-04 -1.007680825047094e+00
18 13 -1.000284674449357e+00 -1.899079392951527e-03 -9.176822521601939e-04 -1.007681540659622e+00
18 14 -1.000284571300283e+00 -1.898741677479626e-03 -9.179488684941581e-04 -1.007682499649831e+00
18 15 -1.000284439159492e+00 -1.898352388389769e-03 -9.182376322444334e-04 -1.007683666087911e+00
18 16 -1.000284283003553e+00 -1.897926076404506e-03 -9.185390751111408e-04 -1.007684996062514e+00
18 17 -1.000284108800535e+00 -1.897478737052585e-03 -9.188432391325554e-04 -1.007686439233703e+00
18 18 -1.000283923285117e+00 -1.897027254937818e-03 -9.191398095393463e-04 -1.007687940651509e+00
18 19 -1.000283733693772e+00 -1.896588803036946e-03 -9.194182956713823e-04 -1.007689442786379e+00
18 20 -1.000283547471222e+00 -1.896180212367213e-03 -9.196682880555349e-04 -1.007690887706675e+00
18 21 -1.000283371961438e+00 -1.895817330666588e-03 -9.198798069446050e-04 -1.007692219327772e+00
18 22 -1.000283214097995e+00 -1.895514392846760e-03 -9.200437390489420e-04 -1.007693385646247e+00
18 23 -1.000283080109390e+00 -1.895283430031547e-03 -9.201523385564977e-04 -1.007694340863236e+00
18 24 -1.000282975254865e+00 -1.895133746605209e-03 -9.201997499134514e-04 -1.007695047296615e+00
18 25 -1.000282903604776e+00 -1.895071494957938e-03 -9.201824965170527e-04 -1.007695476984416e+00
18 26 -1.000282867876862e+00 -1.895099375264091e-03 -9.200998739699361e-04 -1.007695612892109e+00
18 27 -1.000282869336118e+00 -1.895216482536642e-03 -9.199541905862911e-04 -1.007695449654039e+00
18 28 -1.000282907761873e+00 -1.895418315275656e-03 -9.197508115543901e-04 -1.007694993804293e+00
18 29 -1.000282981481281e+00 -1.895696949742172e-03 -9.194979844889432e-04 -1.007694263483062e+00
18 30 -1.000283087464172e+00 -1.896041372557047e-03 -9.192064494459824e-04 -1.007693287637418e+00
18 31 -1.000283221470636e+00 -1.896437953591341e-03 -9.188888618585089e-04 -1.007692104765638e+00
19 0 -1.000283209413496e+00 -1.896939550874330e-03 -9.179496653631715e-04 -1.007690897521159e+00
19 1 -1.000283382507821e+00 -1.897390931202071e-03 -9.176233369490673e-04 -1.007689448709699e+00
19 2 -1.000283565916869e+00 -1.897844660217627e-03 -9.173123885956935e-04 -1.007687946125654e+00
19 3 -1.000283752708582e+00 -1.898283152694552e-03 -9.170295861991773e-04 -1.007686447605400e+00
19 4 -1.000283935875330e+00 -1.898689565384542e-03 -9.167860125878800e-04 -1.007685010454941e+00
19 5 -1.000284108576281e+00 -1.899048440788875e-03 -9.165906160555817e-04 -1.007683689296961e+00
19 6 -1.000284264369302e+00 -1.899346275644257e-03 -9.164499328486604e-04 -1.007682534067430e+00
19 7 -1.000284397428469e+00 -1.899571996363134e-03 -9.163679828777788e-04 -1.007681588223547e+00
19 8 -1.000284502743574e+00 -1.899717329665329e-03 -9.163463206038558e-04 -1.007680887212503e+00
19 9 -1.000284576297585e+00 -1.899777062027941e-03 -9.163842098778963e-04 -1.007680457239776e+00
19 10 -1.000284615217318e+00 -1.899749185972452e-03 -9.164788833336779e-04 -1.007680314366820e+00
19 11 -1.000284617891817e+00 -1.899634934820089e-03 -9.166258439167378e-04 -1.007680463959541e+00
19 12 -1.000284584052421e+00 -1.899438710586444e-03 -9.168191685265300e-04 -1.007680900500154e+00
19 13 -1.000284514808494e+00 -1.899167911833080e-03 -9.170517817905657e-04 -1.007681607766425e+00
19 14 -1.000284412633538e+00 -1.898832669152859e-03 -9.173156809319761e-04 -1.007682559375181e+00
19 15 -1.000284281297922e+00 -1.898445495893189e-03 -9.176021082513453e-04 -1.007683719680457e+00
19 16 -1.000284125746788e+00 -1.898020861761417e-03 -9.179016829185461e-04 -1.007685045008532e+00
19 17 -1.000283951924634e+00 -1.897574697878382e-03 -9.182045161149034e-04 -1.007686485201342e+00
19 18 -1.000283766551397e+00 -1.897123843583567e-03 -9.185003414293052e-04 -1.007687985427356e+00
19 19 -1.000283576858220e+00 -1.896685447484612e-03 -9.187786942737185e-04 -1.007689488206945e+00
19 20 -1.000283390294040e+00 -1.896276337956477e-03 -9.190291685217726e-04 -1.007690935587832e+00
19 21 -1.000283214216341e+00 -1.895912381851881e-03 -9.192417654267872e-04 -1.007692271394767e+00
19 22 -1.000283055580921e+00 -1.895607854368845e-03 -9.194073312216029e-04 -1.007693443466467e+00
19 23 -1.000282920646349e+00 -1.895374846872629e-03 -9.195180593803797e-04 -1.007694405784068e+00
19 24 -1.000282814708594e+00 -1.895222741908538e-03 -9.195680151708184e-04 -1.007695120391221e+00
19 25 -1.000282741879959e+00 -1.895157785006269e-03 -9.195536268956626e-04 -1.007695559008232e+00
19 26 -1.000282704923698e+00 -1.895182780768896e-03 -9.194740825461739e-04 -1.007695704252246e+00
19 27 -1.000282705152103e+00 -1.895296935758067e-03 -9.193315743145674e-04 -1.007695550392977e+00
19 28 -1.000282742391686e+00 -1.895495862705722e-03 -9.191313469595761e-04 -1.007695103598707e+00
19 29 -1.000282815014816e+00 -1.895771750254300e-03 -9.188815275416865e-04 -1.007694381657845e+00
19 30 -1.000282920032887e+00 -1.896113691134297e-03 -9.185927397450605e-04 -1.007693413193894e+00
19 31 -1.000283053242467e+00 -1.896508150956527e-03 -9.182775314384461e-04 -1.007692236422114e+00
20 0 -1.000283019557821e+00 -1.896942976068408e-03 -9.176299743835872e-04 -1.007691146640316e+00
20 1 -1.000283192118171e+00 -1.897392880567179e-03 -9.173049823847421e-04 -1.007689701819009e+00
20 2 -1.000283375218192e+00 -1.897845641821472e-03 -9.169948209534532e-04 -1.007688201533270e+00
20 3 -1.000283561937710e+00 -1.898283711066088e-03 -9.167122240502541e-04 -1.007686703536512e+00
20 4 -1.000283745272224e+00 -1.898690260686581e-03 -9.164682655434895e-04 -1.007685265118689e+00
20 5 -1.000283918375083e+00 -1.899049827477340e-03 -9.162719083387740e-04 -1.007683940953416e+00
20 6 -1.000284074789440e+00 -1.899348881341839e-03 -9.161297263130095e-04 -1.007682781092623e+00
20 7 -1.000284208666238e+00 -1.899576301856534e-03 -9.160457982527032e-04 -1.007681829169851e+00
20 8 -1.000284314964588e+00 -1.899723750873395e-03 -9.160217560943503e-04 -1.007681120861883e+00
20 9 -1.000284389630343e+00 -1.899785934425612e-03 -9.160569567227178e-04 -1.007680682648635e+00
20 10 -1.000284429748008e+00 -1.899760751750600e-03 -9.161487379499669e-04 -1.007680530901876e+00
20 11 -1.000284433660557e+00 -1.899649333275224e-03 -9.162927158738917e-04 -1.007680671323476e+00
20 12 -1.000284401051291e+00 -1.899455972454464e-03 -9.164830835553534e-04 -1.007681098744928e+00
20 13 -1.000284332981595e+00 -1.899187958009910e-03 -9.167128797339486e-04 -1.007681797292890e+00
20 14 -1.000284231879046e+00 -1.898855313682170e-03 -9.169742093168890e-04 -1.007682740919264e+00
20 15 -1.000284101471978e+00 -1.898470452871074e-03 -9.172584121737501e-04 -1.007683894286912e+00
20 16 -1.000283946669081e+00 -1.898047756005402e-03 -9.175561914166794e-04 -1.007685213992738e+00
20 17 -1.000283773385560e+00 -1.897603079256024e-03 -9.178577251634317e-04 -1.007686650099570e+00
20 18 -1.000283588320490e+00 -1.897153204457521e-03 -9.181527943955714e-04 -1.007688147937368e+00
20 19 -1.000283398693375e+00 -1.896715242266795e-03 -9.184309612292346e-04 -1.007689650122218e+00
20 20 -1.000283211951019e+00 -1.896306003842536e-03 -9.186818254152591e-04 -1.007691098728509e+00
20 21 -1.000283035458253e+00 -1.895941360224489e-03 -9.188953733147649e-04 -1.007692437537213e+00
20 22 -1.000282876187434e+00 -1.895635612429643e-03 -9.190624156146324e-04 -1.007693614273204e+00
20 23 -1.000282740422263e+00 -1.895400898643007e-03 -9.191750904221424e-04 -1.007694582737076e+00
20 24 -1.000282633491356e+00 -1.895246667418180e-03 -9.192273898548391e-04 -1.007695304732423e+00
20 25 -1.000282559545768e+00 -1.895179246697440e-03 -9.192156541940733e-04 -1.007695751690215e+00
20 26 -1.000282521392022e+00 -1.895201536571447e-03 -9.191389716912079e-04 -1.007695905901001e+00
20 27 -1.000282520388475e+00 -1.895312848438574e-03 -9.189994263493848e-04 -1.007695761283989e+00
20 28 -1.000282556408699e+00 -1.895508905038545e-03 -9.188021500167340e-04 -1.007695323647630e+00
20 29 -1.000282627871306e+00 -1.895782005729515e-03 -9.185551564278397e-04 -1.007694610426168e+00
20 30 -1.000282731831446e+00 -1.896121350332819e-03 -9.182689600455620e-04 -1.007693649908511e+00
20 31 -1.000282864125483e+00 -1.896513503970215e-03 -9.179560079289312e-04 -1.007692480007083e+00
21 0 -1.000282815818160e+00 -1.896881180939192e-03 -9.176114308660478e-04 -1.007691499720653e+00
21 1 -1.000282987708180e+00 -1.897329359846831e-03 -9.172876878675267e-04 -1.007690059834204e+00
21 2 -1.000283170344132e+00 -1.897780840458636e-03 -9.169782900864338e-04 -1.007688562957530e+00
21 3 -1.000283356823711e+00 -1.898218122182491e-03 -9.166959412974651e-04 -1.007687066718631e+00
21 4 -1.000283540152051e+00 -1.898624406983779e-03 -9.164517054495331e-04 -1.007685628343571e+00
21 5 -1.000283713483441e+00 -1.898984241621957e-03 -9.162545559959084e-04 -1.007684302505611e+00
21 6 -1.000283870353177e+00 -1.899284086009897e-03 -9.161110973610706e-04 -1.007683139319603e+00
21 7 -1.000284004895792e+00 -1.899512790213117e-03 -9.160254577701173e-04 -1.007682182542611e+00
21 8 -1.000284112045938e+00 -1.899661968118234e-03 -9.159993356677086e-04 -1.007681468031144e+00
21 9 -1.000284187717652e+00 -1.899726260830662e-03 -9.160321689911602e-04 -1.007681022495696e+00
21 10 -1.000284228957214e+00 -1.899703487709142e-03 -9.161213879453816e-04 -1.007680862582683e+00
21 11 -1.000284234064344e+00 -1.899594687180909e-03 -9.162627085086623e-04 -1.007680994303397e+00
21 12 -1.000284202675839e+00 -1.899404052240872e-03 -9.164504268496103e-04 -1.007681412821648e+00
21 13 -1.000284135805295e+00 -1.899138766745932e-03 -9.166776838443531e-04 -1.007682102606149e+00
21 14 -1.000284035833172e+00 -1.898808749186026e-03 -9.169366817402737e-04 -1.007683037947520e+00
21 15 -1.000283906443260e+00 -1.898426311279091e-03 -9.172188493860592e-04 -1.007684183831077e+00
21 16 -1.000283752504172e+00 -1.898005739366611e-03 -9.175149670417139e-04 -1.007685497146865e+00
21 17 -1.000283579897252e+00 -1.897562807029577e-03 -9.178152750718931e-04 -1.007686928209050e+00
21 18 -1.000283395295348e+00 -1.897114228317777e-03 -9.181095997106785e-04 -1.007688422546651e+00
21 19 -1.000283205900318e+00 -1.896677063398718e-03 -9.183875302971428e-04 -1.007689922914769e+00
21 20 -1.000283019150485e+00 -1.896268092116770e-03 -9.186386752102899e-04 -1.007691371461213e+00
21 21 -1.000282842411647e+00 -1.895903174813336e-03 -9.188530103049834e-04 -1.007692711971075e+00
21 22 -1.000282682666519e+00 -1.895596623164682e-03 -9.190213165029248e-04 -1.007693892102912e+00
21 23 -1.000282546218077e+00 -1.895360607006721e-03 -9.191356839047665e-04 -1.007694865523016e+00
21 24 -1.000282438422206e+00 -1.895204626044663e-03 -9.191900405643300e-04 -1.007695593838716e+00
21 25 -1.000282363463971e+00 -1.895135076627161e-03 -9.191806492357531e-04 -1.007696048231424e+00
21 26 -1.000282324189208e+00 -1.895154941768486e-03 -9.191065096624638e-04 -1.007696210699352e+00
21 27 -1.000282321999316e+00 -1.895263627027705e-03 -9.189696090979023e-04 -1.007696074838826e+00
21 28 -1.000282356812994e+00 -1.895456956700515e-03 -9.187749779933463e-04 -1.007695646118369e+00
21 29 -1.000282427094404e+00 -1.895727334995180e-03 -9.185305283310018e-04 -1.007694941628970e+00
21 30 -1.000282529943074e+00 -1.896064065895990e-03 -9.182466766333529e-04 -1.007693989325926e+00
21 31 -1.000282661237027e+00 -1.896453814221884e-03 -9.179357793804641e-04 -1.007692826809852e+00
22 0 -1.000282605889179e+00 -1.896756467322469e-03 -9.178939089453863e-04 -1.007691944125498e+00
22 1 -1.000282776996887e+00 -1.897202733571249e-03 -9.175712882569883e-04 -1.007690509939994e+00
22 2 -1.000282959030250e+00 -1.897652666259557e-03 -9.172626095824978e-04 -1.007689017462935e+00
22 3 -1.000283145110137e+00 -1.898088823028350e-03 -9.169805490973922e-04 -1.007687524158787e+00
22 4 -1.000283328257466e+00 -1.898494448417230e-03 -9.167361596811333e-04 -1.007686087143959e+00
22 5 -1.000283501634288e+00 -1.898854114629928e-03 -9.165384204379288e-04 -1.007684761039513e+00
22 6 -1.000283658775330e+00 -1.899154289003456e-03 -9.163939581009846e-04 -1.007683595967000e+00
22 7 -1.000283793806120e+00 -1.899383810603562e-03 -9.163069393650224e-04 -1.007682635749077e+00
22 8 -1.000283901643921e+00 -1.899534263927710e-03 -9.162791159910036e-04 -1.007681916365740e+00
22 9 -1.000283978177326e+00 -1.899600242939179e-03 -9.163099918667347e-04 -1.007681464706220e+00
22 10 -1.000284020419928e+00 -1.899579503573357e-03 -9.163970729915473e-04 -1.007681297645604e+00
22 11 -1.000284026632768e+00 -1.899473006879882e-03 -9.165361579740262e-04 -1.007681421465656e+00
22 12 -1.000283996409530e+00 -1.899284857485637e-03 -9.167216293113342e-04 -1.007681831632333e+00
22 13 -1.000283930717991e+00 -1.899022143284303e-03 -9.169467145551177e-04 -1.007682512936731e+00
22 14 -1.000283831891997e+00 -1.898694682972255e-03 -9.172036994647529e-04 -1.007683439999429e+00
22 15 -1.000283703569963e+00 -1.898314688688720e-03 -9.174840898684328e-04 -1.007684578129717e+00
22 16 -1.000283550578355e+00 -1.897896351465036e-03 -9.177787335876253e-04 -1.007685884522144e+00
22 17 -1.000283378761351e+00 -1.897455357604506e-03 -9.180779268479082e-04 -1.007687309763609e+00
22 18 -1.000283194761074e+00 -1.897008345304504e-03 -9.183715382218009e-04 -1.007688799613195e+00
22 19 -1.000283005756308e+00 -1.896572313392671e-03 -9.186491843165126e-04 -1.007690297003688e+00
22 20 -1.000282819170883e+00 -1.896163997570630e-03 -9.189004844686134e-04 -1.007691744200101e+00
22 21 -1.000282642365214e+00 -1.895799233177037e-03 -9.191154085401240e-04 -1.007693085038916e+00
22 22 -1.000282482325818e+00 -1.895492326943450e-03 -9.192847147598114e-04 -1.007694267162453e+00
22 23 -1.000282345368289e+00 -1.895255463745360e-03 -9.194004549446369e-04 -1.007695244154587e+00
22 24 -1.000282236869261e+00 -1.895098177464400e-03 -9.194565048910590e-04 -1.007695977478132e+00
22 25 -1.000282161041692e+00 -1.895026916248607e-03 -9.194490629497286e-04 -1.007696438114398e+00
22 26 -1.000282120765226e+00 -1.895044730326570e-03 -9.193770544324972e-04 -1.007696607814877e+00
22 27 -1.000282117479623e+00 -1.895151105050145e-03 -9.192423848393336e-04 -1.007696479893292e+00
22 28 -1.000282151145073e+00 -1.895341953860025e-03 -9.190499988718886e-04 -1.007696059511163e+00
22 29 -1.000282220268919e+00 -1.895609776058329e-03 -9.188077222935138e-04 -1.007695363439688e+00
22 30 -1.000282321994046e+00 -1.895943973129989e-03 -9.185258881941527e-04 -1.007694419313576e+00
22 31 -1.000282452240458e+00 -1.896331306124446e-03 -9.182167753426878e-04 -1.007693264424265e+00
23 0 -1.000282397740704e+00 -1.896573488977666e-03 -9.184658632258371e-04 -1.007692463839305e+00
23 1 -1.000282567982591e+00 -1.897017724799541e-03 -9.181442048967650e-04 -1.007691035914339e+00
23 2 -1.000282749296362e+00 -1.897465897428064e-03 -9.178361828483536e-04 -1.007689548671327e+00
23 3 -1.000282934830496e+00 -1.897900630779614e-03 -9.175544486518218e-04 -1.007688059378894e+00
23 4 -1.000283117627354e+00 -1.898305223581722e-03 -9.173100428509946e-04 -1.007686625001476e+00
23 5 -1.000283290863455e+00 -1.898664288238687e-03 -9.171119449727348e-04 -1.007685300057068e+00
23 6 -1.000283448080374e+00 -1.898964316762350e-03 -9.169667951806307e-04 -1.007684134616820e+00
23 7 -1.000283583402330e+00 -1.899194156077332e-03 -9.168787863286017e-04 -1.007683172508771e+00
23 8 -1.000283691736814e+00 -1.899345380869697e-03 -9.168497080310397e-04 -1.007682449776016e+00
23 9 -1.000283768954318e+00 -1.899412557574233e-03 -9.168791120714589e-04 -1.007681993427957e+00
23 10 -1.000283812042614e+00 -1.899393397751463e-03 -9.169645605176875e-04 -1.007681820513170e+00
23 11 -1.000283819230179e+00 -1.899288802784176e-03 -9.171019143255235e-04 -1.007681937534193e+00
23 12 -1.000283790072580e+00 -1.899102804409084e-03 -9.172856224641069e-04 -1.007682340217387e+00
23 13 -1.000283725495455e+00 -1.898842407115169e-03 -9.175089804070634e-04 -1.007683013644261e+00
23 14 -1.000283627788340e+00 -1.898517339113597e-03 -9.177643403283932e-04 -1.007683932743871e+00
23 15 -1.000283500545199e+00 -1.898139718825018e-03 -9.180432703302300e-04 -1.007685063138752e+00
23 16 -1.000283348549821e+00 -1.897723644120500e-03 -9.183366743364957e-04 -1.007686362328507e+00
23 17 -1.000283177607195e+00 -1.897284712316759e-03 -9.186348967108267e-04 -1.007687781184816e+00
23 18 -1.000282994325322e+00 -1.896839480435105e-03 -9.189278441987013e-04 -1.007689265719499e+00
23 19 -1.000282805855392e+00 -1.896404877561010e-03 -9.192051595917904e-04 -1.007690759074626e+00
23 20 -1.000282619601331e+00 -1.895997584202534e-03 -9.194564750678899e-04 -1.007692203671494e+00
23 21 -1.000282442912006e+00 -1.895633397177581e-03 -9.196717596845967e-04 -1.007693543443747e+00
23 22 -1.000282282770924e+00 -1.895326602520067e-03 -9.198417576384253e-04 -1.007694726069025e+00
23 23 -1.000282145499060e+00 -1.895089382720407e-03 -9.199584940948360e-04 -1.007695705104422e+00
23 24 -1.000282036486403e+00 -1.894931287492676e-03 -9.200158063476583e-04 -1.007696441925760e+00
23 25 -1.000281959966561e+00 -1.894858798154390e-03 -9.200098437301368e-04 -1.007696907371704e+00
23 26 -1.000281918846156e+00 -1.894875013752281e-03 -9.199394741209427e-04 -1.007697083002504e+00
23 27 -1.000281914597169e+00 -1.894979481939080e-03 -9.198065396962743e-04 -1.007696961900427e+00
23 28 -1.000281947216113e+00 -1.895168189576850e-03 -9.196159184257755e-04 -1.007696548964133e+00
23 29 -1.000282015249538e+00 -1.895433717854369e-03 -9.193753682762156e-04 -1.007695860680187e+00
23 30 -1.000282115881026e+00 -1.895765555467802e-03 -9.190951559166632e-04 -1.007694924387862e+00
23 31 -1.000282245071295e+00 -1.896150552544093e-03 -9.187874977307200e-04 -1.007693777083994e+00
24 0 -1.000282199326613e+00 -1.896339094269684e-03 -9.193048773162364e-04 -1.007693039920384e+00
24 1 -1.000282368650828e+00 -1.896781255856685e-03 -9.189839938447945e-04 -1.007691618587104e+00
24 2 -1.000282549153902e+00 -1.897227519642002e-03 -9.186765501918891e-04 -1.007690137224412e+00
24 3 -1.000282734015415e+00 -1.897660581510074e-03 -9.183951767834552e-04 -1.007688652879713e+00
24 4 -1.000282916304172e+00 -1.898063804146705e-03 -9.181509009265242e-04 -1.007687222328030e+00
24 5 -1.000283089217411e+00 -1.898421853538619e-03 -9.179526973948632e-04 -1.007685899936634e+00
24 6 -1.000283246310687e+00 -1.898721262673190e-03 -9.178072102882904e-04 -1.007684735671114e+00
24 7 -1.000283381714604e+00 -1.898950904837357e-03 -9.177186448818692e-04 -1.007683773304822e+00
24 8 -1.000283490334911e+00 -1.899102364965362e-03 -9.176888111883519e-04 -1.007683048880970e+00
24 9 -1.000283568032137e+00 -1.899170202876536e-03 -9.177172887036953e-04 -1.007682589465213e+00
24 10 -1.000283611776144e+00 -1.899152106654072e-03 -9.178016737494020e-04 -1.007682412217298e+00
24 11 -1.000283619770125e+00 -1.899048937976167e-03 -9.179378670669681e-04 -1.007682523802505e+00
24 12 -1.000283591537943e+00 -1.898864673933838e-03 -9.181203615350052e-04 -1.007682920156025e+00
24 13 -1.000283527968433e+00 -1.898606251488010e-03 -9.183424989081945e-04 -1.007683586606318e+00
24 14 -1.000283431310902e+00 -1.898283321226974e-03 -9.185966782198992e-04 -1.007684498357257e+00
24 15 -1.000283305117446e+00 -1.897907917106431e-03 -9.188745133972756e-04 -1.007685621322422e+00
24 16 -1.000283154130136e+00 -1.897494049184809e-03 -9.191669515754123e-04 -1.007686913296489e+00
24 17 -1.000282984114146e+00 -1.897057227324095e-03 -9.194643758687789e-04 -1.007688325437685e+00
24 18 -1.000282801641303e+00 -1.896613925310387e-03 -9.197567252636495e-04 -1.007689804023205e+00
24 19 -1.000282613831822e+00 -1.896180996909071e-03 -9.200336665568413e-04 -1.007691292427541e+00
24 20 -1.000282428065050e+00 -1.895775058320569e-03 -9.202848467431914e-04 -1.007692733261815e+00
24 21 -1.000282251672437e+00 -1.895411855390089e-03 -9.205002402042226e-04 -1.007694070599987e+00
24 22 -1.000282091627639e+00 -1.895105638185059e-03 -9.206705868519653e-04 -1.007695252206111e+00
24 23 -1.000281954249478e+00 -1.894868569354593e-03 -9.207878979132361e-04 -1.007696231667596e+00
24 24 -1.000281844933354e+00 -1.894710195354269e-03 -9.208459874966297e-04 -1.007696970334649e+00
24 25 -1.000281767925433e+00 -1.894637010528182e-03 -9.208409736792538e-04 -1.007697438966893e+00
24 26 -1.000281726151434e+00 -1.894652142340216e-03 -9.207716867001934e-04 -1.007697618996369e+00
24 27 -1.000281721108224e+00 -1.894755181008137e-03 -9.206399263641676e-04 -1.007697503333329e+00
24 28 -1.000281752822152e+00 -1.894942168529771e-03 -9.204505249832307e-04 -1.007697096667098e+00
24 29 -1.000281819873504e+00 -1.895205751702792e-03 -9.202111931607794e-04 -1.007696415245625e+00
24 30 -1.000281919482319e+00 -1.895535492673106e-03 -9.199321504992931e-04 -1.007695486149692e+00
24 31 -1.000282047647214e+00 -1.895918320003176e-03 -9.196255688007688e-04 -1.007694346107530e+00
25 0 -1.000282018286186e+00 -1.896062091198049e-03 -9.203785919843989e-04 -1.007693651071150e+00
25 1 -1.000282186674714e+00 -1.896502211181292e-03 -9.200582733343671e-04 -1.007692236417337e+00
25 2 -1.000282366305588e+00 -1.896946487161533e-03 -9.197513153598636e-04 -1.007690761366183e+00
25 3 -1.000282550391934e+00 -1.897377690072123e-03 -9.194703315700116e-04 -1.007689282726293e+00
25 4 -1.000282732033064e+00 -1.897779253980682e-03 -9.192263356965390e-04 -1.007687857052590e+00
25 5 -1.000282904452367e+00 -1.898135909799725e-03 -9.190282925436776e-04 -1.007686538519748e+00
25 6 -1.000283061225928e+00 -1.898434246208685e-03 -9.188828399501378e-04 -1.007685376936909e+00
25 7 -1.000283196498230e+00 -1.898663180456410e-03 -9.187941808109738e-04 -1.007684415964542e+00
25 8 -1.000283305181512e+00 -1.898814327650274e-03 -9.187641269805303e-04 -1.007683691582154e+00
25 9 -1.000283383134950e+00 -1.898882262411386e-03 -9.187922643655555e-04 -1.007683230844736e+00
25 10 -1.000283427319066e+00 -1.898864671244231e-03 -9.188762003513948e-04 -1.007683050956291e+00
25 11 -1.000283435919995e+00 -1.898762397616182e-03 -9.190118511185631e-04 -1.007683158680572e+00
25 12 -1.000283408437534e+00 -1.898579384357426e-03 -9.191937288987735e-04 -1.007683550101882e+00
25 13 -1.000283345730529e+00 -1.898322519415018e-03 -9.194151982854456e-04 -1.007684210742516e+00
25 14 -1.000283250013660e+00 -1.898001391507295e-03 -9.196686841611888e-04 -1.007685116037195e+00
25 15 -1.000283124801247e+00 -1.897627962422552e-03 -9.199458284363177e-04 -1.007686232157806e+00
25 16 -1.000282974796116e+00 -1.897216163034567e-03 -9.202376068896678e-04 -1.007687517173158e+00
25 17 -1.000282805724565e+00 -1.896781420760912e-03 -9.205344301732514e-04 -1.007688922518555e+00
25 18 -1.000282624121653e+00 -1.896340127423532e-03 -9.208262622063436e-04 -1.007690394738680e+00
25 19 -1.000282437074411e+00 -1.895909058673551e-03 -9.211027911236733e-04 -1.007691877454921e+00
25 20 -1.000282251933758e+00 -1.895504759433411e-03 -9.213536809066009e-04 -1.007693313495313e+00
25 21 -1.000282076008391e+00 -1.895142913783847e-03 -9.215689177273399e-04 -1.007694647112746e+00
25 22 -1.000281916255563e+00 -1.894837721776060e-03 -9.217392472977452e-04 -1.007695826206040e+00
25 23 -1.000281778984440e+00 -1.894601309355782e-03 -9.218566803676358e-04 -1.007696804449491e+00
25 24 -1.000281669587614e+00 -1.894443200482146e-03 -9.219150246903854e-04 -1.007697543230815e+00
25 25 -1.000281592315208e+00 -1.894369881664201e-03 -9.219103868338611e-04 -1.007698013297659e+00
25 26 -1.000281550103439e+00 -1.894384487326564e-03 -9.218415809822260e-04 -1.007698196021513e+00
25 27 -1.000281544465833e+00 -1.894486629093868e-03 -9.217103868550319e-04 -1.007698084206063e+00
25 28 -1.000281575450940e+00 -1.894672383798636e-03 -9.215216134721281e-04 -1.007697682392730e+00
25 29 -1.000281641666001e+00 -1.894934444918812e-03 -9.212829462555261e-04 -1.007697006646497e+00
25 30 -1.000281740361827e+00 -1.895262431287293e-03 -9.210045792101245e-04 -1.007696083836982e+00
25 31 -1.000281867570635e+00 -1.895643336244723e-03 -9.206986592368169e-04 -1.007694950460106e+00
26 0 -1.000281861648284e+00 -1.895752939369832e-03 -9.216459668972058e-04 -1.007694274328431e+00
26 1 -1.000282029118090e+00 -1.896191126853437e-03 -9.213259852759323e-04 -1.007692866191393e+00
26 2 -1.000282207847734e+00 -1.896633410161207e-03 -9.210194068245076e-04 -1.007691397647572e+00
26 3 -1.000282391085108e+00 -1.897062635553750e-03 -9.207388330692807e-04 -1.007689925257943e+00
26 4 -1.000282571962890e+00 -1.897462313129659e-03 -9.204952640957894e-04 -1.007688505335276e+00
26 5 -1.000282743734993e+00 -1.897817247539167e-03 -9.202976493540731e-04 -1.007687191827501e+00
26 6 -1.000282900003842e+00 -1.898114095830390e-03 -9.201526099367829e-04 -1.007686034342242e+00
26 7 -1.000283034934871e+00 -1.898341835341013e-03 -9.200643314174274e-04 -1.007685076372483e+00
26 8 -1.000283143454861e+00 -1.898492130313754e-03 -9.200346088285949e-04 -1.007684353771943e+00
26 9 -1.000283221430302e+00 -1.898559591156013e-03 -9.200630127510558e-04 -1.007683893517998e+00
26 10 -1.000283265821336e+00 -1.898541924907136e-03 -9.201471375542068e-04 -1.007683712789836e+00
26 11 -1.000283274806005e+00 -1.898439979185221e-03 -9.202828894983756e-04 -1.007683818381045e+00
26 12 -1.000283247868677e+00 -1.898257684289879e-03 -9.204647748702373e-04 -1.007684206459394e+00
26 13 -1.000283185846107e+00 -1.898001899376106e-03 -9.206861570923186e-04 -1.007684862680959e+00
26 14 -1.000283090925158e+00 -1.897682169241724e-03 -9.209394649700607e-04 -1.007685762659160e+00
26 15 -1.000282966587861e+00 -1.897310398640608e-03 -9.212163490247192e-04 -1.007686872781518e+00
26 16 -1.000282817501868e+00 -1.896900451188500e-03 -9.215077974006477e-04 -1.007688151358841e+00
26 17 -1.000282649357110e+00 -1.896467680176915e-03 -9.218042358852799e-04 -1.007689550082954e+00
26 18 -1.000282468652661e+00 -1.896028399738666e-03 -9.220956455382926e-04 -1.007691015758210e+00
26 19 -1.000282282441327e+00 -1.895599307353538e-03 -9.223717329150298e-04 -1.007692492258609e+00
26 20 -1.000282098042750e+00 -1.895196872279252e-03 -9.226221807058886e-04 -1.007693922648313e+00
26 21 -1.000281922738376e+00 -1.894836708337673e-03 -9.228369928887211e-04 -1.007695251391169e+00
26 22 -1.000281763463101e+00 -1.894532953257822e-03 -9.230069311377740e-04 -1.007696426564555e+00
26 23 -1.000281626509236e+00 -1.894297680554117e-03 -9.231240199343407e-04 -1.007697401983681e+00
26 24 -1.000281517258422e+00 -1.894140373160282e-03 -9.231820784610199e-04 -1.007698139135796e+00
26 25 -1.000281439956001e+00 -1.894067489262258e-03 -9.231772222004682e-04 -1.007698608823754e+00
26 26 -1.000281397539726e+00 -1.894082148639895e-03 -9.231082713330446e-04 -1.007698792428148e+00
26 27 -1.000281391530884e+00 -1.894183962278854e-03 -9.229770085073589e-04 -1.007698682715922e+00
26 28 -1.000281421991696e+00 -1.894369019981675e-03 -9.227882430557500e-04 -1.007698284148378e+00
26 29 -1.000281487548470e+00 -1.894630041011263e-03 -9.225496588672848e-04 -1.007697612670643e+00
26 30 -1.000281585475891e+00 -1.894956681935993e-03 -9.222714470204643e-04 -1.007696694996648e+00
26 31 -1.000281711834155e+00 -1.895335984805732e-03 -9.219657499486010e-04 -1.007695567435170e+00
27 0 -1.000281735550098e+00 -1.895423375888253e-03 -9.230588248772474e-04 -1.007694885867322e+00
27 1 -1.000281902153151e+00 -1.895859813829429e-03 -9.227389400137390e-04 -1.007693483835254e+00
27 2 -1.000282079986791e+00 -1.896300175397836e-03 -9.224326226137795e-04 -1.007692021746771e+00
27 3 -1.000282262333516e+00 -1.896727379545798e-03 -9.221524673952280e-04 -1.007690555916056e+00
27 4 -1.000282442360893e+00 -1.897125014065606e-03 -9.219094607841486e-04 -1.007689142401364e+00
27 5 -1.000282613356600e+00 -1.897477963347894e-03 -9.217125317104806e-04 -1.007687834898466e+00
27 6 -1.000282768954281e+00 -1.897772963014567e-03 -9.215682745864146e-04 -1.007686682775593e+00
27 7 -1.000282903346641e+00 -1.897999064468976e-03 -9.214808434252345e-04 -1.007685729309490e+00
27 8 -1.000283011482481e+00 -1.898147998238193e-03 -9.214519982747971e-04 -1.007685010170566e+00
27 9 -1.000283089244016e+00 -1.898214430210498e-03 -9.214812727965759e-04 -1.007684552194348e+00
27 10 -1.000283133600095e+00 -1.898196109465588e-03 -9.215662242824207e-04 -1.007684372466459e+00
27 11 -1.000283142730054e+00 -1.898093910122335e-03 -9.217027239431847e-04 -1.007684477739957e+00
27 12 -1.000283116112045e+00 -1.897911772101954e-03 -9.218852472151236e-04 -1.007684864197324e+00
27 13 -1.000283054569362e+00 -1.897656546924888e-03 -9.221071323943240e-04 -1.007685517563829e+00
27 14 -1.000282960268860e+00 -1.897337755121900e-03 -9.223607896116660e-04 -1.007686413572720e+00
27 15 -1.000282836667090e+00 -1.896967262018718e-03 -9.226378575081747e-04 -1.007687518775508e+00
27 16 -1.000282688402047e+00 -1.896558878740537e-03 -9.229293194467023e-04 -1.007688791682798e+00
27 17 -1.000282521131207e+00 -1.896127895575307e-03 -9.232256036292356e-04 -1.007690184212531e+00
27 18 -1.000282341319734e+00 -1.895690555991085e-03 -9.235167002543796e-04 -1.007691643411539e+00
27 19 -1.000282155986395e+00 -1.895263482117198e-03 -9.237923307322982e-04 -1.007693113402829e+00
27 20 -1.000281972417912e+00 -1.894863066095845e-03 -9.240421972183269e-04 -1.007694537496876e+00
27 21 -1.000281797865042e+00 -1.894504845645830e-03 -9.242563268760168e-04 -1.007695860392638e+00
27 22 -1.000281639235201e+00 -1.894202886048691e-03 -9.244255074920224e-04 -1.007697030383560e+00
27 23 -1.000281502797268e+00 -1.893969194534828e-03 -9.245417916216617e-04 -1.007698001474667e+00
27 24 -1.000281393914236e+00 -1.893813196193701e-03 -9.245990273525435e-04 -1.007698735310474e+00
27 25 -1.000281316818167e+00 -1.893741301701939e-03 -9.245933588790333e-04 -1.007699202813577e+00
27 26 -1.000281274439298e+00 -1.893756595086208e-03 -9.245236341931425e-04 -1.007699385443265e+00
27 27 -1.000281268297394e+00 -1.893858664295443e-03 -9.243916624265501e-04 -1.007699276002074e+00
27 28 -1.000281298459172e+00 -1.894043589391893e-03 -9.242022777143008e-04 -1.007698878942960e+00
27 29 -1.000281363561341e+00 -1.894304093480197e-03 -9.239631865837850e-04 -1.007698210159042e+00
27 30 -1.000281460894627e+00 -1.894629850590106e-03 -9.236845998493651e-04 -1.007697296269775e+00
27 31 -1.000281586540528e+00 -1.895007933612686e-03 -9.233786758308581e-04 -1.007696173449103e+00
28 0 -1.000281644983069e+00 -1.895085985384431e-03 -9.245636243179516e-04 -1.007695461899291e+00
28 1 -1.000281810805065e+00 -1.895520925180216e-03 -9.242435893839728e-04 -1.007694065321932e+00
28 2 -1.000281987782634e+00 -1.895959510620789e-03 -9.239374032769453e-04 -1.007692609386028e+00
28 3 -1.000282169231328e+00 -1.896384727814787e-03 -9.236576590636279e-04 -1.007691150169813e+00
28 4 -1.000282348353807e+00 -1.896780240921766e-03 -9.234153298734324e-04 -1.007689743474500e+00
28 5 -1.000282518473511e+00 -1.897131017087004e-03 -9.232193198531639e-04 -1.007688442727648e+00
28 6 -1.000282673258997e+00 -1.897423877763999e-03 -9.230761879714480e-04 -1.007687297029133e+00
28 7 -1.000282806935492e+00 -1.897647959596986e-03 -9.229900435280409e-04 -1.007686349398888e+00
28 8 -1.000282914480486e+00 -1.897795074062409e-03 -9.229625943813426e-04 -1.007685635273319e+00
28 9 -1.000282991799819e+00 -1.897859960174640e-03 -9.229933167858762e-04 -1.007685181286939e+00
28 10 -1.000283035879872e+00 -1.897840428965924e-03 -9.230797083014982e-04 -1.007685004366432e+00
28 11 -1.000283044910580e+00 -1.897737402323100e-03 -9.232175813763948e-04 -1.007685111155677e+00
28 12 -1.000283018373253e+00 -1.897554851543259e-03 -9.234013566204268e-04 -1.007685497782747e+00
28 13 -1.000282957086871e+00 -1.897299642108219e-03 -9.236243235462141e-04 -1.007686149974548e+00
28 14 -1.000282863206952e+00 -1.896981291133530e-03 -9.238788510514739e-04 -1.007687043519932e+00
28 15 -1.000282740172436e+00 -1.896611643820791e-03 -9.241565456030575e-04 -1.007688145075849e+00
28 16 -1.000282592598325e+00 -1.896204475586647e-03 -9.244483689308486e-04 -1.007689413302740e+00
28 17 -1.000282426114725e+00 -1.895775027186072e-03 -9.247447388780606e-04 -1.007690800305729e+00
28 18 -1.000282247156243e+00 -1.895339481163049e-03 -9.250356461419271e-04 -1.007692253347635e+00
28 19 -1.000282062709130e+00 -1.894914390056249e-03 -9.253108224900165e-04 -1.007693716787279e+00
28 20 -1.000281880026824e+00 -1.894516070368140e-03 -9.255599895319709e-04 -1.007695134182363e+00
28 21 -1.000281706327129e+00 -1.894159980697782e-03 -9.257732024430134e-04 -1.007696450482369e+00
28 22 -1.000281548485917e+00 -1.893860106552014e-03 -9.259412845379803e-04 -1.007697614225894e+00
28 23 -1.000281412743019e+00 -1.893628377765617e-03 -9.260563295961292e-04 -1.007698579648759e+00
28 24 -1.000281304435862e+00 -1.893474147182769e-03 -9.261122306951402e-04 -1.007699308603931e+00
28 25 -1.000281227775232e+00 -1.893403760571806e-03 -9.261051795024568e-04 -1.007699772193856e+00
28 26 -1.000281185675018e+00 -1.893420246188115e-03 -9.260340731919402e-04 -1.007699952023929e+00
28 27 -1.000281179644115e+00 -1.893523147114693e-03 -9.259007707543351e-04 -1.007699841004100e+00
28 28 -1.000281209744299e+00 -1.893708511175128e-03 -9.257101552168908e-04 -1.007699443651571e+00
28 29 -1.000281274613576e+00 -1.893969043218810e-03 -9.254699791752457e-04 -1.007698775877443e+00
28 30 -1.000281371550294e+00 -1.894294413837129e-03 -9.251904950947905e-04 -1.007697864271480e+00
28 31 -1.000281496649827e+00 -1.894671707732326e-03 -9.248838971564014e-04 -1.007696744930098e+00
29 0 -1.000281593578626e+00 -1.894753727942224e-03 -9.261034029383029e-04 -1.007695979631611e+00
29 1 -1.000281758736256e+00 -1.895187481154504e-03 -9.257829708179315e-04 -1.007694587641003e+00
29 2 -1.000281934931426e+00 -1.895624506615330e-03 -9.254767761427659e-04 -1.007693137311522e+00
29 3 -1.000282115509871e+00 -1.896047849339494e-03 -9.251974157020544e-04 -1.007691684505826e+00
29 4 -1.000282293708234e+00 -1.896441245611194e-03 -9.249558505319652e-04 -1.007690284775290e+00
29 5 -1.000282462886321e+00 -1.896789745191994e-03 -9.247609569607606e-04 -1.007688991273372e+00
29 6 -1.000282616749917e+00 -1.897080259295577e-03 -9.246192510832118e-04 -1.007687852813075e+00
29 7 -1.000282749560786e+00 -1.897302017715008e-03 -9.245347857394608e-04 -1.007686912126806e+00
29 8 -1.000282856330772e+00 -1.897446924508241e-03 -9.245092011510584e-04 -1.007686204374924e+00
29 9 -1.000282932996399e+00 -1.897509806639139e-03 -9.245418979855931e-04 -1.007685755939351e+00
29 10 -1.000282976569659e+00 -1.897488554432188e-03 -9.246302939633848e-04 -1.007685583529097e+00
29 11 -1.000282985259859e+00 -1.897384156813060e-03 -9.247701211783432e-04 -1.007685693615004e+00
29 12 -1.000282958560711e+00 -1.897200637148706e-03 -9.249557228294646e-04 -1.007686082203421e+00
29 13 -1.000282897296336e+00 -1.896944896320699e-03 -9.251803170723255e-04 -1.007686734954159e+00
29 14 -1.000282803620157e+00 -1.896626469261776e-03 -9.254362103586501e-04 -1.007687627644407e+00
29 15 -1.000282680962054e+00 -1.896257201083686e-03 -9.257149581732381e-04 -1.007688726973895e+00
29 16 -1.000282533921502e+00 -1.895850849555506e-03 -9.260074846351130e-04 -1.007689991697365e+00
29 17 -1.000282368107386e+00 -1.895422621385848e-03 -9.263041842889513e-04 -1.007691374060736e+00
29 18 -1.000282189928348e+00 -1.894988650479892e-03 -9.265950389431637e-04 -1.007692821507563e+00
29 19 -1.000282006340942e+00 -1.894565428242718e-03 -9.268697856090549e-04 -1.007694278610240e+00
29 20 -1.000281824566226e+00 -1.894169199803943e-03 -9.271181648511662e-04 -1.007695689165442e+00
29 21 -1.000281651788057e+00 -1.893815344737207e-03 -9.273302636553747e-04 -1.007696998378705e+00
29 22 -1.000281494848002e+00 -1.893517764869075e-03 -9.274969483908891e-04 -1.007698155052427e+00
29 23 -1.000281359952436e+00 -1.893288304809966e-03 -9.276103650294043e-04 -1.007699113684537e+00
29 24 -1.000281252407294e+00 -1.893136233464136e-03 -9.276644660567576e-04 -1.007699836379867e+00
29 25 -1.000281176394835e+00 -1.893067816453403e-03 -9.276555083013470e-04 -1.007700294474810e+00
29 26 -1.000281134804318e+00 -1.893086008166621e-03 -9.275824583669753e-04 -1.007700469783188e+00
29 27 -1.000281129124804e+00 -1.893190286737155e-03 -9.274472468313015e-04 -1.007700355390042e+00
29 28 -1.000281159403871e+00 -1.893376646541642e-03 -9.272548277790099e-04 -1.007699955946984e+00
29 29 -1.000281224271645e+00 -1.893637752692798e-03 -9.270130216905542e-04 -1.007699287452767e+00
29 30 -1.000281321025409e+00 -1.893963251455130e-03 -9.267321435237967e-04 -1.007698376533624e+00
29 31 -1.000281445766484e+00 -1.894340219834504e-03 -9.264244425099804e-04 -1.007697259268553e+00
30 0 -1.000281583445469e+00 -1.894439441626728e-03 -9.276198347208817e-04 -1.007696418243803e+00
30 1 -1.000281748082295e+00 -1.894872368924208e-03 -9.272987647952067e-04 -1.007695029785093e+00
30 2 -1.000281923600070e+00 -1.895308113844201e-03 -9.269924139208706e-04 -1.007693584290414e+00
30 3 -1.000282103370659e+00 -1.895729769687161e-03 -9.267133884125301e-04 -1.007692137435762e+00
30 4 -1.000282280662198e+00 -1.896121137787071e-03 -9.264726392650247e-04 -1.007690744539681e+00
30 5 -1.000282448870021e+00 -1.896467347145403e-03 -9.262790130498583e-04 -1.007689458486437e+00
30 6 -1.000282601738032e+00 -1.896755399178741e-03 -9.261389770378484e-04 -1.007688327794769e+00
30 7 -1.000282733567222e+00 -1.896974621163322e-03 -9.260565179734816e-04 -1.007687394889771e+00
30 8 -1.000282839408157e+00 -1.897117017767493e-03 -9.260331957722959e-04 -1.007686694624359e+00
30 9 -1.000282915233842e+00 -1.897177515171606e-03 -9.260683204678236e-04 -1.007686253086551e+00
30 10 -1.000282958088846e+00 -1.897154097091827e-03 -9.261592128546109e-04 -1.007686086718003e+00
30 11 -1.000282966209853e+00 -1.897047836192198e-03 -9.263015057604123e-04 -1.007686201759390e+00
30 12 -1.000282939111851e+00 -1.896862826827112e-03 -9.264894448934841e-04 -1.007686594031989e+00
30 13 -1.000282877633466e+00 -1.896606025572955e-03 -9.267161570541824e-04 -1.007687249061570e+00
30 14 -1.000282783935378e+00 -1.896287005763538e-03 -9.269738675414282e-04 -1.007688142546558e+00
30 15 -1.000282661447272e+00 -1.895917632423101e-03 -9.272540639616479e-04 -1.007689241165121e+00
30 16 -1.000282514761194e+00 -1.895511664506625e-03 -9.275476178032106e-04 -1.007690503706856e+00
30 17 -1.000282349471845e+00 -1.895084291671864e-03 -9.278448875959442e-04 -1.007691882506181e+00
30 18 -1.000282171967542e+00 -1.894651613451809e-03 -9.281358368337983e-04 -1.007693325144970e+00
30 19 -1.000281989179107e+00 -1.894230070925411e-03 -9.284102024103521e-04 -1.007694776378768e+00
30 20 -1.000281808297384e+00 -1.893835844975115e-03 -9.286577424282217e-04 -1.007696180225409e+00
30 21 -1.000281636472693e+00 -1.893484239637055e-03 -9.288685776055537e-04 -1.007697482141146e+00
30 22 -1.000281480510963e+00 -1.893189072734274e-03 -9.290336224800043e-04 -1.007698631199718e+00
30 23 -1.000281346582027e+00 -1.892962099146748e-03 -9.291450839899898e-04 -1.007699582182331e+00
30 24 -1.000281239955555e+00 -1.892812495108308e-03 -9.291969866842370e-04 -1.007700297480136e+00
30 25 -1.000281164779054e+00 -1.892746433708870e-03 -9.291856683746579e-04 -1.007700748709126e+00
30 26 -1.000281123909814e+00 -1.892766780259762e-03 -9.291101828345058e-04 -1.007700917945723e+00
30 27 -1.000281118808915e+00 -1.892872930546272e-03 -9.289725509757538e-04 -1.007700798510589e+00
30 28 -1.000281149501062e+00 -1.893060806413937e-03 -9.287778173393840e-04 -1.007700395254621e+00
30 29 -1.000281214599654e+00 -1.893323013180430e-03 -9.285338899635136e-04 -1.007699724330750e+00
30 30 -1.000281311392225e+00 -1.893649152688239e-03 -9.282511654036736e-04 -1.007698812466697e+00
30 31 -1.000281435977816e+00 -1.894026274928177e-03 -9.279419654225727e-04 -1.007697695785120e+00
31 0 -1.000281615068183e+00 -1.894155338585878e-03 -9.290553412630205e-04 -1.007696759828563e+00
31 1 -1.000281779349290e+00 -1.894587836225629e-03 -9.287334074356373e-04 -1.007695373699611e+00
31 2 -1.000281954322232e+00 -1.895022633121213e-03 -9.284267493030634e-04 -1.007693932070670e+00
31 3 -1.000282133379863e+00 -1.895442858309649e-03 -9.281479886060867e-04 -1.007692490467389e+00
31 4 -1.000282309818021e+00 -1.895832368453478e-03 -9.279080688430019e-04 -1.007691104002005e+00
31 5 -1.000282477065350e+00 -1.896176365266186e-03 -9.277158059621971e-04 -1.007689825305212e+00
31 6 -1.000282628903366e+00 -1.896461937318966e-03 -9.275776144282383e-04 -1.007688702605357e+00
31 7 -1.000282759673473e+00 -1.896678509872213e-03 -9.274974081636651e-04 -1.007687778012384e+00
31 8 -1.000282864467719e+00 -1.896818192128075e-03 -9.274766575486612e-04 -1.007687086052976e+00
31 9 -1.000282939299819e+00 -1.896876016716887e-03 -9.275145703831709e-04 -1.007686652492110e+00
31 10 -1.000282981252621e+00 -1.896850071273077e-03 -9.276083568049707e-04 -1.007686493464758e+00
31 11 -1.000282988597261e+00 -1.896741525864664e-03 -9.277535350577015e-04 -1.007686614932489e+00
31 12 -1.000282960878141e+00 -1.896554562099845e-03 -9.279442372566056e-04 -1.007687012474830e+00
31 13 -1.000282898957174e+00 -1.896296210297882e-03 -9.281734827164084e-04 -1.007687671421849e+00
31 14 -1.000282805011315e+00 -1.895976101243192e-03 -9.284333998935934e-04 -1.007688567329235e+00
31 15 -1.000282682478997e+00 -1.895606139270964e-03 -9.287153935883146e-04 -1.007689666789608e+00
31 16 -1.000282535953327e+00 -1.895200103532875e-03 -9.290102690287925e-04 -1.007690928566000e+00
31 17 -1.000282371022453e+00 -1.894773184343526e-03 -9.293083372170417e-04 -1.007692305025494e+00
31 18 -1.000282194060774e+00 -1.894341462434275e-03 -9.295995346177083e-04 -1.007693743840614e+00
31 19 -1.000282011978346e+00 -1.893921341506666e-03 -9.298735922390340e-04 -1.007695189911995e+00
31 20 -1.000281831939255e+00 -1.893528948253508e-03 -9.301202827143383e-04 -1.007696587450995e+00
31 21 -1.000281661062113e+00 -1.893179517937155e-03 -9.303297603075551e-04 -1.007697882148572e+00
31 22 -1.000281506117292e+00 -1.892886787289014e-03 -9.304929908424812e-04 -1.007699023346915e+00
31 23 -1.000281373236350e+00 -1.892662420196047e-03 -9.306022490081335e-04 -1.007699966121340e+00
31 24 -1.000281267649277e+00 -1.892515494985824e-03 -9.306516415092337e-04 -1.007700673172911e+00
31 25 -1.000281193463967e+00 -1.892452083544157e-03 -9.306375996011694e-04 -1.007701116431751e+00
31 26 -1.000281153499686e+00 -1.892474950489841e-03 -9.305592782312191e-04 -1.007701278280614e+00
31 27 -1.000281149182517e+00 -1.892583395073451e-03 -9.304188038761489e-04 -1.007701152327142e+00
31 28 -1.000281180506566e+00 -1.892773250318665e-03 -9.302213278075804e-04 -1.007700743678545e+00
31 29 -1.000281246060322e+00 -1.893037044026723e-03 -9.299748623480544e-04 -1.007700068702225e+00
31 30 -1.000281343113203e+00 -1.893364315188569e-03 -9.296899018499598e-04 -1.007699154288662e+00
31 31 -1.000281467753681e+00 -1.893742068264493e-03 -9.293788554321497e-04 -1.007698036664478e+00
