8.096238420490145e-07
1.000000000000000e-12
1.000000000000000e-17
3.539430928339201e-01
1.942746871538694e-01
-4.180763297859551e-02
-1.500017464083440e+00
1.901109735892602e-07
32
32
-2.923082573467092e-03
1
0 0 -1.000281487724272e+00 -1.893659432555650e-03 -9.310375341181673e-04 -1.007697820245787e+00
0 1 -1.000281674256474e+00 -1.894151913012662e-03 -9.306674979690330e-04 -1.007696243694369e+00
0 2 -1.000281872707188e+00 -1.894646254785973e-03 -9.303161782797579e-04 -1.007694605872571e+00
0 3 -1.000282075603687e+00 -1.895123250717481e-03 -9.299981648748622e-04 -1.007692969874962e+00
0 4 -1.000282275381493e+00 -1.895564580568148e-03 -9.297259763415285e-04 -1.007691398182937e+00
0 5 -1.000282464638262e+00 -1.895953509985639e-03 -9.295095444090478e-04 -1.007689950332433e+00
0 6 -1.000282636375444e+00 -1.896275497867434e-03 -9.293559179318188e-04 -1.007688680761258e+00
0 7 -1.000282784225227e+00 -1.896518694690117e-03 -9.292691827478077e-04 -1.007687636897222e+00
0 8 -1.000282902660225e+00 -1.896674320872138e-03 -9.292505727792533e-04 -1.007686857536051e+00
0 9 -1.000282987182883e+00 -1.896736920857278e-03 -9.292987309794413e-04 -1.007686371544609e+00
0 10 -1.000283034490828e+00 -1.896704495036464e-03 -9.294100668739388e-04 -1.007686196911048e+00
0 11 -1.000283042613048e+00 -1.896578516241885e-03 -9.295791530011085e-04 -1.007686340153676e+00
0 12 -1.000283011010016e+00 -1.896363839260093e-03 -9.297991073761105e-04 -1.007686796096502e+00
0 13 -1.000282940629629e+00 -1.896068511471715e-03 -9.300619217167775e-04 -1.007687548018328e+00
0 14 -1.000282833911030e+00 -1.895703492088209e-03 -9.303587120030560e-04 -1.007688568178705e+00
0 15 -1.000282694730190e+00 -1.895282287205010e-03 -9.306798866518650e-04 -1.007689818716661e+00
0 16 -1.000282528283849e+00 -1.894820507504662e-03 -9.310152474450110e-04 -1.007691252909468e+00
0 17 -1.000282340911767e+00 -1.894335354854833e-03 -9.313540571922436e-04 -1.007692816770024e+00
0 18 -1.000282139861056e+00 -1.893845044451062e-03 -9.316851209962427e-04 -1.007694450950609e+00
0 19 -1.000281933000639e+00 -1.893368171766640e-03 -9.319969302840809e-04 -1.007696092905882e+00
0 20 -1.000281728497987e+00 -1.892923038197177e-03 -9.322779098413375e-04 -1.007697679250118e+00
0 21 -1.000281534473569e+00 -1.892526954703715e-03 -9.325167907188296e-04 -1.007699148226586e+00
0 22 -1.000281358650566e+00 -1.892195548108285e-03 -9.327031089752118e-04 -1.007700442192479e+00
0 23 -1.000281208018465e+00 -1.891942099779187e-03 -9.328278038550430e-04 -1.007701510011108e+00
0 24 -1.000281088529049e+00 -1.891776950730862e-03 -9.328838627381512e-04 -1.007702309234972e+00
0 25 -1.000281004841828e+00 -1.891707009277225e-03 -9.328669400611221e-04 -1.007702807961836e+00
0 26 -1.000280960133036e+00 -1.891735395863163e-03 -9.327758690706050e-04 -1.007702986254471e+00
0 27 -1.000280955977986e+00 -1.891861253948709e-03 -9.326129906936096e-04 -1.007702837034879e+00
0 28 -1.000280992311303e+00 -1.892079746103980e-03 -9.323842414139836e-04 -1.007702366394688e+00
0 29 -1.000281067463783e+00 -1.892382241629644e-03 -9.320989690070481e-04 -1.007701593302338e+00
0 30 -1.000281178269046e+00 -1.892756687592118e-03 -9.317694779229118e-04 -1.007700548729382e+00
0 31 -1.000281320228952e+00 -1.893188141443681e-03 -9.314103399451658e-04 -1.007699274256135e+00
1 0 -1.000281614390299e+00 -1.893442336773728e-03 -9.323076266378714e-04 -1.007697938448884e+00
1 1 -1.000281800937566e+00 -1.893935344830967e-03 -9.319359850937514e-04 -1.007696361488414e+00
1 2 -1.000281999101735e+00 -1.894429452259287e-03 -9.315838958405649e-04 -1.007694725628745e+00
1 3 -1.000282201421177e+00 -1.894905460811681e-03 -9.312659825307350e-04 -1.007693093883432e+00
1 4 -1.000282400353717e+00 -1.895345088960672e-03 -9.309947628648930e-04 -1.007691528563197e+00
1 5 -1.000282588529676e+00 -1.895731669367711e-03 -9.307801322208275e-04 -1.007690088951122e+00
1 6 -1.000282758992282e+00 -1.896050753369840e-03 -9.306290691316112e-04 -1.007688829161005e+00
1 7 -1.000282905422944e+00 -1.896290605302800e-03 -9.305455584908180e-04 -1.007687796239274e+00
1 8 -1.000283022348999e+00 -1.896442576164208e-03 -9.305307069876901e-04 -1.007687028558255e+00
1 9 -1.000283105331004e+00 -1.896501352543588e-03 -9.305830090405256e-04 -1.007686554535615e+00
1 10 -1.000283151125872e+00 -1.896465082912000e-03 -9.306987103160808e-04 -1.007686391701644e+00
1 11 -1.000283157820749e+00 -1.896335388081573e-03 -9.308722113230463e-04 -1.007686546125906e+00
1 12 -1.000283124930831e+00 -1.896117264732924e-03 -9.310964575919153e-04 -1.007687012210056e+00
1 13 -1.000283053453175e+00 -1.895818890698493e-03 -9.313632751531703e-04 -1.007687772852180e+00
1 14 -1.000282945868716e+00 -1.895451339714503e-03 -9.316636273022071e-04 -1.007688799985400e+00
1 15 -1.000282806086362e+00 -1.895028212690305e-03 -9.319877880658884e-04 -1.007690055487197e+00
1 16 -1.000282639325751e+00 -1.894565192141967e-03 -9.323254478359814e-04 -1.007691492447278e+00
1 17 -1.000282451938644e+00 -1.894079526163002e-03 -9.326657850884017e-04 -1.007693056772117e+00
1 18 -1.000282251172760e+00 -1.893589448896730e-03 -9.329975505943497e-04 -1.007694689093078e+00
1 19 -1.000282044886195e+00 -1.893113546926554e-03 -9.333092128891850e-04 -1.007696326930487e+00
1 20 -1.000281841224567e+00 -1.892670085361541e-03 -9.335892052832651e-04 -1.007697907048962e+00
1 21 -1.000281648276292e+00 -1.892276312748114e-03 -9.338262977371106e-04 -1.007699367922219e+00
1 22 -1.000281473723494e+00 -1.891947769414047e-03 -9.340100940134169e-04 -1.007700652210693e+00
1 23 -1.000281324507132e+00 -1.891697629035900e-03 -9.341316277431140e-04 -1.007701709143488e+00
1 24 -1.000281206524772e+00 -1.891536107486581e-03 -9.341840043712704e-04 -1.007702496688365e+00
1 25 -1.000281124378060e+00 -1.891469975042691e-03 -9.341630158948391e-04 -1.007702983392283e+00
1 26 -1.000281081183944e+00 -1.891502206411219e-03 -9.340676475200072e-04 -1.007703149783716e+00
1 27 -1.000281078459374e+00 -1.891631797189100e-03 -9.339004011883139e-04 -1.007702989248232e+00
1 28 -1.000281116083848e+00 -1.891853765632278e-03 -9.336673782141364e-04 -1.007702508320041e+00
1 29 -1.000281192338367e+00 -1.892159345859334e-03 -9.333780895583967e-04 -1.007701726371087e+00
1 30 -1.000281304013981e+00 -1.892536364276275e-03 -9.330449950687851e-04 -1.007700674720756e+00
1 31 -1.000281446578851e+00 -1.892969777215988e-03 -9.326828075559223e-04 -1.007699395227020e+00
2 0 -1.000281779362408e+00 -1.893291870283119e-03 -9.333172395236413e-04 -1.007697912777339e+00
2 1 -1.000281966171648e+00 -1.893785937599379e-03 -9.329438242279097e-04 -1.007696333648219e+00
2 2 -1.000282164286187e+00 -1.894280344192576e-03 -9.325908023268241e-04 -1.007694698036122e+00
2 3 -1.000282366246237e+00 -1.894755880567113e-03 -9.322728367143056e-04 -1.007693068938932e+00
2 4 -1.000282564523301e+00 -1.895194284195721e-03 -9.320024489840520e-04 -1.007691508558783e+00
2 5 -1.000282751772794e+00 -1.895578936220892e-03 -9.317895026787160e-04 -1.007690075982139e+00
2 6 -1.000282921073458e+00 -1.895895463773630e-03 -9.316409103946880e-04 -1.007688825046934e+00
2 7 -1.000283066151196e+00 -1.896132230953853e-03 -9.315605599961264e-04 -1.007687802456432e+00
2 8 -1.000283181585088e+00 -1.896280708427261e-03 -9.315494338585984e-04 -1.007687046186153e+00
2 9 -1.000283262992827e+00 -1.896335717804876e-03 -9.316058795142166e-04 -1.007686584217883e+00
2 10 -1.000283307191795e+00 -1.896295552778940e-03 -9.317259792581870e-04 -1.007686433622802e+00
2 11 -1.000283312330583e+00 -1.896161983771706e-03 -9.319039610919193e-04 -1.007686600005573e+00
2 12 -1.000283277984301e+00 -1.895940155420697e-03 -9.321325965136771e-04 -1.007687077315099e+00
2 13 -1.000283205206005e+00 -1.895638386253078e-03 -9.324035428361315e-04 -1.007687848025518e+00
2 14 -1.000283096526646e+00 -1.895267878548172e-03 -9.327076058977875e-04 -1.007688883689288e+00
2 15 -1.000282955897344e+00 -1.894842345207837e-03 -9.330349191449205e-04 -1.007690145859490e+00
2 16 -1.000282788570526e+00 -1.894377560074146e-03 -9.333750547103334e-04 -1.007691587369717e+00
2 17 -1.000282600919912e+00 -1.893890838329682e-03 -9.337170997092714e-04 -1.007693153949048e+00
2 18 -1.000282400203426e+00 -1.893400454425662e-03 -9.340497433711611e-04 -1.007694786137579e+00
2 19 -1.000282194277241e+00 -1.892925007109644e-03 -9.343614238150300e-04 -1.007696421454363e+00
2 20 -1.000281991273061e+00 -1.892482745106251e-03 -9.346405754580931e-04 -1.007697996753448e+00
2 21 -1.000281799253951e+00 -1.892090872424524e-03 -9.348760007897875e-04 -1.007699450686525e+00
2 22 -1.000281625866208e+00 -1.891764858053451e-03 -9.350573665990890e-04 -1.007700726175074e+00
2 23 -1.000281478005849e+00 -1.891517780025038e-03 -9.351757978084472e-04 -1.007701772783101e+00
2 24 -1.000281361518156e+00 -1.891359737797085e-03 -9.352245159463317e-04 -1.007702548874569e+00
2 25 -1.000281280947187e+00 -1.891297368748817e-03 -9.351994497042971e-04 -1.007703023438873e+00
2 26 -1.000281239349235e+00 -1.891333503097717e-03 -9.350997370644417e-04 -1.007703177476098e+00
2 27 -1.000281238179871e+00 -1.891466985848751e-03 -9.349280438194586e-04 -1.007703004853765e+00
2 28 -1.000281277258850e+00 -1.891692684525481e-03 -9.346906404567227e-04 -1.007702512578482e+00
2 29 -1.000281354811367e+00 -1.892001688448514e-03 -9.343972059911202e-04 -1.007701720465386e+00
2 30 -1.000281467578737e+00 -1.892381690959613e-03 -9.340603605392712e-04 -1.007700660229694e+00
2 31 -1.000281610987370e+00 -1.892817532345820e-03 -9.336949630612425e-04 -1.007699374061935e+00
3 0 -1.000281976148495e+00 -1.893214004305221e-03 -9.340268825294993e-04 -1.007697744049755e+00
3 1 -1.000282163457072e+00 -1.893709622581738e-03 -9.336515925533927e-04 -1.007696161073315e+00
3 2 -1.000282361761432e+00 -1.894204851599718e-03 -9.332975077807163e-04 -1.007694523980843e+00
3 3 -1.000282563594364e+00 -1.894680450932589e-03 -9.329793340813867e-04 -1.007692895820324e+00
3 4 -1.000282761431967e+00 -1.895118156602793e-03 -9.327096019934729e-04 -1.007691338751438e+00
3 5 -1.000282947946131e+00 -1.895501377658805e-03 -9.324981497907786e-04 -1.007689911728252e+00
3 6 -1.000283116243318e+00 -1.895815797210991e-03 -9.323518316268828e-04 -1.007688668372428e+00
3 7 -1.000283260087366e+00 -1.896049861104788e-03 -9.322744459189428e-04 -1.007687655095941e+00
3 8 -1.000283374104168e+00 -1.896195144284961e-03 -9.322668581319968e-04 -1.007686909519143e+00
3 9 -1.000283453965460e+00 -1.896246591121052e-03 -9.323272764429231e-04 -1.007686459217861e+00
3 10 -1.000283496547892e+00 -1.896202631822838e-03 -9.324516274732051e-04 -1.007686320821281e+00
3 11 -1.000283500062264e+00 -1.896065181894306e-03 -9.326339737937150e-04 -1.007686499472072e+00
3 12 -1.000283464146398e+00 -1.895839534144988e-03 -9.328669182169122e-04 -1.007686988653986e+00
3 13 -1.000283389914117e+00 -1.895534152805548e-03 -9.331419524767794e-04 -1.007687770389874e+00
3 14 -1.000283279952821e+00 -1.895160377946308e-03 -9.334497262558061e-04 -1.007688815811403e+00
3 15 -1.000283138263546e+00 -1.894732047210798e-03 -9.337802323677087e-04 -1.007690086097030e+00
3 16 -1.000282970140036e+00 -1.894265041474596e-03 -9.341229231930099e-04 -1.007691533766178e+00
3 17 -1.000282781987024e+00 -1.893776761218599e-03 -9.344667910826151e-04 -1.007693104306595e+00
3 18 -1.000282581081874e+00 -1.893285541201947e-03 -9.348004583125398e-04 -1.007694738099880e+00
3 19 -1.000282375287903e+00 -1.892810013117414e-03 -9.351123257822704e-04 -1.007696372596422e+00
3 20 -1.000282172731441e+00 -1.892368429863780e-03 -9.353908217103031e-04 -1.007697944675123e+00
3 21 -1.000281981457900e+00 -1.891977970491471e-03 -9.356247738138731e-04 -1.007699393106126e+00
3 22 -1.000281809084340e+00 -1.891654050674878e-03 -9.358039045922745e-04 -1.007700661019281e+00
3 23 -1.000281662467169e+00 -1.891409668721443e-03 -9.359194228185937e-04 -1.007701698269303e+00
3 24 -1.000281547403347e+00 -1.891254820961949e-03 -9.359646588067390e-04 -1.007702463581986e+00
3 25 -1.000281468381886e+00 -1.891196022114067e-03 -9.359356714257917e-04 -1.007702926365438e+00
3 26 -1.000281428399443e+00 -1.891235964781184e-03 -9.358317462413024e-04 -1.007703068078807e+00
3 27 -1.000281428849584e+00 -1.891373346662524e-03 -9.356557090491866e-04 -1.007702883070736e+00
3 28 -1.000281469490019e+00 -1.891602884152148e-03 -9.354139965823452e-04 -1.007702378831345e+00
3 29 -1.000281548486283e+00 -1.891915517799157e-03 -9.351164535781248e-04 -1.007701575641490e+00
3 30 -1.000281662524751e+00 -1.892298800552573e-03 -9.347758588815518e-04 -1.007700505645031e+00
3 31 -1.000281806983677e+00 -1.892737446146574e-03 -9.344072173524747e-04 -1.007699211407124e+00
4 0 -1.000282196999327e+00 -1.893211841221230e-03 -9.344082969094348e-04 -1.007697439112900e+00
4 1 -1.000282385024970e+00 -1.893709440989967e-03 -9.340311081037269e-04 -1.007695850763020e+00
4 2 -1.000282583751053e+00 -1.894205983106162e-03 -9.336758730889764e-04 -1.007694210522161e+00
4 3 -1.000282785694045e+00 -1.894682177752236e-03 -9.333573430583940e-04 -1.007692581551948e+00
4 4 -1.000282983325357e+00 -1.895119739011727e-03 -9.330880627747328e-04 -1.007691026037447e+00
4 5 -1.000283169324012e+00 -1.895502082134917e-03 -9.328778529840247e-04 -1.007689602869831e+00
4 6 -1.000283336815259e+00 -1.895814924266358e-03 -9.327335189029395e-04 -1.007688365522518e+00
4 7 -1.000283479592853e+00 -1.896046771824943e-03 -9.326587804189431e-04 -1.007687360179429e+00
4 8 -1.000283592322782e+00 -1.896189284521400e-03 -9.326543984530326e-04 -1.007686624161364e+00
4 9 -1.000283670725610e+00 -1.896237512360201e-03 -9.327184555054477e-04 -1.007686184684061e+00
4 10 -1.000283711733708e+00 -1.896190008061242e-03 -9.328467366936988e-04 -1.007686057969013e+00
4 11 -1.000283713618419e+00 -1.896048822117758e-03 -9.330331525548948e-04 -1.007686248717703e+00
4 12 -1.000283676080669e+00 -1.895819389991276e-03 -9.332701489277598e-04 -1.007686749954492e+00
4 13 -1.000283600297509e+00 -1.895510320873724e-03 -9.335490618470913e-04 -1.007687543241421e+00
4 14 -1.000283488917073e+00 -1.895133096396014e-03 -9.338603930194207e-04 -1.007688599265814e+00
4 15 -1.000283345996035e+00 -1.894701686796296e-03 -9.341940007804879e-04 -1.007689878795869e+00
4 16 -1.000283176876360e+00 -1.894232091566021e-03 -9.345392211059086e-04 -1.007691333990892e+00
4 17 -1.000282988001626e+00 -1.893741811403876e-03 -9.348849516619914e-04 -1.007692910042798e+00
4 18 -1.000282786677148e+00 -1.893249258972842e-03 -9.352197449770431e-04 -1.007694547113829e+00
4 19 -1.000282580782197e+00 -1.892773118293717e-03 -9.355319598830698e-04 -1.007696182521231e+00
4 20 -1.000282378446458e+00 -1.892331666766133e-03 -9.358100119129740e-04 -1.007697753103256e+00
4 21 -1.000282187706027e+00 -1.891942079085682e-03 -9.360427457357716e-04 -1.007699197684192e+00
4 22 -1.000282016156459e+00 -1.891619737845476e-03 -9.362199294504028e-04 -1.007700459541196e+00
4 23 -1.000281870621459e+00 -1.891377580722360e-03 -9.363328443475044e-04 -1.007701488764079e+00
4 24 -1.000281756855530e+00 -1.891225518123778e-03 -9.363749179280892e-04 -1.007702244392238e+00
4 25 -1.000281679297255e+00 -1.891169956918291e-03 -9.363423279245086e-04 -1.007702696212946e+00
4 26 -1.000281640886885e+00 -1.891213464242021e-03 -9.362344963846668e-04 -1.007702826114322e+00
4 27 -1.000281642957730e+00 -1.891354599668937e-03 -9.360543980899911e-04 -1.007702628906344e+00
4 28 -1.000281685205659e+00 -1.891587934233153e-03 -9.358086254756319e-04 -1.007702112554281e+00
4 29 -1.000281765735134e+00 -1.891904261668059e-03 -9.355071797250016e-04 -1.007701297808600e+00
4 30 -1.000281881174558e+00 -1.892290992544601e-03 -9.351629909704161e-04 -1.007700217258016e+00
4 31 -1.000282026849405e+00 -1.892732708258471e-03 -9.347912043542791e-04 -1.007698913870265e+00
5 0 -1.000282433234500e+00 -1.893285478104218e-03 -9.344456930221616e-04 -1.007697010524760e+00
5 1 -1.000282622166139e+00 -1.893785410281028e-03 -9.340666632009983e-04 -1.007695415492488e+00
5 2 -1.000282821528609e+00 -1.894283702631752e-03 -9.337102417553918e-04 -1.007693770565623e+00
5 3 -1.000283023813808e+00 -1.894760999472523e-03 -9.333912259916282e-04 -1.007692139078221e+00
5 4 -1.000283221479294e+00 -1.895198973343495e-03 -9.331221794738215e-04 -1.007690583307481e+00
5 5 -1.000283407201618e+00 -1.895581023889643e-03 -9.329129132857344e-04 -1.007689162153293e+00
5 6 -1.000283574115252e+00 -1.895892879196097e-03 -9.327701947647055e-04 -1.007687929014096e+00
5 7 -1.000283716034740e+00 -1.896123082708296e-03 -9.326976796269336e-04 -1.007686929917828e+00
5 8 -1.000283827657797e+00 -1.896263355864322e-03 -9.326960415014682e-04 -1.007686201953588e+00
5 9 -1.000283904746595e+00 -1.896308832951073e-03 -9.327632561688832e-04 -1.007685772037315e+00
5 10 -1.000283944283544e+00 -1.896258170655168e-03 -9.328949865322177e-04 -1.007685656032441e+00
5 11 -1.000283944596648e+00 -1.896113539472970e-03 -9.330850099049841e-04 -1.007685858236289e+00
5 12 -1.000283905447979e+00 -1.895880506495193e-03 -9.333256332152386e-04 -1.007686371237309e+00
5 13 -1.000283828077748e+00 -1.895567819159776e-03 -9.336080536995722e-04 -1.007687176146054e+00
5 14 -1.000283715196601e+00 -1.895187098608170e-03 -9.339226398456732e-04 -1.007688243200181e+00
5 15 -1.000283570920386e+00 -1.894752450403904e-03 -9.342591269969542e-04 -1.007689532737964e+00
5 16 -1.000283400644381e+00 -1.894279999832924e-03 -9.346067424068188e-04 -1.007690996526151e+00
5 17 -1.000283210857401e+00 -1.893787358817207e-03 -9.349542931557565e-04 -1.007692579417820e+00
5 18 -1.000283008900092e+00 -1.893293032176714e-03 -9.352902629250284e-04 -1.007694221304266e+00
5 19 -1.000282802675768e+00 -1.892815773313475e-03 -9.356029661599204e-04 -1.007695859311006e+00
5 20 -1.000282600325995e+00 -1.892373903465877e-03 -9.358807998597691e-04 -1.007697430171882e+00
5 21 -1.000282409886248e+00 -1.891984613848727e-03 -9.361126162985215e-04 -1.007698872698775e+00
5 22 -1.000282238939163e+00 -1.891663275486366e-03 -9.362882170427583e-04 -1.007700130249454e+00
5 23 -1.000282094283925e+00 -1.891422786730560e-03 -9.363989420126527e-04 -1.007701153084360e+00
5 24 -1.000281981640048e+00 -1.891272992474028e-03 -9.364383009186228e-04 -1.007701900496318e+00
5 25 -1.000281905402169e+00 -1.891220210691792e-03 -9.364025743639667e-04 -1.007702342597643e+00
5 26 -1.000281868459461e+00 -1.891266900065979e-03 -9.362913038329451e-04 -1.007702461658903e+00
5 27 -1.000281872089056e+00 -1.891411496606450e-03 -9.361075954828121e-04 -1.007702252913856e+00
5 28 -1.000281915927666e+00 -1.891648437489884e-03 -9.358581803612492e-04 -1.007701724775812e+00
5 29 -1.000281998019741e+00 -1.891968377430695e-03 -9.355532005857171e-04 -1.007700898449913e+00
5 30 -1.000282114934938e+00 -1.892358588249695e-03 -9.352057240604299e-04 -1.007699806968334e+00
5 31 -1.000282261943329e+00 -1.892803518361763e-03 -9.348310245832647e-04 -1.007698493713775e+00
6 0 -1.000282675604984e+00 -1.893431999895610e-03 -9.341365308653044e-04 -1.007696475946706e+00
6 1 -1.000282865594947e+00 -1.893934520955675e-03 -9.337558007887753e-04 -1.007694873194698e+00
6 2 -1.000283065782303e+00 -1.894434928651206e-03 -9.333982136236171e-04 -1.007693222238753e+00
6 3 -1.000283268627080e+00 -1.894913787718583e-03 -9.330786112832308e-04 -1.007691586636903e+00
6 4 -1.000283466564437e+00 -1.895352711452185e-03 -9.328095791422314e-04 -1.007690028820900e+00
6 5 -1.000283652259071e+00 -1.895735062890512e-03 -9.326009263726095e-04 -1.007688607769964e+00
6 6 -1.000283818844838e+00 -1.896046557575071e-03 -9.324593951419245e-04 -1.007687376883449e+00
6 7 -1.000283960147106e+00 -1.896275750938304e-03 -9.323885943011959e-04 -1.007686382111454e+00
6 8 -1.000284070885653e+00 -1.896414400703964e-03 -9.323891309198259e-04 -1.007685660388313e+00
6 9 -1.000284146855407e+00 -1.896457700931027e-03 -9.324588967513075e-04 -1.007685238401928e+00
6 10 -1.000284185081270e+00 -1.896404389877269e-03 -9.325934561332923e-04 -1.007685131720765e+00
6 11 -1.000284183941947e+00 -1.896256738522448e-03 -9.327864773255366e-04 -1.007685344290255e+00
6 12 -1.000284143256331e+00 -1.896020429428427e-03 -9.330301524795437e-04 -1.007685868303295e+00
6 13 -1.000284064325178e+00 -1.895704336053494e-03 -9.333155628816501e-04 -1.007686684446250e+00
6 14 -1.000283949920881e+00 -1.895320211438386e-03 -9.336329637919088e-04 -1.007687762519896e+00
6 15 -1.000283804219669e+00 -1.894882293870536e-03 -9.339719837314999e-04 -1.007689062430087e+00
6 16 -1.000283632673206e+00 -1.894406836663702e-03 -9.343217535345583e-04 -1.007690535534017e+00
6 17 -1.000283441820203e+00 -1.893911569524148e-03 -9.346709983092892e-04 -1.007692126316250e+00
6 18 -1.000283239042586e+00 -1.893415099920737e-03 -9.350081374486570e-04 -1.007693774356415e+00
6 19 -1.000283032274766e+00 -1.892936264834893e-03 -9.353214407885821e-04 -1.007695416537647e+00
6 20 -1.000282829678189e+00 -1.892493446858254e-03 -9.355992815783694e-04 -1.007696989430174e+00
6 21 -1.000282639296412e+00 -1.892103873797711e-03 -9.358305101899857e-04 -1.007698431767931e+00
6 22 -1.000282468708207e+00 -1.891782926832328e-03 -9.360049488931376e-04 -1.007699686920056e+00
6 23 -1.000282324697277e+00 -1.891543487609778e-03 -9.361139807755319e-04 -1.007700705247028e+00
6 24 -1.000282212956873e+00 -1.891395358414321e-03 -9.361511796467250e-04 -1.007701446225240e+00
6 25 -1.000282137845837e+00 -1.891344790824212e-03 -9.361129084235626e-04 -1.007701880225202e+00
6 26 -1.000282102209601e+00 -1.891394156325684e-03 -9.359988058337477e-04 -1.007701989838533e+00
6 27 -1.000282107275393e+00 -1.891541786591241e-03 -9.358120867329765e-04 -1.007701770669036e+00
6 28 -1.000282152625706e+00 -1.891782001478749e-03 -9.355595985351530e-04 -1.007701231533916e+00
6 29 -1.000282236248325e+00 -1.892105329918434e-03 -9.352516029845313e-04 -1.007700394060338e+00
6 30 -1.000282354655695e+00 -1.892498914274530e-03 -9.349012858354262e-04 -1.007699291704694e+00
6 31 -1.000282503062143e+00 -1.892947074809431e-03 -9.345240317631575e-04 -1.007697968260151e+00
7 0 -1.000282914674106e+00 -1.893645603382650e-03 -9.334917870262107e-04 -1.007695857285888e+00
7 1 -1.000283105831857e+00 -1.894150864706425e-03 -9.331095769307144e-04 -1.007694246090663e+00
7 2 -1.000283306998648e+00 -1.894653665834649e-03 -9.327509033105261e-04 -1.007692588011737e+00
7 3 -1.000283510596659e+00 -1.895134481534016e-03 -9.324306485946378e-04 -1.007690946873367e+00
7 4 -1.000283709031150e+00 -1.895574850762819e-03 -9.321614215644991e-04 -1.007689385317278e+00
7 5 -1.000283894946156e+00 -1.895958080510914e-03 -9.319530373396819e-04 -1.007687962468963e+00
7 6 -1.000284061465085e+00 -1.896269850755479e-03 -9.318122267909085e-04 -1.007686731804488e+00
7 7 -1.000284202413714e+00 -1.896498703503246e-03 -9.317425707039552e-04 -1.007685739277047e+00
7 8 -1.000284312523431e+00 -1.896636406229355e-03 -9.317446320949938e-04 -1.007685021748330e+00
7 9 -1.000284387611924e+00 -1.896678186208326e-03 -9.318162441113074e-04 -1.007684605758052e+00
7 10 -1.000284424737439e+00 -1.896622837672556e-03 -9.319529002839259e-04 -1.007684506654282e+00
7 11 -1.000284422321373e+00 -1.896472708463278e-03 -9.321481889249292e-04 -1.007684728096986e+00
7 12 -1.000284380232848e+00 -1.896233575963247e-03 -9.323942162788360e-04 -1.007685261939253e+00
7 13 -1.000284299828212e+00 -1.895914422756853e-03 -9.326819746880194e-04 -1.007686088486515e+00
7 14 -1.000284183938486e+00 -1.895527121152104e-03 -9.330016303015698e-04 -1.007687177132294e+00
7 15 -1.000284036799098e+00 -1.895086034138873e-03 -9.333427256168874e-04 -1.007688487365178e+00
7 16 -1.000283863918885e+00 -1.894607539918654e-03 -9.336943121177760e-04 -1.007689970132865e+00
7 17 -1.000283671889097e+00 -1.894109487819716e-03 -9.340450454935665e-04 -1.007691569536447e+00
7 18 -1.000283468137286e+00 -1.893610594578393e-03 -9.343832880284426e-04 -1.007693224814985e+00
7 19 -1.000283260634817e+00 -1.893129791718945e-03 -9.346972664528888e-04 -1.007694872568023e+00
7 20 -1.000283057570195e+00 -1.892685537991429e-03 -9.349753265278187e-04 -1.007696449150242e+00
7 21 -1.000282867003325e+00 -1.892295115957901e-03 -9.352063084067492e-04 -1.007697893156410e+00
7 22 -1.000282696518175e+00 -1.891973937950123e-03 -9.353800424754142e-04 -1.007699147898229e+00
7 23 -1.000282552892495e+00 -1.891734892097673e-03 -9.354879381149187e-04 -1.007700163762071e+00
7 24 -1.000282441802957e+00 -1.891587762658981e-03 -9.355236123348862e-04 -1.007700900331031e+00
7 25 -1.000282367582171e+00 -1.891538759883260e-03 -9.354834863971796e-04 -1.007701328156989e+00
7 26 -1.000282333040909e+00 -1.891590192637849e-03 -9.353672705646375e-04 -1.007701430078756e+00
7 27 -1.000282339364678e+00 -1.891740311414923e-03 -9.351782619443882e-04 -1.007701202002249e+00
7 28 -1.000282386088690e+00 -1.891983339712970e-03 -9.349233975649697e-04 -1.007700653089183e+00
7 29 -1.000282471149519e+00 -1.892309698776709e-03 -9.346130321427719e-04 -1.007699805340031e+00
7 30 -1.000282591006235e+00 -1.892706416038952e-03 -9.342604437545658e-04 -1.007698692599301e+00
7 31 -1.000282740819427e+00 -1.893157693749151e-03 -9.338811051573850e-04 -1.007697359049149e+00
8 0 -1.000283141198495e+00 -1.893917845860842e-03 -9.325356712540636e-04 -1.007695179646973e+00
8 1 -1.000283333586197e+00 -1.894425887775217e-03 -9.321522721573318e-04 -1.007693559627193e+00
8 2 -1.000283535846854e+00 -1.894931262610583e-03 -9.317926468257727e-04 -1.007691893623145e+00
8 3 -1.000283740360413e+00 -1.895414348353854e-03 -9.314717121560153e-04 -1.007690245756854e+00
8 4 -1.000283939495989e+00 -1.895856597478082e-03 -9.312021011116237e-04 -1.007688678926939e+00
8 5 -1.000284125868973e+00 -1.896241243770958e-03 -9.309936423654209e-04 -1.007687252466011e+00
8 6 -1.000284292582904e+00 -1.896553910226624e-03 -9.308530692053133e-04 -1.007686019999081e+00
8 7 -1.000284433453632e+00 -1.896783100854525e-03 -9.307839532633296e-04 -1.007685027562392e+00
8 8 -1.000284543213404e+00 -1.896920566271866e-03 -9.307868370399353e-04 -1.007684312028991e+00
8 9 -1.000284617691894e+00 -1.896961539241156e-03 -9.308595228132003e-04 -1.007683899875498e+00
8 10 -1.000284653970193e+00 -1.896904842098828e-03 -9.309974642468515e-04 -1.007683806312897e+00
8 11 -1.000284650502598e+00 -1.896752872817497e-03 -9.311942020304689e-04 -1.007684034793643e+00
8 12 -1.000284607199870e+00 -1.896511479343459e-03 -9.314417882757975e-04 -1.007684576899923e+00
8 13 -1.000284525466936e+00 -1.896189732479214e-03 -9.317311564150438e-04 -1.007685412613711e+00
8 14 -1.000284408188141e+00 -1.895799606622503e-03 -9.320524112916216e-04 -1.007686510966379e+00
8 15 -1.000284259654590e+00 -1.895355576398252e-03 -9.323950343011928e-04 -1.007687831061093e+00
8 16 -1.000284085430690e+00 -1.894874136609646e-03 -9.327480183103948e-04 -1.007689323452961e+00
8 17 -1.000283892160734e+00 -1.894373253288876e-03 -9.330999647840893e-04 -1.007690931860115e+00
8 18 -1.000283687320490e+00 -1.893871754863347e-03 -9.334391880878283e-04 -1.007692595165415e+00
8 19 -1.000283478922744e+00 -1.893388674606111e-03 -9.337538754828509e-04 -1.007694249654810e+00
8 20 -1.000283275189120e+00 -1.892942558907824e-03 -9.340323437897225e-04 -1.007695831424712e+00
8 21 -1.000283084203335e+00 -1.892550760682032e-03 -9.342634162245960e-04 -1.007697278876056e+00
8 22 -1.000282913563245e+00 -1.892228742957910e-03 -9.344369188683295e-04 -1.007698535197344e+00
8 23 -1.000282770050342e+00 -1.891989423227879e-03 -9.345442694559848e-04 -1.007699550726027e+00
8 24 -1.000282659335064e+00 -1.891842592928580e-03 -9.345791057904371e-04 -1.007700285071131e+00
8 25 -1.000282585734357e+00 -1.891794447463058e-03 -9.345378819093227e-04 -1.007700708882421e+00
8 26 -1.000282552034701e+00 -1.891847259928097e-03 -9.344203517666372e-04 -1.007700805162760e+00
8 27 -1.000282559389619e+00 -1.891999225934078e-03 -9.342298650887081e-04 -1.007700570040598e+00
8 28 -1.000282607295770e+00 -1.892244497376009e-03 -9.339734177355394e-04 -1.007700012949440e+00
8 29 -1.000282693645977e+00 -1.892573410075796e-03 -9.336614266385090e-04 -1.007699156200065e+00
8 30 -1.000282814851875e+00 -1.892972895468414e-03 -9.333072330151597e-04 -1.007698033974050e+00
8 31 -1.000282966024466e+00 -1.893427052584109e-03 -9.329263715289635e-04 -1.007696690805654e+00
9 0 -1.000283346491638e+00 -1.894238005151266e-03 -9.313047817464523e-04 -1.007694470165007e+00
9 1 -1.000283540121925e+00 -1.894748756130944e-03 -9.309205414408290e-04 -1.007692841293943e+00
9 2 -1.000283743546558e+00 -1.895256780859850e-03 -9.305601475103644e-04 -1.007691166883276e+00
9 3 -1.000283949100580e+00 -1.895742357482844e-03 -9.302385439962649e-04 -1.007689511372627e+00
9 4 -1.000284149112066e+00 -1.896186843101671e-03 -9.299683878498155e-04 -1.007687937954714e+00
9 5 -1.000284336160894e+00 -1.896573384164442e-03 -9.297595276921300e-04 -1.007686506221660e+00
9 6 -1.000284503322246e+00 -1.896887527917886e-03 -9.296187117938619e-04 -1.007685270012628e+00
9 7 -1.000284644392279e+00 -1.897117717632689e-03 -9.295495212601732e-04 -1.007684275522503e+00
9 8 -1.000284754093397e+00 -1.897255661159394e-03 -9.295525024765922e-04 -1.007683559718909e+00
9 9 -1.000284828255967e+00 -1.897296568729790e-03 -9.296254560010709e-04 -1.007683149102998e+00
9 10 -1.000284863972490e+00 -1.897239261899866e-03 -9.297638278068683e-04 -1.007683058837101e+00
9 11 -1.000284859719101e+00 -1.897086160298001e-03 -9.299611443901046e-04 -1.007683292251734e+00
9 12 -1.000284815438034e+00 -1.896843155512706e-03 -9.302094371463252e-04 -1.007683840737510e+00
9 13 -1.000284732573897e+00 -1.896519382128101e-03 -9.304996131555742e-04 -1.007684684023238e+00
9 14 -1.000284614056980e+00 -1.896126895432873e-03 -9.308217466540266e-04 -1.007685790837323e+00
9 15 -1.000284464228371e+00 -1.895680264416548e-03 -9.311652853230389e-04 -1.007687119943875e+00
9 16 -1.000284288704285e+00 -1.895196087809879e-03 -9.315191860173520e-04 -1.007688621537292e+00
9 17 -1.000284094180449e+00 -1.894692440785805e-03 -9.318720130160468e-04 -1.007690238968685e+00
9 18 -1.000283888181493e+00 -1.894188261203975e-03 -9.322120442663862e-04 -1.007691910764018e+00
9 19 -1.000283678764406e+00 -1.893702687027586e-03 -9.325274337138137e-04 -1.007693572878638e+00
9 20 -1.000283474188637e+00 -1.893254360240631e-03 -9.328064697526933e-04 -1.007695161118267e+00
9 21 -1.000283282568176e+00 -1.892860716925770e-03 -9.330379529311308e-04 -1.007696613643063e+00
9 22 -1.000283111522872e+00 -1.892537288246023e-03 -9.332116929185815e-04 -1.007697873457858e+00
9 23 -1.000282967847480e+00 -1.892297042542997e-03 -9.333190980708305e-04 -1.007698890778963e+00
9 24 -1.000282857216753e+00 -1.892149803083211e-03 -9.333538047576836e-04 -1.007699625160165e+00
9 25 -1.000282783943067e+00 -1.892101777271571e-03 -9.333122738385317e-04 -1.007700047262334e+00
9 26 -1.000282750799794e+00 -1.892155230565991e-03 -9.331942736336395e-04 -1.007700140163319e+00
9 27 -1.000282758919397e+00 -1.892308332143867e-03 -9.330031744345644e-04 -1.007699900126064e+00
9 28 -1.000282807770271e+00 -1.892555189911812e-03 -9.327459975567724e-04 -1.007699336772441e+00
9 29 -1.000282895210706e+00 -1.892886079834147e-03 -9.324331892283736e-04 -1.007698472648384e+00
9 30 -1.000283017612648e+00 -1.893287859844105e-03 -9.320781227199587e-04 -1.007697342208782e+00
9 31 -1.000283170043467e+00 -1.893744544426037e-03 -9.316963661148964e-04 -1.007695990289902e+00
10 0 -1.000283522754884e+00 -1.894593531529067e-03 -9.298467189960661e-04 -1.007693756795620e+00
10 1 -1.000283717591049e+00 -1.895106812620778e-03 -9.294620240921160e-04 -1.007692119396957e+00
10 2 -1.000283922203332e+00 -1.895617457715071e-03 -9.291010828589379e-04 -1.007690436433087e+00
10 3 -1.000284128880949e+00 -1.896105646045520e-03 -9.287788578285589e-04 -1.007688772668402e+00
10 4 -1.000284329907614e+00 -1.896552634254131e-03 -9.285080280347932e-04 -1.007687191615386e+00
10 5 -1.000284517822291e+00 -1.896941470890456e-03 -9.282984667598179e-04 -1.007685753167537e+00
10 6 -1.000284685664591e+00 -1.897257611882764e-03 -9.281569487763317e-04 -1.007684511434205e+00
10 7 -1.000284827202092e+00 -1.897489419515769e-03 -9.280870830218291e-04 -1.007683512837706e+00
10 8 -1.000284937137000e+00 -1.897628534598686e-03 -9.280894441550646e-04 -1.007682794519736e+00
10 9 -1.000285011288994e+00 -1.897670117709978e-03 -9.281618598141740e-04 -1.007682383092614e+00
10 10 -1.000285046750152e+00 -1.897612960998765e-03 -9.282997998708826e-04 -1.007682293759747e+00
10 11 -1.000285042006669e+00 -1.897459476686094e-03 -9.284968099597367e-04 -1.007682529819253e+00
10 12 -1.000284997020890e+00 -1.897215571378327e-03 -9.287449350314015e-04 -1.007683082556859e+00
10 13 -1.000284913266568e+00 -1.896890416324208e-03 -9.290350897332733e-04 -1.007683931528899e+00
10 14 -1.000284793710680e+00 -1.896496123351213e-03 -9.293573494237569e-04 -1.007685045231866e+00
10 15 -1.000284642736737e+00 -1.896047335209860e-03 -9.297011560021676e-04 -1.007686382149473e+00
10 16 -1.000284466007123e+00 -1.895560738160978e-03 -9.300554537232773e-04 -1.007687892160387e+00
10 17 -1.000284270265408e+00 -1.895054504590513e-03 -9.304087884532467e-04 -1.007689518279164e+00
10 18 -1.000284063083678e+00 -1.894547674818573e-03 -9.307494155313936e-04 -1.007691198689341e+00
10 19 -1.000283852564013e+00 -1.894059490071903e-03 -9.310654636184992e-04 -1.007692869012484e+00
10 20 -1.000283647006895e+00 -1.893608692260725e-03 -9.313451941851122e-04 -1.007694464742418e+00
10 21 -1.000283454561949e+00 -1.893212810407527e-03 -9.315773800601585e-04 -1.007695923760491e+00
10 22 -1.000283282878309e+00 -1.892887458483763e-03 -9.317518035429537e-04 -1.007697188834750e+00
10 23 -1.000283138772939e+00 -1.892645674804088e-03 -9.318598474195958e-04 -1.007698209993748e+00
10 24 -1.000283027935158e+00 -1.892497337548570e-03 -9.318951254934537e-04 -1.007698946657874e+00
10 25 -1.000282954683924e+00 -1.892448692392173e-03 -9.318540795458610e-04 -1.007699369412369e+00
10 26 -1.000282921791138e+00 -1.892502025554029e-03 -9.317364622608073e-04 -1.007699461318422e+00
10 27 -1.000282930379941e+00 -1.892655509172041e-03 -9.315456317634374e-04 -1.007699218680535e+00
10 28 -1.000282979901875e+00 -1.892903236395211e-03 -9.312886010474369e-04 -1.007698651218342e+00
10 29 -1.000283068191257e+00 -1.893235451190064e-03 -9.309758122079585e-04 -1.007697781628589e+00
10 30 -1.000283191589558e+00 -1.893638963321518e-03 -9.306206384015423e-04 -1.007696644565204e+00
10 31 -1.000283345128098e+00 -1.894097724620421e-03 -9.302386510527812e-04 -1.007695285105020e+00
11 0 -1.000283663363663e+00 -1.894970567972784e-03 -9.282182095930837e-04 -1.007693067134560e+00
11 1 -1.000283859322073e+00 -1.895486101941345e-03 -9.278334655054887e-04 -1.007691421862662e+00
11 2 -1.000284065099150e+00 -1.895999235255874e-03 -9.274722234917452e-04 -1.007689730533281e+00
11 3 -1.000284272939167e+00 -1.896490053271863e-03 -9.271494544169576e-04 -1.007688058229564e+00
11 4 -1.000284475080021e+00 -1.896939711305141e-03 -9.268778557325604e-04 -1.007686468796135e+00
11 5 -1.000284664016064e+00 -1.897331153320823e-03 -9.266673288756934e-04 -1.007685022457720e+00
11 6 -1.000284832745507e+00 -1.897649731747300e-03 -9.265246859279926e-04 -1.007683773639685e+00
11 7 -1.000284974999520e+00 -1.897883710688563e-03 -9.264535810737588e-04 -1.007682769051925e+00
11 8 -1.000285085450541e+00 -1.898024642389773e-03 -9.264546399909388e-04 -1.007682046082521e+00
11 9 -1.000285159896679e+00 -1.898067612840699e-03 -9.265257442697259e-04 -1.007681631536571e+00
11 10 -1.000285195417884e+00 -1.898011357443956e-03 -9.266624178487857e-04 -1.007681540746181e+00
11 11 -1.000285190498284e+00 -1.897858252235558e-03 -9.268582581596529e-04 -1.007681777067681e+00
11 12 -1.000285145108173e+00 -1.897614189634521e-03 -9.271053575211316e-04 -1.007682331772512e+00
11 13 -1.000285060738733e+00 -1.897288349130739e-03 -9.273946712609341e-04 -1.007683184331619e+00
11 14 -1.000284940382940e+00 -1.896892872725981e-03 -9.277163065973163e-04 -1.007684303089320e+00
11 15 -1.000284788457575e+00 -1.896442453601023e-03 -9.280597271403547e-04 -1.007685646318179e+00
11 16 -1.000284610663833e+00 -1.895953845795040e-03 -9.284138885197833e-04 -1.007687163638086e+00
11 17 -1.000284413787706e+00 -1.895445303186394e-03 -9.287673381589937e-04 -1.007688797770389e+00
11 18 -1.000284205445416e+00 -1.894935957574688e-03 -9.291083236688537e-04 -1.007690486584009e+00
11 19 -1.000283993783203e+00 -1.894445148006681e-03 -9.294249571029373e-04 -1.007692165376770e+00
11 20 -1.000283787144186e+00 -1.893991716790243e-03 -9.297054751874747e-04 -1.007693769321687e+00
11 21 -1.000283593717682e+00 -1.893593292045728e-03 -9.299386192746402e-04 -1.007695235994071e+00
11 22 -1.000283421188298e+00 -1.893265581922394e-03 -9.301141352000375e-04 -1.007696507881302e+00
11 23 -1.000283276403217e+00 -1.893021710944013e-03 -9.302233657615647e-04 -1.007697534765247e+00
11 24 -1.000283165075890e+00 -1.892871632988755e-03 -9.302598822259153e-04 -1.007698275860554e+00
11 25 -1.000283091542688e+00 -1.892821656673905e-03 -9.302200821701505e-04 -1.007698701593574e+00
11 26 -1.000283058585753e+00 -1.892874116461773e-03 -9.301036736457624e-04 -1.007698794918173e+00
11 27 -1.000283067330997e+00 -1.893027216545354e-03 -9.299139712936021e-04 -1.007698552086245e+00
11 28 -1.000283117225086e+00 -1.893275064935267e-03 -9.296579472593457e-04 -1.007697982821235e+00
11 29 -1.000283206089768e+00 -1.893607902671891e-03 -9.293460065146072e-04 -1.007697109880687e+00
11 30 -1.000283330246443e+00 -1.894012518679557e-03 -9.289914896497402e-04 -1.007695968035343e+00
11 31 -1.000283484699431e+00 -1.894472826518469e-03 -9.286099410814057e-04 -1.007694602531682e+00
12 0 -1.000283763099875e+00 -1.895354513004515e-03 -9.264828197906682e-04 -1.007692427327725e+00
12 1 -1.000283960054190e+00 -1.895871937374657e-03 -9.260984299350953e-04 -1.007690775134922e+00
12 2 -1.000284166928511e+00 -1.896387331743198e-03 -9.257371435866632e-04 -1.007689075947098e+00
12 3 -1.000284375924862e+00 -1.896880696380570e-03 -9.254139290495283e-04 -1.007687395147537e+00
12 4 -1.000284579235793e+00 -1.897333088529427e-03 -9.251414977983917e-04 -1.007685796911782e+00
12 5 -1.000284769309100e+00 -1.897727344886951e-03 -9.249297822058941e-04 -1.007684341812764e+00
12 6 -1.000284939097241e+00 -1.898048705952660e-03 -9.247856412171532e-04 -1.007683084626227e+00
12 7 -1.000285082288474e+00 -1.898285324146317e-03 -9.247127894882796e-04 -1.007682072399113e+00
12 8 -1.000285193517138e+00 -1.898428645249035e-03 -9.247119237113276e-04 -1.007681342828149e+00
12 9 -1.000285268549890e+00 -1.898473658847171e-03 -9.247810038022417e-04 -1.007680922984530e+00
12 10 -1.000285304443359e+00 -1.898419018452682e-03 -9.249156359988370e-04 -1.007680828411514e+00
12 11 -1.000285299667506e+00 -1.898267036453013e-03 -9.251095002871805e-04 -1.007681062612112e+00
12 12 -1.000285254188098e+00 -1.898023562590792e-03 -9.253547677281873e-04 -1.007681616934129e+00
12 13 -1.000285169501456e+00 -1.897697756247641e-03 -9.256424647585169e-04 -1.007682470852395e+00
12 14 -1.000285048614961e+00 -1.897301762282453e-03 -9.259627592132894e-04 -1.007683592644046e+00
12 15 -1.000284895968186e+00 -1.896850298871303e-03 -9.263051631149136e-04 -1.007684940448321e+00
12 16 -1.000284717292198e+00 -1.896360165271169e-03 -9.266586672956422e-04 -1.007686463693775e+00
12 17 -1.000284519408345e+00 -1.895849678158788e-03 -9.270118403752553e-04 -1.007688104862693e+00
12 18 -1.000284309972082e+00 -1.895338046731547e-03 -9.273529365764462e-04 -1.007689801548137e+00
12 19 -1.000284097171274e+00 -1.894844698859753e-03 -9.276700600546678e-04 -1.007691488746127e+00
12 20 -1.000283889391644e+00 -1.894388573674674e-03 -9.279514261065168e-04 -1.007693101312818e+00
12 21 -1.000283694864647e+00 -1.893987400470648e-03 -9.281857426733652e-04 -1.007694576502755e+00
12 22 -1.000283521315142e+00 -1.893656989298144e-03 -9.283627117105008e-04 -1.007695856489660e+00
12 23 -1.000283375627369e+00 -1.893410563960418e-03 -9.284736229022301e-04 -1.007696890759001e+00
12 24 -1.000283263547567e+00 -1.893258171927360e-03 -9.285119864829844e-04 -1.007697638255357e+00
12 25 -1.000283189439686e+00 -1.893206206801211e-03 -9.284741329310638e-04 -1.007698069169594e+00
12 26 -1.000283156107397e+00 -1.893257076643335e-03 -9.283596994929810e-04 -1.007698166262301e+00
12 27 -1.000283164691296e+00 -1.893409045384008e-03 -9.281719286786932e-04 -1.007697925641021e+00
12 28 -1.000283214645241e+00 -1.893656264852571e-03 -9.279177212412306e-04 -1.007697356939289e+00
12 29 -1.000283303790240e+00 -1.893989002312477e-03 -9.276074134735164e-04 -1.007696482883371e+00
12 30 -1.000283428438861e+00 -1.894394053995523e-03 -9.272542823590778e-04 -1.007695338274041e+00
12 31 -1.000283583578587e+00 -1.894855321044161e-03 -9.268738165794550e-04 -1.007693968449791e+00
13 0 -1.000283818324686e+00 -1.895730599824503e-03 -9.247083624700006e-04 -1.007691861118361e+00
13 1 -1.000284016111557e+00 -1.896249482963983e-03 -9.243247076437807e-04 -1.007690203211896e+00
13 2 -1.000284223974498e+00 -1.896766827514164e-03 -9.239636274266881e-04 -1.007688496964871e+00
13 3 -1.000284434077588e+00 -1.897262560500837e-03 -9.236400773686962e-04 -1.007686808031147e+00
13 4 -1.000284638570199e+00 -1.897717647938685e-03 -9.233667787939511e-04 -1.007685200903641e+00
13 5 -1.000284829853349e+00 -1.898114820648046e-03 -9.231536968201192e-04 -1.007683736507219e+00
13 6 -1.000285000831119e+00 -1.898439203100127e-03 -9.230077445610720e-04 -1.007682469988930e+00
13 7 -1.000285145144020e+00 -1.898678826823363e-03 -9.229327095053707e-04 -1.007681448769368e+00
13 8 -1.000285257381496e+00 -1.898825017275057e-03 -9.229293765579962e-04 -1.007680710904388e+00
13 9 -1.000285333270104e+00 -1.898872649476072e-03 -9.229958056141206e-04 -1.007680283794350e+00
13 10 -1.000285369832850e+00 -1.898820273087671e-03 -9.231277102848393e-04 -1.007680183267775e+00
13 11 -1.000285365513969e+00 -1.898670112015137e-03 -9.233188800360772e-04 -1.007680413056706e+00
13 12 -1.000285320262486e+00 -1.898427946762413e-03 -9.235615920584349e-04 -1.007680964672213e+00
13 13 -1.000285235567518e+00 -1.898102889260168e-03 -9.238469710325607e-04 -1.007681817681317e+00
13 14 -1.000285114438767e+00 -1.897707059840064e-03 -9.241652718862500e-04 -1.007682940381164e+00
13 15 -1.000284961327194e+00 -1.897255175185270e-03 -9.245060800065673e-04 -1.007684290860762e+00
13 16 -1.000284781983543e+00 -1.896764055483028e-03 -9.248584434159619e-04 -1.007685818432259e+00
13 17 -1.000284583256120e+00 -1.896252059371842e-03 -9.252109697027496e-04 -1.007687465401652e+00
13 18 -1.000284372833373e+00 -1.895738456779709e-03 -9.255519328934340e-04 -1.007689169134406e+00
13 19 -1.000284158940822e+00 -1.895242752200085e-03 -9.258694380913197e-04 -1.007690864357454e+00
13 20 -1.000283950005126e+00 -1.894783974228854e-03 -9.261516836035246e-04 -1.007692485626217e+00
13 21 -1.000283754300609e+00 -1.894379951405523e-03 -9.263873433330164e-04 -1.007693969872509e+00
13 22 -1.000283579595545e+00 -1.894046599556325e-03 -9.265660690836173e-04 -1.007695258935561e+00
13 23 -1.000283432816725e+00 -1.893797251217359e-03 -9.266790857976710e-04 -1.007696301965740e+00
13 24 -1.000283319750679e+00 -1.893642061826102e-03 -9.267198267002383e-04 -1.007697057583278e+00
13 25 -1.000283244798074e+00 -1.893587528604553e-03 -9.266845357317263e-04 -1.007697495676205e+00
13 26 -1.000283210794489e+00 -1.893636155539308e-03 -9.265727567396361e-04 -1.007697598733791e+00
13 27 -1.000283218906466e+00 -1.893786291596659e-03 -9.263876345364112e-04 -1.007697362633394e+00
13 28 -1.000283268606821e+00 -1.894032159675186e-03 -9.261359707256480e-04 -1.007696796828577e+00
13 29 -1.000283357727706e+00 -1.894364081283641e-03 -9.258280044476821e-04 -1.007695923923787e+00
13 30 -1.000283482584398e+00 -1.894768887596460e-03 -9.254769214502192e-04 -1.007694778662435e+00
13 31 -1.000283638158254e+00 -1.895230493475119e-03 -9.250981289836425e-04 -1.007693406394362e+00
14 0 -1.000283827089123e+00 -1.896084466348056e-03 -9.229641198177802e-04 -1.007691389061377e+00
14 1 -1.000284025515179e+00 -1.896604325727881e-03 -9.225815394414295e-04 -1.007689726852215e+00
14 2 -1.000284234222109e+00 -1.897123239802807e-03 -9.222208958262803e-04 -1.007688014600724e+00
14 3 -1.000284445341654e+00 -1.897621076584172e-03 -9.218971230709801e-04 -1.007686318192602e+00
14 4 -1.000284650983616e+00 -1.898078720812606e-03 -9.216229483331371e-04 -1.007684702413732e+00
14 5 -1.000284843503741e+00 -1.898478802826389e-03 -9.214083698347467e-04 -1.007683228531490e+00
14 6 -1.000285015757055e+00 -1.898806331586622e-03 -9.212603597207772e-04 -1.007681952070449e+00
14 7 -1.000285161333412e+00 -1.899049213168958e-03 -9.211827880269145e-04 -1.007680920846971e+00
14 8 -1.000285274772216e+00 -1.899198643197464e-03 -9.211765422593879e-04 -1.007680173313405e+00
14 9 -1.000285351752700e+00 -1.899249368146652e-03 -9.212398003311031e-04 -1.007679737250359e+00
14 10 -1.000285389255228e+00 -1.899199815992340e-03 -9.213684035916515e-04 -1.007679628834456e+00
14 11 -1.000285385687882e+00 -1.899052101063325e-03 -9.215562728147635e-04 -1.007679852099328e+00
14 12 -1.000285340971503e+00 -1.898811910883325e-03 -9.217958142843446e-04 -1.007680398799346e+00
14 13 -1.000285256575967e+00 -1.898488284321010e-03 -9.220782745925583e-04 -1.007681248678501e+00
14 14 -1.000285135501111e+00 -1.898093290706376e-03 -9.223940190694334e-04 -1.007682370140258e+00
14 15 -1.000284982197454e+00 -1.897641619047228e-03 -9.227327279797994e-04 -1.007683721307659e+00
14 16 -1.000284802424557e+00 -1.897150085726827e-03 -9.230835251779341e-04 -1.007685251454934e+00
14 17 -1.000284603048322e+00 -1.896637069082816e-03 -9.234350726512208e-04 -1.007686902780939e+00
14 18 -1.000284391782730e+00 -1.896121880806982e-03 -9.237756764593272e-04 -1.007688612480400e+00
14 19 -1.000284176885593e+00 -1.895624087000052e-03 -9.240934513989532e-04 -1.007690315053688e+00
14 20 -1.000283966821333e+00 -1.895162795229780e-03 -9.243765833459295e-04 -1.007691944782250e+00
14 21 -1.000283769906271e+00 -1.894755927818995e-03 -9.246137119366039e-04 -1.007693438284962e+00
14 22 -1.000283593953637e+00 -1.894419506261901e-03 -9.247944338639972e-04 -1.007694737058539e+00
14 23 -1.000283445936679e+00 -1.894166977065299e-03 -9.249099002728966e-04 -1.007695789892512e+00
14 24 -1.000283331688226e+00 -1.894008613885947e-03 -9.249534548360978e-04 -1.007696555040725e+00
14 25 -1.000283255653413e+00 -1.893951032336410e-03 -9.249212391017641e-04 -1.007697002032228e+00
14 26 -1.000283220708875e+00 -1.893996851066536e-03 -9.248126843827180e-04 -1.007697113017194e+00
14 27 -1.000283228057374e+00 -1.894144526102141e-03 -9.246308158933539e-04 -1.007696883565943e+00
14 28 -1.000283277201758e+00 -1.894388375806299e-03 -9.243823126069587e-04 -1.007696322869201e+00
14 29 -1.000283365996739e+00 -1.894718801630150e-03 -9.240772927721437e-04 -1.007695453324276e+00
14 30 -1.000283490771587e+00 -1.895122695666739e-03 -9.237288277473852e-04 -1.007694309532950e+00
14 31 -1.000283646512285e+00 -1.895584011859129e-03 -9.233522212039091e-04 -1.007692936776267e+00
15 0 -1.000283789182593e+00 -1.896402693366990e-03 -9.213180152619218e-04 -1.007691027916765e+00
15 1 -1.000283988032380e+00 -1.896923015024142e-03 -9.209367925689474e-04 -1.007689362962706e+00
15 2 -1.000284197408753e+00 -1.897443063783183e-03 -9.205767853383489e-04 -1.007687645973416e+00
15 3 -1.000284409417769e+00 -1.897942664856628e-03 -9.202528987773815e-04 -1.007685943019730e+00
15 4 -1.000284616134633e+00 -1.898402634504325e-03 -9.199778616167615e-04 -1.007684319145956e+00
15 5 -1.000284809873019e+00 -1.898805511640880e-03 -9.197617043448892e-04 -1.007682835940136e+00
15 6 -1.000284983440135e+00 -1.899136194568405e-03 -9.196114612366762e-04 -1.007681549296284e+00
15 7 -1.000285130374196e+00 -1.899382464070308e-03 -9.195310920786776e-04 -1.007680507433564e+00
15 8 -1.000285245161248e+00 -1.899535381294879e-03 -9.195215976809104e-04 -1.007679749223318e+00
15 9 -1.000285323427721e+00 -1.899589555068755e-03 -9.195812871534022e-04 -1.007679302863207e+00
15 10 -1.000285362104006e+00 -1.899543278573523e-03 -9.197061445852092e-04 -1.007679184927335e+00
15 11 -1.000285359553098e+00 -1.899398539725389e-03 -9.198902388234744e-04 -1.007679399811593e+00
15 12 -1.000285315657341e+00 -1.899160912824236e-03 -9.201261236630953e-04 -1.007679939584314e+00
15 13 -1.000285231856022e+00 -1.898839340780080e-03 -9.204051868060836e-04 -1.007680784244598e+00
15 14 -1.000285111127290e+00 -1.898445817537517e-03 -9.207179225495226e-04 -1.007681902384120e+00
15 15 -1.000284957909561e+00 -1.897994979694536e-03 -9.210541229322607e-04 -1.007683252241809e+00
15 16 -1.000284777960189e+00 -1.897503615595545e-03 -9.214030026706926e-04 -1.007684783132769e+00
15 17 -1.000284578152716e+00 -1.896990100338507e-03 -9.217532913778961e-04 -1.007686437221573e+00
15 18 -1.000284366218157e+00 -1.896473766762625e-03 -9.220933380824802e-04 -1.007688151595741e+00
15 19 -1.000284150439973e+00 -1.895974225373140e-03 -9.224112749430585e-04 -1.007689860579953e+00
15 20 -1.000283939315849e+00 -1.895510649653716e-03 -9.226952791839489e-04 -1.007691498217762e+00
15 21 -1.000283741201827e+00 -1.895101047077771e-03 -9.229339562957470e-04 -1.007693000835665e+00
15 22 -1.000283563956031e+00 -1.894761540741891e-03 -9.231168449133046e-04 -1.007694309592549e+00
15 23 -1.000283414600273e+00 -1.894505691877243e-03 -9.232350165191951e-04 -1.007695372905451e+00
15 24 -1.000283299017877e+00 -1.894343898105643e-03 -9.232817160953506e-04 -1.007696148633819e+00
15 25 -1.000283221704522e+00 -1.894282903936384e-03 -9.232529702314509e-04 -1.007696605904736e+00
15 26 -1.000283185585602e+00 -1.894325457299866e-03 -9.231480823192999e-04 -1.007696726473763e+00
15 27 -1.000283191909082e+00 -1.894470139218297e-03 -9.229699408775321e-04 -1.007696505538931e+00
15 28 -1.000283240217735e+00 -1.894711384034880e-03 -9.227250843425574e-04 -1.007695951955790e+00
15 29 -1.000283328399258e+00 -1.895039695513693e-03 -9.224234917368222e-04 -1.007695087837873e+00
15 30 -1.000283452807492e+00 -1.895442050113203e-03 -9.220781014903969e-04 -1.007693947567286e+00
15 31 -1.000283608443514e+00 -1.895902464564673e-03 -9.217040955636590e-04 -1.007692576279465e+00
16 0 -1.000283706121497e+00 -1.896673292170002e-03 -9.198338690972495e-04 -1.007690790217465e+00
16 1 -1.000283905165863e+00 -1.897193550390136e-03 -9.194542213334779e-04 -1.007689124163424e+00
16 2 -1.000284115013979e+00 -1.897714261536964e-03 -9.190950120834743e-04 -1.007687403866262e+00
16 3 -1.000284327753794e+00 -1.898215225809513e-03 -9.187711112756717e-04 -1.007685695528485e+00
16 4 -1.000284535432194e+00 -1.898677206276380e-03 -9.184952450653598e-04 -1.007684064408789e+00
16 5 -1.000284730325505e+00 -1.899082662641665e-03 -9.182774749224848e-04 -1.007682572382760e+00
16 6 -1.000284905196028e+00 -1.899416391241103e-03 -9.181248989026886e-04 -1.007681275692814e+00
16 7 -1.000285053531216e+00 -1.899666052392663e-03 -9.180415706270076e-04 -1.007680222952998e+00
16 8 -1.000285169762504e+00 -1.899822573436200e-03 -9.180286102217319e-04 -1.007679453459732e+00
16 9 -1.000285249460149e+00 -1.899880421846862e-03 -9.180844658839439e-04 -1.007678995848182e+00
16 10 -1.000285289499182e+00 -1.899837747896291e-03 -9.182052744111012e-04 -1.007678867124463e+00
16 11 -1.000285288190250e+00 -1.899696400766768e-03 -9.183852646316600e-04 -1.007679072094312e+00
16 12 -1.000285245368288e+00 -1.899461825489897e-03 -9.186171509397602e-04 -1.007679603198984e+00
16 13 -1.000285162431833e+00 -1.899142849966348e-03 -9.188924754165470e-04 -1.007680440760655e+00
16 14 -1.000285042326471e+00 -1.898751371532009e-03 -9.192018741525712e-04 -1.007681553633194e+00
16 15 -1.000284889467433e+00 -1.898301951807901e-03 -9.195352632522197e-04 -1.007682900248291e+00
16 16 -1.000284709599031e+00 -1.897811328010568e-03 -9.198819600094487e-04 -1.007684430038664e+00
16 17 -1.000284509592235e+00 -1.897297849320567e-03 -9.202307722711786e-04 -1.007686085208157e+00
16 18 -1.000284297185950e+00 -1.896780848545664e-03 -9.205701006025320e-04 -1.007687802804085e+00
16 19 -1.000284080681697e+00 -1.896279961967814e-03 -9.208881003921898e-04 -1.007689517032501e+00
16 20 -1.000283868604746e+00 -1.895814413648918e-03 -9.211729434726473e-04 -1.007691161743685e+00
16 21 -1.000283669347213e+00 -1.895402284544064e-03 -9.214132023444767e-04 -1.007692673002687e+00
16 22 -1.000283490810451e+00 -1.895059791614762e-03 -9.215983567758913e-04 -1.007693991647340e+00
16 23 -1.000283340065114e+00 -1.894800607366255e-03 -9.217193953320296e-04 -1.007695065724272e+00
16 24 -1.000283223047273e+00 -1.894635254541319e-03 -9.217694581191784e-04 -1.007695852685443e+00
16 25 -1.000283144307370e+00 -1.894570612267957e-03 -9.217444479226924e-04 -1.007696321228077e+00
16 26 -1.000283106825503e+00 -1.894609567549839e-03 -9.216435296589814e-04 -1.007696452672245e+00
16 27 -1.000283111902143e+00 -1.894750839583834e-03 -9.214694437084198e-04 -1.007696241792396e+00
16 28 -1.000283159128286e+00 -1.894988994685279e-03 -9.212285757841930e-04 -1.007695697049642e+00
16 29 -1.000283246433650e+00 -1.895314657280964e-03 -9.209307526147671e-04 -1.007694840208465e+00
16 30 -1.000283370206253e+00 -1.895714908341931e-03 -9.205887661223285e-04 -1.007693705362003e+00
16 31 -1.000283525472170e+00 -1.896173848563816e-03 -9.202176634903700e-04 -1.007692337429149e+00
17 0 -1.000283581081417e+00 -1.896886127565322e-03 -9.185688627601907e-04 -1.007690683995038e+00
17 1 -1.000283780085902e+00 -1.897405804031714e-03 -9.181909359510804e-04 -1.007689018513071e+00
17 2 -1.000283990192189e+00 -1.897926685198634e-03 -9.178326434659736e-04 -1.007687296448842e+00
17 3 -1.000284203478378e+00 -1.898428564897195e-03 -9.175088152442715e-04 -1.007685584078242e+00
17 4 -1.000284411970379e+00 -1.898892170158594e-03 -9.172321716602455e-04 -1.007683946822408e+00
17 5 -1.000284607913181e+00 -1.899299896407202e-03 -9.170128035940020e-04 -1.007682446801208e+00
17 6 -1.000284784028589e+00 -1.899636450293251e-03 -9.168578724733521e-04 -1.007681140572228e+00
17 7 -1.000284933756015e+00 -1.899889380999529e-03 -9.167715261024100e-04 -1.007680077121955e+00
17 8 -1.000285051473194e+00 -1.900049487921389e-03 -9.167550053010975e-04 -1.007679296161504e+00
17 9 -1.000285132693094e+00 -1.900111098880775e-03 -9.168069004422332e-04 -1.007678826767075e+00
17 10 -1.000285174232082e+00 -1.900072218350684e-03 -9.169235060503658e-04 -1.007678686395313e+00
17 11 -1.000285174343054e+00 -1.899934549486522e-03 -9.170992172475219e-04 -1.007678880294549e+00
17 12 -1.000285132806389e+00 -1.899703396919939e-03 -9.173269157521155e-04 -1.007679401323926e+00
17 13 -1.000285050971376e+00 -1.899387459079135e-03 -9.175983048871152e-04 -1.007680230183834e+00
17 14 -1.000284931741522e+00 -1.898998519278882e-03 -9.179041698809268e-04 -1.007681336053864e+00
17 15 -1.000284779498710e+00 -1.898551044387114e-03 -9.182345588795737e-04 -1.007682677628013e+00
17 16 -1.000284599963842e+00 -1.898061699328621e-03 -9.185788997505084e-04 -1.007684204528829e+00
17 17 -1.000284399995244e+00 -1.897548785936085e-03 -9.189260856212149e-04 -1.007685859070739e+00
17 18 -1.000284187330410e+00 -1.897031616216590e-03 -9.192645742055425e-04 -1.007687578328240e+00
17 19 -1.000283970280768e+00 -1.896529832840527e-03 -9.195825485194794e-04 -1.007689296449700e+00
17 20 -1.000283757392467e+00 -1.896062693160929e-03 -9.198681784971266e-04 -1.007690947144108e+00
17 21 -1.000283557088660e+00 -1.895648337187797e-03 -9.201100060247081e-04 -1.007692466255813e+00
17 22 -1.000283377310673e+00 -1.895303064778636e-03 -9.202974526632638e-04 -1.007693794329680e+00
17 23 -1.000283225176558e+00 -1.895040652501911e-03 -9.204214226892803e-04 -1.007694879056872e+00
17 24 -1.000283106675516e+00 -1.894871744867578e-03 -9.204749482560743e-04 -1.007695677483606e+00
17 25 -1.000283026414918e+00 -1.894803356155085e-03 -9.204538041752414e-04 -1.007696157865847e+00
17 26 -1.000282987433383e+00 -1.894838516792202e-03 -9.203570119372318e-04 -1.007696301064216e+00
17 27 -1.000282991089129e+00 -1.894976092069304e-03 -9.201871579176165e-04 -1.007696101394476e+00
17 28 -1.000283037027806e+00 -1.895210791368129e-03 -9.199504681742188e-04 -1.007695566878865e+00
17 29 -1.000283123228635e+00 -1.895533373612705e-03 -9.196566094559821e-04 -1.007694718880697e+00
17 30 -1.000283246122162e+00 -1.895931040381621e-03 -9.193182194749210e-04 -1.007693591145901e+00
17 31 -1.000283400768398e+00 -1.896387994108397e-03 -9.189502035514236e-04 -1.007692228314476e+00
18 0 -1.000283418777054e+00 -1.897033266284319e-03 -9.175713201946892e-04 -1.007690712641164e+00
18 1 -1.000283617510136e+00 -1.897551868207944e-03 -9.171951877044961e-04 -1.007689049371904e+00
18 2 -1.000283827652768e+00 -1.898072424353625e-03 -9.168378866748695e-04 -1.007687327137857e+00
18 3 -1.000284041281776e+00 -1.898574740830295e-03 -9.165142047371735e-04 -1.007685612227808e+00
18 4 -1.000284250410106e+00 -1.899039526929609e-03 -9.162368543326542e-04 -1.007683970167761e+00
18 5 -1.000284447258495e+00 -1.899449131108986e-03 -9.160159532659470e-04 -1.007682463269522e+00
18 6 -1.000284624514171e+00 -1.899788186047112e-03 -9.158587233232991e-04 -1.007681148360703e+00
18 7 -1.000284775573052e+00 -1.900044143246928e-03 -9.157694034055919e-04 -1.007680074764017e+00
18 8 -1.000284894762096e+00 -1.900207684622462e-03 -9.157493525889852e-04 -1.007679282579849e+00
18 9 -1.000284977537983e+00 -1.900273005117658e-03 -9.157973019669995e-04 -1.007678801312775e+00
18 10 -1.000285020657297e+00 -1.900237966039645e-03 -9.159097030835270e-04 -1.007678648871423e+00
18 11 -1.000285022311999e+00 -1.900104122896494e-03 -9.160811170559486e-04 -1.007678830962455e+00
18 12 -1.000284982222887e+00 -1.899876634175725e-03 -9.163045931299963e-04 -1.007679340891962e+00
18 13 -1.000284901683415e+00 -1.899564059184268e-03 -9.165719970424067e-04 -1.007680159779547e+00
18 14 -1.000284783547102e+00 -1.899178053996068e-03 -9.168742655522501e-04 -1.007681257181881e+00
18 15 -1.000284632153564e+00 -1.898732974539042e-03 -9.172015820835672e-04 -1.007682592114798e+00
18 16 -1.000284453190805e+00 -1.898245395175344e-03 -9.175434884533276e-04 -1.007684114455393e+00
18 17 -1.000284253494998e+00 -1.897733550962577e-03 -9.178889662450152e-04 -1.007685766695309e+00
18 18 -1.000284040793118e+00 -1.897216713280611e-03 -9.182265335513275e-04 -1.007687486002008e+00
18 19 -1.000283823398069e+00 -1.896714511623515e-03 -9.185444046073821e-04 -1.007689206528836e+00
18 20 -1.000283609869368e+00 -1.896246218124287e-03 -9.188307511111473e-04 -1.007690861900643e+00
18 21 -1.000283408654935e+00 -1.895830015310368e-03 -9.190740872821853e-04 -1.007692387790059e+00
18 22 -1.000283227731320e+00 -1.895482272110333e-03 -9.192637782237619e-04 -1.007693724487622e+00
18 23 -1.000283074260893e+00 -1.895216858354673e-03 -9.193906448041092e-04 -1.007694819356448e+00
18 24 -1.000282954284506e+00 -1.895044532565148e-03 -9.194476119372385e-04 -1.007695629053292e+00
18 25 -1.000282872466463e+00 -1.894972439544685e-03 -9.194303272132362e-04 -1.007696121398188e+00
18 26 -1.000282831905365e+00 -1.895003751902857e-03 -9.193376689771842e-04 -1.007696276786402e+00
18 27 -1.000282834020125e+00 -1.895137483364918e-03 -9.191720688810788e-04 -1.007696089057715e+00
18 28 -1.000282878515477e+00 -1.895368492180213e-03 -9.189395917857337e-04 -1.007695565767408e+00
18 29 -1.000282963425874e+00 -1.895687680620620e-03 -9.186497428134863e-04 -1.007694727840168e+00
18 30 -1.000283085231158e+00 -1.896082382326856e-03 -9.183150041475528e-04 -1.007693608629573e+00
18 31 -1.000283239032822e+00 -1.896536915201241e-03 -9.179501379589207e-04 -1.007692252445394e+00
19 0 -1.000283225294442e+00 -1.897109243873233e-03 -9.168788942714746e-04 -1.007690874883921e+00
19 1 -1.000283423535548e+00 -1.897626320704308e-03 -9.165045590033122e-04 -1.007689215380488e+00
19 2 -1.000283633492142e+00 -1.898146070899220e-03 -9.161482823978888e-04 -1.007687494575636e+00
19 3 -1.000283847248274e+00 -1.898648330827786e-03 -9.158248095866442e-04 -1.007685778710650e+00
19 4 -1.000284056812301e+00 -1.899113810932735e-03 -9.155468432204945e-04 -1.007684133355258e+00
19 5 -1.000284254388733e+00 -1.899524831920441e-03 -9.153245242366852e-04 -1.007682620953280e+00
19 6 -1.000284432637555e+00 -1.899865971133841e-03 -9.151651295939749e-04 -1.007681298546458e+00
19 7 -1.000284584917393e+00 -1.900124599391351e-03 -9.150729835380399e-04 -1.007680215745058e+00
19 8 -1.000284705509118e+00 -1.900291295659671e-03 -9.150495573891051e-04 -1.007679412999708e+00
19 9 -1.000284789816096e+00 -1.900360133593899e-03 -9.150937164416536e-04 -1.007678920215332e+00
19 10 -1.000284834536292e+00 -1.900328839538152e-03 -9.152020622155789e-04 -1.007678755736671e+00
19 11 -1.000284837799999e+00 -1.900198825579056e-03 -9.153693149968041e-04 -1.007678925726385e+00
19 12 -1.000284799265751e+00 -1.899975103832627e-03 -9.155886859601207e-04 -1.007679423949579e+00
19 13 -1.000284720166631e+00 -1.899666089830443e-03 -9.158521992676441e-04 -1.007680231970862e+00
19 14 -1.000284603300072e+00 -1.899283303838978e-03 -9.161509404030708e-04 -1.007681319761521e+00
19 15 -1.000284452956104e+00 -1.898840978987594e-03 -9.164752259457076e-04 -1.007682646706302e+00
19 16 -1.000284274781697e+00 -1.898355584421630e-03 -9.168147103397558e-04 -1.007684162991478e+00
19 17 -1.000284075582261e+00 -1.897845271497117e-03 -9.171584636442179e-04 -1.007685811345878e+00
19 18 -1.000283863065538e+00 -1.897329252523590e-03 -9.174950659063259e-04 -1.007687529092467e+00
19 19 -1.000283645537417e+00 -1.896827124770484e-03 -9.178127652502019e-04 -1.007689250451841e+00
19 20 -1.000283431562814e+00 -1.896358156334092e-03 -9.180997381934921e-04 -1.007690909024370e+00
19 21 -1.000283229607245e+00 -1.895940554357821e-03 -9.183444744232745e-04 -1.007692440365942e+00
19 22 -1.000283047676435e+00 -1.895590740454243e-03 -9.185362860324728e-04 -1.007693784560999e+00
19 23 -1.000282892972322e+00 -1.895322663354255e-03 -9.186659145847088e-04 -1.007694888684420e+00
19 24 -1.000282771583973e+00 -1.895147183598019e-03 -9.187261824888289e-04 -1.007695709034173e+00
19 25 -1.000282688230465e+00 -1.895071567109394e-03 -9.187126150564664e-04 -1.007696213015791e+00
19 26 -1.000282646069544e+00 -1.895099122143914e-03 -9.186239522232181e-04 -1.007696380570922e+00
19 27 -1.000282646581480e+00 -1.895229007544740e-03 -9.184624754113808e-04 -1.007696205064360e+00
19 28 -1.000282689532326e+00 -1.895456230537934e-03 -9.182340928119520e-04 -1.007695693574060e+00
19 29 -1.000282773015442e+00 -1.895771840176518e-03 -9.179481526019699e-04 -1.007694866564974e+00
19 30 -1.000282893564843e+00 -1.896163308658004e-03 -9.176169859026941e-04 -1.007693756967872e+00
19 31 -1.000283046329433e+00 -1.896615078734675e-03 -9.172552153617368e-04 -1.007692408723530e+00
20 0 -1.000283007880018e+00 -1.897111245649668e-03 -9.165172223317145e-04 -1.007691164863109e+00
20 1 -1.000283205427068e+00 -1.897626403975169e-03 -9.161446223694638e-04 -1.007689510538707e+00
20 2 -1.000283414982184e+00 -1.898144897279605e-03 -9.157893663440993e-04 -1.007687792710129e+00
20 3 -1.000283628644810e+00 -1.898646609088669e-03 -9.154661579128237e-04 -1.007686077512533e+00
20 4 -1.000283838427309e+00 -1.899112269987544e-03 -9.151876879117933e-04 -1.007684430496299e+00
20 5 -1.000284036526683e+00 -1.899524193270298e-03 -9.149641157763102e-04 -1.007682914172074e+00
20 6 -1.000284215584075e+00 -1.899866921607158e-03 -9.148027670336357e-04 -1.007681585731677e+00
20 7 -1.000284368928373e+00 -1.900127765057692e-03 -9.147080429435231e-04 -1.007680495013556e+00
20 8 -1.000284490800698e+00 -1.900297218007374e-03 -9.146815168745685e-04 -1.007679682766607e+00
20 9 -1.000284576556044e+00 -1.900369249015180e-03 -9.147221763947121e-04 -1.007679179253195e+00
20 10 -1.000284622837166e+00 -1.900341462789496e-03 -9.148267602420397e-04 -1.007679003221929e+00
20 11 -1.000284627714340e+00 -1.900215137609727e-03 -9.149901355991906e-04 -1.007679161271899e+00
20 12 -1.000284590783519e+00 -1.899995144462933e-03 -9.152056646316677e-04 -1.007679647621938e+00
20 13 -1.000284513215134e+00 -1.899689755864387e-03 -9.154655203229140e-04 -1.007680444290680e+00
20 14 -1.000284397746527e+00 -1.899310352876285e-03 -9.157609283548764e-04 -1.007681521685958e+00
20 15 -1.000284248612755e+00 -1.898871038628584e-03 -9.160823312949890e-04 -1.007682839594617e+00
20 16 -1.000284071413219e+00 -1.898388166278006e-03 -9.164194911845060e-04 -1.007684348555223e+00
20 17 -1.000283872915107e+00 -1.897879789536489e-03 -9.167615641059441e-04 -1.007685991585153e+00
20 18 -1.000283660798865e+00 -1.897365045321974e-03 -9.170971917743839e-04 -1.007687706219859e+00
20 19 -1.000283443355106e+00 -1.896863480930852e-03 -9.174146573199321e-04 -1.007689426806846e+00
20 20 -1.000283229146030e+00 -1.896394341959172e-03 -9.177021443778420e-04 -1.007691086982085e+00
20 21 -1.000283026647026e+00 -1.895975841429214e-03 -9.179481220259846e-04 -1.007692622243709e+00
20 22 -1.000282843885830e+00 -1.895624435124195e-03 -9.181418552411436e-04 -1.007693972526307e+00
20 23 -1.000282688097554e+00 -1.895354133108293e-03 -9.182740137586272e-04 -1.007695084667891e+00
20 24 -1.000282565414090e+00 -1.895175882038389e-03 -9.183373257242025e-04 -1.007695914652256e+00
20 25 -1.000282480605054e+00 -1.895097055168978e-03 -9.183272027500439e-04 -1.007696429507209e+00
20 26 -1.000282436884398e+00 -1.895121084967630e-03 -9.182422555050743e-04 -1.007696608749006e+00
20 27 -1.000282435792178e+00 -1.895247266630837e-03 -9.180846251892820e-04 -1.007696445286137e+00
20 28 -1.000282477155640e+00 -1.895470750704928e-03 -9.178600739030149e-04 -1.007695945727187e+00
20 29 -1.000282559128407e+00 -1.895782730828298e-03 -9.175778031939371e-04 -1.007695130073975e+00
20 30 -1.000282678301478e+00 -1.896170819121672e-03 -9.172500024440572e-04 -1.007694030819837e+00
20 31 -1.000282829875406e+00 -1.896619588033361e-03 -9.168911629209423e-04 -1.007692691511226e+00
21 0 -1.000282774691126e+00 -1.897039199238162e-03 -9.164990878860230e-04 -1.007691572297429e+00
21 1 -1.000282971367340e+00 -1.897552115617732e-03 -9.161281043045763e-04 -1.007689924377785e+00
21 2 -1.000283180319688e+00 -1.898068946016552e-03 -9.157738336853138e-04 -1.007688210968503e+00
21 3 -1.000283393670705e+00 -1.898569636456819e-03 -9.154509401215939e-04 -1.007686498043291e+00
21 4 -1.000283603445339e+00 -1.899034956064404e-03 -9.151721009046176e-04 -1.007684851070200e+00
21 5 -1.000283801842117e+00 -1.899447231286034e-03 -9.149474890535877e-04 -1.007683332559024e+00
21 6 -1.000283981492357e+00 -1.899790991963654e-03 -9.147844705687401e-04 -1.007681999782326e+00
21 7 -1.000284135703847e+00 -1.900053509699499e-03 -9.146875122198658e-04 -1.007680902738604e+00
21 8 -1.000284258685881e+00 -1.900225216136786e-03 -9.146582748169212e-04 -1.007680082411014e+00
21 9 -1.000284345751935e+00 -1.900299995039255e-03 -9.146958516155615e-04 -1.007679569362551e+00
21 10 -1.000284393495015e+00 -1.900275347213059e-03 -9.147971013594034e-04 -1.007679382698715e+00
21 11 -1.000284399929186e+00 -1.900152431543359e-03 -9.149570211192741e-04 -1.007679529419721e+00
21 12 -1.000284364589831e+00 -1.899935988498423e-03 -9.151691075383062e-04 -1.007680004175651e+00
21 13 -1.000284288584900e+00 -1.899634154016312e-03 -9.154256667886894e-04 -1.007680789430337e+00
21 14 -1.000284174590018e+00 -1.899258171938187e-03 -9.157180508735437e-04 -1.007681856033307e+00
21 15 -1.000284026781956e+00 -1.898822012873222e-03 -9.160368172141290e-04 -1.007683164192120e+00
21 16 -1.000283850707723e+00 -1.898341907264991e-03 -9.163718274728121e-04 -1.007684664828289e+00
21 17 -1.000283653090206e+00 -1.897835800815544e-03 -9.167123186324703e-04 -1.007686301288506e+00
21 18 -1.000283441575500e+00 -1.897322741669275e-03 -9.170469913395833e-04 -1.007688011369571e+00
21 19 -1.000283224431260e+00 -1.896822211321205e-03 -9.173641633647753e-04 -1.007689729600838e+00
21 20 -1.000283010208966e+00 -1.896353415113064e-03 -9.176520278793900e-04 -1.007691389712944e+00
21 21 -1.000282807385768e+00 -1.895934552798874e-03 -9.178990388084419e-04 -1.007692927207690e+00
21 22 -1.000282624003350e+00 -1.895582094402169e-03 -9.180944221427330e-04 -1.007694281931917e+00
21 23 -1.000282467322229e+00 -1.895310091328971e-03 -9.182287858040564e-04 -1.007695400547613e+00
21 24 -1.000282343509985e+00 -1.895129557075735e-03 -9.182947749846340e-04 -1.007696238781590e+00
21 25 -1.000282257380639e+00 -1.895047954339492e-03 -9.182877001583759e-04 -1.007696763335167e+00
21 26 -1.000282212199369e+00 -1.895068823777748e-03 -9.182060567142670e-04 -1.007696953342968e+00
21 27 -1.000282209562244e+00 -1.895191583167942e-03 -9.180518608041650e-04 -1.007696801292493e+00
21 28 -1.000282249355214e+00 -1.895411515340778e-03 -9.178307439684991e-04 -1.007696313348685e+00
21 29 -1.000282329791160e+00 -1.895719950819098e-03 -9.175517760895001e-04 -1.007695509064742e+00
21 30 -1.000282447518768e+00 -1.896104637751696e-03 -9.172270187676189e-04 -1.007694420498493e+00
21 31 -1.000282597792637e+00 -1.896550278341326e-03 -9.168708448033439e-04 -1.007693090791122e+00
22 0 -1.000282534513030e+00 -1.896895777487373e-03 -9.168240981894720e-04 -1.007692082746133e+00
22 1 -1.000282730172916e+00 -1.897406209199354e-03 -9.164545631952857e-04 -1.007690442227458e+00
22 2 -1.000282938342278e+00 -1.897921029452079e-03 -9.161012164107641e-04 -1.007688734526450e+00
22 3 -1.000283151173735e+00 -1.898420259916762e-03 -9.157786856001395e-04 -1.007687025405368e+00
22 4 -1.000283360712997e+00 -1.898884725237278e-03 -9.154996335634564e-04 -1.007685380189651e+00
22 5 -1.000283559169042e+00 -1.899296785076139e-03 -9.152742414884625e-04 -1.007683861320582e+00
22 6 -1.000283739172708e+00 -1.899640978879328e-03 -9.151099056319857e-04 -1.007682526079028e+00
22 7 -1.000283894020181e+00 -1.899904563794077e-03 -9.150111435430852e-04 -1.007681424548812e+00
22 8 -1.000284017898192e+00 -1.900077933171805e-03 -9.149796853792562e-04 -1.007680597873688e+00
22 9 -1.000284106087208e+00 -1.900154909536855e-03 -9.150147100404544e-04 -1.007680076848686e+00
22 10 -1.000284155137756e+00 -1.900132911336615e-03 -9.151131751561852e-04 -1.007679880875965e+00
22 11 -1.000284163013511e+00 -1.900012996924006e-03 -9.152701858197278e-04 -1.007680017306765e+00
22 12 -1.000284129193587e+00 -1.899799791913042e-03 -9.154793511287544e-04 -1.007680481183549e+00
22 13 -1.000284054726094e+00 -1.899501307424342e-03 -9.157330896198911e-04 -1.007681255389302e+00
22 14 -1.000283942225715e+00 -1.899128657209251e-03 -9.160228615539568e-04 -1.007682311203698e+00
22 15 -1.000283795809765e+00 -1.898695681612630e-03 -9.163393246740119e-04 -1.007683609258293e+00
22 16 -1.000283620969913e+00 -1.898218486094130e-03 -9.166724290620569e-04 -1.007685100874331e+00
22 17 -1.000283424380290e+00 -1.897714902057554e-03 -9.170114844032146e-04 -1.007686729756322e+00
22 18 -1.000283213646927e+00 -1.897203878856034e-03 -9.173452453861427e-04 -1.007688434001450e+00
22 19 -1.000282997007697e+00 -1.896704818639192e-03 -9.176620635101643e-04 -1.007690148369469e+00
22 20 -1.000282782995653e+00 -1.896236869891285e-03 -9.179501447216683e-04 -1.007691806742069e+00
22 21 -1.000282580081377e+00 -1.895818200174595e-03 -9.181979345721567e-04 -1.007693344686731e+00
22 22 -1.000282396311827e+00 -1.895465273221138e-03 -9.183946295987476e-04 -1.007694702028262e+00
22 23 -1.000282238964177e+00 -1.895192160211537e-03 -9.185307878923102e-04 -1.007695825320298e+00
22 24 -1.000282114233209e+00 -1.895009919523069e-03 -9.185989862112021e-04 -1.007696670100043e+00
22 25 -1.000282026969467e+00 -1.894926081791442e-03 -9.185944507981805e-04 -1.007697202806493e+00
22 26 -1.000281980482369e+00 -1.894944275664761e-03 -9.185155803524736e-04 -1.007697402250997e+00
22 27 -1.000281976418071e+00 -1.895064023231283e-03 -9.183642853222401e-04 -1.007697260550987e+00
22 28 -1.000282014716539e+00 -1.895280723756161e-03 -9.181460861372344e-04 -1.007696783469919e+00
22 29 -1.000282093646725e+00 -1.895585831813862e-03 -9.178699402754550e-04 -1.007695990143809e+00
22 30 -1.000282209913539e+00 -1.895967222454937e-03 -9.175478003028448e-04 -1.007694912213534e+00
22 31 -1.000282358825982e+00 -1.896409722744655e-03 -9.171939380314215e-04 -1.007693592419391e+00
23 0 -1.000282296448538e+00 -1.896686311372156e-03 -9.174788640160276e-04 -1.007692677976353e+00
23 1 -1.000282490983105e+00 -1.897194105039630e-03 -9.171105684746902e-04 -1.007691045589197e+00
23 2 -1.000282698216879e+00 -1.897706639060026e-03 -9.167580619749291e-04 -1.007689344684708e+00
23 3 -1.000282910338492e+00 -1.898204021134489e-03 -9.164359406425141e-04 -1.007687640771203e+00
23 4 -1.000283119421796e+00 -1.898667146347868e-03 -9.161568522088996e-04 -1.007685998976389e+00
23 5 -1.000283317694782e+00 -1.899078426582162e-03 -9.159309795538983e-04 -1.007684481607430e+00
23 6 -1.000283497797287e+00 -1.899422433263503e-03 -9.157657369844689e-04 -1.007683145879920e+00
23 7 -1.000283653023942e+00 -1.899686433830519e-03 -9.156656759184982e-04 -1.007682041884481e+00
23 8 -1.000283777549064e+00 -1.899860809264118e-03 -9.156325754774254e-04 -1.007681210845539e+00
23 9 -1.000283866629845e+00 -1.899939346761383e-03 -9.156656771599742e-04 -1.007680683712525e+00
23 10 -1.000283916783246e+00 -1.899919407281021e-03 -9.157620122710208e-04 -1.007680480112167e+00
23 11 -1.000283925930354e+00 -1.899801971551973e-03 -9.159167673894771e-04 -1.007680607682761e+00
23 12 -1.000283893500470e+00 -1.899591570365467e-03 -9.161236377201295e-04 -1.007681061805515e+00
23 13 -1.000283820486726e+00 -1.899296106303669e-03 -9.163751297072458e-04 -1.007681825741276e+00
23 14 -1.000283709445873e+00 -1.898926574917867e-03 -9.166627903892300e-04 -1.007682871172469e+00
23 15 -1.000283564436824e+00 -1.898496693525395e-03 -9.169773596238340e-04 -1.007684159141798e+00
23 16 -1.000283390895063e+00 -1.898022445183986e-03 -9.173088611166513e-04 -1.007685641371703e+00
23 17 -1.000283195443375e+00 -1.897521544970139e-03 -9.176466664559699e-04 -1.007687261939754e+00
23 18 -1.000282985643487e+00 -1.897012836857107e-03 -9.179795783862776e-04 -1.007688959271935e+00
23 19 -1.000282769697711e+00 -1.896515632731567e-03 -9.182959812374981e-04 -1.007690668399096e+00
23 20 -1.000282556113516e+00 -1.896049009491035e-03 -9.185840973458823e-04 -1.007692323405427e+00
23 21 -1.000282353346698e+00 -1.895631084627144e-03 -9.188323711836469e-04 -1.007693859984348e+00
23 22 -1.000282169440547e+00 -1.895278295144705e-03 -9.190299804955001e-04 -1.007695218005737e+00
23 23 -1.000282011679535e+00 -1.895004709535269e-03 -9.191674477782463e-04 -1.007696343986960e+00
23 24 -1.000281886276132e+00 -1.894821407239673e-03 -9.192372991422434e-04 -1.007697193350368e+00
23 25 -1.000281798108043e+00 -1.894735962586614e-03 -9.192346971366353e-04 -1.007697732347178e+00
23 26 -1.000281750520106e+00 -1.894752068545111e-03 -9.191579658527826e-04 -1.007697939536715e+00
23 27 -1.000281745200674e+00 -1.894869329258876e-03 -9.190089328330199e-04 -1.007697806731631e+00
23 28 -1.000281782137063e+00 -1.895083240235827e-03 -9.187930306857741e-04 -1.007697339351027e+00
23 29 -1.000281859649069e+00 -1.895385362629391e-03 -9.185191280409722e-04 -1.007696556160613e+00
23 30 -1.000281974494217e+00 -1.895763684430791e-03 -9.181990913588239e-04 -1.007695488418671e+00
23 31 -1.000282122034111e+00 -1.896203147932043e-03 -9.178471122899454e-04 -1.007694178484392e+00
24 0 -1.000282069587950e+00 -1.896418613426648e-03 -9.184376502199512e-04 -1.007693336451433e+00
24 1 -1.000282262929046e+00 -1.896923711238649e-03 -9.180703507848166e-04 -1.007691712631477e+00
24 2 -1.000282469108109e+00 -1.897433764588125e-03 -9.177185828426190e-04 -1.007690019369247e+00
24 3 -1.000282680354363e+00 -1.897928974482856e-03 -9.173969162898639e-04 -1.007688321885854e+00
24 4 -1.000282888776163e+00 -1.898390318949005e-03 -9.171179828395348e-04 -1.007686685063046e+00
24 5 -1.000283086628513e+00 -1.898800279413199e-03 -9.168919597141523e-04 -1.007685171012411e+00
24 6 -1.000283266569550e+00 -1.899143480656743e-03 -9.167262662221651e-04 -1.007683836812283e+00
24 7 -1.000283421902504e+00 -1.899407224813501e-03 -9.166254697298166e-04 -1.007682732480955e+00
24 8 -1.000283546799836e+00 -1.899581906917215e-03 -9.165913760478222e-04 -1.007681899240480e+00
24 9 -1.000283636506089e+00 -1.899661306321612e-03 -9.166232631387213e-04 -1.007681368110681e+00
24 10 -1.000283687514985e+00 -1.899642753933670e-03 -9.167182070808335e-04 -1.007681158861157e+00
24 11 -1.000283697714589e+00 -1.899527178936188e-03 -9.168714460494033e-04 -1.007681279341627e+00
24 12 -1.000283666492731e+00 -1.899319040798053e-03 -9.170767322600339e-04 -1.007681725205824e+00
24 13 -1.000283594794353e+00 -1.899026153692747e-03 -9.173266328450573e-04 -1.007682480037677e+00
24 14 -1.000283485123372e+00 -1.898659411302761e-03 -9.176127567748733e-04 -1.007683515880037e+00
24 15 -1.000283341483607e+00 -1.898232420035086e-03 -9.179259041918567e-04 -1.007684794157867e+00
24 16 -1.000283169255746e+00 -1.897761047900578e-03 -9.182561547652923e-04 -1.007686266980689e+00
24 17 -1.000282975010576e+00 -1.897262895824199e-03 -9.185929296494927e-04 -1.007687878800670e+00
24 18 -1.000282766262840e+00 -1.896756699409548e-03 -9.189250729991471e-04 -1.007689568389523e+00
24 19 -1.000282551174717e+00 -1.896261672504835e-03 -9.192410005283670e-04 -1.007691271080407e+00
24 20 -1.000282338221838e+00 -1.895796808293117e-03 -9.195289540839438e-04 -1.007692921204268e+00
24 21 -1.000282135837510e+00 -1.895380158062800e-03 -9.197773846139451e-04 -1.007694454636538e+00
24 22 -1.000281952052503e+00 -1.895028112369882e-03 -9.199754632536179e-04 -1.007695811358395e+00
24 23 -1.000281794148869e+00 -1.894754714359776e-03 -9.201136935488980e-04 -1.007696937925020e+00
24 24 -1.000281668346499e+00 -1.894571039792070e-03 -9.201845712285631e-04 -1.007697789723266e+00
24 25 -1.000281579539797e+00 -1.894484680751482e-03 -9.201832179602349e-04 -1.007698332898463e+00
24 26 -1.000281531098785e+00 -1.894499368293275e-03 -9.201079078692991e-04 -1.007698545839339e+00
24 27 -1.000281524744461e+00 -1.894614763013007e-03 -9.199604117463129e-04 -1.007698420131376e+00
24 28 -1.000281560503006e+00 -1.894826432643760e-03 -9.197461015769941e-04 -1.007697960919864e+00
24 29 -1.000281636737886e+00 -1.895126023415757e-03 -9.194737843157150e-04 -1.007697186660955e+00
24 30 -1.000281750253625e+00 -1.895501618166442e-03 -9.191552659795798e-04 -1.007696128278889e+00
24 31 -1.000281896460661e+00 -1.895938260575196e-03 -9.188046809376165e-04 -1.007694827785763e+00
25 0 -1.000281862668884e+00 -1.896102713901585e-03 -9.196634523347953e-04 -1.007694033954176e+00
25 1 -1.000282054792311e+00 -1.896605156967353e-03 -9.192968783591158e-04 -1.007692418821804e+00
25 2 -1.000282259835906e+00 -1.897112625164444e-03 -9.189457313850401e-04 -1.007690733769872e+00
25 3 -1.000282470072569e+00 -1.897605416779617e-03 -9.186245604974930e-04 -1.007689043709424e+00
25 4 -1.000282677650381e+00 -1.898064602459996e-03 -9.183459801957467e-04 -1.007687413236461e+00
25 5 -1.000282874858485e+00 -1.898472748062983e-03 -9.181201547486092e-04 -1.007685904212174e+00
25 6 -1.000283054381992e+00 -1.898814551110500e-03 -9.179544954910329e-04 -1.007684573510453e+00
25 7 -1.000283209542547e+00 -1.899077371575757e-03 -9.178535671109571e-04 -1.007683471000556e+00
25 8 -1.000283334521417e+00 -1.899251644674436e-03 -9.178191780077345e-04 -1.007682637818603e+00
25 9 -1.000283424561706e+00 -1.899331170036157e-03 -9.178506140947873e-04 -1.007682104967306e+00
25 10 -1.000283476145222e+00 -1.899313277307727e-03 -9.179449652086939e-04 -1.007681892271371e+00
25 11 -1.000283487137869e+00 -1.899198872173320e-03 -9.180974895029146e-04 -1.007682007708049e+00
25 12 -1.000283456895876e+00 -1.898992368949962e-03 -9.183019651418315e-04 -1.007682447127007e+00
25 13 -1.000283386324560e+00 -1.898701516962533e-03 -9.185509900652497e-04 -1.007683194368127e+00
25 14 -1.000283277882114e+00 -1.898337128370068e-03 -9.188362073713146e-04 -1.007684221778487e+00
25 15 -1.000283135522705e+00 -1.897912715045133e-03 -9.191484532546643e-04 -1.007685491121844e+00
25 16 -1.000282964575704e+00 -1.897444041553958e-03 -9.194778441788933e-04 -1.007686954866192e+00
25 17 -1.000282771561162e+00 -1.896948601000618e-03 -9.198138374202415e-04 -1.007688557825967e+00
25 18 -1.000282563945850e+00 -1.896445021634244e-03 -9.201453106073681e-04 -1.007690239122786e+00
25 19 -1.000282349848704e+00 -1.895952415150362e-03 -9.204607080640337e-04 -1.007691934412220e+00
25 20 -1.000282137708462e+00 -1.895489681929939e-03 -9.207482936643193e-04 -1.007693578307349e+00
25 21 -1.000281935929091e+00 -1.895074793168744e-03 -9.209965329837139e-04 -1.007695106915438e+00
25 22 -1.000281752520373e+00 -1.894724074705495e-03 -9.211946041565450e-04 -1.007696460391701e+00
25 23 -1.000281594752181e+00 -1.894451522425854e-03 -9.213330099093012e-04 -1.007697585402428e+00
25 24 -1.000281468841169e+00 -1.894268183698945e-03 -9.214042371353588e-04 -1.007698437380113e+00
25 25 -1.000281379687312e+00 -1.894181641659379e-03 -9.214033909765246e-04 -1.007698982450485e+00
25 26 -1.000281330674614e+00 -1.894195637569238e-03 -9.213287225858462e-04 -1.007699198920086e+00
25 27 -1.000281323545864e+00 -1.894309860441235e-03 -9.211819751664263e-04 -1.007699078234183e+00
25 28 -1.000281358356010e+00 -1.894519923249706e-03 -9.209684901631287e-04 -1.007698625345881e+00
25 29 -1.000281433503277e+00 -1.894817532560758e-03 -9.206970421735659e-04 -1.007697858474481e+00
25 30 -1.000281545831832e+00 -1.895190844556810e-03 -9.203794040159674e-04 -1.007696808271025e+00
25 31 -1.000281690795466e+00 -1.895624986827246e-03 -9.200296773160176e-04 -1.007695516447078e+00
26 0 -1.000281683737537e+00 -1.895750514228472e-03 -9.211094444243602e-04 -1.007694744352176e+00
26 1 -1.000281874664616e+00 -1.896250442719704e-03 -9.207433042010923e-04 -1.007693137702593e+00
26 2 -1.000282078534052e+00 -1.896755317014549e-03 -9.203926451155948e-04 -1.007691461124322e+00
26 3 -1.000282287663946e+00 -1.897245533083165e-03 -9.200720011074415e-04 -1.007689779206924e+00
26 4 -1.000282494245928e+00 -1.897702260466729e-03 -9.197939689094954e-04 -1.007688156231262e+00
26 5 -1.000282690609148e+00 -1.898108161197673e-03 -9.195686931618464e-04 -1.007686653762503e+00
26 6 -1.000282869473337e+00 -1.898448022265456e-03 -9.194035642259735e-04 -1.007685328410350e+00
26 7 -1.000283024187737e+00 -1.898709282654631e-03 -9.193031247383747e-04 -1.007684229823317e+00
26 8 -1.000283148952897e+00 -1.898882442623786e-03 -9.192691606949800e-04 -1.007683398970466e+00
26 9 -1.000283239021848e+00 -1.898961349539201e-03 -9.193009369275430e-04 -1.007682866750094e+00
26 10 -1.000283290876234e+00 -1.898943360580830e-03 -9.193955256585383e-04 -1.007682652952220e+00
26 11 -1.000283302371429e+00 -1.898829386891177e-03 -9.195481725049463e-04 -1.007682765592857e+00
26 12 -1.000283272843151e+00 -1.898623825770270e-03 -9.197526487820751e-04 -1.007683200632911e+00
26 13 -1.000283203167291e+00 -1.898334388055951e-03 -9.200015513339312e-04 -1.007683942090381e+00
26 14 -1.000283095765260e+00 -1.897971827949912e-03 -9.202865280773840e-04 -1.007684962548378e+00
26 15 -1.000282954548874e+00 -1.897549582596442e-03 -9.205984261569116e-04 -1.007686224053481e+00
26 16 -1.000282784801507e+00 -1.897083328459034e-03 -9.209273787551039e-04 -1.007687679390421e+00
26 17 -1.000282592995606e+00 -1.896590461269073e-03 -9.212628643193031e-04 -1.007689273709864e+00
26 18 -1.000282386550822e+00 -1.896089507165458e-03 -9.215937842249056e-04 -1.007690946473979e+00
26 19 -1.000282173541423e+00 -1.895599475468321e-03 -9.219086074340896e-04 -1.007692633668673e+00
26 20 -1.000281962365590e+00 -1.895139167976131e-03 -9.221956221914986e-04 -1.007694270214338e+00
26 21 -1.000281761392138e+00 -1.894726464677858e-03 -9.224433172453080e-04 -1.007695792491681e+00
26 22 -1.000281578602111e+00 -1.894377610745679e-03 -9.226408916150416e-04 -1.007697140886472e+00
26 23 -1.000281421243837e+00 -1.894106534627947e-03 -9.227788654721465e-04 -1.007698262245542e+00
26 24 -1.000281295520161e+00 -1.893924231529839e-03 -9.228497390265758e-04 -1.007699112126991e+00
26 25 -1.000281206325252e+00 -1.893838249001970e-03 -9.228486267392185e-04 -1.007699656724624e+00
26 26 -1.000281157045310e+00 -1.893852309967824e-03 -9.227737857649720e-04 -1.007699874354886e+00
26 27 -1.000281149433122e+00 -1.893966102564499e-03 -9.226269625608991e-04 -1.007699756415618e+00
26 28 -1.000281183561108e+00 -1.894175256231816e-03 -9.224134991685796e-04 -1.007699307757154e+00
26 29 -1.000281257851979e+00 -1.894471510824647e-03 -9.221421680244260e-04 -1.007698546443980e+00
26 30 -1.000281369180753e+00 -1.894843071596366e-03 -9.218247372702592e-04 -1.007697502925113e+00
26 31 -1.000281513037511e+00 -1.895275129399895e-03 -9.214753019778599e-04 -1.007696218669309e+00
27 0 -1.000281539824756e+00 -1.895375365286126e-03 -9.227207374732054e-04 -1.007695440501136e+00
27 1 -1.000281729622270e+00 -1.895873015226099e-03 -9.223547236876748e-04 -1.007693841805889e+00
27 2 -1.000281932323286e+00 -1.896375385268552e-03 -9.220044034021316e-04 -1.007692173643044e+00
27 3 -1.000282140290943e+00 -1.896862965670764e-03 -9.216843019696008e-04 -1.007690500281612e+00
27 4 -1.000282345762530e+00 -1.897317027244125e-03 -9.214069988353956e-04 -1.007688885670217e+00
27 5 -1.000282541111512e+00 -1.897720336329114e-03 -9.211826127398104e-04 -1.007687391043593e+00
27 6 -1.000282719098626e+00 -1.898057782983895e-03 -9.210184998753403e-04 -1.007686072696915e+00
27 7 -1.000282873109007e+00 -1.898316903643307e-03 -9.209191614857537e-04 -1.007684979993845e+00
27 8 -1.000282997372322e+00 -1.898488286014673e-03 -9.208863370145640e-04 -1.007684153661307e+00
27 9 -1.000283087162493e+00 -1.898565850666364e-03 -9.209192423880932e-04 -1.007683624410102e+00
27 10 -1.000283138972670e+00 -1.898547009986255e-03 -9.210149014275835e-04 -1.007683411907274e+00
27 11 -1.000283150659716e+00 -1.898432709550880e-03 -9.211685142936708e-04 -1.007683524116879e+00
27 12 -1.000283121550823e+00 -1.898227358799080e-03 -9.213738119025324e-04 -1.007683957021132e+00
27 13 -1.000283052503924e+00 -1.897938658134970e-03 -9.216233577982784e-04 -1.007684694730690e+00
27 14 -1.000282945914040e+00 -1.897577329566819e-03 -9.219087755163334e-04 -1.007685709987235e+00
27 15 -1.000282805659492e+00 -1.897156758095040e-03 -9.222208977875727e-04 -1.007686965053496e+00
27 16 -1.000282636984663e+00 -1.896692550833088e-03 -9.225498533095085e-04 -1.007688412977170e+00
27 17 -1.000282446319348e+00 -1.896202020443567e-03 -9.228851251710292e-04 -1.007689999206147e+00
27 18 -1.000282241038792e+00 -1.895703600167151e-03 -9.232156275678033e-04 -1.007691663520683e+00
27 19 -1.000282029172902e+00 -1.895216200571965e-03 -9.235298495916987e-04 -1.007693342232417e+00
27 20 -1.000281819077136e+00 -1.894758522756804e-03 -9.238161058322242e-04 -1.007694970582679e+00
27 21 -1.000281619080622e+00 -1.894348347832890e-03 -9.240629160108147e-04 -1.007696485256953e+00
27 22 -1.000281437128986e+00 -1.894001827428952e-03 -9.242595129443604e-04 -1.007697826919457e+00
27 23 -1.000281280440489e+00 -1.893732804864136e-03 -9.243964520060059e-04 -1.007698942660425e+00
27 24 -1.000281155194123e+00 -1.893552201178821e-03 -9.244662692444701e-04 -1.007699788239252e+00
27 25 -1.000281066267031e+00 -1.893467502797491e-03 -9.244641151389910e-04 -1.007700330003490e+00
27 26 -1.000281017035626e+00 -1.893482386276970e-03 -9.243882823699980e-04 -1.007700546371709e+00
27 27 -1.000281009250448e+00 -1.893596509570400e-03 -9.242405514220595e-04 -1.007700428789200e+00
27 28 -1.000281042989427e+00 -1.893805489181803e-03 -9.240262958741375e-04 -1.007699982097030e+00
27 29 -1.000281116688579e+00 -1.894101069864025e-03 -9.237543165513459e-04 -1.007699224293060e+00
27 30 -1.000281227243754e+00 -1.894471479615927e-03 -9.234364063824874e-04 -1.007698185703607e+00
27 31 -1.000281370172785e+00 -1.894901949328027e-03 -9.230866809296759e-04 -1.007696907622051e+00
28 0 -1.000281436651745e+00 -1.894991581373600e-03 -9.244363862062624e-04 -1.007696095266788e+00
28 1 -1.000281625430306e+00 -1.895487277944960e-03 -9.240701817021529e-04 -1.007694503687056e+00
28 2 -1.000281827013850e+00 -1.895987330743767e-03 -9.237200354145859e-04 -1.007692843554762e+00
28 3 -1.000282033808600e+00 -1.896472317176959e-03 -9.234004714443506e-04 -1.007691178831911e+00
28 4 -1.000282238097770e+00 -1.896923607728275e-03 -9.231240529292027e-04 -1.007689573130904e+00
28 5 -1.000282432301748e+00 -1.897324077254314e-03 -9.229008667501008e-04 -1.007688087334250e+00
28 6 -1.000282609227208e+00 -1.897658728709563e-03 -9.227382224698052e-04 -1.007686777383843e+00
28 7 -1.000282762302173e+00 -1.897915210756274e-03 -9.226405621767341e-04 -1.007685692304978e+00
28 8 -1.000282885794136e+00 -1.898084217498800e-03 -9.226095567011972e-04 -1.007684872516785e+00
28 9 -1.000282975007997e+00 -1.898159765260766e-03 -9.226443470616807e-04 -1.007684348466900e+00
28 10 -1.000283026459645e+00 -1.898139347287261e-03 -9.227418790886266e-04 -1.007684139615563e+00
28 11 -1.000283038019500e+00 -1.898023971479299e-03 -9.228972755463951e-04 -1.007684253785474e+00
28 12 -1.000283009018641e+00 -1.897818088264660e-03 -9.231041946911254e-04 -1.007684686888853e+00
28 13 -1.000282940309212e+00 -1.897529416085774e-03 -9.233551359895116e-04 -1.007685423039746e+00
28 14 -1.000282834271220e+00 -1.897168671803410e-03 -9.236416701895844e-04 -1.007686435054582e+00
28 15 -1.000282694759647e+00 -1.896749213066829e-03 -9.239545899797604e-04 -1.007687685336729e+00
28 16 -1.000282526988453e+00 -1.896286599300178e-03 -9.242839975207352e-04 -1.007689127132448e+00
28 17 -1.000282337351421e+00 -1.895798077668522e-03 -9.246193633852378e-04 -1.007690706136304e+00
28 18 -1.000282133183807e+00 -1.895302001215402e-03 -9.249496033925492e-04 -1.007692362412131e+00
28 19 -1.000281922473132e+00 -1.894817189155466e-03 -9.252632217090563e-04 -1.007694032580169e+00
28 20 -1.000281713531602e+00 -1.894362243791493e-03 -9.255485599176692e-04 -1.007695652203657e+00
28 21 -1.000281514645665e+00 -1.893954843650313e-03 -9.257941747635699e-04 -1.007697158292204e+00
28 22 -1.000281333720249e+00 -1.893611037501216e-03 -9.259893444244550e-04 -1.007698491825818e+00
28 23 -1.000281177936190e+00 -1.893344568889657e-03 -9.261246765992040e-04 -1.007699600192125e+00
28 24 -1.000281053439459e+00 -1.893166265325215e-03 -9.261927652599095e-04 -1.007700439420219e+00
28 25 -1.000280965079537e+00 -1.893083528843446e-03 -9.261888227009780e-04 -1.007700976091434e+00
28 26 -1.000280916211408e+00 -1.893099963412850e-03 -9.261112052907735e-04 -1.007701188814889e+00
28 27 -1.000280908571229e+00 -1.893215168645551e-03 -9.259617571143588e-04 -1.007701069176474e+00
28 28 -1.000280942230305e+00 -1.893424719102439e-03 -9.257459136557017e-04 -1.007700622101985e+00
28 29 -1.000281015626225e+00 -1.893720335676565e-03 -9.254725345285714e-04 -1.007699865613746e+00
28 30 -1.000281125664723e+00 -1.894090241711189e-03 -9.251534666114236e-04 -1.007698830000050e+00
28 31 -1.000281267881639e+00 -1.894519683214622e-03 -9.248028723119438e-04 -1.007697556453780e+00
29 0 -1.000281378380628e+00 -1.894613904703372e-03 -9.261915830700160e-04 -1.007696682628527e+00
29 1 -1.000281566291372e+00 -1.895108051877694e-03 -9.258248683609661e-04 -1.007695097040768e+00
29 2 -1.000281766852546e+00 -1.895606066749694e-03 -9.254747173966120e-04 -1.007693444235643e+00
29 3 -1.000281972509769e+00 -1.896088603360623e-03 -9.251556603108269e-04 -1.007691787893700e+00
29 4 -1.000282175590693e+00 -1.896537126501069e-03 -9.248802450290760e-04 -1.007690191300040e+00
29 5 -1.000282368563475e+00 -1.896934619531878e-03 -9.246585217124257e-04 -1.007688714976836e+00
29 6 -1.000282544283873e+00 -1.897266203576288e-03 -9.244977431011436e-04 -1.007687414488035e+00
29 7 -1.000282696228060e+00 -1.897519649794098e-03 -9.244022770789129e-04 -1.007686338480555e+00
29 8 -1.000282818708543e+00 -1.897685773578436e-03 -9.243737061793687e-04 -1.007685527011899e+00
29 9 -1.000282907070150e+00 -1.897758706093516e-03 -9.244110726022065e-04 -1.007685010200446e+00
29 10 -1.000282957861993e+00 -1.897736044129760e-03 -9.245112170774580e-04 -1.007684807223223e+00
29 11 -1.000282968979674e+00 -1.897618883351254e-03 -9.246691561763786e-04 -1.007684925677494e+00
29 12 -1.000282939770408e+00 -1.897411742329602e-03 -9.248784463862747e-04 -1.007685361316973e+00
29 13 -1.000282871092888e+00 -1.897122385377031e-03 -9.251314945295278e-04 -1.007686098169525e+00
29 14 -1.000282765324077e+00 -1.896761551720896e-03 -9.254197911853511e-04 -1.007687109038989e+00
29 15 -1.000282626306759e+00 -1.896342597807765e-03 -9.257340638264695e-04 -1.007688356387671e+00
29 16 -1.000282459234315e+00 -1.895881059025459e-03 -9.260643665586110e-04 -1.007689793587831e+00
29 17 -1.000282270472585e+00 -1.895394137166047e-03 -9.264001407885514e-04 -1.007691366520427e+00
29 18 -1.000282067322760e+00 -1.894900120934150e-03 -9.267302925744802e-04 -1.007693015487221e+00
29 19 -1.000281857733584e+00 -1.894417749305393e-03 -9.270433348516873e-04 -1.007694677387628e+00
29 20 -1.000281649975204e+00 -1.893965531737673e-03 -9.273276349625652e-04 -1.007696288094870e+00
29 21 -1.000281452290148e+00 -1.893561044544920e-03 -9.275717909838955e-04 -1.007697784949221e+00
29 22 -1.000281272538975e+00 -1.893220228230808e-03 -9.277651366786371e-04 -1.007699109271675e+00
29 23 -1.000281117859133e+00 -1.892956715630272e-03 -9.278983477726152e-04 -1.007700208790058e+00
29 24 -1.000280994355607e+00 -1.892781224895392e-03 -9.279640961476338e-04 -1.007701039861448e+00
29 25 -1.000280906840646e+00 -1.892701053727085e-03 -9.279576790207611e-04 -1.007701569372016e+00
29 26 -1.000280858637059e+00 -1.892719710178526e-03 -9.278775420754453e-04 -1.007701776202335e+00
29 27 -1.000280851455111e+00 -1.892836709594403e-03 -9.277256207790658e-04 -1.007701652166528e+00
29 28 -1.000280885347575e+00 -1.893047557034348e-03 -9.275074416226362e-04 -1.007701202366075e+00
29 29 -1.000280958741709e+00 -1.893343921487180e-03 -9.272319519578476e-04 -1.007700444938425e+00
29 30 -1.000281068541692e+00 -1.893713994285227e-03 -9.269110798670546e-04 -1.007699410220543e+00
29 31 -1.000281210290883e+00 -1.894143010961541e-03 -9.265590591602255e-04 -1.007698139384029e+00
30 0 -1.000281367424159e+00 -1.894256939206139e-03 -9.279199779161978e-04 -1.007697178811664e+00
30 1 -1.000281554653623e+00 -1.894750005670701e-03 -9.275524407039933e-04 -1.007695597846124e+00
30 2 -1.000281754328700e+00 -1.895246345212464e-03 -9.272020956290608e-04 -1.007693951368059e+00
30 3 -1.000281958929198e+00 -1.895726675016529e-03 -9.268834857196801e-04 -1.007692302813145e+00
30 4 -1.000282160824070e+00 -1.896172545180326e-03 -9.266091454723470e-04 -1.007690715160668e+00
30 5 -1.000282352528213e+00 -1.896567043146894e-03 -9.263890855652893e-04 -1.007689248578797e+00
30 6 -1.000282526947552e+00 -1.896895408517658e-03 -9.262304946705397e-04 -1.007687958244584e+00
30 7 -1.000282677609676e+00 -1.897145540263511e-03 -9.261376543623239e-04 -1.007686892401936e+00
30 8 -1.000282798877582e+00 -1.897308385428598e-03 -9.261120419727702e-04 -1.007686090706550e+00
30 9 -1.000282886143589e+00 -1.897378204963979e-03 -9.261525802335910e-04 -1.007685582893318e+00
30 10 -1.000282935999334e+00 -1.897352717951531e-03 -9.262559818836633e-04 -1.007685387790205e+00
30 11 -1.000282946376229e+00 -1.897233129666886e-03 -9.264171331277229e-04 -1.007685512693963e+00
30 12 -1.000282916649184e+00 -1.897024051231351e-03 -9.266294634806495e-04 -1.007685953117622e+00
30 13 -1.000282847695544e+00 -1.896733319065198e-03 -9.268852612716169e-04 -1.007686692916215e+00
30 14 -1.000282741901401e+00 -1.896371721704265e-03 -9.271759116328153e-04 -1.007687704793451e+00
30 15 -1.000282603109037e+00 -1.895952640725685e-03 -9.274920537944072e-04 -1.007688951186166e+00
30 16 -1.000282436501910e+00 -1.895491612086665e-03 -9.278236742203471e-04 -1.007690385514921e+00
30 17 -1.000282248427071e+00 -1.895005814239786e-03 -9.281601693348718e-04 -1.007691953779017e+00
30 18 -1.000282046158950e+00 -1.894513490237328e-03 -9.284904234332573e-04 -1.007693596462416e+00
30 19 -1.000281837612705e+00 -1.894033313337666e-03 -9.288029504815143e-04 -1.007695250702812e+00
30 20 -1.000281631019335e+00 -1.893583709791794e-03 -9.290861409108343e-04 -1.007696852659260e+00
30 21 -1.000281434577958e+00 -1.893182158016891e-03 -9.293286370243531e-04 -1.007698339996347e+00
30 22 -1.000281256102825e+00 -1.892844489111276e-03 -9.295198363628243e-04 -1.007699654387765e+00
30 23 -1.000281102683712e+00 -1.892584218715465e-03 -9.296504953544840e-04 -1.007700743930846e+00
30 24 -1.000280980378238e+00 -1.892411944143592e-03 -9.297133801738914e-04 -1.007701565356149e+00
30 25 -1.000280893953341e+00 -1.892334842851939e-03 -9.297038926338471e-04 -1.007702085914002e+00
30 26 -1.000280846690218e+00 -1.892356307320803e-03 -9.296205904026739e-04 -1.007702284826802e+00
30 27 -1.000280840262743e+00 -1.892475745934088e-03 -9.294655253359310e-04 -1.007702154215628e+00
30 28 -1.000280874693898e+00 -1.892688569328191e-03 -9.292443410484700e-04 -1.007701699441955e+00
30 29 -1.000280948389036e+00 -1.892986368441267e-03 -9.289660984279449e-04 -1.007700938844969e+00
30 30 -1.000281058239393e+00 -1.893357276341330e-03 -9.286428311806729e-04 -1.007699902895507e+00
30 31 -1.000281199785075e+00 -1.893786492736825e-03 -9.282888670194443e-04 -1.007698632824294e+00
31 0 -1.000281404326587e+00 -1.893934575702995e-03 -9.295560597560882e-04 -1.007697563383802e+00
31 1 -1.000281591089808e+00 -1.894427077477729e-03 -9.291874056308776e-04 -1.007695985475248e+00
31 2 -1.000281790051438e+00 -1.894922174693156e-03 -9.288366707696626e-04 -1.007694344062712e+00
31 3 -1.000281993718907e+00 -1.895400631534003e-03 -9.285184179923872e-04 -1.007692702383633e+00
31 4 -1.000282194497670e+00 -1.895844070828780e-03 -9.282451716000831e-04 -1.007691123145472e+00
31 5 -1.000282384946396e+00 -1.896235675394801e-03 -9.280269022459987e-04 -1.007689666183163e+00
31 6 -1.000282558020195e+00 -1.896560798864229e-03 -9.278707298492750e-04 -1.007688386293524e+00
31 7 -1.000282707299314e+00 -1.896807468303951e-03 -9.277808406778158e-04 -1.007687331308784e+00
31 8 -1.000282827200833e+00 -1.896966767636599e-03 -9.277585940489342e-04 -1.007686540458292e+00
31 9 -1.000282913170337e+00 -1.897033097489749e-03 -9.278027776123092e-04 -1.007686043054006e+00
31 10 -1.000282961849638e+00 -1.897004313237634e-03 -9.279099585306182e-04 -1.007685857522393e+00
31 11 -1.000282971215162e+00 -1.896881747421695e-03 -9.280748733185788e-04 -1.007685990796090e+00
31 12 -1.000282940680029e+00 -1.896670124636997e-03 -9.282908035676845e-04 -1.007686438074351e+00
31 13 -1.000282871151697e+00 -1.896377376939247e-03 -9.285498973064745e-04 -1.007687182959178e+00
31 14 -1.000282765037273e+00 -1.896014367218069e-03 -9.288434129864439e-04 -1.007688197970355e+00
31 15 -1.000282626190245e+00 -1.895594527556001e-03 -9.291618821529596e-04 -1.007689445435655e+00
31 16 -1.000282459795181e+00 -1.895133419218287e-03 -9.294952063697616e-04 -1.007690878743871e+00
31 17 -1.000282272190284e+00 -1.894648220582110e-03 -9.298327220411448e-04 -1.007692443939129e+00
31 18 -1.000282070631688e+00 -1.894157149845887e-03 -9.301632794534495e-04 -1.007694081623888e+00
31 19 -1.000281863007582e+00 -1.893678831794991e-03 -9.304753852936610e-04 -1.007695729123451e+00
31 20 -1.000281657514288e+00 -1.893231622357408e-03 -9.307574495215091e-04 -1.007697322847309e+00
31 21 -1.000281462309694e+00 -1.892832910237743e-03 -9.309981596917930e-04 -1.007698800765211e+00
31 22 -1.000281285161632e+00 -1.892498420502685e-03 -9.311869820461886e-04 -1.007700104900986e+00
31 23 -1.000281133109864e+00 -1.892241550019793e-03 -9.313147622162881e-04 -1.007701183735646e+00
31 24 -1.000281012160230e+00 -1.892072768675732e-03 -9.313743729330822e-04 -1.007701994403698e+00
31 25 -1.000280927028079e+00 -1.891999122390532e-03 -9.313613366033010e-04 -1.007702504564783e+00
31 26 -1.000280880945129e+00 -1.892023872753545e-03 -9.312743418220178e-04 -1.007702693840488e+00
31 27 -1.000280875539698e+00 -1.892146302593847e-03 -9.311155774782060e-04 -1.007702554725874e+00
31 28 -1.000280910794863e+00 -1.892361706911290e-03 -9.308908256652076e-04 -1.007702092916708e+00
31 29 -1.000280985083384e+00 -1.892661575456177e-03 -9.306092823304514e-04 -1.007701327032785e+00
31 30 -1.000281095272686e+00 -1.893033958852882e-03 -9.302831080046944e-04 -1.007700287759158e+00
31 31 -1.000281236888908e+00 -1.893463996743806e-03 -9.299267443324537e-04 -1.007699016464370e+00
