1.644761261433477e-07
1.000000000000000e-12
1.000000000000000e-17
3.535916843902694e-01
1.935727889617663e-01
5.681893004115225e-01
-1.500017464083440e+00
1.901109735892602e-07
32
32
8.779149519890258e-04
1
0 0 -1.000275167988746e+00 -1.885947838270906e-03 -9.522741711665261e-04 -1.007724029165686e+00
0 1 -1.000275963621672e+00 -1.888196929398169e-03 -9.502334015731604e-04 -1.007716946791151e+00
0 2 -1.000276807286153e+00 -1.890429085991357e-03 -9.483836872060143e-04 -1.007709603982841e+00
0 3 -1.000277671204031e+00 -1.892554076426495e-03 -9.468197596069883e-04 -1.007702284457559e+00
0 4 -1.000278529181098e+00 -1.894491533081678e-03 -9.456060501977276e-04 -1.007695256516405e+00
0 5 -1.000279356407139e+00 -1.896173541152110e-03 -9.447744711772654e-04 -1.007688765431564e+00
0 6 -1.000280129138218e+00 -1.897546301802857e-03 -9.443258368903437e-04 -1.007683027356689e+00
0 7 -1.000280824527716e+00 -1.898570935601485e-03 -9.442345740108927e-04 -1.007678224594244e+00
0 8 -1.000281420625821e+00 -1.899223425387678e-03 -9.444553250413939e-04 -1.007674502822635e+00
0 9 -1.000281896480411e+00 -1.899493599870323e-03 -9.449302931451053e-04 -1.007671970972509e+00
0 10 -1.000282232459443e+00 -1.899383195799280e-03 -9.455972984172143e-04 -1.007670703268640e+00
0 11 -1.000282411083214e+00 -1.898903518654472e-03 -9.463985032997221e-04 -1.007670741361202e+00
0 12 -1.000282418494644e+00 -1.898073610809771e-03 -9.472883088470147e-04 -1.007672094185807e+00
0 13 -1.000282246306781e+00 -1.896919558740468e-03 -9.482381583903679e-04 -1.007674734915351e+00
0 14 -1.000281893329217e+00 -1.895474752304308e-03 -9.492372506339404e-04 -1.007678596687520e+00
0 15 -1.000281366770015e+00 -1.893780374076332e-03 -9.502898662259752e-04 -1.007683569573681e+00
0 16 -1.000280682749867e+00 -1.891885646246092e-03 -9.514100832528194e-04 -1.007689500046990e+00
0 17 -1.000279866106127e+00 -1.889847905498966e-03 -9.526137961075455e-04 -1.007696192675566e+00
0 18 -1.000278949498049e+00 -1.887732616266760e-03 -9.539084573421061e-04 -1.007703413555200e+00
0 19 -1.000277971878124e+00 -1.885612969984467e-03 -9.552829326437281e-04 -1.007710895807401e+00
0 20 -1.000276976480859e+00 -1.883568487396755e-03 -9.567007911717483e-04 -1.007718347803507e+00
0 21 -1.000276008500842e+00 -1.881682405684792e-03 -9.580988686524396e-04 -1.007725464131748e+00
0 22 -1.000275112570190e+00 -1.880038082320143e-03 -9.593908518694158e-04 -1.007731938737205e+00
0 23 -1.000274330110467e+00 -1.878714618875386e-03 -9.604751471759505e-04 -1.007737479964677e+00
0 24 -1.000273696698236e+00 -1.877781653400324e-03 -9.612467713078400e-04 -1.007741827655258e+00
0 25 -1.000273239692229e+00 -1.877293468999524e-03 -9.616122906935635e-04 -1.007744771649038e+00
0 26 -1.000272976438868e+00 -1.877283272381745e-03 -9.615049388068826e-04 -1.007746169136261e+00
0 27 -1.000272913371184e+00 -1.877758985188866e-03 -9.608962612109439e-04 -1.007745957027275e+00
0 28 -1.000273046219887e+00 -1.878701603647240e-03 -9.598020549834302e-04 -1.007744156327270e+00
0 29 -1.000273361323957e+00 -1.880066388896092e-03 -9.582822762290531e-04 -1.007740867956632e+00
0 30 -1.000273837719019e+00 -1.881786491373994e-03 -9.564352348025831e-04 -1.007736261799201e+00
0 31 -1.000274449494405e+00 -1.883778319432944e-03 -9.543865117942999e-04 -1.007730561737519e+00
1 0 -1.000275982948635e+00 -1.885231509542339e-03 -9.582107617592039e-04 -1.007723430457210e+00
1 1 -1.000276777557917e+00 -1.887491860561409e-03 -9.561338252597793e-04 -1.007716348738644e+00
1 2 -1.000277612342414e+00 -1.889715145337642e-03 -9.542701392810736e-04 -1.007709069469552e+00
1 3 -1.000278459875416e+00 -1.891811401258798e-03 -9.527153318010654e-04 -1.007701873439225e+00
1 4 -1.000279294650377e+00 -1.893701430467164e-03 -9.515337237508164e-04 -1.007695023392587e+00
1 5 -1.000280092838794e+00 -1.895319334501180e-03 -9.507561661758078e-04 -1.007688756743707e+00
1 6 -1.000280831884319e+00 -1.896614038013272e-03 -9.503814954174809e-04 -1.007683280081676e+00
1 7 -1.000281490256846e+00 -1.897549915670640e-03 -9.503812574049814e-04 -1.007678765069540e+00
1 8 -1.000282047414606e+00 -1.898106560010394e-03 -9.507064401093717e-04 -1.007675346149083e+00
1 9 -1.000282483880096e+00 -1.898277608488424e-03 -9.512950654424182e-04 -1.007673120749041e+00
1 10 -1.000282781515305e+00 -1.898068665298496e-03 -9.520804484663060e-04 -1.007672151649406e+00
1 11 -1.000282924287591e+00 -1.897494817437454e-03 -9.530000177974533e-04 -1.007672469523402e+00
1 12 -1.000282899679419e+00 -1.896578638293032e-03 -9.540033478661984e-04 -1.007674073260752e+00
1 13 -1.000282700490469e+00 -1.895349337095050e-03 -9.550572521599393e-04 -1.007676927298043e+00
1 14 -1.000282326525883e+00 -1.893842925678067e-03 -9.561468029639857e-04 -1.007680957526635e+00
1 15 -1.000281785765363e+00 -1.892102696902954e-03 -9.572727889926122e-04 -1.007686048278947e+00
1 16 -1.000281094855846e+00 -1.890179476387414e-03 -9.584464452081611e-04 -1.007692041823531e+00
1 17 -1.000280278902475e+00 -1.888131642705371e-03 -9.596815932469221e-04 -1.007698740223250e+00
1 18 -1.000279370560102e+00 -1.886025045184971e-03 -9.609846291472515e-04 -1.007705908992250e+00
1 19 -1.000278408495280e+00 -1.883932561766787e-03 -9.623444913960832e-04 -1.007713282679069e+00
1 20 -1.000277435385849e+00 -1.881932754050028e-03 -9.637257746136039e-04 -1.007720572987010e+00
1 21 -1.000276495627211e+00 -1.880107325796970e-03 -9.650670202761741e-04 -1.007727479637583e+00
1 22 -1.000275632831015e+00 -1.878537532542683e-03 -9.662842068668477e-04 -1.007733703576721e+00
1 23 -1.000274887184237e+00 -1.877299781047232e-03 -9.672786665017157e-04 -1.007738962122513e+00
1 24 -1.000274292839816e+00 -1.876460483017393e-03 -9.679489046395941e-04 -1.007743005882195e+00
1 25 -1.000273875616988e+00 -1.876070346863745e-03 -9.682052783786787e-04 -1.007745636678145e+00
1 26 -1.000273651305623e+00 -1.876158862684246e-03 -9.679848875711291e-04 -1.007746724184421e+00
1 27 -1.000273624835613e+00 -1.876730219061538e-03 -9.672631935700860e-04 -1.007746217758423e+00
1 28 -1.000273790516089e+00 -1.877761728462705e-03 -9.660599899817502e-04 -1.007744150444640e+00
1 29 -1.000274133376689e+00 -1.879205124218319e-03 -9.644391869889801e-04 -1.007740634328598e+00
1 30 -1.000274631325977e+00 -1.880990365491091e-03 -9.625027782146252e-04 -1.007735848916349e+00
1 31 -1.000275257590292e+00 -1.883031187085064e-03 -9.603796404647025e-04 -1.007730025525891e+00
2 0 -1.000276996764911e+00 -1.884839693516562e-03 -9.629151800776732e-04 -1.007722057246203e+00
2 1 -1.000277797290393e+00 -1.887125956183390e-03 -9.607940484023806e-04 -1.007714927656446e+00
2 2 -1.000278629983702e+00 -1.889355253648487e-03 -9.589092318064306e-04 -1.007707663703871e+00
2 3 -1.000279467479683e+00 -1.891437366251757e-03 -9.573573548217886e-04 -1.007700545049251e+00
2 4 -1.000280284676633e+00 -1.893293717656027e-03 -9.562026460341288e-04 -1.007693830724939e+00
2 5 -1.000281058478848e+00 -1.894859883227832e-03 -9.554748618764836e-04 -1.007687752061403e+00
2 6 -1.000281767318378e+00 -1.896086999568130e-03 -9.551708410888593e-04 -1.007682507685459e+00
2 7 -1.000282390832857e+00 -1.896942238888226e-03 -9.552592721860111e-04 -1.007678259978198e+00
2 8 -1.000282909789651e+00 -1.897408427093297e-03 -9.556875333722261e-04 -1.007675133193900e+00
2 9 -1.000283306144784e+00 -1.897482735156047e-03 -9.563895243231553e-04 -1.007673213928758e+00
2 10 -1.000283563280464e+00 -1.897174474229851e-03 -9.572941658211150e-04 -1.007672553737273e+00
2 11 -1.000283666705011e+00 -1.896502481041730e-03 -9.583343333466850e-04 -1.007673172032670e+00
2 12 -1.000283605395161e+00 -1.895492975133494e-03 -9.594549642078686e-04 -1.007675056851792e+00
2 13 -1.000283373546478e+00 -1.894178560820140e-03 -9.606183443113861e-04 -1.007678162586131e+00
2 14 -1.000282972216861e+00 -1.892598289673718e-03 -9.618053904166422e-04 -1.007682406143937e+00
2 15 -1.000282410448052e+00 -1.890798099881307e-03 -9.630132485902087e-04 -1.007687664065301e+00
2 16 -1.000281705713498e+00 -1.888831045289943e-03 -9.642500315138315e-04 -1.007693772167404e+00
2 17 -1.000280883674101e+00 -1.886757234331058e-03 -9.655270448623092e-04 -1.007700527698931e+00
2 18 -1.000279977241284e+00 -1.884643609138084e-03 -9.668490344082101e-04 -1.007707693377534e+00
2 19 -1.000279025018935e+00 -1.882563399972739e-03 -9.682043702715164e-04 -1.007715003226969e+00
2 20 -1.000278069304585e+00 -1.880594781740457e-03 -9.695580966468618e-04 -1.007722170710913e+00
2 21 -1.000277153822632e+00 -1.878818391946400e-03 -9.708499764535686e-04 -1.007728899502639e+00
2 22 -1.000276321255596e+00 -1.877313762380257e-03 -9.719978538473564e-04 -1.007734896689084e+00
2 23 -1.000275610625049e+00 -1.876154901638474e-03 -9.729056318610165e-04 -1.007739887966152e+00
2 24 -1.000275054711297e+00 -1.875405194996147e-03 -9.734751029661267e-04 -1.007743634374953e+00
2 25 -1.000274677819960e+00 -1.875111865770188e-03 -9.736204255092042e-04 -1.007745949662301e+00
2 26 -1.000274494180390e+00 -1.875300676962586e-03 -9.732827611690158e-04 -1.007746716173020e+00
2 27 -1.000274507188111e+00 -1.875971994030520e-03 -9.724418087362168e-04 -1.007745896096548e+00
2 28 -1.000274709671267e+00 -1.877099279917828e-03 -9.711217917462944e-04 -1.007743535101304e+00
2 29 -1.000275085249807e+00 -1.878630487908702e-03 -9.693911208265239e-04 -1.007739757274800e+00
2 30 -1.000275610550327e+00 -1.880492049742642e-03 -9.673560680073816e-04 -1.007734752861230e+00
2 31 -1.000276257729304e+00 -1.882594633639005e-03 -9.651493267515680e-04 -1.007728761956318e+00
3 0 -1.000278166543111e+00 -1.884791597010699e-03 -9.661943373389742e-04 -1.007719959618854e+00
3 1 -1.000278979744708e+00 -1.887117502603727e-03 -9.640221845339128e-04 -1.007712735393891e+00
3 2 -1.000279817288028e+00 -1.889367566946381e-03 -9.621091926163562e-04 -1.007705437756470e+00
3 3 -1.000280651575011e+00 -1.891450794693369e-03 -9.605531050159581e-04 -1.007698347067766e+00
3 4 -1.000281457599359e+00 -1.893288645493911e-03 -9.594181522320040e-04 -1.007691720662365e+00
3 5 -1.000282212704174e+00 -1.894817551135251e-03 -9.587330687986502e-04 -1.007685785850723e+00
3 6 -1.000282896056741e+00 -1.895990247504485e-03 -9.584927972995405e-04 -1.007680735263422e+00
3 7 -1.000283488258954e+00 -1.896776130069078e-03 -9.586633298682873e-04 -1.007676723756561e+00
3 8 -1.000283971235358e+00 -1.897160755964801e-03 -9.591886294046709e-04 -1.007673866856581e+00
3 9 -1.000284328282639e+00 -1.897144429152866e-03 -9.599986721927720e-04 -1.007672241403553e+00
3 10 -1.000284544279559e+00 -1.896739886882479e-03 -9.610182119840511e-04 -1.007671888343408e+00
3 11 -1.000284606321970e+00 -1.895969564869410e-03 -9.621758635241270e-04 -1.007672815940180e+00
3 12 -1.000284504988777e+00 -1.894863319693287e-03 -9.634122562425469e-04 -1.007675000971803e+00
3 13 -1.000284236031843e+00 -1.893457292139205e-03 -9.646854302429175e-04 -1.007678386884408e+00
3 14 -1.000283801969801e+00 -1.891793859083059e-03 -9.659723242565298e-04 -1.007682880265063e+00
3 15 -1.000283213152947e+00 -1.889922012198302e-03 -9.672665130244214e-04 -1.007688348171033e+00
3 16 -1.000282488147890e+00 -1.887897542353847e-03 -9.685729408222069e-04 -1.007694618024109e+00
3 17 -1.000281653436947e+00 -1.885782880137220e-03 -9.699001765486448e-04 -1.007701480168134e+00
3 18 -1.000280742437929e+00 -1.883646708070985e-03 -9.712508860037848e-04 -1.007708692416268e+00
3 19 -1.000279793917032e+00 -1.881563261440076e-03 -9.726122956461786e-04 -1.007715986293085e+00
3 20 -1.000278849984282e+00 -1.879610934414213e-03 -9.739492938420571e-04 -1.007723075304434e+00
3 21 -1.000277953851250e+00 -1.877869835484429e-03 -9.752022867055360e-04 -1.007729665647254e+00
3 22 -1.000277147402897e+00 -1.876418249165639e-03 -9.762904162205317e-04 -1.007735469364446e+00
3 23 -1.000276468613127e+00 -1.875328205608668e-03 -9.771196050939593e-04 -1.007740219541615e+00
3 24 -1.000275948996690e+00 -1.874660405077294e-03 -9.775944833462088e-04 -1.007743686878583e+00
3 25 -1.000275611431746e+00 -1.874458821517673e-03 -9.776327538969299e-04 -1.007745696531008e+00
3 26 -1.000275468641255e+00 -1.874745618399690e-03 -9.771795822228575e-04 -1.007746143264497e+00
3 27 -1.000275522507245e+00 -1.875517377168653e-03 -9.762189903690019e-04 -1.007745002076580e+00
3 28 -1.000275764366195e+00 -1.876743674013112e-03 -9.747798348562130e-04 -1.007742331442840e+00
3 29 -1.000276176378354e+00 -1.878368561850794e-03 -9.729353551655182e-04 -1.007738267880598e+00
3 30 -1.000276733785452e+00 -1.880314737968446e-03 -9.707965174812299e-04 -1.007733013085995e+00
3 31 -1.000277407515374e+00 -1.882489527973607e-03 -9.685002255429479e-04 -1.007726816912750e+00
4 0 -1.000279442884626e+00 -1.885091912583590e-03 -9.679024130494941e-04 -1.007717226438132e+00
4 1 -1.000280274998993e+00 -1.887469539427543e-03 -9.656745452656407e-04 -1.007709864982431e+00
4 2 -1.000281124137304e+00 -1.889754226180367e-03 -9.637272862924902e-04 -1.007702486387768e+00
4 3 -1.000281962189333e+00 -1.891853724820298e-03 -9.621596233169195e-04 -1.007695373454835e+00
4 4 -1.000282763927219e+00 -1.893688944402235e-03 -9.610359505983601e-04 -1.007688783881263e+00
4 5 -1.000283506808127e+00 -1.895196513549602e-03 -9.603841621884863e-04 -1.007682943198511e+00
4 6 -1.000284170434878e+00 -1.896330078781999e-03 -9.601975350406695e-04 -1.007678040286652e+00
4 7 -1.000284736117071e+00 -1.897060582409862e-03 -9.604396740410904e-04 -1.007674224581354e+00
4 8 -1.000285186729652e+00 -1.897375690663793e-03 -9.610514862839779e-04 -1.007671604729770e+00
4 9 -1.000285506761781e+00 -1.897278313178824e-03 -9.619593828066541e-04 -1.007670249300647e+00
4 10 -1.000285682511119e+00 -1.896784209130079e-03 -9.630843065731059e-04 -1.007670189656580e+00
4 11 -1.000285702657319e+00 -1.895919145222735e-03 -9.643510087618570e-04 -1.007671423421809e+00
4 12 -1.000285559442103e+00 -1.894716489478934e-03 -9.656962534456008e-04 -1.007673916103333e+00
4 13 -1.000285250286251e+00 -1.893215939377465e-03 -9.670742616372004e-04 -1.007677599700943e+00
4 14 -1.000284779327259e+00 -1.891463356511548e-03 -9.684583454425120e-04 -1.007682369546977e+00
4 15 -1.000284158422126e+00 -1.889511065714452e-03 -9.698387747759610e-04 -1.007688081922153e+00
4 16 -1.000283407455635e+00 -1.887417976133931e-03 -9.712174978713832e-04 -1.007694554277537e+00
4 17 -1.000282553965019e+00 -1.885249314046134e-03 -9.726003587369855e-04 -1.007701568274988e+00
4 18 -1.000281632102464e+00 -1.883076055640420e-03 -9.739877192885646e-04 -1.007708874937852e+00
4 19 -1.000280681012064e+00 -1.880974040970388e-03 -9.753652157505724e-04 -1.007716201414790e+00
4 20 -1.000279742814937e+00 -1.879022484301542e-03 -9.766970112135259e-04 -1.007723259495434e+00
4 21 -1.000278860388642e+00 -1.877301538941139e-03 -9.779235429746664e-04 -1.007729756308682e+00
4 22 -1.000278074983726e+00 -1.875888787634868e-03 -9.789646018608328e-04 -1.007735407407043e+00
4 23 -1.000277423683166e+00 -1.874854798036258e-03 -9.797274478523755e-04 -1.007739951939205e+00
4 24 -1.000276936888717e+00 -1.874258044879650e-03 -9.801189127997291e-04 -1.007743169093082e+00
4 25 -1.000276636187896e+00 -1.874139617093668e-03 -9.800597654206879e-04 -1.007744894496846e+00
4 26 -1.000276532903143e+00 -1.874518333422119e-03 -9.794988869560055e-04 -1.007745034674615e+00
4 27 -1.000276627473039e+00 -1.875387154475108e-03 -9.784244736296503e-04 -1.007743577013919e+00
4 28 -1.000276909779823e+00 -1.876711861881432e-03 -9.768699607758194e-04 -1.007740592584242e+00
4 29 -1.000277360526002e+00 -1.878432628710732e-03 -9.749134670075693e-04 -1.007736230339745e+00
4 30 -1.000277953522819e+00 -1.880468357023706e-03 -9.726708045837099e-04 -1.007730703705305e+00
4 31 -1.000278658368593e+00 -1.882722892676007e-03 -9.702832679094640e-04 -1.007724272854727e+00
5 0 -1.000280772287664e+00 -1.885729808914199e-03 -9.679498433504523e-04 -1.007713981964751e+00
5 1 -1.000281628702457e+00 -1.888168916676597e-03 -9.656645425137989e-04 -1.007706447062114e+00
5 2 -1.000282495639964e+00 -1.890500459706084e-03 -9.636787228848144e-04 -1.007698944354359e+00
5 3 -1.000283344231794e+00 -1.892630530807630e-03 -9.620927161887040e-04 -1.007691760628845e+00
5 4 -1.000284148725163e+00 -1.894478935544385e-03 -9.609712873790763e-04 -1.007685155929517e+00
5 5 -1.000284886355513e+00 -1.895981832903632e-03 -9.603417646593506e-04 -1.007679356302512e+00
5 6 -1.000285536828961e+00 -1.897093046826905e-03 -9.601961066639783e-04 -1.007674549295355e+00
5 7 -1.000286081860119e+00 -1.897784312493291e-03 -9.604959764034147e-04 -1.007670881296005e+00
5 8 -1.000286505013716e+00 -1.898044678220458e-03 -9.611797441784493e-04 -1.007668456262787e+00
5 9 -1.000286791764441e+00 -1.897879010178080e-03 -9.621707808960734e-04 -1.007667336370403e+00
5 10 -1.000286929691177e+00 -1.897305560227085e-03 -9.633867199481277e-04 -1.007667544836922e+00
5 11 -1.000286908997392e+00 -1.896353038552406e-03 -9.647489607751241e-04 -1.007669069564917e+00
5 12 -1.000286723597760e+00 -1.895058083991158e-03 -9.661909524049981e-04 -1.007671865175397e+00
5 13 -1.000286372646611e+00 -1.893463854361177e-03 -9.676636491304575e-04 -1.007675852116991e+00
5 14 -1.000285862008855e+00 -1.891619733863095e-03 -9.691372322619890e-04 -1.007680913940552e+00
5 15 -1.000285205195627e+00 -1.889581533804291e-03 -9.705990888351505e-04 -1.007686895273122e+00
5 16 -1.000284423587315e+00 -1.887411532658051e-03 -9.720485169347170e-04 -1.007693602432938e+00
5 17 -1.000283545968853e+00 -1.885178096154236e-03 -9.734888477881482e-04 -1.007700807008420e+00
5 18 -1.000282607422979e+00 -1.882954930732580e-03 -9.749181211429128e-04 -1.007708251668360e+00
5 19 -1.000281647667010e+00 -1.880819995088549e-03 -9.763201012958545e-04 -1.007715657520889e+00
5 20 -1.000280709026389e+00 -1.878853880460132e-03 -9.776577526053667e-04 -1.007722732957379e+00
5 21 -1.000279834233278e+00 -1.877137354817041e-03 -9.788709697955925e-04 -1.007729184391697e+00
5 22 -1.000279064087757e+00 -1.875747872821976e-03 -9.798795446436617e-04 -1.007734729276697e+00
5 23 -1.000278434965977e+00 -1.874755112346463e-03 -9.805913513861607e-04 -1.007739111247663e+00
5 24 -1.000277976342627e+00 -1.874215867119670e-03 -9.809146870869948e-04 -1.007742116485555e+00
5 25 -1.000277708692071e+00 -1.874168813525945e-03 -9.807727474962697e-04 -1.007743589774670e+00
5 26 -1.000277642088830e+00 -1.874629801294646e-03 -9.801176432662673e-04 -1.007743448328759e+00
5 27 -1.000277775647384e+00 -1.875588461428729e-03 -9.789413667612697e-04 -1.007741691093621e+00
5 28 -1.000278097884193e+00 -1.877007012046686e-03 -9.772816045167819e-04 -1.007738401093467e+00
5 29 -1.000278588101601e+00 -1.878821920338030e-03 -9.752210861771456e-04 -1.007733739274985e+00
5 30 -1.000279218696302e+00 -1.880948393482368e-03 -9.728802976450851e-04 -1.007727930600787e+00
5 31 -1.000279957899523e+00 -1.883286814433379e-03 -9.704048268111577e-04 -1.007721245676730e+00
6 0 -1.000282099735173e+00 -1.886678988257121e-03 -9.663105753476204e-04 -1.007710379000491e+00
6 1 -1.000282984691259e+00 -1.889186452026990e-03 -9.639697269766769e-04 -1.007702642747808e+00
6 2 -1.000283874764024e+00 -1.891574817023341e-03 -9.619435922746054e-04 -1.007694979066402e+00
6 3 -1.000284740128077e+00 -1.893748201988121e-03 -9.603338910763517e-04 -1.007687680012315e+00
6 4 -1.000285554234917e+00 -1.895624817916738e-03 -9.592059759294855e-04 -1.007681009780074e+00
6 5 -1.000286293772380e+00 -1.897139712998770e-03 -9.585869460253833e-04 -1.007675197159541e+00
6 6 -1.000286938203624e+00 -1.898246144519101e-03 -9.584678767427604e-04 -1.007670430837805e+00
6 7 -1.000287469312661e+00 -1.898915841886475e-03 -9.588090402632413e-04 -1.007666856688658e+00
6 8 -1.000287871046885e+00 -1.899138431975588e-03 -9.595469228694668e-04 -1.007664576426268e+00
6 9 -1.000288129602684e+00 -1.898919985924996e-03 -9.606025383448752e-04 -1.007663648040987e+00
6 10 -1.000288233639408e+00 -1.898280602946778e-03 -9.618908656660779e-04 -1.007664088429371e+00
6 11 -1.000288174761961e+00 -1.897251431327774e-03 -9.633305923555959e-04 -1.007665877094298e+00
6 12 -1.000287948511511e+00 -1.895872024183549e-03 -9.648525128241267e-04 -1.007668958560295e+00
6 13 -1.000287555788684e+00 -1.894188786177652e-03 -9.664049787979776e-04 -1.007673242027653e+00
6 14 -1.000287004242483e+00 -1.892254540678514e-03 -9.679556517810601e-04 -1.007678599160885e+00
6 15 -1.000286309131709e+00 -1.890128613031923e-03 -9.694895676798023e-04 -1.007684862496237e+00
6 16 -1.000285493456662e+00 -1.887876771690860e-03 -9.710038344294289e-04 -1.007691826506964e+00
6 17 -1.000284587394574e+00 -1.885570731346769e-03 -9.724996261679870e-04 -1.007699251756583e+00
6 18 -1.000283627114514e+00 -1.883287234907532e-03 -9.739728190580617e-04 -1.007706871390771e+00
6 19 -1.000282653072537e+00 -1.881106762283528e-03 -9.754052019455574e-04 -1.007714399121465e+00
6 20 -1.000281707975665e+00 -1.879111759076762e-03 -9.767582125173241e-04 -1.007721538448308e+00
6 21 -1.000280834597959e+00 -1.877384131872849e-03 -9.779707394512642e-04 -1.007727993486415e+00
6 22 -1.000280073482690e+00 -1.876001764081714e-03 -9.789620153292352e-04 -1.007733481934135e+00
6 23 -1.000279460499403e+00 -1.875034028897212e-03 -9.796398606019352e-04 -1.007737750195340e+00
6 24 -1.000279024403643e+00 -1.874536631356884e-03 -9.799132902710834e-04 -1.007740589711267e+00
6 25 -1.000278784765127e+00 -1.874546392943910e-03 -9.797071944131384e-04 -1.007741852775301e+00
6 26 -1.000278750604314e+00 -1.875076684783530e-03 -9.789762632169126e-04 -1.007741465820720e+00
6 27 -1.000278919879757e+00 -1.876114233467542e-03 -9.777156912029021e-04 -1.007739438078132e+00
6 28 -1.000279279884170e+00 -1.877618073966548e-03 -9.759668180084251e-04 -1.007735863421636e+00
6 29 -1.000279808635961e+00 -1.879521305132114e-03 -9.738163920196583e-04 -1.007730913861017e+00
6 30 -1.000280477197571e+00 -1.881735709483539e-03 -9.713890581282480e-04 -1.007724825215214e+00
6 31 -1.000281252462524e+00 -1.884158385541475e-03 -9.688342970715750e-04 -1.007717878168859e+00
7 0 -1.000283371356530e+00 -1.887898967709476e-03 -9.630266718327519e-04 -1.007706588756619e+00
7 1 -1.000284287697925e+00 -1.890478358338405e-03 -9.606360560957321e-04 -1.007698633090811e+00
7 2 -1.000285205083171e+00 -1.892930711882311e-03 -9.585709041546886e-04 -1.007690779725010e+00
7 3 -1.000286092587520e+00 -1.895157964051920e-03 -9.569342745686144e-04 -1.007683326954811e+00
7 4 -1.000286922642598e+00 -1.897076322776994e-03 -9.557922924765637e-04 -1.007676544678182e+00
7 5 -1.000287671090975e+00 -1.898619136045217e-03 -9.551721881512514e-04 -1.007670666496759e+00
7 6 -1.000288316812194e+00 -1.899738371347766e-03 -9.550646404348426e-04 -1.007665884650245e+00
7 7 -1.000288841309262e+00 -1.900404946106430e-03 -9.554291484687064e-04 -1.007662347068984e+00
7 8 -1.000289228573758e+00 -1.900608225306127e-03 -9.562010616580024e-04 -1.007660155796223e+00
7 9 -1.000289465213794e+00 -1.900354666681685e-03 -9.572998498731052e-04 -1.007659367067669e+00
7 10 -1.000289540709945e+00 -1.899665480518000e-03 -9.586386375259652e-04 -1.007659993584588e+00
7 11 -1.000289447881670e+00 -1.898573642969522e-03 -9.601341677570807e-04 -1.007662008135451e+00
7 12 -1.000289183787043e+00 -1.897121153236327e-03 -9.617153433100250e-04 -1.007665346336178e+00
7 13 -1.000288751026491e+00 -1.895357332220517e-03 -9.633286668318354e-04 -1.007669906863373e+00
7 14 -1.000288159031573e+00 -1.893338236311117e-03 -9.649399708096565e-04 -1.007675549836066e+00
7 15 -1.000287424842591e+00 -1.891126605278542e-03 -9.665325347876268e-04 -1.007682095731871e+00
7 16 -1.000286573144826e+00 -1.888791686576431e-03 -9.681017930563531e-04 -1.007689326951122e+00
7 17 -1.000285635597879e+00 -1.886408615853877e-03 -9.696472039686395e-04 -1.007696992562845e+00
7 18 -1.000284649566134e+00 -1.884057338294820e-03 -9.711627788789311e-04 -1.007704815473474e+00
7 19 -1.000283656372706e+00 -1.881821125487546e-03 -9.726284070257910e-04 -1.007712501029991e+00
7 20 -1.000282699258333e+00 -1.879784644211740e-03 -9.740038534603591e-04 -1.007719746634840e+00
7 21 -1.000281821214807e+00 -1.878031380657939e-03 -9.752267044320561e-04 -1.007726252695205e+00
7 22 -1.000281062722337e+00 -1.876640148284022e-03 -9.762152275007153e-04 -1.007731735565192e+00
7 23 -1.000280459351490e+00 -1.875680575766682e-03 -9.768766490680231e-04 -1.007735942658927e+00
7 24 -1.000280039359968e+00 -1.875207887007118e-03 -9.771200159853471e-04 -1.007738668791796e+00
7 25 -1.000279821643586e+00 -1.875257668218459e-03 -9.768711440234586e-04 -1.007739771847000e+00
7 26 -1.000279814396520e+00 -1.875841405472471e-03 -9.760865285008851e-04 -1.007739185632411e+00
7 27 -1.000280014633745e+00 -1.876943476915747e-03 -9.747637867325862e-04 -1.007736927948651e+00
7 28 -1.000280408617342e+00 -1.878520262782001e-03 -9.729470789706038e-04 -1.007733101940273e+00
7 29 -1.000280973254940e+00 -1.880501991590113e-03 -9.707262973739280e-04 -1.007727889261570e+00
7 30 -1.000281678418522e+00 -1.882797457495703e-03 -9.682294229443218e-04 -1.007721535418245e+00
7 31 -1.000282489761414e+00 -1.885300813029825e-03 -9.656091423415777e-04 -1.007714330356546e+00
8 0 -1.000284537000218e+00 -1.889337475595345e-03 -9.582096115349904e-04 -1.007702788507904e+00
8 1 -1.000285486003386e+00 -1.891988844454865e-03 -9.557787687825537e-04 -1.007694606140879e+00
8 2 -1.000286433492186e+00 -1.894509186910935e-03 -9.536791233942435e-04 -1.007686543906879e+00
8 3 -1.000287347362368e+00 -1.896798162213355e-03 -9.520148994289097e-04 -1.007678906972307e+00
8 4 -1.000288198858125e+00 -1.898769666151808e-03 -9.508531066382978e-04 -1.007671972186342e+00
8 5 -1.000288962722486e+00 -1.900354832372213e-03 -9.502214503036717e-04 -1.007665979788551e+00
8 6 -1.000289616935353e+00 -1.901503666325727e-03 -9.501107166619460e-04 -1.007661127819905e+00
8 7 -1.000290142374345e+00 -1.902185497153792e-03 -9.504802792201637e-04 -1.007657568748210e+00
8 8 -1.000290522726237e+00 -1.902388594873489e-03 -9.512651475024400e-04 -1.007655407504214e+00
8 9 -1.000290744673326e+00 -1.902118963932815e-03 -9.523841467831767e-04 -1.007654701074652e+00
8 10 -1.000290798212458e+00 -1.901398136423531e-03 -9.537494579858789e-04 -1.007655460274357e+00
8 11 -1.000290677130501e+00 -1.900260226940722e-03 -9.552767501842739e-04 -1.007657653147386e+00
8 12 -1.000290379826024e+00 -1.898749115251484e-03 -9.568938719103824e-04 -1.007661207952165e+00
8 13 -1.000289910485571e+00 -1.896916597636477e-03 -9.585462826530247e-04 -1.007666013984091e+00
8 14 -1.000289280255057e+00 -1.894821637196208e-03 -9.601987151694419e-04 -1.007671920615804e+00
8 15 -1.000288507923227e+00 -1.892530161636122e-03 -9.618333086789995e-04 -1.007678736786830e+00
8 16 -1.000287619860473e+00 -1.890114754308807e-03 -9.634443523335444e-04 -1.007686233101775e+00
8 17 -1.000286649240048e+00 -1.887653904319606e-03 -9.650300696062063e-04 -1.007694147171531e+00
8 18 -1.000285634680253e+00 -1.885230777174209e-03 -9.665830115195301e-04 -1.007702191435526e+00
8 19 -1.000284618457796e+00 -1.882931557886946e-03 -9.680814144365441e-04 -1.007710062351844e+00
8 20 -1.000283644467235e+00 -1.880843365601436e-03 -9.694834239408630e-04 -1.007717450388951e+00
8 21 -1.000282756074081e+00 -1.879051596134514e-03 -9.707252235257827e-04 -1.007724051102678e+00
8 22 -1.000281993881784e+00 -1.877636412773237e-03 -9.717238949229599e-04 -1.007729578064894e+00
8 23 -1.000281393371220e+00 -1.876668211639867e-03 -9.723856922382904e-04 -1.007733777977333e+00
8 24 -1.000280982531425e+00 -1.876202336263694e-03 -9.726191105874377e-04 -1.007736447058052e+00
8 25 -1.000280779830193e+00 -1.876273798211290e-03 -9.723501317602821e-04 -1.007737446651139e+00
8 26 -1.000280792888130e+00 -1.876892875873503e-03 -9.715362029161145e-04 -1.007736715775758e+00
8 27 -1.000281018023528e+00 -1.878042266661039e-03 -9.701764537328039e-04 -1.007734278697947e+00
8 28 -1.000281440702545e+00 -1.879676351068297e-03 -9.683168716381924e-04 -1.007730245830149e+00
8 29 -1.000282036943190e+00 -1.881723122052580e-03 -9.660494226714503e-04 -1.007724806616032e+00
8 30 -1.000282775627062e+00 -1.884088966437010e-03 -9.635043735160330e-04 -1.007718214636429e+00
8 31 -1.000283621329297e+00 -1.886665574982515e-03 -9.608366981661632e-04 -1.007710767847696e+00
9 0 -1.000285552504142e+00 -1.890933611803579e-03 -9.520379372412413e-04 -1.007699148812126e+00
9 1 -1.000286533822177e+00 -1.893653532148133e-03 -9.495795780002039e-04 -1.007690743384743e+00
9 2 -1.000287512686442e+00 -1.896242544484428e-03 -9.474529570451362e-04 -1.007682463352920e+00
9 3 -1.000288455797985e+00 -1.898598058229060e-03 -9.457631510239266e-04 -1.007674621030542e+00
9 4 -1.000289333110519e+00 -1.900631463368676e-03 -9.445780601388390e-04 -1.007667501112820e+00
9 5 -1.000290118070822e+00 -1.902271265957763e-03 -9.439261555538588e-04 -1.007661351980072e+00
9 6 -1.000290787486986e+00 -1.903464920097255e-03 -9.437988204941765e-04 -1.007656379451485e+00
9 7 -1.000291321294715e+00 -1.904179457451206e-03 -9.441559478785688e-04 -1.007652742798456e+00
9 8 -1.000291702539004e+00 -1.904401269354512e-03 -9.449330114181177e-04 -1.007650552246391e+00
9 9 -1.000291917632553e+00 -1.904135089549545e-03 -9.460491243776976e-04 -1.007649867975973e+00
9 10 -1.000291956754864e+00 -1.903401969998360e-03 -9.474164938630678e-04 -1.007650701281703e+00
9 11 -1.000291814362331e+00 -1.902236427217703e-03 -9.489506407124519e-04 -1.007653017621044e+00
9 12 -1.000291489951979e+00 -1.900683581922744e-03 -9.505792253381046e-04 -1.007656739745918e+00
9 13 -1.000290989111181e+00 -1.898797170846353e-03 -9.522474760857196e-04 -1.007661749094230e+00
9 14 -1.000290324559443e+00 -1.896638628279114e-03 -9.539197532593989e-04 -1.007667885528394e+00
9 15 -1.000289516729333e+00 -1.894276723743663e-03 -9.555776627198786e-04 -1.007674947443960e+00
9 16 -1.000288593608866e+00 -1.891787106628672e-03 -9.572148618981257e-04 -1.007682694419672e+00
9 17 -1.000287589856421e+00 -1.889251416520200e-03 -9.588288265906998e-04 -1.007690853142711e+00
9 18 -1.000286545352114e+00 -1.886755909738563e-03 -9.604111208260689e-04 -1.007699125851137e+00
9 19 -1.000285503369596e+00 -1.884389650716232e-03 -9.619387178022187e-04 -1.007707200062440e+00
9 20 -1.000284508541339e+00 -1.882242292411599e-03 -9.633683825107815e-04 -1.007714758893846e+00
9 21 -1.000283604736574e+00 -1.880401342907502e-03 -9.646349852665050e-04 -1.007721492235554e+00
9 22 -1.000282832854778e+00 -1.878948639466220e-03 -9.656543807425500e-04 -1.007727109652626e+00
9 23 -1.000282228493731e+00 -1.877955797342779e-03 -9.663316354359057e-04 -1.007731355502364e+00
9 24 -1.000281819607217e+00 -1.877478859481888e-03 -9.665742295760959e-04 -1.007734025403965e+00
9 25 -1.000281624490420e+00 -1.877552944588569e-03 -9.663075978882148e-04 -1.007734981890117e+00
9 26 -1.000281650458868e+00 -1.878187858104984e-03 -9.654892611793691e-04 -1.007734166792328e+00
9 27 -1.000281893403233e+00 -1.879365363142816e-03 -9.641188920211984e-04 -1.007731608445740e+00
9 28 -1.000282338255682e+00 -1.881038583151787e-03 -9.622432459159092e-04 -1.007727422213171e+00
9 29 -1.000282960398600e+00 -1.883134005605390e-03 -9.599552102743154e-04 -1.007721803144509e+00
9 30 -1.000283727965254e+00 -1.885556297954533e-03 -9.573861666274471e-04 -1.007715010937316e+00
9 31 -1.000284604667823e+00 -1.888195290279998e-03 -9.546923064430661e-04 -1.007707349943362e+00
10 0 -1.000286381444742e+00 -1.892621304281932e-03 -9.447511851133515e-04 -1.007695822298543e+00
10 1 -1.000287393189576e+00 -1.895403188728183e-03 -9.422801937625721e-04 -1.007687207655181e+00
10 2 -1.000288403170117e+00 -1.898058328792047e-03 -9.401364752756525e-04 -1.007678711090557e+00
10 3 -1.000289376940905e+00 -1.900482026329260e-03 -9.384255155543476e-04 -1.007670651994842e+00
10 4 -1.000290283132622e+00 -1.902583100254662e-03 -9.372159864210987e-04 -1.007663323411279e+00
10 5 -1.000291093770676e+00 -1.904287144762234e-03 -9.365373289925186e-04 -1.007656982955210e+00
10 6 -1.000291784282694e+00 -1.905538592205807e-03 -9.363819655578855e-04 -1.007651845815581e+00
10 7 -1.000292333395327e+00 -1.906301571969928e-03 -9.367109205446941e-04 -1.007648079998049e+00
10 8 -1.000292723207576e+00 -1.906559898490439e-03 -9.374609048776578e-04 -1.007645803163568e+00
10 9 -1.000292939531601e+00 -1.906316274693351e-03 -9.385522347448643e-04 -1.007645080959889e+00
10 10 -1.000292972383784e+00 -1.905590490689439e-03 -9.398981146977015e-04 -1.007645927485299e+00
10 11 -1.000292816553417e+00 -1.904416711017066e-03 -9.414148441271759e-04 -1.007648307867210e+00
10 12 -1.000292472334751e+00 -1.902840609913296e-03 -9.430307396843820e-04 -1.007652141424379e+00
10 13 -1.000291946461412e+00 -1.900917258981010e-03 -9.446915713587862e-04 -1.007657303573381e+00
10 14 -1.000291253014296e+00 -1.898710039463970e-03 -9.463620184877770e-04 -1.007663626274850e+00
10 15 -1.000290413895468e+00 -1.896290114265293e-03 -9.480237331891260e-04 -1.007670898785679e+00
10 16 -1.000289458578069e+00 -1.893735817287631e-03 -9.496702264762723e-04 -1.007678870863247e+00
10 17 -1.000288423120117e+00 -1.891131614721886e-03 -9.512986937700035e-04 -1.007687259253056e+00
10 18 -1.000287348623518e+00 -1.888566590372742e-03 -9.529002077572312e-04 -1.007695756712693e+00
10 19 -1.000286279360963e+00 -1.886132508151604e-03 -9.544509551391458e-04 -1.007704042220651e+00
10 20 -1.000285260750463e+00 -1.883921489754219e-03 -9.559066938778522e-04 -1.007711791550965e+00
10 21 -1.000284337265434e+00 -1.882023227976271e-03 -9.572012189100578e-04 -1.007718688472046e+00
10 22 -1.000283550255367e+00 -1.880521456177124e-03 -9.582492635392615e-04 -1.007724437574958e+00
10 23 -1.000282935633927e+00 -1.879489390527448e-03 -9.589546378523834e-04 -1.007728779383489e+00
10 24 -1.000282521553093e+00 -1.878984316652653e-03 -9.592234760110976e-04 -1.007731506948998e+00
10 25 -1.000282326395048e+00 -1.879042139304852e-03 -9.589800409260679e-04 -1.007732481657256e+00
10 26 -1.000282357446114e+00 -1.879672950609596e-03 -9.581810864814657e-04 -1.007731645619148e+00
10 27 -1.000282610448746e+00 -1.880858365416997e-03 -9.568258751805632e-04 -1.007729028670990e+00
10 28 -1.000283070075584e+00 -1.882551036382108e-03 -9.549608956741265e-04 -1.007724748624824e+00
10 29 -1.000283711343037e+00 -1.884676723849155e-03 -9.526788256709681e-04 -1.007719003759783e+00
10 30 -1.000284501901011e+00 -1.887139124706217e-03 -9.501109763388633e-04 -1.007712057712719e+00
10 31 -1.000285404848150e+00 -1.889826885339345e-03 -9.474136265484025e-04 -1.007704219364896e+00
11 0 -1.000286996216313e+00 -1.894332645540616e-03 -9.366402687805288e-04 -1.007692935597274e+00
11 1 -1.000288035174612e+00 -1.897167306418580e-03 -9.341724316848058e-04 -1.007684134254972e+00
11 2 -1.000289074600492e+00 -1.899883155102753e-03 -9.320228978616601e-04 -1.007675431746113e+00
11 3 -1.000290079005908e+00 -1.902373626702909e-03 -9.302970273842496e-04 -1.007667154158017e+00
11 4 -1.000291015737496e+00 -1.904545035088501e-03 -9.290640231642247e-04 -1.007659602978696e+00
11 5 -1.000291855356000e+00 -1.906319929676366e-03 -9.283543874203426e-04 -1.007653045678258e+00
11 6 -1.000292571780298e+00 -1.907639403134590e-03 -9.281619404905578e-04 -1.007647707921229e+00
11 7 -1.000293142328947e+00 -1.908464216731042e-03 -9.284493845850175e-04 -1.007643767937087e+00
11 8 -1.000293547900800e+00 -1.908775025512560e-03 -9.291553759234615e-04 -1.007641352605158e+00
11 9 -1.000293773404870e+00 -1.908571824854561e-03 -9.302022891133070e-04 -1.007640535066804e+00
11 10 -1.000293808350959e+00 -1.907872405500647e-03 -9.315052520914903e-04 -1.007641334435591e+00
11 11 -1.000293647499216e+00 -1.906709832253457e-03 -9.329822262292858e-04 -1.007643717791542e+00
11 12 -1.000293291592138e+00 -1.905129622064016e-03 -9.345629677465237e-04 -1.007647603236618e+00
11 13 -1.000292748195635e+00 -1.903187531402662e-03 -9.361944867439325e-04 -1.007652862225714e+00
11 14 -1.000292032477837e+00 -1.900948302653733e-03 -9.378424105277196e-04 -1.007659320700628e+00
11 15 -1.000291167575472e+00 -1.898484967205303e-03 -9.394889761543042e-04 -1.007666760495614e+00
11 16 -1.000290184257214e+00 -1.895878074433198e-03 -9.411279970433792e-04 -1.007674923090097e+00
11 17 -1.000289119844304e+00 -1.893214497294844e-03 -9.427568117652771e-04 -1.007683516629257e+00
11 18 -1.000288016577491e+00 -1.890585777750797e-03 -9.443664660233617e-04 -1.007692225484850e+00
11 19 -1.000286919693936e+00 -1.888086081630465e-03 -9.459328472921059e-04 -1.007700720880766e+00
11 20 -1.000285875411363e+00 -1.885809810439063e-03 -9.474111352227769e-04 -1.007708671634054e+00
11 21 -1.000284928877818e+00 -1.883848795818125e-03 -9.487343670083816e-04 -1.007715755281877e+00
11 22 -1.000284122023834e+00 -1.882288786792159e-03 -9.498163564173616e-04 -1.007721670759179e+00
11 23 -1.000283491264188e+00 -1.881204899756420e-03 -9.505597103545885e-04 -1.007726153471519e+00
11 24 -1.000283065176012e+00 -1.880656145818404e-03 -9.508690303223771e-04 -1.007728992053363e+00
11 25 -1.000282862485391e+00 -1.880679858645867e-03 -9.506669197754615e-04 -1.007730044450767e+00
11 26 -1.000282890724766e+00 -1.881287163846048e-03 -9.499086298976996e-04 -1.007729250502906e+00
11 27 -1.000283145768837e+00 -1.882460315830487e-03 -9.485921437821845e-04 -1.007726638925211e+00
11 28 -1.000283612306601e+00 -1.884152288991500e-03 -9.467627375546990e-04 -1.007722327410994e+00
11 29 -1.000284265259306e+00 -1.886288903776853e-03 -9.445118422464631e-04 -1.007716515018604e+00
11 30 -1.000285072062260e+00 -1.888773653107132e-03 -9.419695824481205e-04 -1.007709467055756e+00
11 31 -1.000285995461430e+00 -1.891494707777774e-03 -9.392912199762349e-04 -1.007701494946498e+00
12 0 -1.000287378423952e+00 -1.896000864428020e-03 -9.280347229315442e-04 -1.007690585070428e+00
12 1 -1.000288440370882e+00 -1.898877232264925e-03 -9.255853685007511e-04 -1.007681626141133e+00
12 2 -1.000289506393716e+00 -1.901646041634443e-03 -9.234415699657093e-04 -1.007672736060477e+00
12 3 -1.000290540107356e+00 -1.904199171510462e-03 -9.217079960127654e-04 -1.007664246999130e+00
12 4 -1.000291507677369e+00 -1.906440614545439e-03 -9.204540466847943e-04 -1.007656468615931e+00
12 5 -1.000292378238881e+00 -1.908289898246155e-03 -9.197112557680603e-04 -1.007649678369776e+00
12 6 -1.000293124161818e+00 -1.909684628248195e-03 -9.194750895134842e-04 -1.007644112971727e+00
12 7 -1.000293721237569e+00 -1.910581894915505e-03 -9.197103772470756e-04 -1.007639961855585e+00
12 8 -1.000294148973852e+00 -1.910958751656721e-03 -9.203583332407718e-04 -1.007637362473796e+00
12 9 -1.000294391116029e+00 -1.910811916356810e-03 -9.213441535086725e-04 -1.007636397174309e+00
12 10 -1.000294436341363e+00 -1.910156509639707e-03 -9.225857366336291e-04 -1.007637092117201e+00
12 11 -1.000294279009984e+00 -1.909023777115035e-03 -9.240035191983372e-04 -1.007639418570405e+00
12 12 -1.000293919932764e+00 -1.907458367267370e-03 -9.255293990644156e-04 -1.007643295695366e+00
12 13 -1.000293367150722e+00 -1.905516052552079e-03 -9.271122303391206e-04 -1.007648593173567e+00
12 14 -1.000292636598260e+00 -1.903262317119399e-03 -9.287191328053199e-04 -1.007655132980233e+00
12 15 -1.000291752364890e+00 -1.900771487834993e-03 -9.303334087270635e-04 -1.007662691444560e+00
12 16 -1.000290746278628e+00 -1.898125800671443e-03 -9.319495734297700e-04 -1.007671003543550e+00
12 17 -1.000289656743917e+00 -1.895414049185863e-03 -9.335654660407702e-04 -1.007679770418356e+00
12 18 -1.000288527020142e+00 -1.892729793185486e-03 -9.351724904250732e-04 -1.007688669417137e+00
12 19 -1.000287403243456e+00 -1.890169224462647e-03 -9.367466592930477e-04 -1.007697365070684e+00
12 20 -1.000286332417491e+00 -1.887828747863327e-03 -9.382429747452702e-04 -1.007705519913578e+00
12 21 -1.000285360408157e+00 -1.885802194260406e-03 -9.395940368167661e-04 -1.007712805437565e+00
12 22 -1.000284529833225e+00 -1.884177352350791e-03 -9.407129763871579e-04 -1.007718914528003e+00
12 23 -1.000283877773939e+00 -1.883031443379598e-03 -9.415013367592714e-04 -1.007723576452517e+00
12 24 -1.000283433444511e+00 -1.882425597042626e-03 -9.418621471855280e-04 -1.007726573804934e+00
12 25 -1.000283216160079e+00 -1.882399142917120e-03 -9.417160424680671e-04 -1.007727758969296e+00
12 26 -1.000283233965591e+00 -1.882964933238272e-03 -9.410162006138627e-04 -1.007727067068980e+00
12 27 -1.000283483142392e+00 -1.884106617482673e-03 -9.397585939719652e-04 -1.007724523128176e+00
12 28 -1.000283948666319e+00 -1.885778263446876e-03 -9.379864709909515e-04 -1.007720242174395e+00
12 29 -1.000284605626217e+00 -1.887906521138462e-03 -9.357891148308375e-04 -1.007714421607977e+00
12 30 -1.000285421500771e+00 -1.890395431505528e-03 -9.332944719288094e-04 -1.007707326148221e+00
12 31 -1.000286358935300e+00 -1.893133390220909e-03 -9.306557770635198e-04 -1.007699267770921e+00
13 0 -1.000287518711328e+00 -1.897562869187759e-03 -9.192874640646146e-04 -1.007688836044577e+00
13 1 -1.000288598765289e+00 -1.900468758075493e-03 -9.168702103197538e-04 -1.007679752979559e+00
13 2 -1.000289687664990e+00 -1.903281110480839e-03 -9.147428229135681e-04 -1.007670699575823e+00
13 3 -1.000290748297255e+00 -1.905890596197686e-03 -9.130087500928591e-04 -1.007662013328442e+00
13 4 -1.000291745796924e+00 -1.908199159057383e-03 -9.117372119148079e-04 -1.007654011503264e+00
13 5 -1.000292647982419e+00 -1.910123463668159e-03 -9.109606440304340e-04 -1.007646981256221e+00
13 6 -1.000293425716822e+00 -1.911597644855072e-03 -9.106762900992270e-04 -1.007641170408545e+00
13 7 -1.000294053226727e+00 -1.912574987858492e-03 -9.108514406013964e-04 -1.007636780060538e+00
13 8 -1.000294508508807e+00 -1.913028658969525e-03 -9.114303606621079e-04 -1.007633959120912e+00
13 9 -1.000294773940067e+00 -1.912951660579842e-03 -9.123417087641135e-04 -1.007632800471965e+00
13 10 -1.000294837075695e+00 -1.912355868922707e-03 -9.135068947482244e-04 -1.007633339080121e+00
13 11 -1.000294691518470e+00 -1.911270048693300e-03 -9.148495566550391e-04 -1.007635552489298e+00
13 12 -1.000294337759524e+00 -1.909737294704981e-03 -9.163043495686180e-04 -1.007639363158008e+00
13 13 -1.000293783934705e+00 -1.907812731505815e-03 -9.178224753634393e-04 -1.007644641218435e+00
13 14 -1.000293046393474e+00 -1.905561955365954e-03 -9.193729909714791e-04 -1.007651206812809e+00
13 15 -1.000292149862299e+00 -1.903059990941400e-03 -9.209406646286245e-04 -1.007658832797996e+00
13 16 -1.000291126955376e+00 -1.900390195953090e-03 -9.225210455898867e-04 -1.007667249568657e+00
13 17 -1.000290016943105e+00 -1.897642758446302e-03 -9.241127468959514e-04 -1.007676153020856e+00
13 18 -1.000288863950741e+00 -1.894912776802472e-03 -9.257078062194264e-04 -1.007685215007648e+00
13 19 -1.000287714922296e+00 -1.892298052272510e-03 -9.272826740919201e-04 -1.007694094595724e+00
13 20 -1.000286617611804e+00 -1.889896667596580e-03 -9.287924863653104e-04 -1.007702448894535e+00
13 21 -1.000285618624208e+00 -1.887804250483391e-03 -9.301696649906721e-04 -1.007709943753333e+00
13 22 -1.000284761347030e+00 -1.886110573666571e-03 -9.313268673625384e-04 -1.007716265875698e+00
13 23 -1.000284083669366e+00 -1.884895069976871e-03 -9.321647473766384e-04 -1.007721137671537e+00
13 24 -1.000283615631410e+00 -1.884221269134110e-03 -9.325848433790269e-04 -1.007724334385508e+00
13 25 -1.000283377361098e+00 -1.884130952665634e-03 -9.325057009720998e-04 -1.007725701009047e+00
13 26 -1.000283377664303e+00 -1.884639300763875e-03 -9.318780568628762e-04 -1.007725165734556e+00
13 27 -1.000283613490413e+00 -1.885732049264756e-03 -9.306953200636013e-04 -1.007722747475699e+00
13 28 -1.000284070362418e+00 -1.887365087121612e-03 -9.289980577215913e-04 -1.007718556140474e+00
13 29 -1.000284723786701e+00 -1.889466626300403e-03 -9.268726679294995e-04 -1.007712785106519e+00
13 30 -1.000285541524536e+00 -1.891941970867550e-03 -9.244440900886238e-04 -1.007705696320735e+00
13 31 -1.000286486350765e+00 -1.894680406520025e-03 -9.218626657558844e-04 -1.007697600396700e+00
14 0 -1.000287416225792e+00 -1.898961390734594e-03 -9.107579848357549e-04 -1.007687724646964e+00
14 1 -1.000288509184789e+00 -1.901884208537823e-03 -9.083837467653641e-04 -1.007678553160282e+00
14 2 -1.000289616687692e+00 -1.904729678238285e-03 -9.062815831634802e-04 -1.007669364653956e+00
14 3 -1.000290701067611e+00 -1.907387614642333e-03 -9.045532841056607e-04 -1.007660501122928e+00
14 4 -1.000291726604603e+00 -1.909758237576487e-03 -9.032675297282946e-04 -1.007652286686984e+00
14 5 -1.000292659957060e+00 -1.911755606949977e-03 -9.024574743732357e-04 -1.007645017589913e+00
14 6 -1.000293470588210e+00 -1.913310537434382e-03 -9.021221776035686e-04 -1.007638952410245e+00
14 7 -1.000294131194913e+00 -1.914372529500256e-03 -9.022316121574613e-04 -1.007634303906868e+00
14 8 -1.000294618215709e+00 -1.914910738916413e-03 -9.027334523896798e-04 -1.007631232846799e+00
14 9 -1.000294912522621e+00 -1.914914170744030e-03 -9.035603103762942e-04 -1.007629843521156e+00
14 10 -1.000295000317124e+00 -1.914391016004303e-03 -9.046377093873406e-04 -1.007630181079014e+00
14 11 -1.000294874127696e+00 -1.913366993794748e-03 -9.058931081461720e-04 -1.007632231152107e+00
14 12 -1.000294533755931e+00 -1.911883018524718e-03 -9.072644463464169e-04 -1.007635921577868e+00
14 13 -1.000293987050699e+00 -1.909992930805077e-03 -9.087056828414453e-04 -1.007641125110545e+00
14 14 -1.000293250410312e+00 -1.907761815518801e-03 -9.101881535541794e-04 -1.007647662211551e+00
14 15 -1.000292348858728e+00 -1.905264787231676e-03 -9.116984001746279e-04 -1.007655304362245e+00
14 16 -1.000291315493276e+00 -1.902585739905725e-03 -9.132332563175153e-04 -1.007663779386596e+00
14 17 -1.000290190200481e+00 -1.899815707844632e-03 -9.147922894583406e-04 -1.007672779794957e+00
14 18 -1.000289017789446e+00 -1.897050832025613e-03 -9.163683268747163e-04 -1.007681973565773e+00
14 19 -1.000287845898967e+00 -1.894390093668852e-03 -9.179384370638040e-04 -1.007691015612068e+00
14 20 -1.000286722981456e+00 -1.891932909646981e-03 -9.194580803037691e-04 -1.007699558567227e+00
14 21 -1.000285696385373e+00 -1.889776468251327e-03 -9.208596586526510e-04 -1.007707263176994e+00
14 22 -1.000284810329806e+00 -1.888012413059331e-03 -9.220554881267084e-04 -1.007713810040070e+00
14 23 -1.000284103628182e+00 -1.886722408533945e-03 -9.229454810260621e-04 -1.007718914279472e+00
14 24 -1.000283607307817e+00 -1.885972551585606e-03 -9.234298289010848e-04 -1.007722342834800e+00
14 25 -1.000283342504477e+00 -1.885807403845075e-03 -9.234250227836997e-04 -1.007723931842396e+00
14 26 -1.000283319006806e+00 -1.886244955636367e-03 -9.228791926984072e-04 -1.007723600675418e+00
14 27 -1.000283534672512e+00 -1.887273626078938e-03 -9.217828330657152e-04 -1.007721359966608e+00
14 28 -1.000283975816041e+00 -1.888851782538321e-03 -9.201733657081834e-04 -1.007717312225360e+00
14 29 -1.000284618595124e+00 -1.890909872450904e-03 -9.181337592796681e-04 -1.007711644576355e+00
14 30 -1.000285431271227e+00 -1.893355121511763e-03 -9.157853131222983e-04 -1.007704614136570e+00
14 31 -1.000286376952014e+00 -1.896078315978097e-03 -9.132747887911954e-04 -1.007696528370301e+00
15 0 -1.000287077921707e+00 -1.900146741807672e-03 -9.027950969165458e-04 -1.007687261253779e+00
15 1 -1.000288178536617e+00 -1.903074079190704e-03 -9.004714361746570e-04 -1.007678037662704e+00
15 2 -1.000289300090195e+00 -1.905941804644282e-03 -8.984007340175979e-04 -1.007668744658851e+00
15 3 -1.000290404527574e+00 -1.908639220513872e-03 -8.966828099551331e-04 -1.007659727896068e+00
15 4 -1.000291455455298e+00 -1.911065168850932e-03 -8.953855154187266e-04 -1.007651317489015e+00
15 5 -1.000292418552595e+00 -1.913131424306596e-03 -8.945425417355141e-04 -1.007643817949778e+00
15 6 -1.000293262033268e+00 -1.914765730823258e-03 -8.941547488438469e-04 -1.007637497950780e+00
15 7 -1.000293957157968e+00 -1.915913954761982e-03 -8.941949179788558e-04 -1.007632581507551e+00
15 8 -1.000294478828779e+00 -1.916541274190542e-03 -8.946143542279959e-04 -1.007629241189202e+00
15 9 -1.000294806351520e+00 -1.916632586812446e-03 -8.953499421399062e-04 -1.007627593075675e+00
15 10 -1.000294924417972e+00 -1.916192124387712e-03 -8.963317477518124e-04 -1.007627693394561e+00
15 11 -1.000294824230311e+00 -1.915242132739228e-03 -8.974915345117858e-04 -1.007629537276558e+00
15 12 -1.000294504574389e+00 -1.913820811640884e-03 -8.987709593436773e-04 -1.007633059748655e+00
15 13 -1.000293972649260e+00 -1.911980131363299e-03 -9.001270645390367e-04 -1.007638138223879e+00
15 14 -1.000293244534785e+00 -1.909784059776327e-03 -9.015337174586654e-04 -1.007644595606296e+00
15 15 -1.000292345198369e+00 -1.907307191042768e-03 -9.029794524898582e-04 -1.007652204133687e+00
15 16 -1.000291307893914e+00 -1.904633357269467e-03 -9.044625577503671e-04 -1.007660691134484e+00
15 17 -1.000290172846293e+00 -1.901853878665335e-03 -9.059836470550807e-04 -1.007669747657255e+00
15 18 -1.000288985340271e+00 -1.899065438911455e-03 -9.075363773322460e-04 -1.007679039473103e+00
15 19 -1.000287793576822e+00 -1.896367772915154e-03 -9.090984800026765e-04 -1.007688218679872e+00
15 20 -1.000286646640885e+00 -1.893861288627878e-03 -9.106258000027244e-04 -1.007696934416539e+00
15 21 -1.000285592615210e+00 -1.891644485459650e-03 -9.120507616031357e-04 -1.007704842939478e+00
15 22 -1.000284676593874e+00 -1.889810728855843e-03 -9.132853664274295e-04 -1.007711618970894e+00
15 23 -1.000283938407109e+00 -1.888443870245311e-03 -9.142288552803059e-04 -1.007716970161310e+00
15 24 -1.000283410201959e+00 -1.887612644442732e-03 -9.147802092466061e-04 -1.007720654517289e+00
15 25 -1.000283114285093e+00 -1.887364599625114e-03 -9.148539890608910e-04 -1.007722498237624e+00
15 26 -1.000283061616792e+00 -1.887720888726902e-03 -9.143957190696708e-04 -1.007722410370336e+00
15 27 -1.000283251173468e+00 -1.888673091775826e-03 -9.133928257303975e-04 -1.007720391434973e+00
15 28 -1.000283670281056e+00 -1.890182610107540e-03 -9.118793277715504e-04 -1.007716534537312e+00
15 29 -1.000284295961399e+00 -1.892182711514502e-03 -9.099344383699722e-04 -1.007711018539881e+00
15 30 -1.000285097170830e+00 -1.894583120811868e-03 -9.076754097769245e-04 -1.007704093861453e+00
15 31 -1.000286037526367e+00 -1.897276662943508e-03 -9.052449447291808e-04 -1.007696063196257e+00
16 0 -1.000286517840530e+00 -1.901078151988572e-03 -8.957204052850360e-04 -1.007687434782370e+00
16 1 -1.000287621003713e+00 -1.903998225981958e-03 -8.934512454483635e-04 -1.007678194840603e+00
16 2 -1.000288751972416e+00 -1.906877342578351e-03 -8.914153030140511e-04 -1.007668829214756e+00
16 3 -1.000289872453471e+00 -1.909604614088504e-03 -8.897102558577864e-04 -1.007659686373746e+00
16 4 -1.000290945553142e+00 -1.912077854636741e-03 -8.884029431517649e-04 -1.007651101503137e+00
16 5 -1.000291936159349e+00 -1.914206910195721e-03 -8.875274519507965e-04 -1.007643386416748e+00
16 6 -1.000292811413204e+00 -1.915916777333937e-03 -8.870864027091337e-04 -1.007636818978460e+00
16 7 -1.000293541277741e+00 -1.917149948678637e-03 -8.870554334524496e-04 -1.007631633727702e+00
16 8 -1.000294099201545e+00 -1.917867801797292e-03 -8.873895697305905e-04 -1.007628014560537e+00
16 9 -1.000294462937917e+00 -1.918051190012977e-03 -8.880301055137912e-04 -1.007626089233790e+00
16 10 -1.000294615595765e+00 -1.917700293995136e-03 -8.889118813442742e-04 -1.007625925430280e+00
16 11 -1.000294546877764e+00 -1.916833620344287e-03 -8.899712872417032e-04 -1.007627528720369e+00
16 12 -1.000294254288735e+00 -1.915486237369071e-03 -8.911540251758068e-04 -1.007630842781243e+00
16 13 -1.000293744050743e+00 -1.913707726553522e-03 -8.924204781144298e-04 -1.007635751519774e+00
16 14 -1.000293031570633e+00 -1.911560362366744e-03 -8.937472335716078e-04 -1.007642082329699e+00
16 15 -1.000292141401883e+00 -1.909117613845929e-03 -8.951249733913894e-04 -1.007649610337713e+00
16 16 -1.000291106614699e+00 -1.906462648254778e-03 -8.965535490344481e-04 -1.007658064484373e+00
16 17 -1.000289967474664e+00 -1.903686507417746e-03 -8.980346412557051e-04 -1.007667136312854e+00
16 18 -1.000288769513143e+00 -1.900885922612634e-03 -8.995626745125277e-04 -1.007676491068798e+00
16 19 -1.000287561343336e+00 -1.898160968659431e-03 -9.011159582019465e-04 -1.007685779371443e+00
16 20 -1.000286392603048e+00 -1.895612712122575e-03 -9.026506514473403e-04 -1.007694647851320e+00
16 21 -1.000285312085458e+00 -1.893340712079289e-03 -9.040991274604354e-04 -1.007702748933179e+00
16 22 -1.000284365783795e+00 -1.891439886409865e-03 -9.053729924022521e-04 -1.007709751800547e+00
16 23 -1.000283594613393e+00 -1.889996186224511e-03 -9.063707843816324e-04 -1.007715356634154e+00
16 24 -1.000283031945601e+00 -1.889080984879511e-03 -9.069903489154096e-04 -1.007719312149651e+00
16 25 -1.000282701388866e+00 -1.888744923042998e-03 -9.071444607212326e-04 -1.007721433870074e+00
16 26 -1.000282615227554e+00 -1.889012544288455e-03 -9.067761468656539e-04 -1.007721619406258e+00
16 27 -1.000282773729677e+00 -1.889878933258626e-03 -9.058697773028747e-04 -1.007719857736422e+00
16 28 -1.000283165418902e+00 -1.891308950124757e-03 -9.044559061388960e-04 -1.007716230934539e+00
16 29 -1.000283768365493e+00 -1.893239145889088e-03 -9.026098884145375e-04 -1.007710907920148e+00
16 30 -1.000284552389692e+00 -1.895582211588175e-03 -9.004447644597915e-04 -1.007704130818373e+00
16 31 -1.000285481768938e+00 -1.898233456073372e-03 -8.980989290495101e-04 -1.007696196145621e+00
17 0 -1.000285756431242e+00 -1.901724626621412e-03 -8.898136137892951e-04 -1.007688217279062e+00
17 1 -1.000286857281853e+00 -1.904626583999260e-03 -8.875993144884820e-04 -1.007678995442244e+00
17 2 -1.000287993057052e+00 -1.907506513100557e-03 -8.855984997873292e-04 -1.007669589670990e+00
17 3 -1.000289125358490e+00 -1.910253636804357e-03 -8.839066809849296e-04 -1.007660350390553e+00
17 4 -1.000290216952883e+00 -1.912765090245606e-03 -8.825896158771609e-04 -1.007651616868503e+00
17 5 -1.000291232123804e+00 -1.914949178011644e-03 -8.816816950025434e-04 -1.007643707118203e+00
17 6 -1.000292137133469e+00 -1.916728539552002e-03 -8.811872374699321e-04 -1.007636907073191e+00
17 7 -1.000292900822000e+00 -1.918042655334275e-03 -8.810847084693388e-04 -1.007631460760858e+00
17 8 -1.000293495320299e+00 -1.918849412608612e-03 -8.813328163325212e-04 -1.007627562546963e+00
17 9 -1.000293896909882e+00 -1.919125843796039e-03 -8.818772249127618e-04 -1.007625351303274e+00
17 10 -1.000294087120744e+00 -1.918868160328864e-03 -8.826575802560675e-04 -1.007624906059559e+00
17 11 -1.000294054060915e+00 -1.918091024893810e-03 -8.836150470154017e-04 -1.007626243307428e+00
17 12 -1.000293793755411e+00 -1.916826082233872e-03 -8.846995891393304e-04 -1.007629316466838e+00
17 13 -1.000293311168651e+00 -1.915120086472738e-03 -8.858751298310161e-04 -1.007634017529634e+00
17 14 -1.000292620706598e+00 -1.913033085429015e-03 -8.871211277817474e-04 -1.007640180293822e+00
17 15 -1.000291746163720e+00 -1.910636838747094e-03 -8.884305316577060e-04 -1.007647584847310e+00
17 16 -1.000290720088438e+00 -1.908013255724658e-03 -8.898048306728720e-04 -1.007655963823716e+00
17 17 -1.000289582483459e+00 -1.905252544419562e-03 -8.912467479583478e-04 -1.007665011198229e+00
17 18 -1.000288378886044e+00 -1.902451003149496e-03 -8.927513348600242e-04 -1.007674393349610e+00
17 19 -1.000287158157640e+00 -1.899708652402677e-03 -8.942972796195939e-04 -1.007683760730526e+00
17 20 -1.000285970394020e+00 -1.897126900736730e-03 -8.958408636386195e-04 -1.007692758441747e+00
17 21 -1.000284865056328e+00 -1.894806118141794e-03 -8.973142328311122e-04 -1.007701035768543e+00
17 22 -1.000283889037166e+00 -1.892842591657815e-03 -8.986284267301137e-04 -1.007708256786184e+00
17 23 -1.000283084377154e+00 -1.891324254363783e-03 -8.996811567145116e-04 -1.007714114365298e+00
17 24 -1.000282485746249e+00 -1.890325067614228e-03 -9.003691260396977e-04 -1.007718347799435e+00
17 25 -1.000282118152445e+00 -1.889898790492280e-03 -9.006034375270471e-04 -1.007720761502494e+00
17 26 -1.000281995318351e+00 -1.890073473202775e-03 -9.003247747270064e-04 -1.007721240919149e+00
17 27 -1.000282118933782e+00 -1.890847911880883e-03 -8.995145722730301e-04 -1.007719762498026e+00
17 28 -1.000282478864301e+00 -1.892190701881218e-03 -8.982000126221786e-04 -1.007716396108683e+00
17 29 -1.000283054376423e+00 -1.894041992333019e-03 -8.964526855603655e-04 -1.007711299472328e+00
17 30 -1.000283816293418e+00 -1.896317771245814e-03 -8.943814864994553e-04 -1.007704705182444e+00
17 31 -1.000284729679144e+00 -1.898916163239457e-03 -8.921204913771637e-04 -1.007696902434950e+00
18 0 -1.000284819924240e+00 -1.902065346130971e-03 -8.853005646251309e-04 -1.007689568273688e+00
18 1 -1.000285913888986e+00 -1.904939445194856e-03 -8.831383335270761e-04 -1.007680397264123e+00
18 2 -1.000287049931268e+00 -1.907810067521831e-03 -8.811704514248699e-04 -1.007670984043005e+00
18 3 -1.000288189669114e+00 -1.910566825985575e-03 -8.794903802173926e-04 -1.007661680098704e+00
18 4 -1.000289295680553e+00 -1.913106527197638e-03 -8.781628298968441e-04 -1.007652827707795e+00
18 5 -1.000290331830151e+00 -1.915336355889429e-03 -8.772224336428573e-04 -1.007644749829588e+00
18 6 -1.000291263708520e+00 -1.917177055262631e-03 -8.766751030640675e-04 -1.007637739115846e+00
18 7 -1.000292059237963e+00 -1.918565556452301e-03 -8.765020051862563e-04 -1.007632047745771e+00
18 8 -1.000292689411794e+00 -1.919456690348907e-03 -8.766653651023108e-04 -1.007627879344615e+00
18 9 -1.000293129175322e+00 -1.919824032278059e-03 -8.771150165525416e-04 -1.007625382948504e+00
18 10 -1.000293358546636e+00 -1.919660054638721e-03 -8.777952595971195e-04 -1.007624648421410e+00
18 11 -1.000293364010716e+00 -1.918975612299901e-03 -8.786520155619050e-04 -1.007625703269132e+00
18 12 -1.000293139976568e+00 -1.917798750906086e-03 -8.796396169459081e-04 -1.007628511411049e+00
18 13 -1.000292689921974e+00 -1.916173044153997e-03 -8.807256740775099e-04 -1.007632974253372e+00
18 14 -1.000292026963852e+00 -1.914155839682008e-03 -8.818926439543070e-04 -1.007638933719892e+00
18 15 -1.000291173823092e+00 -1.911816646784572e-03 -8.831358443363448e-04 -1.007646176786285e+00
18 16 -1.000290162210727e+00 -1.909235557064289e-03 -8.844584636840319e-04 -1.007654441743969e+00
18 17 -1.000289031575403e+00 -1.906501417186032e-03 -8.858642271232021e-04 -1.007663426843594e+00
18 18 -1.000287827220512e+00 -1.903709638143269e-03 -8.873486311170594e-04 -1.007672801182424e+00
18 19 -1.000286598083076e+00 -1.900959817281213e-03 -8.888904661744349e-04 -1.007682216308520e+00
18 20 -1.000285394606027e+00 -1.898353407483675e-03 -8.904458523128458e-04 -1.007691316754782e+00
18 21 -1.000284266853044e+00 -1.895991345102319e-03 -8.919464567313364e-04 -1.007699749392176e+00
18 22 -1.000283262585799e+00 -1.893971088992813e-03 -8.933025238660427e-04 -1.007707173713895e+00
18 23 -1.000282424974445e+00 -1.892382405596883e-03 -8.944107517849856e-04 -1.007713275602079e+00
18 24 -1.000281790024242e+00 -1.891301745173718e-03 -8.951666216429809e-04 -1.007717785025816e+00
18 25 -1.000281384202117e+00 -1.890785938239356e-03 -8.954796237166640e-04 -1.007720495158850e+00
18 26 -1.000281222741382e+00 -1.890866553936989e-03 -8.952882470371567e-04 -1.007721278933873e+00
18 27 -1.000281308837510e+00 -1.891546174146998e-03 -8.945711615031776e-04 -1.007720099736610e+00
18 28 -1.000281633794872e+00 -1.892797254514210e-03 -8.933523644238147e-04 -1.007717014551688e+00
18 29 -1.000282178182026e+00 -1.894563700775448e-03 -8.916999132626799e-04 -1.007712169123196e+00
18 30 -1.000282913931054e+00 -1.896764980641231e-03 -8.897188185732443e-04 -1.007705785683056e+00
18 31 -1.000283806993108e+00 -1.899302240272052e-03 -8.875390538693705e-04 -1.007698145266301e+00
19 0 -1.000283739751390e+00 -1.902089732286486e-03 -8.823446549999605e-04 -1.007691438248356e+00
19 1 -1.000284822549316e+00 -1.904927426768082e-03 -8.802292488158572e-04 -1.007682348775089e+00
19 2 -1.000285954395597e+00 -1.907779180108403e-03 -8.782902025558503e-04 -1.007672960734341e+00
19 3 -1.000287097042194e+00 -1.910535254009086e-03 -8.766191723252617e-04 -1.007663625738275e+00
19 4 -1.000288213025465e+00 -1.913092480635053e-03 -8.752799328734730e-04 -1.007654687902634e+00
19 5 -1.000289265976742e+00 -1.915357382331179e-03 -8.743073047339124e-04 -1.007646473719304e+00
19 6 -1.000290221033294e+00 -1.917249337902599e-03 -8.737086153643086e-04 -1.007639280976381e+00
19 7 -1.000291045428717e+00 -1.918703289751952e-03 -8.734674924822232e-04 -1.007633368380697e+00
19 8 -1.000291709233330e+00 -1.919671558457231e-03 -8.735493813443276e-04 -1.007628947288221e+00
19 9 -1.000292186233480e+00 -1.920124744582975e-03 -8.739079439708051e-04 -1.007626175621918e+00
19 10 -1.000292455050370e+00 -1.920051932800932e-03 -8.744918265458165e-04 -1.007625153242359e+00
19 11 -1.000292500571330e+00 -1.919460323916520e-03 -8.752515379256227e-04 -1.007625918446717e+00
19 12 -1.000292315509397e+00 -1.918374294888975e-03 -8.761457741462889e-04 -1.007628446113343e+00
19 13 -1.000291901680925e+00 -1.916833976271532e-03 -8.771459190378261e-04 -1.007632648119467e+00
19 14 -1.000291270675999e+00 -1.914893619776616e-03 -8.782375260449112e-04 -1.007638375984559e+00
19 15 -1.000290443874285e+00 -1.912620012487489e-03 -8.794183677606603e-04 -1.007645425263974e+00
19 16 -1.000289451875151e+00 -1.910090928115294e-03 -8.806933908837109e-04 -1.007653541660687e+00
19 17 -1.000288333311975e+00 -1.907393371530361e-03 -8.820672957909210e-04 -1.007662429371934e+00
19 18 -1.000287133028391e+00 -1.904621448016978e-03 -8.835358530703509e-04 -1.007671761674689e+00
19 19 -1.000285899862525e+00 -1.901873991092586e-03 -8.850776645291520e-04 -1.007681192397536e+00
19 20 -1.000284684479597e+00 -1.899252219586129e-03 -8.866483710770586e-04 -1.007690366438003e+00
19 21 -1.000283537455674e+00 -1.896857395471534e-03 -8.881788816165976e-04 -1.007698929007341e+00
19 22 -1.000282507355590e+00 -1.894787934647904e-03 -8.895784016269202e-04 -1.007706535647991e+00
19 23 -1.000281638438662e+00 -1.893135249339774e-03 -8.907424041356332e-04 -1.007712865764671e+00
19 24 -1.000280968033506e+00 -1.891978120611290e-03 -8.915650167284725e-04 -1.007717640370382e+00
19 25 -1.000280524076586e+00 -1.891376322587704e-03 -8.919541161583669e-04 -1.007720641613209e+00
19 26 -1.000280323335277e+00 -1.891364849951866e-03 -8.918461098795794e-04 -1.007721729981860e+00
19 27 -1.000280370544057e+00 -1.891950016118242e-03 -8.912170753069343e-04 -1.007720855733460e+00
19 28 -1.000280658493443e+00 -1.893108119482730e-03 -8.900880466479036e-04 -1.007718062777459e+00
19 29 -1.000281169116580e+00 -1.894786834519820e-03 -8.885238585769089e-04 -1.007713484570823e+00
19 30 -1.000281875526759e+00 -1.896909150857887e-03 -8.866260336134579e-04 -1.007707332556905e+00
19 31 -1.000282744639510e+00 -1.899379317347537e-03 -8.845208542357076e-04 -1.007699879073754e+00
20 0 -1.000282551994920e+00 -1.901797379354413e-03 -8.810419767969863e-04 -1.007693770534082e+00
20 1 -1.000283619636792e+00 -1.904591334398746e-03 -8.789665915868757e-04 -1.007684791049040e+00
20 2 -1.000284742905579e+00 -1.907415273115084e-03 -8.770512209894133e-04 -1.007675460426790e+00
20 3 -1.000285883807522e+00 -1.910160344682158e-03 -8.753860563950675e-04 -1.007666129419982e+00
20 4 -1.000287004986398e+00 -1.912723762485147e-03 -8.740341028873492e-04 -1.007657142723424e+00
20 5 -1.000288070028091e+00 -1.915011872534255e-03 -8.730303028413929e-04 -1.007648828807472e+00
20 6 -1.000289043841344e+00 -1.916943279013608e-03 -8.723831445293842e-04 -1.007641488819432e+00
20 7 -1.000289893214884e+00 -1.918451576573523e-03 -8.720783562170682e-04 -1.007635386130480e+00
20 8 -1.000290587533341e+00 -1.919487213317597e-03 -8.720841813309485e-04 -1.007630738036270e+00
20 9 -1.000291099630840e+00 -1.920018394791494e-03 -8.723576431559889e-04 -1.007627709797784e+00
20 10 -1.000291406883994e+00 -1.920031272507575e-03 -8.728512876102307e-04 -1.007626410155190e+00
20 11 -1.000291492654547e+00 -1.919529655097748e-03 -8.735198945574242e-04 -1.007626887683980e+00
20 12 -1.000291347934181e+00 -1.918534288892363e-03 -8.743263910881191e-04 -1.007629128381989e+00
20 13 -1.000290972761317e+00 -1.917081701032671e-03 -8.752459344788413e-04 -1.007633055350198e+00
20 14 -1.000290377020117e+00 -1.915222748470154e-03 -8.762672209068818e-04 -1.007638530866673e+00
20 15 -1.000289580538845e+00 -1.913021115087587e-03 -8.773905342236292e-04 -1.007645360455507e+00
20 16 -1.000288612583705e+00 -1.910551835437564e-03 -8.786226389176652e-04 -1.007653298707408e+00
20 17 -1.000287510752679e+00 -1.907899651631858e-03 -8.799692263513458e-04 -1.007662057212665e+00
20 18 -1.000286319227000e+00 -1.905156983959607e-03 -8.814262411200108e-04 -1.007671314732212e+00
20 19 -1.000285086576342e+00 -1.902421586386722e-03 -8.829718712527487e-04 -1.007680728466159e+00
20 20 -1.000283863553560e+00 -1.899794180306853e-03 -8.845610047119390e-04 -1.007689944569651e+00
20 21 -1.000282701134522e+00 -1.897376113545828e-03 -8.861235451019281e-04 -1.007698607371968e+00
20 22 -1.000281648585114e+00 -1.895266523292771e-03 -8.875674447330226e-04 -1.007706369204949e+00
20 23 -1.000280751163644e+00 -1.893558233016156e-03 -8.887867504797256e-04 -1.007712903720478e+00
20 24 -1.000280047451428e+00 -1.892332124454219e-03 -8.896740782159733e-04 -1.007717923662294e+00
20 25 -1.000279566804002e+00 -1.891650692490737e-03 -8.901356376838165e-04 -1.007721200772786e+00
20 26 -1.000279327486697e+00 -1.891552148891889e-03 -8.901058215392076e-04 -1.007722583628341e+00
20 27 -1.000279335749914e+00 -1.892046356318018e-03 -8.895582647937857e-04 -1.007722009778254e+00
20 28 -1.000279585866789e+00 -1.893113307433306e-03 -8.885112594110799e-04 -1.007719510338010e+00
20 29 -1.000280061156079e+00 -1.894704331255872e-03 -8.870267521598716e-04 -1.007715206591216e+00
20 30 -1.000280735954477e+00 -1.896745862430773e-03 -8.852032519319099e-04 -1.007709299119542e+00
20 31 -1.000281578198623e+00 -1.899145224519547e-03 -8.831639054406119e-04 -1.007702051298289e+00
21 0 -1.000281296825901e+00 -1.901198019719698e-03 -8.814201923063107e-04 -1.007696501215356e+00
21 1 -1.000282345633514e+00 -1.903942099156672e-03 -8.793773937307626e-04 -1.007687657616554e+00
21 2 -1.000283456052402e+00 -1.906729946655328e-03 -8.774803344484645e-04 -1.007678415824588e+00
21 3 -1.000284590470095e+00 -1.909453818574844e-03 -8.758181424129609e-04 -1.007669124716055e+00
21 4 -1.000285711792639e+00 -1.912011661343285e-03 -8.744532507960384e-04 -1.007660128236616e+00
21 5 -1.000286783750480e+00 -1.914310143509911e-03 -8.734206503336594e-04 -1.007651755183637e+00
21 6 -1.000287771249529e+00 -1.916267716360752e-03 -8.727296751821315e-04 -1.007644308159899e+00
21 7 -1.000288640881452e+00 -1.917817316783392e-03 -8.723676962104695e-04 -1.007638053183120e+00
21 8 -1.000289361592809e+00 -1.918908220372609e-03 -8.723052246486492e-04 -1.007633211515481e+00
21 9 -1.000289905491293e+00 -1.919506893599561e-03 -8.725020651649853e-04 -1.007629953989178e+00
21 10 -1.000290248892461e+00 -1.919597104778006e-03 -8.729140823730942e-04 -1.007628396839860e+00
21 11 -1.000290373750746e+00 -1.919179647326301e-03 -8.734998492265512e-04 -1.007628598088894e+00
21 12 -1.000290269370404e+00 -1.918271801069777e-03 -8.742262300317508e-04 -1.007630554657642e+00
21 13 -1.000289933961208e+00 -1.916906454825440e-03 -8.750720271147721e-04 -1.007634201253915e+00
21 14 -1.000289375587910e+00 -1.915130889414428e-03 -8.760290398121372e-04 -1.007639411713608e+00
21 15 -1.000288612379023e+00 -1.913005410118287e-03 -8.771000723451014e-04 -1.007646002575934e+00
21 16 -1.000287672101300e+00 -1.910601978265133e-03 -8.782937676551954e-04 -1.007653738494197e+00
21 17 -1.000286591140792e+00 -1.908002713421735e-03 -8.796168910218960e-04 -1.007662339661875e+00
21 18 -1.000285412840514e+00 -1.905298005984683e-03 -8.810655860272971e-04 -1.007671491468041e+00
21 19 -1.000284185341441e+00 -1.902584230501974e-03 -8.826175439073178e-04 -1.007680855482944e+00
21 20 -1.000282959344491e+00 -1.899961353319971e-03 -8.842267466893076e-04 -1.007690079974187e+00
21 21 -1.000281786095546e+00 -1.897530563387057e-03 -8.858219382457483e-04 -1.007698809187040e+00
21 22 -1.000280715427676e+00 -1.895391459433883e-03 -8.873096754426897e-04 -1.007706693087125e+00
21 23 -1.000279793459308e+00 -1.893637991234259e-03 -8.885824226512603e-04 -1.007713400514416e+00
21 24 -1.000279059891037e+00 -1.892352832674051e-03 -8.895311294519186e-04 -1.007718636967054e+00
21 25 -1.000278545377802e+00 -1.891600873129871e-03 -8.900602550039763e-04 -1.007722164839305e+00
21 26 -1.000278269578552e+00 -1.891423211209320e-03 -8.901022096158356e-04 -1.007723821822733e+00
21 27 -1.000278240174059e+00 -1.891832947725046e-03 -8.896283163217781e-04 -1.007723533680119e+00
21 28 -1.000278452863377e+00 -1.892813498541118e-03 -8.886543352756932e-04 -1.007721319470354e+00
21 29 -1.000278892331325e+00 -1.894319624275398e-03 -8.872396562390639e-04 -1.007717288799383e+00
21 30 -1.000279534152916e+00 -1.896281031469243e-03 -8.854802739532143e-04 -1.007711631615034e+00
21 31 -1.000280347325835e+00 -1.898608003041540e-03 -8.834968337794250e-04 -1.007704602289407e+00
22 0 -1.000280017852246e+00 -1.900311564804285e-03 -8.834408170903306e-04 -1.007699557211859e+00
22 1 -1.000281044513278e+00 -1.903000835605400e-03 -8.814233492097929e-04 -1.007690872423778e+00
22 2 -1.000282137980651e+00 -1.905745058418436e-03 -8.795397613592054e-04 -1.007681749485514e+00
22 3 -1.000283261157416e+00 -1.908437800004200e-03 -8.778785428220472e-04 -1.007672534358780e+00
22 4 -1.000284377373693e+00 -1.910978081655763e-03 -8.765017720493368e-04 -1.007663568869532e+00
22 5 -1.000285450696213e+00 -1.913273387873210e-03 -8.754444226085873e-04 -1.007655180443479e+00
22 6 -1.000286446250107e+00 -1.915242640919272e-03 -8.747163353048038e-04 -1.007647671185451e+00
22 7 -1.000287330673312e+00 -1.916818823546890e-03 -8.743060043954769e-04 -1.007641307679943e+00
22 8 -1.000288072722312e+00 -1.917950768402393e-03 -8.741855946754324e-04 -1.007636313086453e+00
22 9 -1.000288644014924e+00 -1.918603913038895e-03 -8.743170103487319e-04 -1.007632861878391e+00
22 10 -1.000289020016275e+00 -1.918760281889277e-03 -8.746587167129794e-04 -1.007631076141146e+00
22 11 -1.000289181439318e+00 -1.918418156567674e-03 -8.751724208332562e-04 -1.007631022143862e+00
22 12 -1.000289116000486e+00 -1.917591664813945e-03 -8.758284313119386e-04 -1.007632707098416e+00
22 13 -1.000288820104361e+00 -1.916310174864304e-03 -8.766088940876370e-04 -1.007636077248962e+00
22 14 -1.000288299954453e+00 -1.914617348292224e-03 -8.775085505602406e-04 -1.007641018365527e+00
22 15 -1.000287571894174e+00 -1.912569952437205e-03 -8.785326678728223e-04 -1.007647358681576e+00
22 16 -1.000286662077260e+00 -1.910236630711618e-03 -8.796918244790046e-04 -1.007654873788215e+00
22 17 -1.000285605542033e+00 -1.907696578514884e-03 -8.809940195244908e-04 -1.007663293469643e+00
22 18 -1.000284444643389e+00 -1.905037838716788e-03 -8.824357750165399e-04 -1.007672310744451e+00
22 19 -1.000283226943994e+00 -1.902355111839968e-03 -8.839943925236923e-04 -1.007681592477037e+00
22 20 -1.000282002951636e+00 -1.899747345959077e-03 -8.856229697894178e-04 -1.007690789878981e+00
22 21 -1.000280824040628e+00 -1.897315313030858e-03 -8.872490745934198e-04 -1.007699547935957e+00
22 22 -1.000279740452753e+00 -1.895158785898911e-03 -8.887778345339996e-04 -1.007707515189762e+00
22 23 -1.000278798985967e+00 -1.893372505541597e-03 -8.901000567858978e-04 -1.007714356808316e+00
22 24 -1.000278040268390e+00 -1.892040553817379e-03 -8.911049149443066e-04 -1.007719772380839e+00
22 25 -1.000277496066512e+00 -1.891229789349909e-03 -8.916950434782469e-04 -1.007723516424099e+00
22 26 -1.000277187258927e+00 -1.890983750680932e-03 -8.918008999671813e-04 -1.007725417247913e+00
22 27 -1.000277122806096e+00 -1.891318341485663e-03 -8.913916296479657e-04 -1.007725390237094e+00
22 28 -1.000277299719916e+00 -1.892220011793643e-03 -8.904806741113078e-04 -1.007723443578874e+00
22 29 -1.000277703987991e+00 -1.893646629680641e-03 -8.891251846001685e-04 -1.007719676068862e+00
22 30 -1.000278312409385e+00 -1.895530917142262e-03 -8.874191249961254e-04 -1.007714267533408e+00
22 31 -1.000279095065663e+00 -1.897785930534904e-03 -8.854812835699173e-04 -1.007707463506563e+00
23 0 -1.000278761252515e+00 -1.899168093106969e-03 -8.870043001692071e-04 -1.007702853417579e+00
23 1 -1.000279762916404e+00 -1.901798890266477e-03 -8.850056496964945e-04 -1.007694346787510e+00
23 2 -1.000280835601154e+00 -1.904492824354234e-03 -8.831317121111295e-04 -1.007685370618817e+00
23 3 -1.000281942864893e+00 -1.907144961543479e-03 -8.814707554180862e-04 -1.007676266906796e+00
23 4 -1.000283048629789e+00 -1.909655724565837e-03 -8.800847321180511e-04 -1.007667373967034e+00
23 5 -1.000284117491745e+00 -1.911933886771850e-03 -8.790085586553884e-04 -1.007659016148851e+00
23 6 -1.000285115011679e+00 -1.913899443726401e-03 -8.782522542356254e-04 -1.007651493115417e+00
23 7 -1.000286008108870e+00 -1.915486113533015e-03 -8.778048918238335e-04 -1.007645069945973e+00
23 8 -1.000286765592922e+00 -1.916643018294881e-03 -8.776396156937668e-04 -1.007639969600296e+00
23 9 -1.000287358833542e+00 -1.917335309257740e-03 -8.777196585694662e-04 -1.007636368153495e+00
23 10 -1.000287762678274e+00 -1.917543982560943e-03 -8.780052374283920e-04 -1.007634391658901e+00
23 11 -1.000287956809296e+00 -1.917265436782838e-03 -8.784603501536392e-04 -1.007634113057844e+00
23 12 -1.000287927521330e+00 -1.916511123175057e-03 -8.790580402895134e-04 -1.007635548737038e+00
23 13 -1.000287669515178e+00 -1.915307177239436e-03 -8.797832952576708e-04 -1.007638655892677e+00
23 14 -1.000287187166966e+00 -1.913693752818106e-03 -8.806334888919982e-04 -1.007643332131071e+00
23 15 -1.000286495014252e+00 -1.911724047162610e-03 -8.816162062332383e-04 -1.007649417662579e+00
23 16 -1.000285617535806e+00 -1.909463237140798e-03 -8.827439955849444e-04 -1.007656699582008e+00
23 17 -1.000284588325259e+00 -1.906987354641313e-03 -8.840263073018172e-04 -1.007664918030607e+00
23 18 -1.000283448624438e+00 -1.904381805610452e-03 -8.854603629817438e-04 -1.007673774522957e+00
23 19 -1.000282245278854e+00 -1.901739323366926e-03 -8.870233749779623e-04 -1.007682942081350e+00
23 20 -1.000281028461483e+00 -1.899157560905814e-03 -8.886677712248084e-04 -1.007692075688081e+00
23 21 -1.000279849524817e+00 -1.896736593046840e-03 -8.903200907476801e-04 -1.007700821935028e+00
23 22 -1.000278758942733e+00 -1.894576046191388e-03 -8.918841377445051e-04 -1.007708828980959e+00
23 23 -1.000277803980217e+00 -1.892771067772074e-03 -8.932491110089733e-04 -1.007715759636400e+00
23 24 -1.000277025954328e+00 -1.891406695980110e-03 -8.943023957560061e-04 -1.007721309178310e+00
23 25 -1.000276457498098e+00 -1.890551250010355e-03 -8.949447898590563e-04 -1.007725226054015e+00
23 26 -1.000276120474631e+00 -1.890250163405404e-03 -8.951048681653769e-04 -1.007727331091798e+00
23 27 -1.000276024912222e+00 -1.890521597786161e-03 -8.947497693647915e-04 -1.007727531138670e+00
23 28 -1.000276168964292e+00 -1.891354536198151e-03 -8.938908573523687e-04 -1.007725825125667e+00
23 29 -1.000276539807421e+00 -1.892709528133605e-03 -8.925833581010924e-04 -1.007722302293832e+00
23 30 -1.000277115412590e+00 -1.894521970700688e-03 -8.909196466298950e-04 -1.007717133176094e+00
23 31 -1.000277866943861e+00 -1.896707441420512e-03 -8.890172492081422e-04 -1.007710554866402e+00
24 0 -1.000277574556234e+00 -1.897807535758372e-03 -8.919571468966044e-04 -1.007706290286577e+00
24 1 -1.000278548968967e+00 -1.900377615699114e-03 -8.899718067055574e-04 -1.007697976750830e+00
24 2 -1.000279597450169e+00 -1.903015675729379e-03 -8.881049374182993e-04 -1.007689172217751e+00
24 3 -1.000280684353906e+00 -1.905618455148669e-03 -8.864449688926431e-04 -1.007680213670799e+00
24 4 -1.000281774365813e+00 -1.908088084200125e-03 -8.850539565914440e-04 -1.007671434528425e+00
24 5 -1.000282832803865e+00 -1.910335067246835e-03 -8.839667520518766e-04 -1.007663154383740e+00
24 6 -1.000283825875605e+00 -1.912281039789409e-03 -8.831932572407238e-04 -1.007655668559746e+00
24 7 -1.000284721008202e+00 -1.913861114581371e-03 -8.827225793262992e-04 -1.007649238603388e+00
24 8 -1.000285487301810e+00 -1.915025420984154e-03 -8.825281293369049e-04 -1.007644085190335e+00
24 9 -1.000286096122098e+00 -1.915739578653659e-03 -8.825736280227636e-04 -1.007640383896256e+00
24 10 -1.000286521948098e+00 -1.915984323769636e-03 -8.828200891799036e-04 -1.007638262679119e+00
24 11 -1.000286743678165e+00 -1.915754903203671e-03 -8.832328020950459e-04 -1.007637799249837e+00
24 12 -1.000286746409484e+00 -1.915060712735854e-03 -8.837866393441020e-04 -1.007639017602496e+00
24 13 -1.000286523313577e+00 -1.913925108259885e-03 -8.844687310487095e-04 -1.007641884789203e+00
24 14 -1.000286077048515e+00 -1.912385007499791e-03 -8.852786151792196e-04 -1.007646309656397e+00
24 15 -1.000285420392687e+00 -1.910490145615161e-03 -8.862259397604201e-04 -1.007652144237117e+00
24 16 -1.000284576143410e+00 -1.908302198430930e-03 -8.873251961542647e-04 -1.007659187339783e+00
24 17 -1.000283576395474e+00 -1.905893877783995e-03 -8.885875050495224e-04 -1.007667189963121e+00
24 18 -1.000282461181251e+00 -1.903347709868288e-03 -8.900111900243151e-04 -1.007675862815383e+00
24 19 -1.000281276503412e+00 -1.900754180020352e-03 -8.915738226135865e-04 -1.007684885864900e+00
24 20 -1.000280072058706e+00 -1.898209357467665e-03 -8.932275495460804e-04 -1.007693918690808e+00
24 21 -1.000278899019677e+00 -1.895812313078415e-03 -8.948981981008529e-04 -1.007702610412276e+00
24 22 -1.000277807901573e+00 -1.893662167816523e-03 -8.964885196700998e-04 -1.007710609950218e+00
24 23 -1.000276846201517e+00 -1.891854040783892e-03 -8.978863190469092e-04 -1.007717579226839e+00
24 24 -1.000276055654635e+00 -1.890473416100812e-03 -8.989773326269932e-04 -1.007723211004975e+00
24 25 -1.000275469475229e+00 -1.889589500508804e-03 -8.996606269545751e-04 -1.007727249713717e+00
24 26 -1.000275110230352e+00 -1.889249005251976e-03 -8.998630478453107e-04 -1.007729510887516e+00
24 27 -1.000274988753892e+00 -1.889471718802178e-03 -8.995499669635932e-04 -1.007729895015795e+00
24 28 -1.000275104113818e+00 -1.890248556514118e-03 -8.987309645194075e-04 -1.007728393775601e+00
24 29 -1.000275444505021e+00 -1.891542220961324e-03 -8.974596670819436e-04 -1.007725088509857e+00
24 30 -1.000275988968346e+00 -1.893290352467026e-03 -8.958272584579295e-04 -1.007720141652868e+00
24 31 -1.000276709712128e+00 -1.895410724036736e-03 -8.939505163173038e-04 -1.007713782550325e+00
25 0 -1.000276504972790e+00 -1.896278805788813e-03 -8.981003364420646e-04 -1.007709753289086e+00
25 1 -1.000277450642642e+00 -1.898787589821234e-03 -8.961237740691475e-04 -1.007701642307176e+00
25 2 -1.000278472090845e+00 -1.901365580782671e-03 -8.942625851069508e-04 -1.007693029988897e+00
25 3 -1.000279534602274e+00 -1.903911341624100e-03 -8.926056830835484e-04 -1.007684247311530e+00
25 4 -1.000280603794979e+00 -1.906328987511492e-03 -8.912154326509136e-04 -1.007675621454795e+00
25 5 -1.000281645898180e+00 -1.908531156677892e-03 -8.901266330529120e-04 -1.007667465636469e+00
25 6 -1.000282627969469e+00 -1.910441646401228e-03 -8.893488105467691e-04 -1.007660069014527e+00
25 7 -1.000283518161614e+00 -1.911997583349206e-03 -8.888705796974650e-04 -1.007653687644174e+00
25 8 -1.000284286096979e+00 -1.913150794677616e-03 -8.886648911578764e-04 -1.007648537870812e+00
25 9 -1.000284903382043e+00 -1.913868115081581e-03 -8.886950759210783e-04 -1.007644792652139e+00
25 10 -1.000285344386608e+00 -1.914130810205532e-03 -8.889219301649141e-04 -1.007642579681318e+00
25 11 -1.000285587496489e+00 -1.913933768325737e-03 -8.893109370788068e-04 -1.007641979310844e+00
25 12 -1.000285616878395e+00 -1.913285055950596e-03 -8.898377505450083e-04 -1.007643021225022e+00
25 13 -1.000285424409352e+00 -1.912205839598874e-03 -8.904907832356297e-04 -1.007645680793687e+00
25 14 -1.000285011208289e+00 -1.910730223320990e-03 -8.912711193611043e-04 -1.007649877025414e+00
25 15 -1.000284388410274e+00 -1.908904738409805e-03 -8.921900866793458e-04 -1.007655473147466e+00
25 16 -1.000283577187203e+00 -1.906787665010833e-03 -8.932639825191574e-04 -1.007662279459731e+00
25 17 -1.000282608133232e+00 -1.904448356293930e-03 -8.945057391967967e-04 -1.007670057960424e+00
25 18 -1.000281520013001e+00 -1.901966298386661e-03 -8.959151710170530e-04 -1.007678528995092e+00
25 19 -1.000280357880917e+00 -1.899429488256437e-03 -8.974707220639887e-04 -1.007687380131630e+00
25 20 -1.000279170819772e+00 -1.896932126288292e-03 -8.991247701347334e-04 -1.007696276344824e+00
25 21 -1.000278009657440e+00 -1.894571951009111e-03 -9.008029016734049e-04 -1.007704870252754e+00
25 22 -1.000276924748841e+00 -1.892447181381886e-03 -9.024072608012901e-04 -1.007712812784707e+00
25 23 -1.000275963574205e+00 -1.890652425888976e-03 -9.038246674230191e-04 -1.007719766576933e+00
25 24 -1.000275167997171e+00 -1.889273053514206e-03 -9.049395431689445e-04 -1.007725423827700e+00
25 25 -1.000274571504571e+00 -1.888378537221859e-03 -9.056494905272670e-04 -1.007729527161220e+00
25 26 -1.000274197058564e+00 -1.888016200049660e-03 -9.058798981300228e-04 -1.007731889190062e+00
25 27 -1.000274056000521e+00 -1.888206766481382e-03 -9.055947005943248e-04 -1.007732406462413e+00
25 28 -1.000274148038740e+00 -1.888942404482048e-03 -9.048020614904278e-04 -1.007731065714757e+00
25 29 -1.000274462158571e+00 -1.890187347519412e-03 -9.035543704328896e-04 -1.007727942422859e+00
25 30 -1.000274978310414e+00 -1.891880952695267e-03 -9.019419929810217e-04 -1.007723192506710e+00
25 31 -1.000275669659736e+00 -1.893942780888252e-03 -9.000813914886273e-04 -1.007717038601739e+00
26 0 -1.000275597274701e+00 -1.894638243530444e-03 -9.051983835724363e-04 -1.007713115157383e+00
26 1 -1.000276513653654e+00 -1.897087119295175e-03 -9.032267614181473e-04 -1.007705209496073e+00
26 2 -1.000277506048850e+00 -1.899602640361742e-03 -9.013707770803450e-04 -1.007696804154936e+00
26 3 -1.000278540792720e+00 -1.902085304430873e-03 -8.997200627787696e-04 -1.007688223242803e+00
26 4 -1.000279584591148e+00 -1.904441446287657e-03 -8.983374426986289e-04 -1.007679786477485e+00
26 5 -1.000280604761584e+00 -1.906586189522883e-03 -8.972576688127919e-04 -1.007671799203358e+00
26 6 -1.000281569401862e+00 -1.908445958338556e-03 -8.964896623658813e-04 -1.007664542709644e+00
26 7 -1.000282447595405e+00 -1.909960459279678e-03 -8.960210522065745e-04 -1.007658265705944e+00
26 8 -1.000283209710277e+00 -1.911083864056917e-03 -8.958236208050553e-04 -1.007653178236701e+00
26 9 -1.000283827836923e+00 -1.911784937126578e-03 -8.958594413009525e-04 -1.007649448558273e+00
26 10 -1.000284276500057e+00 -1.912046248486969e-03 -8.960880799713597e-04 -1.007647201907616e+00
26 11 -1.000284533857670e+00 -1.911863135762761e-03 -8.964740922863792e-04 -1.007646519042794e+00
26 12 -1.000284583440200e+00 -1.911243117651927e-03 -8.969927960416963e-04 -1.007647433200707e+00
26 13 -1.000284416109346e+00 -1.910205858092733e-03 -8.976329175725328e-04 -1.007649926194426e+00
26 14 -1.000284031682882e+00 -1.908783199043929e-03 -8.983963435486826e-04 -1.007653925687323e+00
26 15 -1.000283439835101e+00 -1.907018876849220e-03 -8.992955628619958e-04 -1.007659304986291e+00
26 16 -1.000282660235939e+00 -1.904968042056907e-03 -9.003483910921557e-04 -1.007665885160158e+00
26 17 -1.000281722039366e+00 -1.902696804308635e-03 -9.015695603803233e-04 -1.007673438887077e+00
26 18 -1.000280662734126e+00 -1.900281573917957e-03 -9.029606515931392e-04 -1.007681696229588e+00
26 19 -1.000279526352324e+00 -1.897807697919106e-03 -9.045014615495397e-04 -1.007690352782590e+00
26 20 -1.000278361236807e+00 -1.895367255124154e-03 -9.061451611880143e-04 -1.007699079625797e+00
26 21 -1.000277217704925e+00 -1.893056321274596e-03 -9.078176774609275e-04 -1.007707533858112e+00
26 22 -1.000276145744238e+00 -1.890971793748410e-03 -9.094211478866203e-04 -1.007715369730321e+00
26 23 -1.000275192563333e+00 -1.889207253288085e-03 -9.108420097238590e-04 -1.007722252288881e+00
26 24 -1.000274399857517e+00 -1.887847353897641e-03 -9.119639134770040e-04 -1.007727875219886e+00
26 25 -1.000273801066921e+00 -1.886961178186891e-03 -9.126834521291973e-04 -1.007731981657621e+00
26 26 -1.000273419225521e+00 -1.886595964162432e-03 -9.129249699508980e-04 -1.007734383771528e+00
26 27 -1.000273265862523e+00 -1.886772645318319e-03 -9.126513992242508e-04 -1.007734976727134e+00
26 28 -1.000273341018244e+00 -1.887483908952529e-03 -9.118699407472195e-04 -1.007733744848220e+00
26 29 -1.000273634192114e+00 -1.888694823750683e-03 -9.106321705473376e-04 -1.007730760071396e+00
26 30 -1.000274126027297e+00 -1.890345853498180e-03 -9.090280172252841e-04 -1.007726173735380e+00
26 31 -1.000274790505757e+00 -1.892357858710133e-03 -9.071740089908417e-04 -1.007720203149899e+00
27 0 -1.000274891378615e+00 -1.892947451289237e-03 -9.129885056071412e-04 -1.007716240996794e+00
27 1 -1.000275779034130e+00 -1.895340067811945e-03 -9.110182266189548e-04 -1.007708535550540e+00
27 2 -1.000276741399225e+00 -1.897792955284238e-03 -9.091674076284459e-04 -1.007700344458710e+00
27 3 -1.000277745935793e+00 -1.900208595235037e-03 -9.075265336674971e-04 -1.007691984340098e+00
27 4 -1.000278760563055e+00 -1.902495713391833e-03 -9.061589520881599e-04 -1.007683766451386e+00
27 5 -1.000279753837819e+00 -1.904572200278176e-03 -9.050993323861272e-04 -1.007675986979524e+00
27 6 -1.000280695064724e+00 -1.906367496200854e-03 -9.043557770758363e-04 -1.007668917843145e+00
27 7 -1.000281554442173e+00 -1.907824377999604e-03 -9.039144858449345e-04 -1.007662798730601e+00
27 8 -1.000282303292746e+00 -1.908899939107083e-03 -9.037454250419148e-04 -1.007657831559759e+00
27 9 -1.000282914427064e+00 -1.909565526286782e-03 -9.038086073393781e-04 -1.007654177911594e+00
27 10 -1.000283362788353e+00 -1.909805737742453e-03 -9.040614260794612e-04 -1.007651958440904e+00
27 11 -1.000283626596970e+00 -1.909617140533677e-03 -9.044664383731727e-04 -1.007651252070842e+00
27 12 -1.000283689056650e+00 -1.909007497791170e-03 -9.049975111931757e-04 -1.007652093343488e+00
27 13 -1.000283540323428e+00 -1.907995715181755e-03 -9.056426622692104e-04 -1.007654468403701e+00
27 14 -1.000283179198688e+00 -1.906612025836296e-03 -9.064037428124042e-04 -1.007658311701841e+00
27 15 -1.000282614137623e+00 -1.904897918171783e-03 -9.072937584373341e-04 -1.007663505049556e+00
27 16 -1.000281863497289e+00 -1.902905843454498e-03 -9.083315912011758e-04 -1.007669879041201e+00
27 17 -1.000280955117938e+00 -1.900698955731231e-03 -9.095335658034874e-04 -1.007677216193166e+00
27 18 -1.000279925262848e+00 -1.898350709198184e-03 -9.109031209311211e-04 -1.007685255915392e+00
27 19 -1.000278816910607e+00 -1.895943754464372e-03 -9.124217655812879e-04 -1.007693701939514e+00
27 20 -1.000277677561928e+00 -1.893567864286629e-03 -9.140439908032894e-04 -1.007702231984103e+00
27 21 -1.000276556867753e+00 -1.891317152691489e-03 -9.156966830692056e-04 -1.007710508541905e+00
27 22 -1.000275504246350e+00 -1.889286784362063e-03 -9.172826686477642e-04 -1.007718190488121e+00
27 23 -1.000274566384827e+00 -1.887568788653430e-03 -9.186887516227375e-04 -1.007724946994302e+00
27 24 -1.000273784516726e+00 -1.886246488463491e-03 -9.197985404306082e-04 -1.007730475321768e+00
27 25 -1.000273191715904e+00 -1.885387900754934e-03 -9.205082592510690e-04 -1.007734521471557e+00
27 26 -1.000272810760620e+00 -1.885039465979705e-03 -9.207417727354586e-04 -1.007736899692882e+00
27 27 -1.000272653039236e+00 -1.885221583450084e-03 -9.204615607661901e-04 -1.007737506388453e+00
27 28 -1.000272718597436e+00 -1.885926699611586e-03 -9.196744119043133e-04 -1.007736326106620e+00
27 29 -1.000272997140410e+00 -1.887119978659213e-03 -9.184315915323457e-04 -1.007733429753132e+00
27 30 -1.000273469743637e+00 -1.888742322791733e-03 -9.168230123592871e-04 -1.007728966264124e+00
27 31 -1.000274111017216e+00 -1.890715338887540e-03 -9.149656339766247e-04 -1.007723149291753e+00
28 0 -1.000274419885721e+00 -1.891270765257424e-03 -9.211894593356833e-04 -1.007718995523198e+00
28 1 -1.000275280628698e+00 -1.893613238112035e-03 -9.192166365202698e-04 -1.007711476435788e+00
28 2 -1.000276213238110e+00 -1.896005955064318e-03 -9.173707794544784e-04 -1.007703497861506e+00
28 3 -1.000277186334704e+00 -1.898353345018863e-03 -9.157432671078595e-04 -1.007695368657632e+00
28 4 -1.000278169127950e+00 -1.900566608414141e-03 -9.143979356190063e-04 -1.007687390962185e+00
28 5 -1.000279131523107e+00 -1.902566591187316e-03 -9.133692746063136e-04 -1.007679850846734e+00
28 6 -1.000280044161814e+00 -1.904286038359980e-03 -9.126643565602520e-04 -1.007673009664335e+00
28 7 -1.000280878510458e+00 -1.905671183258617e-03 -9.122675688270384e-04 -1.007667096686796e+00
28 8 -1.000281607030593e+00 -1.906682515982931e-03 -9.121465080214183e-04 -1.007662304125785e+00
28 9 -1.000282203473696e+00 -1.907294521412143e-03 -9.122584392664747e-04 -1.007658785119245e+00
28 10 -1.000282643457528e+00 -1.907494463719179e-03 -9.125577693926303e-04 -1.007656653769978e+00
28 11 -1.000282905553937e+00 -1.907280856593028e-03 -9.130041049356019e-04 -1.007655985005421e+00
28 12 -1.000282972956835e+00 -1.906662476537991e-03 -9.135688167454318e-04 -1.007656812394466e+00
28 13 -1.000282835446387e+00 -1.905658241181300e-03 -9.142381930656586e-04 -1.007659124139394e+00
28 14 -1.000282491127537e+00 -1.904297501619338e-03 -9.150131559908944e-04 -1.007662859317882e+00
28 15 -1.000281947526003e+00 -1.902620159306759e-03 -9.159064846849712e-04 -1.007667906271140e+00
28 16 -1.000281221931504e+00 -1.900676542872673e-03 -9.169375303673712e-04 -1.007674103397920e+00
28 17 -1.000280341057701e+00 -1.898527304466315e-03 -9.181238090924825e-04 -1.007681241703517e+00
28 18 -1.000279340052119e+00 -1.896243225120546e-03 -9.194704965304479e-04 -1.007689069103672e+00
28 19 -1.000278260858998e+00 -1.893904350146195e-03 -9.209609942857564e-04 -1.007697297200070e+00
28 20 -1.000277150071160e+00 -1.891598063467865e-03 -9.225515260074558e-04 -1.007705610623509e+00
28 21 -1.000276056541728e+00 -1.889416290042142e-03 -9.241705041584165e-04 -1.007713678003213e+00
28 22 -1.000275028937024e+00 -1.887452102507814e-03 -9.257221393393240e-04 -1.007721164021067e+00
28 23 -1.000274113191147e+00 -1.885795491122584e-03 -9.270944105600608e-04 -1.007727743595940e+00
28 24 -1.000273349798282e+00 -1.884527851685915e-03 -9.281717323340606e-04 -1.007733119584927e+00
28 25 -1.000272771157047e+00 -1.883715468805309e-03 -9.288507538466202e-04 -1.007737043168439e+00
28 26 -1.000272399468532e+00 -1.883403278041578e-03 -9.290555709456166e-04 -1.007739333166007e+00
28 27 -1.000272245654980e+00 -1.883610406677381e-03 -9.287488807122871e-04 -1.007739889812961e+00
28 28 -1.000272309439462e+00 -1.884328300897210e-03 -9.279377114698295e-04 -1.007738700518660e+00
28 29 -1.000272580413143e+00 -1.885521469909590e-03 -9.266736093440207e-04 -1.007735837714320e+00
28 30 -1.000273039798843e+00 -1.887130560683395e-03 -9.250469516866133e-04 -1.007731450226201e+00
28 31 -1.000273662611282e+00 -1.889077332992721e-03 -9.231755087866813e-04 -1.007725749900691e+00
29 0 -1.000274205893244e+00 -1.889672671658844e-03 -9.295097580436824e-04 -1.007721251246210e+00
29 1 -1.000275042827256e+00 -1.891973619298558e-03 -9.275297260012445e-04 -1.007713895600820e+00
29 2 -1.000275947341523e+00 -1.894311486656687e-03 -9.256878462673628e-04 -1.007706117821640e+00
29 3 -1.000276889179382e+00 -1.896592510412330e-03 -9.240763710309454e-04 -1.007698219160797e+00
29 4 -1.000277838853630e+00 -1.898730340379323e-03 -9.227595098610915e-04 -1.007690492419010e+00
29 5 -1.000278767671032e+00 -1.900648851254024e-03 -9.217714120792975e-04 -1.007683213022275e+00
29 6 -1.000279647692678e+00 -1.902284257549226e-03 -9.211179032722418e-04 -1.007676630972267e+00
29 7 -1.000280451764513e+00 -1.903586504232290e-03 -9.207812356764432e-04 -1.007670964115067e+00
29 8 -1.000281153636630e+00 -1.904519820449928e-03 -9.207261919813523e-04 -1.007666393730912e+00
29 9 -1.000281728195723e+00 -1.905062256935974e-03 -9.209067467234988e-04 -1.007663063057220e+00
29 10 -1.000282151972913e+00 -1.905204265225075e-03 -9.212736773170648e-04 -1.007661077922458e+00
29 11 -1.000282404171497e+00 -1.904946930724988e-03 -9.217828610131371e-04 -1.007660507254584e+00
29 12 -1.000282468291877e+00 -1.904300760176677e-03 -9.224022607268648e-04 -1.007661381407290e+00
29 13 -1.000282334079175e+00 -1.903285450628419e-03 -9.231154768063790e-04 -1.007663688267586e+00
29 14 -1.000281999286141e+00 -1.901930241736827e-03 -9.239216032879765e-04 -1.007667369159952e+00
29 15 -1.000281470834037e+00 -1.900274190449840e-03 -9.248323946099896e-04 -1.007672316663966e+00
29 16 -1.000280765233578e+00 -1.898366191728365e-03 -9.258669708831509e-04 -1.007678374876893e+00
29 17 -1.000279908307293e+00 -1.896264986389147e-03 -9.270434795418018e-04 -1.007685341516834e+00
29 18 -1.000278934248930e+00 -1.894039113848524e-03 -9.283685115225416e-04 -1.007692971733641e+00
29 19 -1.000277884039347e+00 -1.891766247511982e-03 -9.298273383009540e-04 -1.007700984344069e+00
29 20 -1.000276803343331e+00 -1.889531423664688e-03 -9.313781562265003e-04 -1.007709070843231e+00
29 21 -1.000275740122522e+00 -1.887424257223658e-03 -9.329513337120786e-04 -1.007716906474805e+00
29 22 -1.000274742142170e+00 -1.885535464134981e-03 -9.344530585953735e-04 -1.007724162674168e+00
29 23 -1.000273854384516e+00 -1.883952590877889e-03 -9.357732410050037e-04 -1.007730521510421e+00
29 24 -1.000273116357308e+00 -1.882754576151203e-03 -9.367979706306991e-04 -1.007735693261758e+00
29 25 -1.000272559500147e+00 -1.882005353581543e-03 -9.374252017552917e-04 -1.007739436436337e+00
29 26 -1.000272205135775e+00 -1.881747684080031e-03 -9.375800851361476e-04 -1.007741576771729e+00
29 27 -1.000272063413601e+00 -1.881998719878737e-03 -9.372263107126156e-04 -1.007742020796708e+00
29 28 -1.000272133422743e+00 -1.882748179326062e-03 -9.363718924032746e-04 -1.007740761297317e+00
29 29 -1.000272404329193e+00 -1.883959188223769e-03 -9.350693341370240e-04 -1.007737874706744e+00
29 30 -1.000272857212211e+00 -1.885571450303741e-03 -9.334100253579076e-04 -1.007733512026766e+00
29 31 -1.000273467245448e+00 -1.887506269447035e-03 -9.315129584075274e-04 -1.007727885237010e+00
30 0 -1.000274261353141e+00 -1.888215391980733e-03 -9.376552163345673e-04 -1.007722896473248e+00
30 1 -1.000275078821168e+00 -1.890485754165536e-03 -9.356622043211622e-04 -1.007715672728163e+00
30 2 -1.000275958309327e+00 -1.892776943200066e-03 -9.338220353501107e-04 -1.007708073860528e+00
30 3 -1.000276870577165e+00 -1.894996754276685e-03 -9.322277952425809e-04 -1.007700394126366e+00
30 4 -1.000277787382944e+00 -1.897061139372341e-03 -9.309439096109268e-04 -1.007692917259025e+00
30 5 -1.000278681424132e+00 -1.898896945259873e-03 -9.300039845560058e-04 -1.007685908000604e+00
30 6 -1.000279526208839e+00 -1.900443881407832e-03 -9.294123774181110e-04 -1.007679604696915e+00
30 7 -1.000280296025547e+00 -1.901655711649038e-03 -9.291489354023623e-04 -1.007674213224328e+00
30 8 -1.000280966018646e+00 -1.902500595379702e-03 -9.291752863966172e-04 -1.007669903145038e+00
30 9 -1.000281512367239e+00 -1.902960429247089e-03 -9.294417162112122e-04 -1.007666806733234e+00
30 10 -1.000281912726017e+00 -1.903029236098785e-03 -9.298949152831728e-04 -1.007665020150218e+00
30 11 -1.000282147189640e+00 -1.902711181360045e-03 -9.304864636167962e-04 -1.007664604558337e+00
30 12 -1.000282199870159e+00 -1.902019137215820e-03 -9.311801982585360e-04 -1.007665584972359e+00
30 13 -1.000282060818396e+00 -1.900974311438953e-03 -9.319562066800776e-04 -1.007667946578050e+00
30 14 -1.000281727791455e+00 -1.899606610734325e-03 -9.328109173969292e-04 -1.007671630437219e+00
30 15 -1.000281207453355e+00 -1.897955032636139e-03 -9.337542657634814e-04 -1.007676530865086e+00
30 16 -1.000280515852491e+00 -1.896067798349245e-03 -9.348043933690260e-04 -1.007682495282782e+00
30 17 -1.000279678189554e+00 -1.894002426096587e-03 -9.359794109539073e-04 -1.007689326028757e+00
30 18 -1.000278727907633e+00 -1.891825766605966e-03 -9.372868349376174e-04 -1.007696783862546e+00
30 19 -1.000277705142731e+00 -1.889613487400137e-03 -9.387135838102398e-04 -1.007704593797991e+00
30 20 -1.000276654660356e+00 -1.887448449742694e-03 -9.402198661481381e-04 -1.007712453799786e+00
30 21 -1.000275623483112e+00 -1.885417964311904e-03 -9.417382445380623e-04 -1.007720045876972e+00
30 22 -1.000274658370182e+00 -1.883610250767453e-03 -9.431772940558408e-04 -1.007727048841701e+00
30 23 -1.000273803198188e+00 -1.882110129054608e-03 -9.444294588580760e-04 -1.007733152987415e+00
30 24 -1.000273096286835e+00 -1.880993661226721e-03 -9.453832857592873e-04 -1.007738077516611e+00
30 25 -1.000272567875380e+00 -1.880321904429269e-03 -9.459389065926269e-04 -1.007741590113512e+00
30 26 -1.000272238145412e+00 -1.880134854617105e-03 -9.460233959676165e-04 -1.007743525502117e+00
30 27 -1.000272116203350e+00 -1.880447058918911e-03 -9.456022737571131e-04 -1.007743798697632e+00
30 28 -1.000272200227449e+00 -1.881245846948048e-03 -9.446853495082351e-04 -1.007742410130959e+00
30 29 -1.000272478673043e+00 -1.882492285266093e-03 -9.433268315322789e-04 -1.007739442520516e+00
30 30 -1.000272932193158e+00 -1.884124476783773e-03 -9.416197349759350e-04 -1.007735051228565e+00
30 31 -1.000273535862046e+00 -1.886062664919741e-03 -9.396847289346835e-04 -1.007729450322654e+00
31 0 -1.000274586154767e+00 -1.886956694485488e-03 -9.453360713517556e-04 -1.007723842419122e+00
31 1 -1.000275389579390e+00 -1.889209328339435e-03 -9.433231307627583e-04 -1.007716711616336e+00
31 2 -1.000276248417769e+00 -1.891464588881633e-03 -9.414808567889706e-04 -1.007709260360456e+00
31 3 -1.000277134273797e+00 -1.893631477159133e-03 -9.399031482841391e-04 -1.007701776944158e+00
31 4 -1.000278020024055e+00 -1.895627977114253e-03 -9.386544919975409e-04 -1.007694536787801e+00
31 5 -1.000278879680994e+00 -1.897383715939571e-03 -9.377677390066771e-04 -1.007687794419899e+00
31 6 -1.000279688170036e+00 -1.898841779015760e-03 -9.372455654013792e-04 -1.007681776736328e+00
31 7 -1.000280421233094e+00 -1.899959704219690e-03 -9.370651912902194e-04 -1.007676677600306e+00
31 8 -1.000281055465157e+00 -1.900709617830429e-03 -9.371848371943062e-04 -1.007672654547902e+00
31 9 -1.000281568449189e+00 -1.901077390579990e-03 -9.375508290038873e-04 -1.007669828268484e+00
31 10 -1.000281939134336e+00 -1.901060854590957e-03 -9.381054877298778e-04 -1.007668284251034e+00
31 11 -1.000282148734667e+00 -1.900667629107046e-03 -9.387957517992519e-04 -1.007668074441277e+00
31 12 -1.000282182255043e+00 -1.899913475853122e-03 -9.395808533491228e-04 -1.007669216609745e+00
31 13 -1.000282030378591e+00 -1.898821769515461e-03 -9.404367448049229e-04 -1.007671690959300e+00
31 14 -1.000281691220944e+00 -1.897423826832233e-03 -9.413564888979335e-04 -1.007675435775660e+00
31 15 -1.000281171544138e+00 -1.895759369570536e-03 -9.423474815809656e-04 -1.007680344520386e+00
31 16 -1.000280487265833e+00 -1.893876733012685e-03 -9.434261550191286e-04 -1.007686265415626e+00
31 17 -1.000279663255035e+00 -1.891832960496301e-03 -9.446098640066955e-04 -1.007693003119400e+00
31 18 -1.000278732436920e+00 -1.889693857974280e-03 -9.459064355410362e-04 -1.007700322105044e+00
31 19 -1.000277734261045e+00 -1.887533568120022e-03 -9.473040334227770e-04 -1.007707952245176e+00
31 20 -1.000276712669125e+00 -1.885433076056555e-03 -9.487647171511495e-04 -1.007715597236705e+00
31 21 -1.000275713745777e+00 -1.883477525136518e-03 -9.502232716086949e-04 -1.007722945653222e+00
31 22 -1.000274783188816e+00 -1.881752636806995e-03 -9.515908465998371e-04 -1.007729683937144e+00
31 23 -1.000273963668875e+00 -1.880340365935894e-03 -9.527628019299944e-04 -1.007735511282399e+00
31 24 -1.000273292173644e+00 -1.879313621306311e-03 -9.536307421573453e-04 -1.007740156901680e+00
31 25 -1.000272797559136e+00 -1.878730190709341e-03 -9.540977375236119e-04 -1.007743399086154e+00
31 26 -1.000272498659005e+00 -1.878626835607450e-03 -9.540936060171262e-04 -1.007745083207046e+00
31 27 -1.000272403319796e+00 -1.879014979818687e-03 -9.535865202658181e-04 -1.007745134564751e+00
31 28 -1.000272508581179e+00 -1.879879003826614e-03 -9.525889048699549e-04 -1.007743563141700e+00
31 29 -1.000272801940693e+00 -1.881177318768840e-03 -9.511574563730550e-04 -1.007740459937485e+00
31 30 -1.000273263360979e+00 -1.882845819776149e-03 -9.493874861141431e-04 -1.007735986687569e+00
31 31 -1.000273867553393e+00 -1.884803105554449e-03 -9.474018445171380e-04 -1.007730361461829e+00
