2.007704608617245e-07
1.000000000000000e-12
1.000000000000000e-17
3.537001492330678e-01
1.937894350852231e-01
1.033333333333333e-01
-1.500017464083440e+00
1.901109735892602e-07
32
32
7.111111111111110e-02
1
0 0 -1.000276406822493e+00 -1.887409485796573e-03 -9.481484983924562e-04 -1.007718916021016e+00
0 1 -1.000277098801541e+00 -1.889335195917400e-03 -9.464655563206443e-04 -1.007712829145157e+00
0 2 -1.000277833653430e+00 -1.891251997996269e-03 -9.449260059990426e-04 -1.007706512793094e+00
0 3 -1.000278586290012e+00 -1.893083005853468e-03 -9.436060573176199e-04 -1.007700211079531e+00
0 4 -1.000279332531452e+00 -1.894758638195966e-03 -9.425596898471603e-04 -1.007694157497722e+00
0 5 -1.000280049272173e+00 -1.896218995545475e-03 -9.418168585151310e-04 -1.007688567572308e+00
0 6 -1.000280714526404e+00 -1.897415525624357e-03 -9.413842240877733e-04 -1.007683632858255e+00
0 7 -1.000281307467799e+00 -1.898311966180258e-03 -9.412480063057003e-04 -1.007679516401717e+00
0 8 -1.000281808542756e+00 -1.898884533103331e-03 -9.413784592403407e-04 -1.007676349874613e+00
0 9 -1.000282199722529e+00 -1.899121378651070e-03 -9.417354548807387e-04 -1.007674232370478e+00
0 10 -1.000282464970913e+00 -1.899021495422379e-03 -9.422746345574568e-04 -1.007673230343361e+00
0 11 -1.000282590995320e+00 -1.898593407667411e-03 -9.429534465924714e-04 -1.007673377751578e+00
0 12 -1.000282568273341e+00 -1.897854037158487e-03 -9.437362160083462e-04 -1.007674675550627e+00
0 13 -1.000282392222572e+00 -1.896827987028627e-03 -9.445974081078007e-04 -1.007677090318520e+00
0 14 -1.000282064283980e+00 -1.895547236936279e-03 -9.455225363299184e-04 -1.007680552576858e+00
0 15 -1.000281592680118e+00 -1.894051055408207e-03 -9.465065696892152e-04 -1.007684955766969e+00
0 16 -1.000280992683524e+00 -1.892385902176311e-03 -9.475500467726406e-04 -1.007690156682522e+00
0 17 -1.000280286334417e+00 -1.890605156145525e-03 -9.486534334796870e-04 -1.007695977720928e+00
0 18 -1.000279501633474e+00 -1.888768549047957e-03 -9.498106720355800e-04 -1.007702210972409e+00
0 19 -1.000278671289238e+00 -1.886941175137622e-03 -9.510032588054528e-04 -1.007708624057493e+00
0 20 -1.000277831122236e+00 -1.885191936592464e-03 -9.521962825466949e-04 -1.007714967651965e+00
0 21 -1.000277018224756e+00 -1.883591318058545e-03 -9.533375196030209e-04 -1.007720984684006e+00
0 22 -1.000276268961810e+00 -1.882208448651428e-03 -9.543600811426356e-04 -1.007726421204062e+00
0 23 -1.000275616902156e+00 -1.881107488184607e-03 -9.551884808992749e-04 -1.007731038837849e+00
0 24 -1.000275090805768e+00 -1.880343497630775e-03 -9.557474099338274e-04 -1.007734628390487e+00
0 25 -1.000274712851782e+00 -1.879958153069656e-03 -9.559719401387735e-04 -1.007737023535097e+00
0 26 -1.000274497327904e+00 -1.879975881343278e-03 -9.558174354519891e-04 -1.007738112846107e+00
0 27 -1.000274449979289e+00 -1.880401098253238e-03 -9.552673569516962e-04 -1.007737848179444e+00
0 28 -1.000274568120529e+00 -1.881217114127581e-03 -9.543375078089056e-04 -1.007736247859051e+00
0 29 -1.000274841472330e+00 -1.882386960365191e-03 -9.530759395045756e-04 -1.007733394181510e+00
0 30 -1.000275253544186e+00 -1.883856009759542e-03 -9.515585209459759e-04 -1.007729425933858e+00
0 31 -1.000275783298169e+00 -1.885555948096679e-03 -9.498809339889412e-04 -1.007724527453424e+00
1 0 -1.000277059813133e+00 -1.886742434850868e-03 -9.532119409198589e-04 -1.007718623910711e+00
1 1 -1.000277751274165e+00 -1.888676344453937e-03 -9.515026878414196e-04 -1.007712536050478e+00
1 2 -1.000278480116973e+00 -1.890587277412368e-03 -9.499523749354606e-04 -1.007706262598956e+00
1 3 -1.000279221498060e+00 -1.892398547428048e-03 -9.486378613624752e-04 -1.007700045668787e+00
1 4 -1.000279951696503e+00 -1.894041370845825e-03 -9.476130996725024e-04 -1.007694115010733e+00
1 5 -1.000280648257279e+00 -1.895457210405874e-03 -9.469073192192067e-04 -1.007688680877971e+00
1 6 -1.000281290001038e+00 -1.896599366296756e-03 -9.465257802123661e-04 -1.007683928332411e+00
1 7 -1.000281857023522e+00 -1.897433816606199e-03 -9.464526882040527e-04 -1.007680013054662e+00
1 8 -1.000282330771726e+00 -1.897939292544122e-03 -9.466557618242618e-04 -1.007677058812411e+00
1 9 -1.000282694262098e+00 -1.898106623476627e-03 -9.470919320168397e-04 -1.007675156557012e+00
1 10 -1.000282932512779e+00 -1.897937527677556e-03 -9.477136242446865e-04 -1.007674364650623e+00
1 11 -1.000283033255002e+00 -1.897443188812577e-03 -9.484749387740457e-04 -1.007674709304424e+00
1 12 -1.000282987918613e+00 -1.896643011660542e-03 -9.493368736532606e-04 -1.007676184355654e+00
1 13 -1.000282792765088e+00 -1.895563814579677e-03 -9.502707420319533e-04 -1.007678750124442e+00
1 14 -1.000282449942038e+00 -1.894239462758881e-03 -9.512592150034487e-04 -1.007682331887137e+00
1 15 -1.000281968220323e+00 -1.892710744499948e-03 -9.522948344506742e-04 -1.007686818941772e+00
1 16 -1.000281363246851e+00 -1.891025248161658e-03 -9.533762116094109e-04 -1.007692065109646e+00
1 17 -1.000280657250608e+00 -1.889237063649599e-03 -9.545024606823207e-04 -1.007697891062028e+00
1 18 -1.000279878228335e+00 -1.887406190975238e-03 -9.556668062082557e-04 -1.007704088481088e+00
1 19 -1.000279058691023e+00 -1.885597536914522e-03 -9.568506761287959e-04 -1.007710425941910e+00
1 20 -1.000278234073512e+00 -1.883879363562062e-03 -9.580197016866424e-04 -1.007716656451114e+00
1 21 -1.000277440904306e+00 -1.882321075802336e-03 -9.591227421649008e-04 -1.007722526643453e+00
1 22 -1.000276714820136e+00 -1.880990301116000e-03 -9.600944605822634e-04 -1.007727787636906e+00
1 23 -1.000276088516691e+00 -1.879949306317292e-03 -9.608613274058689e-04 -1.007732207415878e+00
1 24 -1.000275589766416e+00 -1.879250925312492e-03 -9.613503256302564e-04 -1.007735584256850e+00
1 25 -1.000275239688169e+00 -1.878934360094543e-03 -9.614990716279904e-04 -1.007737760117110e+00
1 26 -1.000275051483951e+00 -1.879021419059027e-03 -9.612656420061205e-04 -1.007738632291569e+00
1 27 -1.000275029832945e+00 -1.879513855898929e-03 -9.606363048840955e-04 -1.007738161400160e+00
1 28 -1.000275171043684e+00 -1.880392369185491e-03 -9.596296971253071e-04 -1.007736374191318e+00
1 29 -1.000275463928724e+00 -1.881617523660469e-03 -9.582966565368691e-04 -1.007733360665942e+00
1 30 -1.000275891225189e+00 -1.883132470827235e-03 -9.567157089288989e-04 -1.007729266219747e+00
1 31 -1.000276431292872e+00 -1.884867019645547e-03 -9.549849809114921e-04 -1.007724280370845e+00
2 0 -1.000277879106233e+00 -1.886350327422856e-03 -9.572291340188529e-04 -1.007717686935755e+00
2 1 -1.000278574824512e+00 -1.888302581580691e-03 -9.554884154281770e-04 -1.007711564522551e+00
2 2 -1.000279302315192e+00 -1.890217928795638e-03 -9.539226552406248e-04 -1.007705300742600e+00
2 3 -1.000280036788370e+00 -1.892019520518767e-03 -9.526094334811245e-04 -1.007699136931462e+00
2 4 -1.000280754797091e+00 -1.893638996517892e-03 -9.516027167905826e-04 -1.007693300334941e+00
2 5 -1.000281434368478e+00 -1.895018808973751e-03 -9.509310349190118e-04 -1.007687997132560e+00
2 6 -1.000282054987304e+00 -1.896113756859445e-03 -9.505982730508843e-04 -1.007683406988670e+00
2 7 -1.000282597562358e+00 -1.896891742558102e-03 -9.505866581341485e-04 -1.007679679149825e+00
2 8 -1.000283044470591e+00 -1.897333751675704e-03 -9.508614239203975e-04 -1.007676930190594e+00
2 9 -1.000283379745623e+00 -1.897433101026039e-03 -9.513766264835012e-04 -1.007675243358664e+00
2 10 -1.000283589477783e+00 -1.897194130776275e-03 -9.520815532682116e-04 -1.007674669044211e+00
2 11 -1.000283662486834e+00 -1.896630677710758e-03 -9.529270343854245e-04 -1.007675225481948e+00
2 12 -1.000283591264102e+00 -1.895764726880621e-03 -9.538707986095258e-04 -1.007676898807689e+00
2 13 -1.000283373063001e+00 -1.894625511333191e-03 -9.548810206933998e-04 -1.007679642172082e+00
2 14 -1.000283010916156e+00 -1.893249074573535e-03 -9.559374794163181e-04 -1.007683374417394e+00
2 15 -1.000282514340569e+00 -1.891678095658645e-03 -9.570301637270460e-04 -1.007687979302418e+00
2 16 -1.000281899562327e+00 -1.889961720380164e-03 -9.581555519588596e-04 -1.007693306157496e+00
2 17 -1.000281189198233e+00 -1.888155210996491e-03 -9.593111279075755e-04 -1.007699172381434e+00
2 18 -1.000280411423184e+00 -1.886319300849823e-03 -9.604890670939870e-04 -1.007705367771228e+00
2 19 -1.000279598707623e+00 -1.884519149659455e-03 -9.616703770992102e-04 -1.007711660532847e+00
2 20 -1.000278786228479e+00 -1.882822773043924e-03 -9.628208921644788e-04 -1.007717804890035e+00
2 21 -1.000278010049016e+00 -1.881298830186763e-03 -9.638902519455690e-04 -1.007723550303148e+00
2 22 -1.000277305150028e+00 -1.880013716610879e-03 -9.648144218673547e-04 -1.007728652305816e+00
2 23 -1.000276703404282e+00 -1.879028009923586e-03 -9.655216478871361e-04 -1.007732884803129e+00
2 24 -1.000276231627397e+00 -1.878392453484906e-03 -9.659411085976097e-04 -1.007736053304044e+00
2 25 -1.000275909889825e+00 -1.878143843341953e-03 -9.660129660230188e-04 -1.007738007999485e+00
2 26 -1.000275750299792e+00 -1.878301369975443e-03 -9.656981097706340e-04 -1.007738655034391e+00
2 27 -1.000275756440317e+00 -1.878864060839266e-03 -9.649858043786557e-04 -1.007737964095889e+00
2 28 -1.000275923558680e+00 -1.879809878138800e-03 -9.638977797735136e-04 -1.007735970829899e+00
2 29 -1.000276239476211e+00 -1.881096740105989e-03 -9.624879624335673e-04 -1.007732773580526e+00
2 30 -1.000276686045461e+00 -1.882665349103829e-03 -9.608378461258060e-04 -1.007728525146143e+00
2 31 -1.000277240884547e+00 -1.884443370676288e-03 -9.590482867410747e-04 -1.007723421152933e+00
3 0 -1.000278830405150e+00 -1.886251102288414e-03 -9.600364072459403e-04 -1.007716139443660e+00
3 1 -1.000279535025018e+00 -1.888231192906010e-03 -9.582600279200412e-04 -1.007709950146460e+00
3 2 -1.000280265918239e+00 -1.890161137277245e-03 -9.566743547250350e-04 -1.007703662277033e+00
3 3 -1.000280998153470e+00 -1.891963566251644e-03 -9.553577642438451e-04 -1.007697517645468e+00
3 4 -1.000281708357441e+00 -1.893570146779888e-03 -9.543643123538535e-04 -1.007691742337526e+00
3 5 -1.000282374845712e+00 -1.894923902077736e-03 -9.537219145327790e-04 -1.007686539835260e+00
3 6 -1.000282977592277e+00 -1.895980711258362e-03 -9.534331851156900e-04 -1.007682085734480e+00
3 7 -1.000283498173087e+00 -1.896710005972912e-03 -9.534785002150356e-04 -1.007678524049555e+00
3 8 -1.000283919785804e+00 -1.897094677545702e-03 -9.538207597103182e-04 -1.007675965163865e+00
3 9 -1.000284227414303e+00 -1.897130248153045e-03 -9.544113153323828e-04 -1.007674485360111e+00
3 10 -1.000284408200368e+00 -1.896823481388032e-03 -9.551965009106668e-04 -1.007674127480222e+00
3 11 -1.000284452078972e+00 -1.896190765075281e-03 -9.561240649301840e-04 -1.007674901857322e+00
3 12 -1.000284352675034e+00 -1.895256665911705e-03 -9.571486429952435e-04 -1.007676786642709e+00
3 13 -1.000284108346460e+00 -1.894052936641139e-03 -9.582354137214960e-04 -1.007679727194876e+00
3 14 -1.000283723156450e+00 -1.892618001087631e-03 -9.593613510780094e-04 -1.007683635002027e+00
3 15 -1.000283207537333e+00 -1.890996715988221e-03 -9.605139065395279e-04 -1.007688387126029e+00
3 16 -1.000282578476336e+00 -1.889240140337341e-03 -9.616873555073949e-04 -1.007693827082535e+00
3 17 -1.000281859161602e+00 -1.887405113564285e-03 -9.628773889890701e-04 -1.007699767588949e+00
3 18 -1.000281078121158e+00 -1.885553532770551e-03 -9.640748849257216e-04 -1.007705995148064e+00
3 19 -1.000280267943744e+00 -1.883751241850190e-03 -9.652601175073792e-04 -1.007712276265982e+00
3 20 -1.000279463687012e+00 -1.882066420579093e-03 -9.663987763544453e-04 -1.007718365188008e+00
3 21 -1.000278701067081e+00 -1.880567358325523e-03 -9.674409264190671e-04 -1.007724013166949e+00
3 22 -1.000278014508713e+00 -1.879319552119698e-03 -9.683234944574355e-04 -1.007728979284883e+00
3 23 -1.000277435146143e+00 -1.878382175718424e-03 -9.689761965531661e-04 -1.007733042662325e+00
3 24 -1.000276988907809e+00 -1.877804112230489e-03 -9.693301628089452e-04 -1.007736015498428e+00
3 25 -1.000276694868890e+00 -1.877619919936260e-03 -9.693279413598987e-04 -1.007737755845182e+00
3 26 -1.000276564077247e+00 -1.877846273623093e-03 -9.689331711679523e-04 -1.007738178500575e+00
3 27 -1.000276599030018e+00 -1.878479511292497e-03 -9.681381419101211e-04 -1.007737262199639e+00
3 28 -1.000276793897026e+00 -1.879494833247147e-03 -9.669677830944229e-04 -1.007735051645218e+00
3 29 -1.000277135462546e+00 -1.880847427315781e-03 -9.654792717958292e-04 -1.007731653864161e+00
3 30 -1.000277604617159e+00 -1.882475409395167e-03 -9.637572576900532e-04 -1.007727229574665e+00
3 31 -1.000278178128845e+00 -1.884304116770610e-03 -9.619055081713049e-04 -1.007721981195628e+00
4 0 -1.000279873927783e+00 -1.886450447307150e-03 -9.615111956024071e-04 -1.007714047296126e+00
4 1 -1.000280591730580e+00 -1.888466716019473e-03 -9.596964791809564e-04 -1.007707761660528e+00
4 2 -1.000281330643785e+00 -1.890420818779912e-03 -9.580871674268415e-04 -1.007701417108174e+00
4 3 -1.000282065406915e+00 -1.892234531894563e-03 -9.567625015523673e-04 -1.007695257130352e+00
4 4 -1.000282772515434e+00 -1.893839152705721e-03 -9.557767290629191e-04 -1.007689508031340e+00
4 5 -1.000283430363318e+00 -1.895177831842086e-03 -9.551572930980622e-04 -1.007684372081005e+00
4 6 -1.000284019212813e+00 -1.896207062319959e-03 -9.549057205555413e-04 -1.007680022310671e+00
4 7 -1.000284521128184e+00 -1.896897344261277e-03 -9.550007594469092e-04 -1.007676598930793e+00
4 8 -1.000284919981507e+00 -1.897233047345508e-03 -9.554032303930364e-04 -1.007674207397461e+00
4 9 -1.000285201600901e+00 -1.897211530410014e-03 -9.560620569797620e-04 -1.007672918051420e+00
4 10 -1.000285354119046e+00 -1.896841691162919e-03 -9.569209077993715e-04 -1.007672766907637e+00
4 11 -1.000285368573128e+00 -1.896142273588778e-03 -9.579247414438971e-04 -1.007673756776541e+00
4 12 -1.000285239754822e+00 -1.895140333889261e-03 -9.590253834047834e-04 -1.007675857846555e+00
4 13 -1.000284967201268e+00 -1.893870155983067e-03 -9.601852737958619e-04 -1.007679007361653e+00
4 14 -1.000284556115759e+00 -1.892372653178942e-03 -9.613787949723186e-04 -1.007683108826821e+00
4 15 -1.000284017981950e+00 -1.890695056310059e-03 -9.625910104193586e-04 -1.007688031723232e+00
4 16 -1.000283370701530e+00 -1.888890608713159e-03 -9.638140586416636e-04 -1.007693612673007e+00
4 17 -1.000282638195232e+00 -1.887018058636651e-03 -9.650418026977388e-04 -1.007699658502778e+00
4 18 -1.000281849504780e+00 -1.885140842040202e-03 -9.662636788227146e-04 -1.007705951149958e+00
4 19 -1.000281037490495e+00 -1.883325886019171e-03 -9.674589837371931e-04 -1.007712254154012e+00
4 20 -1.000280237233155e+00 -1.881641938911465e-03 -9.685929413523360e-04 -1.007718320570544e+00
4 21 -1.000279484232788e+00 -1.880157316031669e-03 -9.696156708256618e-04 -1.007723902316908e+00
4 22 -1.000278812479308e+00 -1.878936993105225e-03 -9.704646647003727e-04 -1.007728760989624e+00
4 23 -1.000278252480822e+00 -1.878039088839848e-03 -9.710707162882189e-04 -1.007732679993489e+00
4 24 -1.000277829381047e+00 -1.877510934378075e-03 -9.713665482853052e-04 -1.007735477407484e+00
4 25 -1.000277561348817e+00 -1.877385105976227e-03 -9.712967993761018e-04 -1.007737018478239e+00
4 26 -1.000277458442486e+00 -1.877675958525924e-03 -9.708276425855272e-04 -1.007737226152371e+00
4 27 -1.000277522121937e+00 -1.878377275105139e-03 -9.699542584486122e-04 -1.007736087879335e+00
4 28 -1.000277745502369e+00 -1.879461569498282e-03 -9.687047124009359e-04 -1.007733657261124e+00
4 29 -1.000278114324742e+00 -1.880881317849435e-03 -9.671394231892415e-04 -1.007730050031110e+00
4 30 -1.000278608479669e+00 -1.882572013635539e-03 -9.653462222806989e-04 -1.007725435038384e+00
4 31 -1.000279203814215e+00 -1.884456576729787e-03 -9.634318278068300e-04 -1.007720021895888e+00
5 0 -1.000280966344192e+00 -1.886941110088130e-03 -9.615791732169800e-04 -1.007711504962623e+00
5 1 -1.000281701028636e+00 -1.889000299301465e-03 -9.597254496761954e-04 -1.007705097918640e+00
5 2 -1.000282452210751e+00 -1.890987009620860e-03 -9.580900205510295e-04 -1.007698666882430e+00
5 3 -1.000283194131419e+00 -1.892821871965791e-03 -9.567530367957650e-04 -1.007692458123183e+00
5 4 -1.000283902956721e+00 -1.894435437609234e-03 -9.557690534922106e-04 -1.007686699503508e+00
5 5 -1.000284556943527e+00 -1.895770537072177e-03 -9.551652281843062e-04 -1.007681593602155e+00
5 6 -1.000285136424256e+00 -1.896783783464778e-03 -9.549422530837335e-04 -1.007677312497205e+00
5 7 -1.000285623745938e+00 -1.897446235979905e-03 -9.550775577297355e-04 -1.007673994193154e+00
5 8 -1.000286003275002e+00 -1.897743249790623e-03 -9.555302357102141e-04 -1.007671740702851e+00
5 9 -1.000286261539443e+00 -1.897673574153546e-03 -9.562471604548132e-04 -1.007670617705756e+00
5 10 -1.000286387561568e+00 -1.897247866699840e-03 -9.571697248045371e-04 -1.007670655393547e+00
5 11 -1.000286373426512e+00 -1.896486944055637e-03 -9.582404883698264e-04 -1.007671849729147e+00
5 12 -1.000286215085113e+00 -1.895420169267623e-03 -9.594088492365842e-04 -1.007674163262685e+00
5 13 -1.000285913288643e+00 -1.894084276977822e-03 -9.606348703732234e-04 -1.007677525107038e+00
5 14 -1.000285474451303e+00 -1.892522685914959e-03 -9.618906657896495e-04 -1.007681830460476e+00
5 15 -1.000284911207310e+00 -1.890785103801239e-03 -9.631591771178928e-04 -1.007686940639715e+00
5 16 -1.000284242492705e+00 -1.888927137983761e-03 -9.644305932160949e-04 -1.007692684578485e+00
5 17 -1.000283493093717e+00 -1.887009692418714e-03 -9.656970342962311e-04 -1.007698862255696e+00
5 18 -1.000282692704910e+00 -1.885098045139330e-03 -9.669464603188451e-04 -1.007705249974248e+00
5 19 -1.000281874598552e+00 -1.883260552718888e-03 -9.681570338730502e-04 -1.007711607174070e+00
5 20 -1.000281074017462e+00 -1.881566907162380e-03 -9.692932491044119e-04 -1.007717684564011e+00
5 21 -1.000280326382426e+00 -1.880085840875131e-03 -9.703049324243594e-04 -1.007723233570554e+00
5 22 -1.000279665383568e+00 -1.878882204223726e-03 -9.711297388885499e-04 -1.007728017167564e+00
5 23 -1.000279121035724e+00 -1.878013449366413e-03 -9.716991073152639e-04 -1.007731821944866e+00
5 24 -1.000278717826091e+00 -1.877525721702639e-03 -9.719469237468761e-04 -1.007734470829656e+00
5 25 -1.000278473136205e+00 -1.877449944476453e-03 -9.718195202349482e-04 -1.007735835334722e+00
5 26 -1.000278396139469e+00 -1.877798434096380e-03 -9.712852576961675e-04 -1.007735845759666e+00
5 27 -1.000278487343800e+00 -1.878562648692494e-03 -9.703419164244971e-04 -1.007734497623552e+00
5 28 -1.000278738871870e+00 -1.879712594221926e-03 -9.690204562365653e-04 -1.007731852944572e+00
5 29 -1.000279135456559e+00 -1.881198162551004e-03 -9.673843383158600e-04 -1.007728035853830e+00
5 30 -1.000279655993333e+00 -1.882952298666442e-03 -9.655244128274246e-04 -1.007723223213255e+00
5 31 -1.000280275379901e+00 -1.884895521245948e-03 -9.635502163339056e-04 -1.007717631920706e+00
6 0 -1.000282062860754e+00 -1.887702984977620e-03 -9.602199102725053e-04 -1.007708630164833e+00
6 1 -1.000282817345992e+00 -1.889809864154090e-03 -9.583288556901719e-04 -1.007702082326194e+00
6 2 -1.000283584460125e+00 -1.891836084766693e-03 -9.566665011967285e-04 -1.007695539272723e+00
6 3 -1.000284337803636e+00 -1.893700899932610e-03 -9.553139118411672e-04 -1.007689250985024e+00
6 4 -1.000285053032995e+00 -1.895333777241754e-03 -9.543260605348736e-04 -1.007683448120382e+00
6 5 -1.000285708058476e+00 -1.896676796421067e-03 -9.537300310936700e-04 -1.007678335051460e+00
6 6 -1.000286283058177e+00 -1.897686190990307e-03 -9.535259836494936e-04 -1.007674084548088e+00
6 7 -1.000286760438365e+00 -1.898333042188298e-03 -9.536904076229072e-04 -1.007670834107581e+00
6 8 -1.000287124852052e+00 -1.898603150791376e-03 -9.541811044958591e-04 -1.007668683944950e+00
6 9 -1.000287363347715e+00 -1.898496147472406e-03 -9.549433671809091e-04 -1.007667696570916e+00
6 10 -1.000287465696289e+00 -1.898024001573860e-03 -9.559167973492722e-04 -1.007667897607559e+00
6 11 -1.000287424934626e+00 -1.897209237580509e-03 -9.570420407927065e-04 -1.007669277121910e+00
6 12 -1.000287238122629e+00 -1.896083256723247e-03 -9.582665427975107e-04 -1.007671790644854e+00
6 13 -1.000286907218405e+00 -1.894685074288047e-03 -9.595484407885398e-04 -1.007675359449180e+00
6 14 -1.000286439876381e+00 -1.893060537700955e-03 -9.608579937467251e-04 -1.007679870419758e+00
6 15 -1.000285849940309e+00 -1.891261839524577e-03 -9.621763793348487e-04 -1.007685176445682e+00
6 16 -1.000285157462550e+00 -1.889347035443897e-03 -9.634921197425906e-04 -1.007691098292764e+00
6 17 -1.000284388193870e+00 -1.887379339470471e-03 -9.647957779187653e-04 -1.007697428430922e+00
6 18 -1.000283572593101e+00 -1.885426090471968e-03 -9.660739048577949e-04 -1.007703936715845e+00
6 19 -1.000282744465226e+00 -1.883557350571363e-03 -9.673034683504937e-04 -1.007710377551816e+00
6 20 -1.000281939343600e+00 -1.881844079421586e-03 -9.684480511668965e-04 -1.007716498266764e+00
6 21 -1.000281192705126e+00 -1.880355787861529e-03 -9.694569035825018e-04 -1.007722048685368e+00
6 22 -1.000280538081487e+00 -1.879157588877613e-03 -9.702674803486882e-04 -1.007726791990462e+00
6 23 -1.000280005139987e+00 -1.878306670779867e-03 -9.708114456702852e-04 -1.007730516755182e+00
6 24 -1.000279617858371e+00 -1.877848396108260e-03 -9.710233955444026e-04 -1.007733049554914e+00
6 25 -1.000279392974460e+00 -1.877812422287811e-03 -9.708508936681847e-04 -1.007734267013688e+00
6 26 -1.000279338911050e+00 -1.878209385657283e-03 -9.702640375529421e-04 -1.007734105715495e+00
6 27 -1.000279455343849e+00 -1.879028741615753e-03 -9.692627740199919e-04 -1.007732568297117e+00
6 28 -1.000279733503667e+00 -1.880238270834950e-03 -9.678805432334574e-04 -1.007729724379781e+00
6 29 -1.000280157192575e+00 -1.881785519587267e-03 -9.661834578653530e-04 -1.007725705841512e+00
6 30 -1.000280704360008e+00 -1.883601071504012e-03 -9.642650290864512e-04 -1.007720697099309e+00
6 31 -1.000281348970621e+00 -1.885603169349712e-03 -9.622373001556953e-04 -1.007714922104930e+00
7 0 -1.000283119338169e+00 -1.888704053061141e-03 -9.574703706682601e-04 -1.007705556364871e+00
7 1 -1.000283895603994e+00 -1.890861151424055e-03 -9.555461334929522e-04 -1.007698855025267e+00
7 2 -1.000284681538051e+00 -1.892931888511132e-03 -9.538579886122351e-04 -1.007692179926460e+00
7 3 -1.000285449993837e+00 -1.894833976943877e-03 -9.524878614997095e-04 -1.007685785491375e+00
7 4 -1.000286175965380e+00 -1.896495517299613e-03 -9.514912259397902e-04 -1.007679906251111e+00
7 5 -1.000286836823931e+00 -1.897857443895800e-03 -9.508953050110265e-04 -1.007674749755040e+00
7 6 -1.000287412373854e+00 -1.898875127213335e-03 -9.507000543037595e-04 -1.007670491069101e+00
7 7 -1.000287884850031e+00 -1.899519129500224e-03 -9.508814460837806e-04 -1.007667268905554e+00
7 8 -1.000288238965942e+00 -1.899775133637705e-03 -9.513964860034393e-04 -1.007665183412916e+00
7 9 -1.000288462083160e+00 -1.899643101227774e-03 -9.521894305683647e-04 -1.007664295570043e+00
7 10 -1.000288544544740e+00 -1.899135808415311e-03 -9.531986565990312e-04 -1.007664627879430e+00
7 11 -1.000288480202340e+00 -1.898277053935688e-03 -9.543634634261944e-04 -1.007666165704070e+00
7 12 -1.000288267131353e+00 -1.897099930459035e-03 -9.556298957312239e-04 -1.007668858450146e+00
7 13 -1.000287908444823e+00 -1.895645478786443e-03 -9.569546879464700e-04 -1.007672620143937e+00
7 14 -1.000287413021997e+00 -1.893961807967356e-03 -9.583067223719318e-04 -1.007677329672783e+00
7 15 -1.000286795931060e+00 -1.892103508913676e-03 -9.596658330653066e-04 -1.007682831570408e+00
7 16 -1.000286078380437e+00 -1.890131072787776e-03 -9.610192243535431e-04 -1.007688938293869e+00
7 17 -1.000285287145975e+00 -1.888110080516798e-03 -9.623561630407853e-04 -1.007695434470397e+00
7 18 -1.000284453529557e+00 -1.886110056913928e-03 -9.636619466769731e-04 -1.007702082993580e+00
7 19 -1.000283611964600e+00 -1.884202961154133e-03 -9.649123857231692e-04 -1.007708632544912e+00
7 20 -1.000282798386920e+00 -1.882461273981104e-03 -9.660700708183162e-04 -1.007714826222568e+00
7 21 -1.000282048456711e+00 -1.880955593302184e-03 -9.670834873695428e-04 -1.007720411251764e+00
7 22 -1.000281395688068e+00 -1.879751650798446e-03 -9.678896057968428e-04 -1.007725149893401e+00
7 23 -1.000280869552908e+00 -1.878906765250867e-03 -9.684199476589555e-04 -1.007728831462722e+00
7 24 -1.000280493679379e+00 -1.878465936389157e-03 -9.686093801446787e-04 -1.007731284867979e+00
7 25 -1.000280284324157e+00 -1.878457985833890e-03 -9.684062068104734e-04 -1.007732390503993e+00
7 26 -1.000280249318802e+00 -1.878892294294564e-03 -9.677817346140700e-04 -1.007732089925522e+00
7 27 -1.000280387657208e+00 -1.879756721482767e-03 -9.667375267434330e-04 -1.007730391645252e+00
7 28 -1.000280689814642e+00 -1.881017203635879e-03 -9.653089405067111e-04 -1.007727371755465e+00
7 29 -1.000281138779473e+00 -1.882619286264465e-03 -9.635641799263481e-04 -1.007723168898485e+00
7 30 -1.000281711647155e+00 -1.884491487137336e-03 -9.615988851911192e-04 -1.007717974258651e+00
7 31 -1.000282381510241e+00 -1.886550004070176e-03 -9.595271299654142e-04 -1.007712018294634e+00
8 0 -1.000284094313343e+00 -1.889902112464455e-03 -9.534257177373404e-04 -1.007702423838931e+00
8 1 -1.000284893295664e+00 -1.892109589615378e-03 -9.514747884579500e-04 -1.007695563560170e+00
8 2 -1.000285700017792e+00 -1.894227716770206e-03 -9.497639938065628e-04 -1.007688742795434e+00
8 3 -1.000286486519836e+00 -1.896172580298733e-03 -9.483759952869604e-04 -1.007682220912137e+00
8 4 -1.000287227015472e+00 -1.897870697244605e-03 -9.473668039322767e-04 -1.007676237194006e+00
8 5 -1.000287898171480e+00 -1.899261515534043e-03 -9.467639727463499e-04 -1.007671003588355e+00
8 6 -1.000288479215901e+00 -1.900299097179562e-03 -9.465675801525136e-04 -1.007666698948333e+00
8 7 -1.000288951987021e+00 -1.900952965349553e-03 -9.467535233620207e-04 -1.007663464864568e+00
8 8 -1.000289301026457e+00 -1.901208124536860e-03 -9.472785445534000e-04 -1.007661403150183e+00
8 9 -1.000289513783933e+00 -1.901064301207973e-03 -9.480864579426931e-04 -1.007660574950881e+00
8 10 -1.000289580970081e+00 -1.900534539256991e-03 -9.491150402754702e-04 -1.007661001225865e+00
8 11 -1.000289497077780e+00 -1.899643426761229e-03 -9.503028712375638e-04 -1.007662664014490e+00
8 12 -1.000289261061560e+00 -1.898425335445809e-03 -9.515952009449861e-04 -1.007665507735519e+00
8 13 -1.000288877091260e+00 -1.896922999812051e-03 -9.529479282931575e-04 -1.007669440047954e+00
8 14 -1.000288355207863e+00 -1.895186538468256e-03 -9.543290738449558e-04 -1.007674332474869e+00
8 15 -1.000287711671403e+00 -1.893272762804046e-03 -9.557175812213313e-04 -1.007680021605484e+00
8 16 -1.000286968840657e+00 -1.891244490382795e-03 -9.570997228657027e-04 -1.007686311795304e+00
8 17 -1.000286154535645e+00 -1.889169626771930e-03 -9.584637819388890e-04 -1.007692979838485e+00
8 18 -1.000285300944366e+00 -1.887119908693303e-03 -9.597940307052264e-04 -1.007699781474495e+00
8 19 -1.000284443195523e+00 -1.885169288955417e-03 -9.610652536438755e-04 -1.007706459261400e+00
8 20 -1.000283617717933e+00 -1.883391937507848e-03 -9.622390761484885e-04 -1.007712751453620e+00
8 21 -1.000282860468677e+00 -1.881859777914127e-03 -9.632631397511732e-04 -1.007718401848864e+00
8 22 -1.000282205079214e+00 -1.880639466910279e-03 -9.640737456896936e-04 -1.007723170749784e+00
8 23 -1.000281680979369e+00 -1.879788822502480e-03 -9.646019809876513e-04 -1.007726846987272e+00
8 24 -1.000281311615059e+00 -1.879352902492214e-03 -9.647825869268015e-04 -1.007729260422423e+00
8 25 -1.000281112937830e+00 -1.879360150099552e-03 -9.645641147122586e-04 -1.007730293741395e+00
8 26 -1.000281092366599e+00 -1.879819166278755e-03 -9.639185103975172e-04 -1.007729891953444e+00
8 27 -1.000281248388602e+00 -1.880716692578793e-03 -9.628483236032848e-04 -1.007728067954915e+00
8 28 -1.000281570889625e+00 -1.882017285071135e-03 -9.613901589803325e-04 -1.007724902897249e+00
8 29 -1.000282042195617e+00 -1.883664924190667e-03 -9.596136282468570e-04 -1.007720540911131e+00
8 30 -1.000282638678289e+00 -1.885586451588369e-03 -9.576158372173884e-04 -1.007715178865010e+00
8 31 -1.000283332660571e+00 -1.887696345895471e-03 -9.555122827466404e-04 -1.007709052886969e+00
9 0 -1.000284950784012e+00 -1.891247106671320e-03 -9.482371108377189e-04 -1.007699370427974e+00
9 1 -1.000285772342356e+00 -1.893502783651729e-03 -9.462679278111815e-04 -1.007692353133894e+00
9 2 -1.000286600818011e+00 -1.895668945697212e-03 -9.445394531333483e-04 -1.007685379964486e+00
9 3 -1.000287407413755e+00 -1.897660046927869e-03 -9.431348852291398e-04 -1.007678715492001e+00
9 4 -1.000288165485450e+00 -1.899400880724202e-03 -9.421107490591488e-04 -1.007672604398145e+00
9 5 -1.000288850865786e+00 -1.900829137214677e-03 -9.414950771151074e-04 -1.007667264034822e+00
9 6 -1.000289442032289e+00 -1.901897183809327e-03 -9.412883758799035e-04 -1.007662878350116e+00
9 7 -1.000289920220118e+00 -1.902573030618703e-03 -9.414669042195975e-04 -1.007659593335584e+00
9 8 -1.000290269573910e+00 -1.902840473380675e-03 -9.419876818936739e-04 -1.007657514112684e+00
9 9 -1.000290477401182e+00 -1.902698448561024e-03 -9.427946950094428e-04 -1.007656703670210e+00
9 10 -1.000290534557190e+00 -1.902159718902225e-03 -9.438257721671449e-04 -1.007657183051977e+00
9 11 -1.000290435972091e+00 -1.901249146086904e-03 -9.450194282310168e-04 -1.007658932481934e+00
9 12 -1.000290181303429e+00 -1.900001919160771e-03 -9.463207477029106e-04 -1.007661892725930e+00
9 13 -1.000289775633798e+00 -1.898462070323236e-03 -9.476853763781063e-04 -1.007665966208469e+00
9 14 -1.000289230054066e+00 -1.896681400202787e-03 -9.490809963493098e-04 -1.007671018016495e+00
9 15 -1.000288561934795e+00 -1.894718678783402e-03 -9.504861206132060e-04 -1.007676877527434e+00
9 16 -1.000287794733081e+00 -1.892638850300227e-03 -9.518864888820867e-04 -1.007683341538027e+00
9 17 -1.000286957290166e+00 -1.890512006817404e-03 -9.532697428403184e-04 -1.007690179356209e+00
9 18 -1.000286082686563e+00 -1.888412023777512e-03 -9.546194115600671e-04 -1.007697139702349e+00
9 19 -1.000285206782396e+00 -1.886414845454929e-03 -9.559094641217583e-04 -1.007703958913796e+00
9 20 -1.000284366565751e+00 -1.884596406575863e-03 -9.571006853099255e-04 -1.007710370050749e+00
9 21 -1.000283598386896e+00 -1.883030115355174e-03 -9.581398987508163e-04 -1.007716112862349e+00
9 22 -1.000282936119477e+00 -1.881783799187840e-03 -9.589626519507437e-04 -1.007720944793986e+00
9 23 -1.000282409301182e+00 -1.880916106130163e-03 -9.594993899145115e-04 -1.007724653026635e+00
9 24 -1.000282041365711e+00 -1.880472559779435e-03 -9.596843892460650e-04 -1.007727066978535e+00
9 25 -1.000281848143456e+00 -1.880481693639013e-03 -9.594659822056214e-04 -1.007728070061484e+00
9 26 -1.000281836832071e+00 -1.880951837465907e-03 -9.588161766957508e-04 -1.007727609078108e+00
9 27 -1.000282005604460e+00 -1.881869141069225e-03 -9.577378459792576e-04 -1.007725699629023e+00
9 28 -1.000282343944307e+00 -1.883197304370253e-03 -9.562681213193009e-04 -1.007722426299527e+00
9 29 -1.000282833692011e+00 -1.884879245400490e-03 -9.544772741402361e-04 -1.007717937204132e+00
9 30 -1.000283450655986e+00 -1.886840591919937e-03 -9.524631365145621e-04 -1.007712433574053e+00
9 31 -1.000284166526855e+00 -1.888994505891551e-03 -9.503419359423428e-04 -1.007706156125162e+00
10 0 -1.000285657626742e+00 -1.892683784093638e-03 -9.421064166650502e-04 -1.007696523156926e+00
10 1 -1.000286500592347e+00 -1.894983338168787e-03 -9.401287439916494e-04 -1.007689357704274e+00
10 2 -1.000287350774812e+00 -1.897196008463507e-03 -9.383889820625101e-04 -1.007682232262830e+00
10 3 -1.000288178557329e+00 -1.899234688025258e-03 -9.369706004246495e-04 -1.007675416630665e+00
10 4 -1.000288956404221e+00 -1.901022388442891e-03 -9.359305516736480e-04 -1.007669161278065e+00
10 5 -1.000289659227635e+00 -1.902494853732038e-03 -9.352974441673630e-04 -1.007663689708755e+00
10 6 -1.000290264619467e+00 -1.903602449721309e-03 -9.350724771317367e-04 -1.007659192025847e+00
10 7 -1.000290753036462e+00 -1.904311269251390e-03 -9.352326791398088e-04 -1.007655819927998e+00
10 8 -1.000291108021291e+00 -1.904603423894075e-03 -9.357358697179676e-04 -1.007653683323279e+00
10 9 -1.000291316515480e+00 -1.904476540622566e-03 -9.365268099164620e-04 -1.007652848622650e+00
10 10 -1.000291369287793e+00 -1.903942564885936e-03 -9.375440258215558e-04 -1.007653338565343e+00
10 11 -1.000291261479326e+00 -1.903026105980946e-03 -9.387266164543558e-04 -1.007655133134344e+00
10 12 -1.000290993240237e+00 -1.901762677420496e-03 -9.400201202600604e-04 -1.007658170920254e+00
10 13 -1.000290570379497e+00 -1.900197164814573e-03 -9.413804983573099e-04 -1.007662350451902e+00
10 14 -1.000290004879808e+00 -1.898382661802399e-03 -9.427756013441076e-04 -1.007667531559763e+00
10 15 -1.000289315094526e+00 -1.896379563650353e-03 -9.441839573070372e-04 -1.007673537423071e+00
10 16 -1.000288525483030e+00 -1.894254662121479e-03 -9.455911662351564e-04 -1.007680158120829e+00
10 17 -1.000287665844737e+00 -1.892080011345879e-03 -9.469845790131222e-04 -1.007687156128355e+00
10 18 -1.000286770123636e+00 -1.889931460701677e-03 -9.483472926310437e-04 -1.007694273588212e+00
10 19 -1.000285874916977e+00 -1.887886850191015e-03 -9.496527227862936e-04 -1.007701240813558e+00
10 20 -1.000285017813263e+00 -1.886023864614415e-03 -9.508610086686552e-04 -1.007707785586205e+00
10 21 -1.000284235632795e+00 -1.884417474906824e-03 -9.519182641934226e-04 -1.007713643208887e+00
10 22 -1.000283562602752e+00 -1.883136858547477e-03 -9.527592845349480e-04 -1.007718567537642e+00
10 23 -1.000283028511077e+00 -1.882241776948552e-03 -9.533137466157322e-04 -1.007722343040097e+00
10 24 -1.000282656947145e+00 -1.881778600307502e-03 -9.535151924433793e-04 -1.007724797331373e+00
10 25 -1.000282463806590e+00 -1.881776414210604e-03 -9.533113193847658e-04 -1.007725812957853e+00
10 26 -1.000282456263189e+00 -1.882243795831946e-03 -9.526736518747808e-04 -1.007725336780673e+00
10 27 -1.000282632376840e+00 -1.883166852333066e-03 -9.516047411326910e-04 -1.007723385317474e+00
10 28 -1.000282981428452e+00 -1.884508983298791e-03 -9.501415302363487e-04 -1.007720044830818e+00
10 29 -1.000283484965298e+00 -1.886212586392015e-03 -9.483541968761709e-04 -1.007715465765073e+00
10 30 -1.000284118412921e+00 -1.888202584239035e-03 -9.463405404995831e-04 -1.007709852227440e+00
10 31 -1.000284852991843e+00 -1.890391277812707e-03 -9.442167920396977e-04 -1.007703448260543e+00
11 0 -1.000286190563098e+00 -1.894154423223639e-03 -9.352780005552258e-04 -1.007693991702189e+00
11 1 -1.000287052862733e+00 -1.896491724777262e-03 -9.333021536844894e-04 -1.007686692983125e+00
11 2 -1.000287923759171e+00 -1.898747410080079e-03 -9.315583348759894e-04 -1.007679421785912e+00
11 3 -1.000288772871331e+00 -1.900832950679942e-03 -9.301299729980654e-04 -1.007672452936283e+00
11 4 -1.000289571782215e+00 -1.902669600165724e-03 -9.290743066071905e-04 -1.007666042824496e+00
11 5 -1.000290294444644e+00 -1.904191059900428e-03 -9.284205582761454e-04 -1.007660421564487e+00
11 6 -1.000290917476790e+00 -1.905345481864500e-03 -9.281708295260998e-04 -1.007655786177914e+00
11 7 -1.000291420422998e+00 -1.906096726521772e-03 -9.283032769915917e-04 -1.007652295100748e+00
11 8 -1.000291786049971e+00 -1.906424821246161e-03 -9.287769981737792e-04 -1.007650064278190e+00
11 9 -1.000292000726815e+00 -1.906325619585535e-03 -9.295380930954451e-04 -1.007649164964036e+00
11 10 -1.000292054906684e+00 -1.905809746011641e-03 -9.305263950845990e-04 -1.007649623126844e+00
11 11 -1.000291943702118e+00 -1.904901040426566e-03 -9.316822008192169e-04 -1.007651420090131e+00
11 12 -1.000291667519516e+00 -1.903634835569469e-03 -9.329520851863149e-04 -1.007654493830706e+00
11 13 -1.000291232672971e+00 -1.902056396083015e-03 -9.342928551139698e-04 -1.007658740466277e+00
11 14 -1.000290651839576e+00 -1.900219675762142e-03 -9.356730008776294e-04 -1.007664015940804e+00
11 15 -1.000289944187433e+00 -1.898186307338330e-03 -9.370714807918640e-04 -1.007670138469386e+00
11 16 -1.000289135043289e+00 -1.896024587701204e-03 -9.384741248095081e-04 -1.007676892495556e+00
11 17 -1.000288255065670e+00 -1.893808237935164e-03 -9.398683296787052e-04 -1.007684034570867e+00
11 18 -1.000287339000630e+00 -1.891614840168761e-03 -9.412370698802848e-04 -1.007691300962960e+00
11 19 -1.000286424159898e+00 -1.889523954882291e-03 -9.425534839762748e-04 -1.007698416415543e+00
11 20 -1.000285548749227e+00 -1.887614923028879e-03 -9.437772920351831e-04 -1.007705103592093e+00
11 21 -1.000284750115517e+00 -1.885964281232946e-03 -9.448540541692680e-04 -1.007711093170610e+00
11 22 -1.000284062934818e+00 -1.884642669401697e-03 -9.457178759648705e-04 -1.007716134869888e+00
11 23 -1.000283517376283e+00 -1.883711190017110e-03 -9.462976113149808e-04 -1.007720009520508e+00
11 24 -1.000283137345794e+00 -1.883217398842743e-03 -9.465258733431246e-04 -1.007722541665018e+00
11 25 -1.000282938987195e+00 -1.883191367657932e-03 -9.463493829333209e-04 -1.007723611437631e+00
11 26 -1.000282929647016e+00 -1.883642424789677e-03 -9.457387045756911e-04 -1.007723164028545e+00
11 27 -1.000283107474742e+00 -1.884557179706424e-03 -9.446954833209956e-04 -1.007721215060190e+00
11 28 -1.000283461751180e+00 -1.885899292355496e-03 -9.432558126881908e-04 -1.007717850666509e+00
11 29 -1.000283973928745e+00 -1.887611194961034e-03 -9.414890664471732e-04 -1.007713221897726e+00
11 30 -1.000284619239605e+00 -1.889617634054819e-03 -9.394922826133532e-04 -1.007707534161893e+00
11 31 -1.000285368609489e+00 -1.891830532560880e-03 -9.373809831855278e-04 -1.007701033461970e+00
12 0 -1.000286532658218e+00 -1.895601419042452e-03 -9.280279934300779e-04 -1.007691864238958e+00
12 1 -1.000287411494977e+00 -1.897968966713953e-03 -9.260640135279036e-04 -1.007684451950844e+00
12 2 -1.000288301297456e+00 -1.900262531095168e-03 -9.243235224865395e-04 -1.007677047019439e+00
12 3 -1.000289171005953e+00 -1.902392356013249e-03 -9.228895804504450e-04 -1.007669928917336e+00
12 4 -1.000289991372501e+00 -1.904278035806891e-03 -9.218195318847439e-04 -1.007663359843305e+00
12 5 -1.000290735399303e+00 -1.905851225125809e-03 -9.211431971250748e-04 -1.007657576686813e+00
12 6 -1.000291378692872e+00 -1.907057751790164e-03 -9.208637262069869e-04 -1.007652783833221e+00
12 7 -1.000291899798285e+00 -1.907859029796103e-03 -9.209606967668103e-04 -1.007649147175217e+00
12 8 -1.000292280571153e+00 -1.908232692596100e-03 -9.213948984868515e-04 -1.007646789673905e+00
12 9 -1.000292506628452e+00 -1.908172428773673e-03 -9.221142729848254e-04 -1.007645788637706e+00
12 10 -1.000292567891009e+00 -1.907687088614698e-03 -9.230605115347216e-04 -1.007646174666067e+00
12 11 -1.000292459201207e+00 -1.906799253353186e-03 -9.241756642475704e-04 -1.007647931951515e+00
12 12 -1.000292180970630e+00 -1.905543576569750e-03 -9.254078679672372e-04 -1.007650999437544e+00
12 13 -1.000291739773394e+00 -1.903965216929831e-03 -9.267152508413071e-04 -1.007655272392531e+00
12 14 -1.000291148754222e+00 -1.902118530907535e-03 -9.280673632426554e-04 -1.007660604364564e+00
12 15 -1.000290427696117e+00 -1.900065965072925e-03 -9.294439637860007e-04 -1.007666809991252e+00
12 16 -1.000289602626161e+00 -1.897876934282803e-03 -9.308314418050866e-04 -1.007673669339139e+00
12 17 -1.000288704932124e+00 -1.895626479841456e-03 -9.322175398344411e-04 -1.007680934137527e+00
12 18 -1.000287770072442e+00 -1.893393618865009e-03 -9.335853874564050e-04 -1.007688335684065e+00
12 19 -1.000286836025382e+00 -1.891259396974303e-03 -9.349080993976221e-04 -1.007695593813133e+00
12 20 -1.000285941608300e+00 -1.889304654778537e-03 -9.361451942905285e-04 -1.007702426434156e+00
12 21 -1.000285124731346e+00 -1.887607433572265e-03 -9.372418440183210e-04 -1.007708559621014e+00
12 22 -1.000284420597396e+00 -1.886239884186606e-03 -9.381315587071667e-04 -1.007713738595647e+00
12 23 -1.000283859873078e+00 -1.885264616317951e-03 -9.387423691018690e-04 -1.007717739798798e+00
12 24 -1.000283466929617e+00 -1.884730653572613e-03 -9.390058415724502e-04 -1.007720383577723e+00
12 25 -1.000283258332519e+00 -1.884669438987395e-03 -9.388674702215700e-04 -1.007721546224711e+00
12 26 -1.000283241790392e+00 -1.885091516638785e-03 -9.382964798804954e-04 -1.007721169613762e+00
12 27 -1.000283415739566e+00 -1.885984514932503e-03 -9.372931197167767e-04 -1.007719266711590e+00
12 28 -1.000283769659666e+00 -1.887312896592728e-03 -9.358920603109154e-04 -1.007715921740915e+00
12 29 -1.000284285104130e+00 -1.889019673297491e-03 -9.341612411944481e-04 -1.007711284634497e+00
12 30 -1.000284937300456e+00 -1.891029941143907e-03 -9.321962802329206e-04 -1.007705560508880e+00
12 31 -1.000285697056659e+00 -1.893255730781653e-03 -9.301113362807971e-04 -1.007698995926802e+00
13 0 -1.000286674407702e+00 -1.896969607191825e-03 -9.206516398343983e-04 -1.007690205692621e+00
13 1 -1.000287566470751e+00 -1.899359005430656e-03 -9.187085218022129e-04 -1.007682702959148e+00
13 2 -1.000288472729910e+00 -1.901684066188047e-03 -9.169782114403312e-04 -1.007675180706086e+00
13 3 -1.000289361553506e+00 -1.903854036534483e-03 -9.155430878943838e-04 -1.007667922535110e+00
13 4 -1.000290202945269e+00 -1.905787011969430e-03 -9.144604063901232e-04 -1.007661196135269e+00
13 5 -1.000290969007375e+00 -1.907412680158479e-03 -9.137605262086803e-04 -1.007655245068396e+00
13 6 -1.000291634344215e+00 -1.908674533149507e-03 -9.134477306280296e-04 -1.007650281220722e+00
13 7 -1.000292176462689e+00 -1.909531428307962e-03 -9.135032388115927e-04 -1.007646478343266e+00
13 8 -1.000292576215641e+00 -1.909958394929879e-03 -9.138898692669382e-04 -1.007643967094180e+00
13 9 -1.000292818323073e+00 -1.909946651994765e-03 -9.145578290202639e-04 -1.007642831796237e+00
13 10 -1.000292891980255e+00 -1.909502890997347e-03 -9.154511408715775e-04 -1.007643108892282e+00
13 11 -1.000292791528829e+00 -1.908647992940890e-03 -9.165140903880897e-04 -1.007644786853493e+00
13 12 -1.000292517133707e+00 -1.907415461089084e-03 -9.176968318792589e-04 -1.007647807119092e+00
13 13 -1.000292075373317e+00 -1.905849872162328e-03 -9.189592240062789e-04 -1.007652065676708e+00
13 14 -1.000291479615373e+00 -1.904005521629839e-03 -9.202722359540564e-04 -1.007657415223054e+00
13 15 -1.000290750035271e+00 -1.901945227908663e-03 -9.216167391963103e-04 -1.007663668294924e+00
13 16 -1.000289913168275e+00 -1.899739109416219e-03 -9.229799565715212e-04 -1.007670601956083e+00
13 17 -1.000289000976098e+00 -1.897463147888839e-03 -9.243502209593000e-04 -1.007677964347063e+00
13 18 -1.000288049515721e+00 -1.895197460820141e-03 -9.257110394391829e-04 -1.007685482841939e+00
13 19 -1.000287097361939e+00 -1.893024303432551e-03 -9.270357049315633e-04 -1.007692873174240e+00
13 20 -1.000286183918039e+00 -1.891025815096870e-03 -9.282837110606072e-04 -1.007699849019755e+00
13 21 -1.000285347675539e+00 -1.889281430730017e-03 -9.293999829037407e-04 -1.007706132035543e+00
13 22 -1.000284624424496e+00 -1.887864803694899e-03 -9.303175300566991e-04 -1.007711462766430e+00
13 23 -1.000284045428227e+00 -1.886840153418104e-03 -9.309635927120388e-04 -1.007715612700811e+00
13 24 -1.000283635655733e+00 -1.886258185957531e-03 -9.312686391522674e-04 -1.007718397060535e+00
13 25 -1.000283412252453e+00 -1.886152034263459e-03 -9.311767805230372e-04 -1.007719687046566e+00
13 26 -1.000283383465157e+00 -1.886533863435622e-03 -9.306556319757264e-04 -1.007719419724839e+00
13 27 -1.000283548203168e+00 -1.887392788699549e-03 -9.297036709943211e-04 -1.007717603764805e+00
13 28 -1.000283896334312e+00 -1.888694579763247e-03 -9.283536836705535e-04 -1.007714319781927e+00
13 29 -1.000284409700072e+00 -1.890383342785541e-03 -9.266716524021542e-04 -1.007709714929800e+00
13 30 -1.000285063703551e+00 -1.892385025498683e-03 -9.247512174600653e-04 -1.007703992484108e+00
13 31 -1.000285829205050e+00 -1.894612234171885e-03 -9.227046128973683e-04 -1.007697398192812e+00
14 0 -1.000286613516863e+00 -1.898208263452905e-03 -9.134495028133070e-04 -1.007689058032236e+00
14 1 -1.000287515190158e+00 -1.900610688172151e-03 -9.115345648084917e-04 -1.007681490059944e+00
14 2 -1.000288435002328e+00 -1.902960028764183e-03 -9.098201576244936e-04 -1.007673870122873e+00
14 3 -1.000289340867552e+00 -1.905164787026008e-03 -9.083877108751329e-04 -1.007666485342235e+00
14 4 -1.000290202145895e+00 -1.907141764773974e-03 -9.072942060681301e-04 -1.007659608419263e+00
14 5 -1.000290990122312e+00 -1.908818830527695e-03 -9.065704607225112e-04 -1.007653489261280e+00
14 6 -1.000291678448733e+00 -1.910137215972647e-03 -9.062219267089696e-04 -1.007648347119199e+00
14 7 -1.000292243599490e+00 -1.911053210849775e-03 -9.062316148527669e-04 -1.007644363701688e+00
14 8 -1.000292665377926e+00 -1.911539133372269e-03 -9.065646241381145e-04 -1.007641677737836e+00
14 9 -1.000292927503745e+00 -1.911583527237264e-03 -9.071737582842157e-04 -1.007640381236906e+00
14 10 -1.000293018288082e+00 -1.911190627299427e-03 -9.080057527008362e-04 -1.007640517451776e+00
14 11 -1.000292931366314e+00 -1.910379241542884e-03 -9.090075236895037e-04 -1.007642080353719e+00
14 12 -1.000292666418803e+00 -1.909181299806892e-03 -9.101316194495990e-04 -1.007645015283793e+00
14 13 -1.000292229775506e+00 -1.907640348471383e-03 -9.113399659766688e-04 -1.007649220458653e+00
14 14 -1.000291634775782e+00 -1.905810167980563e-03 -9.126052423395239e-04 -1.007654549265097e+00
14 15 -1.000290901750911e+00 -1.903753502490895e-03 -9.139096808750557e-04 -1.007660813655247e+00
14 16 -1.000290057533614e+00 -1.901540746424621e-03 -9.152415482837496e-04 -1.007667789131558e+00
14 17 -1.000289134483681e+00 -1.899248424082594e-03 -9.165899469301047e-04 -1.007675221561853e+00
14 18 -1.000288169122431e+00 -1.896957398014557e-03 -9.179389160709570e-04 -1.007682835533588e+00
14 19 -1.000287200532255e+00 -1.894750834186248e-03 -9.192620613667315e-04 -1.007690343585357e+00
14 20 -1.000286268659331e+00 -1.892711941896887e-03 -9.205189660080872e-04 -1.007697455789059e+00
14 21 -1.000285412577988e+00 -1.890921402711763e-03 -9.216544010745977e-04 -1.007703889702624e+00
14 22 -1.000284668708609e+00 -1.889454316759264e-03 -9.226009447244426e-04 -1.007709381174145e+00
14 23 -1.000284068991885e+00 -1.888376555368265e-03 -9.232850858666877e-04 -1.007713696370557e+00
14 24 -1.000283639107396e+00 -1.887740650634069e-03 -9.236361881179793e-04 -1.007716644675435e+00
14 25 -1.000283396919154e+00 -1.887581668412580e-03 -9.235969038353011e-04 -1.007718091171162e+00
14 26 -1.000283351369805e+00 -1.887913726993663e-03 -9.231330747466185e-04 -1.007717966830108e+00
14 27 -1.000283502011392e+00 -1.888727830814808e-03 -9.222411516697153e-04 -1.007716274560085e+00
14 28 -1.000283839274531e+00 -1.889991504392168e-03 -9.209517015990420e-04 -1.007713089818416e+00
14 29 -1.000284345461816e+00 -1.891650415138354e-03 -9.193283548461173e-04 -1.007708555435173e+00
14 30 -1.000284996318591e+00 -1.893631822969480e-03 -9.174623415621671e-04 -1.007702871390810e+00
14 31 -1.000285762914562e+00 -1.895849342474901e-03 -9.154635272824149e-04 -1.007696281318707e+00
15 0 -1.000286354487578e+00 -1.899272743918436e-03 -9.067134054672673e-04 -1.007688442061180e+00
15 1 -1.000287262032670e+00 -1.901679354326122e-03 -9.048318584952465e-04 -1.007680834971480e+00
15 2 -1.000288192212008e+00 -1.904045304607279e-03 -9.031375066756750e-04 -1.007673139159754e+00
15 3 -1.000289112606100e+00 -1.906278609398536e-03 -9.017106264617965e-04 -1.007665644601485e+00
15 4 -1.000289992047694e+00 -1.908295010323277e-03 -9.006077757769567e-04 -1.007658628416189e+00
15 5 -1.000290801108878e+00 -1.910020755625293e-03 -8.998601505964892e-04 -1.007652346353387e+00
15 6 -1.000291512569764e+00 -1.911394964574932e-03 -8.994743739612994e-04 -1.007647024660653e+00
15 7 -1.000292101916475e+00 -1.912371438854964e-03 -8.994353350753745e-04 -1.007642852827437e+00
15 8 -1.000292547900091e+00 -1.912919781518276e-03 -8.997105770837654e-04 -1.007639977723396e+00
15 9 -1.000292833182573e+00 -1.913025762505786e-03 -9.002557288293110e-04 -1.007638499405235e+00
15 10 -1.000292945076129e+00 -1.912690964231002e-03 -9.010205136760787e-04 -1.007638468609667e+00
15 11 -1.000292876341637e+00 -1.911931836450434e-03 -9.019547756551649e-04 -1.007639885780880e+00
15 12 -1.000292625964074e+00 -1.910778378974319e-03 -9.030137472725899e-04 -1.007642701383139e+00
15 13 -1.000292199787136e+00 -1.909272702763018e-03 -9.041616840663310e-04 -1.007646817258305e+00
15 14 -1.000291610873965e+00 -1.907467641722850e-03 -9.053731992653710e-04 -1.007652088975603e+00
15 15 -1.000290879469424e+00 -1.905425426598694e-03 -9.066320713315738e-04 -1.007658329418073e+00
15 16 -1.000290032480776e+00 -1.903216297704597e-03 -9.079277588572816e-04 -1.007665313998005e+00
15 17 -1.000289102474456e+00 -1.900916917023442e-03 -9.092502474552563e-04 -1.007672787671255e+00
15 18 -1.000288126285494e+00 -1.898608528203875e-03 -9.105841930807761e-04 -1.007680473426460e+00
15 19 -1.000287143399239e+00 -1.896374898769183e-03 -9.119035754666285e-04 -1.007688081569760e+00
15 20 -1.000286194246813e+00 -1.894300064248269e-03 -9.131681107300744e-04 -1.007695319269376e+00
15 21 -1.000285318471531e+00 -1.892465782012992e-03 -9.143224465606058e-04 -1.007701900399719e+00
15 22 -1.000284553150204e+00 -1.890948506122207e-03 -9.152987539340446e-04 -1.007707556230048e+00
15 23 -1.000283930962108e+00 -1.889815749648244e-03 -9.160227916878960e-04 -1.007712047417981e+00
15 24 -1.000283478388613e+00 -1.889121947894135e-03 -9.164228292495414e-04 -1.007715177014034e+00
15 25 -1.000283214128213e+00 -1.888904266381742e-03 -9.164400398278056e-04 -1.007716803193965e+00
15 26 -1.000283147954536e+00 -1.889179028654268e-03 -9.160384180087528e-04 -1.007716849792227e+00
15 27 -1.000283280210574e+00 -1.889939452347650e-03 -9.152122486594842e-04 -1.007715312716982e+00
15 28 -1.000283602044484e+00 -1.891155191542934e-03 -9.139896768065509e-04 -1.007712260917812e+00
15 29 -1.000284096374665e+00 -1.892773875485848e-03 -9.124317254129821e-04 -1.007707831529789e+00
15 30 -1.000284739438022e+00 -1.894724478007831e-03 -9.106269226420302e-04 -1.007702219928721e+00
15 31 -1.000285502654564e+00 -1.896922004056539e-03 -9.086824569061092e-04 -1.007695666450536e+00
16 0 -1.000285908107926e+00 -1.900125741879460e-03 -9.007130068024610e-04 -1.007688360138603e+00
16 1 -1.000286817805746e+00 -1.902528013763907e-03 -8.988677531881183e-04 -1.007680740047365e+00
16 2 -1.000287755021239e+00 -1.904902763880442e-03 -8.971958049916655e-04 -1.007672991500859e+00
16 3 -1.000288687118599e+00 -1.907157774474895e-03 -8.957761612267784e-04 -1.007665406629934e+00
16 4 -1.000289582523610e+00 -1.909207976606485e-03 -8.946648583173694e-04 -1.007658266292325e+00
16 5 -1.000290411212811e+00 -1.910978235158222e-03 -8.938934085409131e-04 -1.007651831433915e+00
16 6 -1.000291145198113e+00 -1.912405765810150e-03 -8.934695881485373e-04 -1.007646334731540e+00
16 7 -1.000291759054633e+00 -1.913442044029330e-03 -8.933801937602951e-04 -1.007641973027007e+00
16 8 -1.000292230519687e+00 -1.914054053292937e-03 -8.935952875391508e-04 -1.007638901106669e+00
16 9 -1.000292541187048e+00 -1.914224801365874e-03 -8.940734427665989e-04 -1.007637227117457e+00
16 10 -1.000292677303711e+00 -1.913953132787068e-03 -8.947675311981429e-04 -1.007637009636821e+00
16 11 -1.000292630632549e+00 -1.913252953126557e-03 -8.956305149803667e-04 -1.007638256270200e+00
16 12 -1.000292399288357e+00 -1.912152054524381e-03 -8.966205115113997e-04 -1.007640923601095e+00
16 13 -1.000291988415231e+00 -1.910690762370063e-03 -8.977042957699044e-04 -1.007644918338735e+00
16 14 -1.000291410564864e+00 -1.908920565452987e-03 -8.988585800204736e-04 -1.007650099639670e+00
16 15 -1.000290685655994e+00 -1.906902758545077e-03 -9.000688213381485e-04 -1.007656282796536e+00
16 16 -1.000289840442799e+00 -1.904707004537274e-03 -9.013257659435860e-04 -1.007663244597174e+00
16 17 -1.000288907497684e+00 -1.902409700706310e-03 -9.026203393334562e-04 -1.007670730456300e+00
16 18 -1.000287923807400e+00 -1.900092109050997e-03 -9.039378339606933e-04 -1.007678462968314e+00
16 19 -1.000286929143453e+00 -1.897838289046639e-03 -9.052525942839985e-04 -1.007686151193748e+00
16 20 -1.000285964350908e+00 -1.895732853384449e-03 -9.065244414356826e-04 -1.007693500139329e+00
16 21 -1.000285069613326e+00 -1.893858449625267e-03 -9.076978648227394e-04 -1.007700220484981e+00
16 22 -1.000284282672373e+00 -1.892292765153979e-03 -9.087045988843121e-04 -1.007706039154709e+00
16 23 -1.000283636986516e+00 -1.891104901980644e-03 -9.094696591397133e-04 -1.007710711270761e+00
16 24 -1.000283159906944e+00 -1.890351217986336e-03 -9.099202249620908e-04 -1.007714033260898e+00
16 25 -1.000282871057419e+00 -1.890071073598348e-03 -9.099959993372549e-04 -1.007715855846017e+00
16 26 -1.000282781151446e+00 -1.890283167909009e-03 -9.096591225980434e-04 -1.007716094939248e+00
16 27 -1.000282891445159e+00 -1.890983168774078e-03 -9.089016734543803e-04 -1.007714738476192e+00
16 28 -1.000283193934345e+00 -1.892143147607499e-03 -9.077492954895542e-04 -1.007711847801950e+00
16 29 -1.000283672285311e+00 -1.893713013230829e-03 -9.062602882423091e-04 -1.007707553213272e+00
16 30 -1.000284303355429e+00 -1.895623779774188e-03 -9.045203321994261e-04 -1.007702044366880e+00
16 31 -1.000285059037672e+00 -1.897792159841600e-03 -9.026337738176137e-04 -1.007695557273665e+00
17 0 -1.000285290906222e+00 -1.900738157187515e-03 -8.956838403751795e-04 -1.007688799300092e+00
17 1 -1.000286199154143e+00 -1.903128129339874e-03 -8.938755061083352e-04 -1.007681191648099e+00
17 2 -1.000287140024279e+00 -1.905503964604251e-03 -8.922265004176705e-04 -1.007673414225154e+00
17 3 -1.000288080776322e+00 -1.907773458206056e-03 -8.908145076211440e-04 -1.007665760593563e+00
17 4 -1.000288989549526e+00 -1.909850989808993e-03 -8.896950035096669e-04 -1.007658514595346e+00
17 5 -1.000289835850118e+00 -1.911660309049822e-03 -8.888997767453503e-04 -1.007651941600263e+00
17 6 -1.000290591043010e+00 -1.913136991100169e-03 -8.884377203592252e-04 -1.007646279965482e+00
17 7 -1.000291228897384e+00 -1.914230423388334e-03 -8.882975100450263e-04 -1.007641733222772e+00
17 8 -1.000291726212655e+00 -1.914905160238250e-03 -8.884517123160922e-04 -1.007638463573033e+00
17 9 -1.000292063548432e+00 -1.915141565679884e-03 -8.888618534408089e-04 -1.007636586989157e+00
17 10 -1.000292226067998e+00 -1.914935770356490e-03 -8.894839965772596e-04 -1.007636169934139e+00
17 11 -1.000292204458993e+00 -1.914299050753717e-03 -8.902743037318768e-04 -1.007637227574327e+00
17 12 -1.000291995831370e+00 -1.913256797406108e-03 -8.911938888240369e-04 -1.007639723367830e+00
17 13 -1.000291604447202e+00 -1.911847262244215e-03 -8.922121694118063e-04 -1.007643569953181e+00
17 14 -1.000291042132375e+00 -1.910120232548131e-03 -8.933080722773606e-04 -1.007648631357053e+00
17 15 -1.000290328251624e+00 -1.908135671582388e-03 -8.944688255272793e-04 -1.007654726683666e+00
17 16 -1.000289489183022e+00 -1.905962259207647e-03 -8.956865199871331e-04 -1.007661635515092e+00
17 17 -1.000288557303518e+00 -1.903675738684877e-03 -8.969530337427473e-04 -1.007669105065943e+00
17 18 -1.000287569584780e+00 -1.901357038261403e-03 -8.982542630534682e-04 -1.007676858723221e+00
17 19 -1.000286565959408e+00 -1.899090207188502e-03 -8.995648479479522e-04 -1.007684605286169e+00
17 20 -1.000285587603698e+00 -1.896960187456495e-03 -9.008446246267323e-04 -1.007692048363988e+00
17 21 -1.000284675197245e+00 -1.895050322650387e-03 -9.020378308517480e-04 -1.007698895987828e+00
17 22 -1.000283867135762e+00 -1.893439391868906e-03 -9.030756847666631e-04 -1.007704871069579e+00
17 23 -1.000283197674827e+00 -1.892197998009597e-03 -9.038824076157865e-04 -1.007709723316612e+00
17 24 -1.000282695077904e+00 -1.891384390198967e-03 -9.043840746633788e-04 -1.007713242438239e+00
17 25 -1.000282379956890e+00 -1.891040152513398e-03 -9.045189367278944e-04 -1.007715271390245e+00
17 26 -1.000282264044522e+00 -1.891186449106497e-03 -9.042473142009869e-04 -1.007715717654081e+00
17 27 -1.000282349602277e+00 -1.891821543750273e-03 -9.035591131971272e-04 -1.007714560513325e+00
17 28 -1.000282629574687e+00 -1.892920116461780e-03 -9.024774987808679e-04 -1.007711852906803e+00
17 29 -1.000283088481535e+00 -1.894434577803299e-03 -9.010580560543975e-04 -1.007707717425708e+00
17 30 -1.000283703906358e+00 -1.896298220119910e-03 -8.993836114304538e-04 -1.007702337131715e+00
17 31 -1.000284448318248e+00 -1.898429705086888e-03 -8.975556473968956e-04 -1.007695942869991e+00
18 0 -1.000284524600104e+00 -1.901089614272825e-03 -8.918175045237950e-04 -1.007689734263685e+00
18 1 -1.000285427971013e+00 -1.903460052930074e-03 -8.900446895474816e-04 -1.007682163349221e+00
18 2 -1.000286369121977e+00 -1.905829516276875e-03 -8.884175712214034e-04 -1.007674381190166e+00
18 3 -1.000287315314963e+00 -1.908106045465054e-03 -8.870125683036622e-04 -1.007666682032054e+00
18 4 -1.000288234522597e+00 -1.910203734937912e-03 -8.858846111554519e-04 -1.007659351875199e+00
18 5 -1.000289095911977e+00 -1.912045515647794e-03 -8.850657401958219e-04 -1.007652659619260e+00
18 6 -1.000289870336545e+00 -1.913565636048876e-03 -8.845659033506176e-04 -1.007646848380734e+00
18 7 -1.000290530888205e+00 -1.914711705154345e-03 -8.843755651200394e-04 -1.007642127499334e+00
18 8 -1.000291053536586e+00 -1.915446126611669e-03 -8.844696914957362e-04 -1.007638665830505e+00
18 9 -1.000291417880145e+00 -1.915746837461318e-03 -8.848126623293803e-04 -1.007636586627990e+00
18 10 -1.000291608022797e+00 -1.915607379136563e-03 -8.853636622664132e-04 -1.007635964000248e+00
18 11 -1.000291613543077e+00 -1.915036409133323e-03 -8.860820307440596e-04 -1.007636820804693e+00
18 12 -1.000291430451927e+00 -1.914056805116262e-03 -8.869319050233570e-04 -1.007639127891457e+00
18 13 -1.000291061982003e+00 -1.912704524635958e-03 -8.878854064192724e-04 -1.007642804693021e+00
18 14 -1.000290519047364e+00 -1.911027348747289e-03 -8.889237488770747e-04 -1.007647721232470e+00
18 15 -1.000289820252497e+00 -1.909083553169190e-03 -8.900359929096658e-04 -1.007653701705055e+00
18 16 -1.000288991391669e+00 -1.906940460153620e-03 -8.912156042914840e-04 -1.007660529808884e+00
18 17 -1.000288064453999e+00 -1.904672794722931e-03 -8.924553982384459e-04 -1.007667955823788e+00
18 18 -1.000287076231842e+00 -1.902360819077554e-03 -8.937418086900615e-04 -1.007675705062691e+00
18 19 -1.000286066689814e+00 -1.900088283666972e-03 -8.950496630149155e-04 -1.007683487021101e+00
18 20 -1.000285077242376e+00 -1.897940217396981e-03 -8.963386809273425e-04 -1.007691004680749e+00
18 21 -1.000284149004802e+00 -1.896000460728005e-03 -8.975527153952115e-04 -1.007697964015245e+00
18 22 -1.000283320994658e+00 -1.894348725094773e-03 -8.986223535843880e-04 -1.007704084349139e+00
18 23 -1.000282628256720e+00 -1.893056993783154e-03 -8.994709432987728e-04 -1.007709110238184e+00
18 24 -1.000282099979873e+00 -1.892185327478113e-03 -9.000234232493543e-04 -1.007712824772732e+00
18 25 -1.000281757795278e+00 -1.891777498032418e-03 -9.002166072308119e-04 -1.007715063077547e+00
18 26 -1.000281614501052e+00 -1.891857144140333e-03 -9.000090491191433e-04 -1.007715723977801e+00
18 27 -1.000281673422570e+00 -1.892425178374235e-03 -8.993885618390788e-04 -1.007714777739698e+00
18 28 -1.000281928521683e+00 -1.893458979953475e-03 -8.983759289041580e-04 -1.007712268416794e+00
18 29 -1.000282365247596e+00 -1.894913581762358e-03 -8.970241302142537e-04 -1.007708310333932e+00
18 30 -1.000282961990579e+00 -1.896724697398594e-03 -8.954132524615771e-04 -1.007703079346754e+00
18 31 -1.000283691878968e+00 -1.898813097174582e-03 -8.936420243404846e-04 -1.007696800499885e+00
19 0 -1.000283635548599e+00 -1.901168711982917e-03 -8.892545015195026e-04 -1.007691129821087e+00
19 1 -1.000284530825930e+00 -1.903513208435708e-03 -8.875142071499913e-04 -1.007683618458261e+00
19 2 -1.000285468928106e+00 -1.905869209979013e-03 -8.859067215458063e-04 -1.007675855635766e+00
19 3 -1.000286417223166e+00 -1.908145222824941e-03 -8.845073233431962e-04 -1.007668135510277e+00
19 4 -1.000287343637600e+00 -1.910255327829812e-03 -8.833704545491444e-04 -1.007660745344604e+00
19 5 -1.000288217135983e+00 -1.912121959606281e-03 -8.825283857434446e-04 -1.007653956559367e+00
19 6 -1.000289008207542e+00 -1.913678399773866e-03 -8.819920230516266e-04 -1.007648015950067e+00
19 7 -1.000289689414536e+00 -1.914870852757088e-03 -8.817534631729603e-04 -1.007643137583355e+00
19 8 -1.000290236030897e+00 -1.915659927901624e-03 -8.817898780004161e-04 -1.007639495980471e+00
19 9 -1.000290626798864e+00 -1.916021438069400e-03 -8.820683000964121e-04 -1.007637220885167e+00
19 10 -1.000290844823679e+00 -1.915946548967867e-03 -8.825508610714639e-04 -1.007636393560680e+00
19 11 -1.000290878579855e+00 -1.915441395916769e-03 -8.831999574759988e-04 -1.007637044440070e+00
19 12 -1.000290722924677e+00 -1.914526313112398e-03 -8.839826940494601e-04 -1.007639152050257e+00
19 13 -1.000290379952083e+00 -1.913234814783116e-03 -8.848738939115346e-04 -1.007642643268230e+00
19 14 -1.000289859513366e+00 -1.911612433472786e-03 -8.858570865895689e-04 -1.007647395046925e+00
19 15 -1.000289179277406e+00 -1.909715454658301e-03 -8.869231974306886e-04 -1.007653237781125e+00
19 16 -1.000288364272308e+00 -1.907609513246261e-03 -8.880670796534224e-04 -1.007659960459381e+00
19 17 -1.000287445925111e+00 -1.905367988070262e-03 -8.892824592719694e-04 -1.007667317572637e+00
19 18 -1.000286460694085e+00 -1.903070170192851e-03 -8.905562337152190e-04 -1.007675037407149e+00
19 19 -1.000285448447100e+00 -1.900799240359201e-03 -8.918633010561473e-04 -1.007682831064193e+00
19 20 -1.000284450735371e+00 -1.898640079500357e-03 -8.931631234388035e-04 -1.007690401661023e+00
19 21 -1.000283509033281e+00 -1.896676821665632e-03 -8.943990261189479e-04 -1.007697453743547e+00
19 22 -1.000282662924825e+00 -1.894989933323538e-03 -8.955008408574834e-04 -1.007703703564674e+00
19 23 -1.000281948206866e+00 -1.893652624031268e-03 -8.963909521931542e-04 -1.007708890940597e+00
19 24 -1.000281394973218e+00 -1.892726636214254e-03 -8.969931186299427e-04 -1.007712792649455e+00
19 25 -1.000281025869082e+00 -1.892257827331830e-03 -8.972427246203142e-04 -1.007715236179314e+00
19 26 -1.000280854766569e+00 -1.892272239043810e-03 -8.970966147789912e-04 -1.007716111777146e+00
19 27 -1.000280886076252e+00 -1.892773392705382e-03 -8.965406108074196e-04 -1.007715380655845e+00
19 28 -1.000281114810613e+00 -1.893741357561376e-03 -8.955932576969956e-04 -1.007713077839263e+00
19 29 -1.000281527392950e+00 -1.895133809386769e-03 -8.943051106250734e-04 -1.007709309139019e+00
19 30 -1.000282103075111e+00 -1.896888932595266e-03 -8.927537259275283e-04 -1.007704242863136e+00
19 31 -1.000282815708102e+00 -1.898929684096046e-03 -8.910353020581223e-04 -1.007698097830079e+00
20 0 -1.000282654196106e+00 -1.900973112467130e-03 -8.880799928241045e-04 -1.007692942200652e+00
20 1 -1.000283538401623e+00 -1.903286136757175e-03 -8.863681568048140e-04 -1.007685511422555e+00
20 2 -1.000284470201682e+00 -1.905622035097842e-03 -8.847773489127425e-04 -1.007677791593923e+00
20 3 -1.000285417173254e+00 -1.907889983101145e-03 -8.833818914532176e-04 -1.007670075992191e+00
20 4 -1.000286347318927e+00 -1.910004322161115e-03 -8.822358220267983e-04 -1.007662652187180e+00
20 5 -1.000287229542109e+00 -1.911887333006059e-03 -8.813716126866461e-04 -1.007655793013094e+00
20 6 -1.000288034123758e+00 -1.913471727392718e-03 -8.808009919873978e-04 -1.007649747729909e+00
20 7 -1.000288733257625e+00 -1.914702730877946e-03 -8.805174674563963e-04 -1.007644733885214e+00
20 8 -1.000289301675058e+00 -1.915539578429295e-03 -8.805001410062467e-04 -1.007640930487842e+00
20 9 -1.000289717391842e+00 -1.915956333686906e-03 -8.807184042883911e-04 -1.007638472772420e+00
20 10 -1.000289962605822e+00 -1.915942078288335e-03 -8.811370638380577e-04 -1.007637448443415e+00
20 11 -1.000290024728273e+00 -1.915500603846846e-03 -8.817213567445206e-04 -1.007637895160715e+00
20 12 -1.000289897447637e+00 -1.914649752724264e-03 -8.824412114708785e-04 -1.007639799173787e+00
20 13 -1.000289581651136e+00 -1.913420526641196e-03 -8.832740780045218e-04 -1.007643095216070e+00
20 14 -1.000289086017316e+00 -1.911856041794310e-03 -8.842057759711900e-04 -1.007647667872718e+00
20 15 -1.000288427142208e+00 -1.910010357243386e-03 -8.852290949553226e-04 -1.007653354631967e+00
20 16 -1.000287629137973e+00 -1.907947146959798e-03 -8.863402760509928e-04 -1.007659950759528e+00
20 17 -1.000286722719793e+00 -1.905738159611711e-03 -8.875339365831973e-04 -1.007667215952152e+00
20 18 -1.000285743871718e+00 -1.903461441273270e-03 -8.887973841637161e-04 -1.007674882408287e+00
20 19 -1.000284732240361e+00 -1.901199351042398e-03 -8.901054992395187e-04 -1.007682663681108e+00
20 20 -1.000283729406511e+00 -1.899036394000465e-03 -8.914173749581031e-04 -1.007690263770111e+00
20 21 -1.000282777111962e+00 -1.897056788830041e-03 -8.926756924476053e-04 -1.007697386458379e+00
20 22 -1.000281915427975e+00 -1.895341559675623e-03 -8.938094232986342e-04 -1.007703745535780e+00
20 23 -1.000281180835141e+00 -1.893964952079839e-03 -8.947399089481582e-04 -1.007709076647340e+00
20 24 -1.000280604274679e+00 -1.892990207297162e-03 -8.953896844812602e-04 -1.007713150786087e+00
20 25 -1.000280209359981e+00 -1.892465096925528e-03 -8.956927083531059e-04 -1.007715788274994e+00
20 26 -1.000280011003955e+00 -1.892417911153799e-03 -8.956041719132829e-04 -1.007716871179579e+00
20 27 -1.000280014683078e+00 -1.892854648220370e-03 -8.951080169104513e-04 -1.007716351961449e+00
20 28 -1.000280216456687e+00 -1.893757962974343e-03 -8.942207181286818e-04 -1.007714256802591e+00
20 29 -1.000280603735132e+00 -1.895088101554955e-03 -8.929906317787844e-04 -1.007710683058115e+00
20 30 -1.000281156661352e+00 -1.896785682337674e-03 -8.914930608620452e-04 -1.007705791404168e+00
20 31 -1.000281849853637e+00 -1.898775850601642e-03 -8.898219852394808e-04 -1.007699794207795e+00
21 0 -1.000281614475795e+00 -1.900509554669089e-03 -8.883224841442301e-04 -1.007695119215104e+00
21 1 -1.000282484905034e+00 -1.902786492643030e-03 -8.866345323209644e-04 -1.007687787953062e+00
21 2 -1.000283407267723e+00 -1.905096171696864e-03 -8.850572571489132e-04 -1.007680133956639e+00
21 3 -1.000284349452616e+00 -1.907348625268359e-03 -8.836642451378498e-04 -1.007672448826522e+00
21 4 -1.000285279662516e+00 -1.909458727004459e-03 -8.825092274215793e-04 -1.007665019442818e+00
21 5 -1.000286166884327e+00 -1.911348957006743e-03 -8.816248381566743e-04 -1.007658118875282e+00
21 6 -1.000286981351706e+00 -1.912951877415871e-03 -8.810234580305041e-04 -1.007651997537844e+00
21 7 -1.000287695058903e+00 -1.914212195489010e-03 -8.806997292785006e-04 -1.007646875094003e+00
21 8 -1.000288282360166e+00 -1.915088237936194e-03 -8.806343373587636e-04 -1.007642933718339e+00
21 9 -1.000288720693332e+00 -1.915552752287055e-03 -8.807986558152761e-04 -1.007640312964365e+00
21 10 -1.000288991466551e+00 -1.915593098164430e-03 -8.811597994525723e-04 -1.007639106058692e+00
21 11 -1.000289081102932e+00 -1.915210983103004e-03 -8.816855277721589e-04 -1.007639357302540e+00
21 12 -1.000288982147749e+00 -1.914421897508690e-03 -8.823483487379993e-04 -1.007641060453418e+00
21 13 -1.000288694258388e+00 -1.913254351582980e-03 -8.831281751397791e-04 -1.007644158241446e+00
21 14 -1.000288224876163e+00 -1.911748963741340e-03 -8.840130228504642e-04 -1.007648543318382e+00
21 15 -1.000287589429557e+00 -1.909957407605415e-03 -8.849975043875135e-04 -1.007654060912077e+00
21 16 -1.000286811001335e+00 -1.907941186179831e-03 -8.860792399410690e-04 -1.007660513339386e+00
21 17 -1.000285919472724e+00 -1.905770181705192e-03 -8.872537406236655e-04 -1.007667666329691e+00
21 18 -1.000284950231054e+00 -1.903520953371065e-03 -8.885087183778368e-04 -1.007675256813328e+00
21 19 -1.000283942584363e+00 -1.901274804316292e-03 -8.898190104308822e-04 -1.007683001571471e+00
21 20 -1.000282938032787e+00 -1.899115640482842e-03 -8.911432959516718e-04 -1.007690606212470e+00
21 21 -1.000281978480980e+00 -1.897127547922385e-03 -8.924235558505446e-04 -1.007697774454645e+00
21 22 -1.000281104386083e+00 -1.895391888866709e-03 -8.935878443015688e-04 -1.007704218325700e+00
21 23 -1.000280352813216e+00 -1.893983716783021e-03 -8.945564114776827e-04 -1.007709670025140e+00
21 24 -1.000279755455465e+00 -1.892967534397015e-03 -8.952505428960826e-04 -1.007713895511803e+00
21 25 -1.000279336805777e+00 -1.892392785662062e-03 -8.956027819977796e-04 -1.007716708697741e+00
21 26 -1.000279112740263e+00 -1.892289772347596e-03 -8.955667278786166e-04 -1.007717984185885e+00
21 27 -1.000279089739351e+00 -1.892666748865303e-03 -8.951245617255536e-04 -1.007717666323402e+00
21 28 -1.000279264867309e+00 -1.893508762209185e-03 -8.942908719176322e-04 -1.007715772959329e+00
21 29 -1.000279626502559e+00 -1.894778471577859e-03 -8.931120684643438e-04 -1.007712393336436e+00
21 30 -1.000280155683578e+00 -1.896418814783429e-03 -8.916615203285509e-04 -1.007707680656198e+00
21 31 -1.000280827822182e+00 -1.898357058956900e-03 -8.900313581588858e-04 -1.007701840797514e+00
22 0 -1.000280553115746e+00 -1.899793811936396e-03 -8.899552076087168e-04 -1.007697599362634e+00
22 1 -1.000281407390706e+00 -1.902031012176950e-03 -8.882865302291254e-04 -1.007690384053202e+00
22 2 -1.000282317358608e+00 -1.904308973717910e-03 -8.867198858791589e-04 -1.007682817417874e+00
22 3 -1.000283251322253e+00 -1.906538758927689e-03 -8.853283616222387e-04 -1.007675188590618e+00
22 4 -1.000284177809634e+00 -1.908636036979657e-03 -8.841654851310282e-04 -1.007667782746903e+00
22 5 -1.000285066037049e+00 -1.910523840021642e-03 -8.832640053515183e-04 -1.007660871977340e+00
22 6 -1.000285886353339e+00 -1.912135007982240e-03 -8.826367618851420e-04 -1.007654706487553e+00
22 7 -1.000286610725328e+00 -1.913414206682708e-03 -8.822792164590254e-04 -1.007649506621930e+00
22 8 -1.000287213302732e+00 -1.914319349259945e-03 -8.821732353460033e-04 -1.007645456300573e+00
22 9 -1.000287671107933e+00 -1.914822345032831e-03 -8.822917219347645e-04 -1.007642698083552e+00
22 10 -1.000287964900433e+00 -1.914909257342354e-03 -8.826036388332468e-04 -1.007641329607991e+00
22 11 -1.000288080223792e+00 -1.914580051020904e-03 -8.830788410847669e-04 -1.007641400986004e+00
22 12 -1.000288008548136e+00 -1.913848099182070e-03 -8.836920582943994e-04 -1.007642912983381e+00
22 13 -1.000287748325476e+00 -1.912739541286883e-03 -8.844253972368923e-04 -1.007645816163091e+00
22 14 -1.000287305743634e+00 -1.911292512563748e-03 -8.852688936931443e-04 -1.007650011379768e+00
22 15 -1.000286695013419e+00 -1.909556226957141e-03 -8.862188919003991e-04 -1.007655351976682e+00
22 16 -1.000285938112494e+00 -1.907589874970977e-03 -8.872743713639862e-04 -1.007661647868602e+00
22 17 -1.000285063994963e+00 -1.905461286167404e-03 -8.884317684322838e-04 -1.007668671468290e+00
22 18 -1.000284107348042e+00 -1.903245322870611e-03 -8.896792565021159e-04 -1.007676165134824e+00
22 19 -1.000283107033006e+00 -1.901022013837461e-03 -8.909916883745506e-04 -1.007683849582497e+00
22 20 -1.000282104358603e+00 -1.898874444762491e-03 -8.923273748779585e-04 -1.007691432734391e+00
22 21 -1.000281141278012e+00 -1.896886341495213e-03 -8.936276248749605e-04 -1.007698618972747e+00
22 22 -1.000280258513962e+00 -1.895139161555001e-03 -8.948195884643597e-04 -1.007705119350640e+00
22 23 -1.000279493589064e+00 -1.893708500746728e-03 -8.958224309082846e-04 -1.007710663496161e+00
22 24 -1.000278878816980e+00 -1.892659833156222e-03 -8.965562015955005e-04 -1.007715013296478e+00
22 25 -1.000278439440281e+00 -1.892043966408283e-03 -8.969520681286874e-04 -1.007717977273565e+00
22 26 -1.000278192177146e+00 -1.891892899466150e-03 -8.969621195826434e-04 -1.007719423590080e+00
22 27 -1.000278144407598e+00 -1.892216839555262e-03 -8.965669137757447e-04 -1.007719289431603e+00
22 28 -1.000278294120412e+00 -1.893002949925166e-03 -8.957793530157164e-04 -1.007717585128053e+00
22 29 -1.000278630610317e+00 -1.894216067583719e-03 -8.946441710450771e-04 -1.007714392429229e+00
22 30 -1.000279135789575e+00 -1.895801264674911e-03 -8.932331423934985e-04 -1.007709857452286e+00
22 31 -1.000279785870278e+00 -1.897687802445030e-03 -8.916369431082994e-04 -1.007704179735521e+00
23 0 -1.000279508772940e+00 -1.898850530318716e-03 -8.928997726865863e-04 -1.007700310432355e+00
23 1 -1.000280344915110e+00 -1.901045381012355e-03 -8.912460562871557e-04 -1.007693224525908e+00
23 2 -1.000281239789396e+00 -1.903286869077428e-03 -8.896876772362122e-04 -1.007685764874918e+00
23 3 -1.000282162212328e+00 -1.905487237389873e-03 -8.882974573764390e-04 -1.007678217382074e+00
23 4 -1.000283081160976e+00 -1.907563199041346e-03 -8.871288229336537e-04 -1.007670864510009e+00
23 5 -1.000283966225842e+00 -1.909438679088377e-03 -8.862145875891798e-04 -1.007663976152942e+00
23 6 -1.000284788032111e+00 -1.911047214872569e-03 -8.855678467167239e-04 -1.007657800935342e+00
23 7 -1.000285518690990e+00 -1.912333907494865e-03 -8.851845428804433e-04 -1.007652558420646e+00
23 8 -1.000286132323621e+00 -1.913256764064510e-03 -8.850472780344484e-04 -1.007648432795623e+00
23 9 -1.000286605709773e+00 -1.913787365255858e-03 -8.851299682171885e-04 -1.007645568205610e+00
23 10 -1.000286919121612e+00 -1.913910958521279e-03 -8.854028744846353e-04 -1.007644065412737e+00
23 11 -1.000287057363370e+00 -1.913626185119492e-03 -8.858374119942534e-04 -1.007643979268103e+00
23 12 -1.000287010939684e+00 -1.912944630985165e-03 -8.864100563977723e-04 -1.007645316751109e+00
23 13 -1.000286777169419e+00 -1.911890289134176e-03 -8.871047275572754e-04 -1.007648035772919e+00
23 14 -1.000286361019456e+00 -1.910498927268742e-03 -8.879132132012028e-04 -1.007652045211293e+00
23 15 -1.000285775478121e+00 -1.908817315602363e-03 -8.888334385122303e-04 -1.007657206614220e+00
23 16 -1.000285041380934e+00 -1.906902264498522e-03 -8.898657024840215e-04 -1.007663337799751e+00
23 17 -1.000284186691790e+00 -1.904819419418533e-03 -8.910074200153472e-04 -1.007670218326988e+00
23 18 -1.000283245314963e+00 -1.902641771185754e-03 -8.922473423352496e-04 -1.007677596549518e+00
23 19 -1.000282255567742e+00 -1.900447873358262e-03 -8.935604816859487e-04 -1.007685197743980e+00
23 20 -1.000281258458718e+00 -1.898319772950286e-03 -8.949049224590481e-04 -1.007692732829590e+00
23 21 -1.000280295868839e+00 -1.896340597859875e-03 -8.962214251172163e-04 -1.007699907606274e+00
23 22 -1.000279408651422e+00 -1.894591635512632e-03 -8.974363370269894e-04 -1.007706433016667e+00
23 23 -1.000278634636592e+00 -1.893148723134821e-03 -8.984678224981121e-04 -1.007712037122525e+00
23 24 -1.000278006597011e+00 -1.892077968283029e-03 -8.992347740612830e-04 -1.007716478885787e+00
23 25 -1.000277550359207e+00 -1.891431174810674e-03 -8.996670766075697e-04 -1.007719562688553e+00
23 26 -1.000277283323578e+00 -1.891241657038549e-03 -8.997154348716068e-04 -1.007721151538271e+00
23 27 -1.000277213626081e+00 -1.891521198447916e-03 -8.993589548396080e-04 -1.007721176693271e+00
23 28 -1.000277340061771e+00 -1.892258727506093e-03 -8.986090779474990e-04 -1.007719642061522e+00
23 29 -1.000277652755676e+00 -1.893420951067819e-03 -8.975091456133799e-04 -1.007716622786550e+00
23 30 -1.000278134443116e+00 -1.894954824170714e-03 -8.961296811316920e-04 -1.007712258526998e+00
23 31 -1.000278762120432e+00 -1.896791417100075e-03 -8.945602972172772e-04 -1.007706742820927e+00
24 0 -1.000278520921750e+00 -1.897712824467438e-03 -8.970315478200616e-04 -1.007703168424348e+00
24 1 -1.000279337442890e+00 -1.899863869072711e-03 -8.953889307612727e-04 -1.007696221791881e+00
24 2 -1.000280214884982e+00 -1.902065037260898e-03 -8.938371134858003e-04 -1.007688886124406e+00
24 3 -1.000281122672022e+00 -1.904229880393578e-03 -8.924488699047226e-04 -1.007681443378537e+00
24 4 -1.000282030349966e+00 -1.906276381989956e-03 -8.912776198389892e-04 -1.007674172331004e+00
24 5 -1.000282908024563e+00 -1.908129679180057e-03 -8.903561914832248e-04 -1.007667339492265e+00
24 6 -1.000283726754666e+00 -1.909724406593308e-03 -8.896977316698420e-04 -1.007661190557050e+00
24 7 -1.000284458964930e+00 -1.911006564054721e-03 -8.892983136147270e-04 -1.007655942854604e+00
24 8 -1.000285078924585e+00 -1.911934759311947e-03 -8.891408006361213e-04 -1.007651779335824e+00
24 9 -1.000285563350757e+00 -1.912480771529574e-03 -8.891995533255919e-04 -1.007648844234983e+00
24 10 -1.000285892206021e+00 -1.912629553413244e-03 -8.894455080746860e-04 -1.007647240011528e+00
24 11 -1.000286049722806e+00 -1.912378906938724e-03 -8.898510107484866e-04 -1.007647024969431e+00
24 12 -1.000286025587409e+00 -1.911739046623752e-03 -8.903937011617638e-04 -1.007648211231914e+00
24 13 -1.000285816102375e+00 -1.910732141118478e-03 -8.910588251540568e-04 -1.007650763262372e+00
24 14 -1.000285425093426e+00 -1.909391806381398e-03 -8.918395615429891e-04 -1.007654597463810e+00
24 15 -1.000284864367034e+00 -1.907762478852775e-03 -8.927351968554570e-04 -1.007659583378608e+00
24 16 -1.000284153619705e+00 -1.905898602753260e-03 -8.937472724338056e-04 -1.007665546770916e+00
24 17 -1.000283319794541e+00 -1.903863572845648e-03 -8.948742334039724e-04 -1.007672274596546e+00
24 18 -1.000282395953438e+00 -1.901728379302997e-03 -8.961055589254909e-04 -1.007679521614512e+00
24 19 -1.000281419786393e+00 -1.899569925690068e-03 -8.974166278061412e-04 -1.007687018197822e+00
24 20 -1.000280431898081e+00 -1.897469010351032e-03 -8.987655232365026e-04 -1.007694478904769e+00
24 21 -1.000279473973435e+00 -1.895507918841147e-03 -9.000926751478889e-04 -1.007701611720487e+00
24 22 -1.000278586851095e+00 -1.893767483485312e-03 -9.013238278267614e-04 -1.007708128403402e+00
24 23 -1.000277808501878e+00 -1.892323451276030e-03 -9.023763255178362e-04 -1.007713756560352e+00
24 24 -1.000277171973298e+00 -1.891242185465026e-03 -9.031680733242893e-04 -1.007718253519839e+00
24 25 -1.000276703482953e+00 -1.890576071222876e-03 -9.036278456175399e-04 -1.007721420953315e+00
24 26 -1.000276420922736e+00 -1.890359301949822e-03 -9.037051544684433e-04 -1.007723118206953e+00
24 27 -1.000276333007130e+00 -1.890604799781804e-03 -9.033778775832394e-04 -1.007723272081021e+00
24 28 -1.000276439183858e+00 -1.891302841448668e-03 -9.026562564224346e-04 -1.007721881411433e+00
24 29 -1.000276730287139e+00 -1.892421628600589e-03 -9.015825399804205e-04 -1.007719015878199e+00
24 30 -1.000277189792287e+00 -1.893909684024101e-03 -9.002263388799543e-04 -1.007714809548386e+00
24 31 -1.000277795436457e+00 -1.895699645423379e-03 -8.986765728433577e-04 -1.007709450509672e+00
25 0 -1.000277628455649e+00 -1.896421503495356e-03 -9.021862170416544e-04 -1.007706077610742e+00
25 1 -1.000278424459593e+00 -1.898528589940673e-03 -9.005512733914270e-04 -1.007699275872486e+00
25 2 -1.000279282611438e+00 -1.900686713728510e-03 -8.990049363912802e-04 -1.007692077717155e+00
25 3 -1.000280173025492e+00 -1.902810832280086e-03 -8.976201200419674e-04 -1.007684760525140e+00
25 4 -1.000281065927725e+00 -1.904820395811856e-03 -8.964503174796922e-04 -1.007677598485858e+00
25 5 -1.000281932072436e+00 -1.906642041668407e-03 -8.955283178068017e-04 -1.007670853604197e+00
25 6 -1.000282743102355e+00 -1.908211871653366e-03 -8.948671164337013e-04 -1.007664767355030e+00
25 7 -1.000283471919024e+00 -1.909477222844243e-03 -8.944625643752885e-04 -1.007659553422811e+00
25 8 -1.000284093114208e+00 -1.910397795648180e-03 -8.942972982412630e-04 -1.007655392032432e+00
25 9 -1.000284583525958e+00 -1.910946095877102e-03 -8.943455261380260e-04 -1.007652425976417e+00
25 10 -1.000284922996556e+00 -1.911107323907465e-03 -8.945781902341115e-04 -1.007650757888711e+00
25 11 -1.000285095375115e+00 -1.910878970676585e-03 -8.949678732267560e-04 -1.007650448077431e+00
25 12 -1.000285089707289e+00 -1.910270360702571e-03 -8.954927177702514e-04 -1.007651512513501e+00
25 13 -1.000284901434747e+00 -1.909302243169114e-03 -8.961387213986313e-04 -1.007653921140736e+00
25 14 -1.000284533365453e+00 -1.908006391147341e-03 -8.969000073923970e-04 -1.007657597085495e+00
25 15 -1.000283996209378e+00 -1.906425112918505e-03 -8.977769278564840e-04 -1.007662417366019e+00
25 16 -1.000283308569133e+00 -1.904610591355716e-03 -8.987721296279726e-04 -1.007668215446011e+00
25 17 -1.000282496372526e+00 -1.902623983043168e-03 -8.998851031616319e-04 -1.007674785677959e+00
25 18 -1.000281591807535e+00 -1.900534210176936e-03 -9.011061983392984e-04 -1.007681889441524e+00
25 19 -1.000280631872044e+00 -1.898416392707312e-03 -9.024113926602671e-04 -1.007689262608468e+00
25 20 -1.000279656672155e+00 -1.896349890546687e-03 -9.037590488476330e-04 -1.007696623952652e+00
25 21 -1.000278707574014e+00 -1.894415904316040e-03 -9.050895644424846e-04 -1.007703684403930e+00
25 22 -1.000277825251036e+00 -1.892694513725630e-03 -9.063283777513960e-04 -1.007710157501647e+00
25 23 -1.000277047637906e+00 -1.891261021329285e-03 -9.073922999243878e-04 -1.007715771583179e+00
25 24 -1.000276407858924e+00 -1.890181638932698e-03 -9.081985236975707e-04 -1.007720283736457e+00
25 25 -1.000275932312183e+00 -1.889508883409458e-03 -9.086749821278896e-04 -1.007723494476814e+00
25 26 -1.000275639168493e+00 -1.889277350647895e-03 -9.087702692107852e-04 -1.007725261134471e+00
25 27 -1.000275537517068e+00 -1.889500616854341e-03 -9.084613236446794e-04 -1.007725507701634e+00
25 28 -1.000275627273900e+00 -1.890169836203416e-03 -9.077574935308471e-04 -1.007724229502291e+00
25 29 -1.000275899827527e+00 -1.891254271272517e-03 -9.067002577699925e-04 -1.007721492127404e+00
25 30 -1.000276339276117e+00 -1.892703637709338e-03 -9.053586504839150e-04 -1.007717425155910e+00
25 31 -1.000276924022957e+00 -1.894451843086123e-03 -9.038212445070543e-04 -1.007712211995261e+00
26 0 -1.000276868022782e+00 -1.895023855712370e-03 -9.081670062021489e-04 -1.007708932312875e+00
26 1 -1.000277643308099e+00 -1.897088298775933e-03 -9.065365900068779e-04 -1.007702276147413e+00
26 2 -1.000278480924865e+00 -1.899202020327546e-03 -9.049950904891381e-04 -1.007695224617828e+00
26 3 -1.000279351742902e+00 -1.901281441642992e-03 -9.036157109248995e-04 -1.007688050028876e+00
26 4 -1.000280226763845e+00 -1.903247635271079e-03 -9.024520717189357e-04 -1.007681021201337e+00
26 5 -1.000281077509959e+00 -1.905028985147436e-03 -9.015368580841646e-04 -1.007674394624617e+00
26 6 -1.000281876345717e+00 -1.906563388683387e-03 -9.008827116083932e-04 -1.007668406365337e+00
26 7 -1.000282596802968e+00 -1.907799920599530e-03 -9.004849146302834e-04 -1.007663265137254e+00
26 8 -1.000283213964178e+00 -1.908699835232307e-03 -9.003253951182159e-04 -1.007659147006008e+00
26 9 -1.000283704970943e+00 -1.909236874337182e-03 -9.003776122377304e-04 -1.007656191808342e+00
26 10 -1.000284049740384e+00 -1.909397025824835e-03 -9.006118344170461e-04 -1.007654500794688e+00
26 11 -1.000284231940575e+00 -1.909178015401615e-03 -9.010001622188251e-04 -1.007654134732496e+00
26 12 -1.000284240176801e+00 -1.908588799012359e-03 -9.015205371388642e-04 -1.007655111982652e+00
26 13 -1.000284069216550e+00 -1.907649173470126e-03 -9.021590750422284e-04 -1.007657406672900e+00
26 14 -1.000283721011769e+00 -1.906389458754632e-03 -9.029103255526150e-04 -1.007660947575074e+00
26 15 -1.000283205303706e+00 -1.904850134026008e-03 -9.037753317409737e-04 -1.007665618357877e+00
26 16 -1.000282539689000e+00 -1.903081323377449e-03 -9.047576292102167e-04 -1.007671259626080e+00
26 17 -1.000281749125105e+00 -1.901142050800764e-03 -9.058576973358084e-04 -1.007677672839198e+00
26 18 -1.000280864927338e+00 -1.899099182762623e-03 -9.070668486026666e-04 -1.007684625970436e+00
26 19 -1.000279923360540e+00 -1.897025981421001e-03 -9.083618720768280e-04 -1.007691860615383e+00
26 20 -1.000278963952085e+00 -1.895000215289894e-03 -9.097017083550006e-04 -1.007699100233071e+00
26 21 -1.000278027633096e+00 -1.893101773730996e-03 -9.110270732414944e-04 -1.007706059413030e+00
26 22 -1.000277154762251e+00 -1.891409687136997e-03 -9.122634766016506e-04 -1.007712454442130e+00
26 23 -1.000276383058793e+00 -1.889998450095829e-03 -9.133275822099658e-04 -1.007718015605403e+00
26 24 -1.000275745520439e+00 -1.888933700075589e-03 -9.141362515023491e-04 -1.007722501195610e+00
26 25 -1.000275268506599e+00 -1.888267615525338e-03 -9.146169476855525e-04 -1.007725712197963e+00
26 26 -1.000274970241614e+00 -1.888034692874886e-03 -9.147177112839320e-04 -1.007727505665792e+00
26 27 -1.000274859967582e+00 -1.888248646317092e-03 -9.144149043653830e-04 -1.007727804555453e+00
26 28 -1.000274937860511e+00 -1.888900997578902e-03 -9.137173421125943e-04 -1.007726602395017e+00
26 29 -1.000275195679289e+00 -1.889961589762173e-03 -9.126660877244684e-04 -1.007723962249186e+00
26 30 -1.000275617995702e+00 -1.891380905185043e-03 -9.113299428028834e-04 -1.007720010521364e+00
26 31 -1.000276183772572e+00 -1.893093772045882e-03 -9.097974631911668e-04 -1.007714926919909e+00
27 0 -1.000276272192520e+00 -1.893572014388895e-03 -9.147521603313527e-04 -1.007711620540332e+00
27 1 -1.000277027342279e+00 -1.895596737617076e-03 -9.131231599822647e-04 -1.007705105072463e+00
27 2 -1.000277843924509e+00 -1.897666312091438e-03 -9.115860037611959e-04 -1.007698203914729e+00
27 3 -1.000278693603939e+00 -1.899698630305550e-03 -9.102142898068607e-04 -1.007691183980195e+00
27 4 -1.000279548229323e+00 -1.901616489874278e-03 -9.090617854174365e-04 -1.007684308118397e+00
27 5 -1.000280380188129e+00 -1.903350212620775e-03 -9.081609886209664e-04 -1.007677826464546e+00
27 6 -1.000281162684859e+00 -1.904839764018382e-03 -9.075239850717845e-04 -1.007671968647388e+00
27 7 -1.000281870018899e+00 -1.906036302264478e-03 -9.071451592305090e-04 -1.007666937224051e+00
27 8 -1.000282477919716e+00 -1.906903046904848e-03 -9.070052773772319e-04 -1.007662902781356e+00
27 9 -1.000282964008458e+00 -1.907415443402748e-03 -9.070764866580077e-04 -1.007660000764683e+00
27 10 -1.000283308471763e+00 -1.907560778783019e-03 -9.073277319464126e-04 -1.007658329515168e+00
27 11 -1.000283495005703e+00 -1.907337549736255e-03 -9.077299299952339e-04 -1.007657948688367e+00
27 12 -1.000283511990408e+00 -1.906754879027613e-03 -9.082601144687095e-04 -1.007658877481642e+00
27 13 -1.000283353729560e+00 -1.905832118257458e-03 -9.089038593406928e-04 -1.007661092740734e+00
27 14 -1.000283021512670e+00 -1.904598589272947e-03 -9.096555710511430e-04 -1.007664527567282e+00
27 15 -1.000282524278137e+00 -1.903093326738405e-03 -9.105165357627017e-04 -1.007669071164905e+00
27 16 -1.000281878745798e+00 -1.901364696680757e-03 -9.114908719828808e-04 -1.007674570403903e+00
27 17 -1.000281108988277e+00 -1.899469796641971e-03 -9.125798973198073e-04 -1.007680833248628e+00
27 18 -1.000280245485565e+00 -1.897473541924984e-03 -9.137758943367945e-04 -1.007687633961854e+00
27 19 -1.000279323757324e+00 -1.895447338385045e-03 -9.150566170688072e-04 -1.007694719869308e+00
27 20 -1.000278382692721e+00 -1.893467265389197e-03 -9.163818575227841e-04 -1.007701819431566e+00
27 21 -1.000277462685367e+00 -1.891611710583243e-03 -9.176930125654854e-04 -1.007708651517800e+00
27 22 -1.000276603638607e+00 -1.889958378886758e-03 -9.189160866646819e-04 -1.007714936077125e+00
27 23 -1.000275842882691e+00 -1.888580603048575e-03 -9.199680534564364e-04 -1.007720406536097e+00
27 24 -1.000275213088486e+00 -1.887543025441739e-03 -9.207659114881557e-04 -1.007724823834114e+00
27 25 -1.000274740357584e+00 -1.886897012554236e-03 -9.212371171207570e-04 -1.007727991065625e+00
27 26 -1.000274442738541e+00 -1.886676450968351e-03 -9.213296077281307e-04 -1.007729766779001e+00
27 27 -1.000274329395543e+00 -1.886894662416188e-03 -9.210196049927605e-04 -1.007730074725413e+00
27 28 -1.000274400541493e+00 -1.887543004498886e-03 -9.203158106050398e-04 -1.007728908443688e+00
27 29 -1.000274648100810e+00 -1.888591390528705e-03 -9.192592675856097e-04 -1.007726330160519e+00
27 30 -1.000275056943950e+00 -1.889990606260335e-03 -9.179189086334478e-04 -1.007722464572449e+00
27 31 -1.000275606458230e+00 -1.891676009311716e-03 -9.163835988802815e-04 -1.007717488846660e+00
28 0 -1.000275867616137e+00 -1.892121013406942e-03 -9.217023614297537e-04 -1.007714029193811e+00
28 1 -1.000276604057952e+00 -1.894110629360273e-03 -9.200714248426105e-04 -1.007707643589640e+00
28 2 -1.000277399962783e+00 -1.896138125861484e-03 -9.185379200589109e-04 -1.007700890372474e+00
28 3 -1.000278227795688e+00 -1.898122813575760e-03 -9.171759049601389e-04 -1.007694030980848e+00
28 4 -1.000279060290686e+00 -1.899989252347446e-03 -9.160392778602380e-04 -1.007687321929351e+00
28 5 -1.000279870766556e+00 -1.901669823424952e-03 -9.151602464551211e-04 -1.007681006396108e+00
28 6 -1.000280633358441e+00 -1.903106760373490e-03 -9.145501417790102e-04 -1.007675306766541e+00
28 7 -1.000281323247116e+00 -1.904253577748233e-03 -9.142021496604289e-04 -1.007670418460408e+00
28 8 -1.000281916946830e+00 -1.905075800848133e-03 -9.140954711877470e-04 -1.007666505446090e+00
28 9 -1.000282392721143e+00 -1.905550981968385e-03 -9.142004413509790e-04 -1.007663697488611e+00
28 10 -1.000282731213818e+00 -1.905668165889345e-03 -9.144840977004603e-04 -1.007662088594719e+00
28 11 -1.000282916357812e+00 -1.905427122072107e-03 -9.149155285287634e-04 -1.007661735776239e+00
28 12 -1.000282936531046e+00 -1.904837665731641e-03 -9.154701892074373e-04 -1.007662657478589e+00
28 13 -1.000282785799947e+00 -1.903919228846244e-03 -9.161324586666293e-04 -1.007664831684535e+00
28 14 -1.000282465009724e+00 -1.902700636712021e-03 -9.168960053419108e-04 -1.007668194318233e+00
28 15 -1.000281982493579e+00 -1.901219935396548e-03 -9.177618542814236e-04 -1.007672638747759e+00
28 16 -1.000281354260372e+00 -1.899524122680250e-03 -9.187343188394431e-04 -1.007678016938007e+00
28 17 -1.000280603621648e+00 -1.897668673319709e-03 -9.198153056100752e-04 -1.007684142450038e+00
28 18 -1.000279760295787e+00 -1.895716751795311e-03 -9.209979734571420e-04 -1.007690795245952e+00
28 19 -1.000278859077100e+00 -1.893737994991407e-03 -9.222611057463447e-04 -1.007697728142923e+00
28 20 -1.000277938183586e+00 -1.891806767015897e-03 -9.235655544000591e-04 -1.007704674723585e+00
28 21 -1.000277037390320e+00 -1.889999820301533e-03 -9.248537254397553e-04 -1.007711358605966e+00
28 22 -1.000276196022258e+00 -1.888393302129703e-03 -9.260525379940625e-04 -1.007717504200723e+00
28 23 -1.000275450861648e+00 -1.887059062862698e-03 -9.270797592098017e-04 -1.007722849179948e+00
28 24 -1.000274834064120e+00 -1.886060353807661e-03 -9.278530431166429e-04 -1.007727158500573e+00
28 25 -1.000274371263287e+00 -1.885447273805842e-03 -9.283003668588972e-04 -1.007730238951245e+00
28 26 -1.000274080108063e+00 -1.885252600887174e-03 -9.283700845961222e-04 -1.007731952311073e+00
28 27 -1.000273969455081e+00 -1.885488739248511e-03 -9.280387805604570e-04 -1.007732224943201e+00
28 28 -1.000274039326975e+00 -1.886146349025315e-03 -9.273155204356232e-04 -1.007731052218631e+00
28 29 -1.000274281598901e+00 -1.887194893836347e-03 -9.262417672528763e-04 -1.007728497262492e+00
28 30 -1.000274681248878e+00 -1.888584981214756e-03 -9.248869755493248e-04 -1.007724684618920e+00
28 31 -1.000275217931728e+00 -1.890252078968022e-03 -9.233406535295858e-04 -1.007719790197311e+00
29 0 -1.000275673377051e+00 -1.890726682677496e-03 -9.287679076686420e-04 -1.007716050232579e+00
29 1 -1.000276393396293e+00 -1.892687472458905e-03 -9.271312041325340e-04 -1.007709777632331e+00
29 2 -1.000277169904065e+00 -1.894676877794110e-03 -9.256001231500721e-04 -1.007703163256898e+00
29 3 -1.000277976131108e+00 -1.896615506994700e-03 -9.242492180695248e-04 -1.007696463256561e+00
29 4 -1.000278785694337e+00 -1.898429643284187e-03 -9.231324757455714e-04 -1.007689927734556e+00
29 5 -1.000279572871463e+00 -1.900053766240526e-03 -9.222816972143962e-04 -1.007683792600778e+00
29 6 -1.000280312784100e+00 -1.901432490193933e-03 -9.217072699601385e-04 -1.007678272476709e+00
29 7 -1.000280981578016e+00 -1.902521869063065e-03 -9.214009177094940e-04 -1.007673554933273e+00
29 8 -1.000281556664726e+00 -1.903289984996188e-03 -9.213399364316874e-04 -1.007669796426659e+00
29 9 -1.000282017093087e+00 -1.903716815563464e-03 -9.214924326241095e-04 -1.007667119964803e+00
29 10 -1.000282344137526e+00 -1.903793548129627e-03 -9.218230466264773e-04 -1.007665613959444e+00
29 11 -1.000282522169402e+00 -1.903521670925524e-03 -9.222984840298697e-04 -1.007665331347414e+00
29 12 -1.000282539787533e+00 -1.902912185871956e-03 -9.228920238725301e-04 -1.007666288257519e+00
29 13 -1.000282391055999e+00 -1.901985127690185e-03 -9.235862398934608e-04 -1.007668462170353e+00
29 14 -1.000282076610381e+00 -1.900769351888450e-03 -9.243734756497257e-04 -1.007671790189452e+00
29 15 -1.000281604400146e+00 -1.899302422533463e-03 -9.252539633968972e-04 -1.007676168276200e+00
29 16 -1.000280989918318e+00 -1.897630429880592e-03 -9.262317635176329e-04 -1.007681452072867e+00
29 17 -1.000280255871725e+00 -1.895807613671146e-03 -9.273090365752418e-04 -1.007687459560165e+00
29 18 -1.000279431324507e+00 -1.893895677547423e-03 -9.284796222300149e-04 -1.007693975540294e+00
29 19 -1.000278550398220e+00 -1.891962665124028e-03 -9.297232925658770e-04 -1.007700757831516e+00
29 20 -1.000277650637305e+00 -1.890081281658959e-03 -9.310020717807709e-04 -1.007707545033340e+00
29 21 -1.000276771145204e+00 -1.888326585523124e-03 -9.322596246675715e-04 -1.007714065782304e+00
29 22 -1.000275950570872e+00 -1.886773000614446e-03 -9.334241499457550e-04 -1.007720049571921e+00
29 23 -1.000275225012836e+00 -1.885490632690221e-03 -9.344146637269833e-04 -1.007725239262690e+00
29 24 -1.000274625944287e+00 -1.884540996349084e-03 -9.351499935701705e-04 -1.007729405053440e+00
29 25 -1.000274178339454e+00 -1.883972509627038e-03 -9.355591891703412e-04 -1.007732358880332e+00
29 26 -1.000273899239656e+00 -1.883816378527622e-03 -9.355915822272672e-04 -1.007733967373919e+00
29 27 -1.000273796976772e+00 -1.884083593064322e-03 -9.352246703793661e-04 -1.007734161231245e+00
29 28 -1.000273871163985e+00 -1.884763603930251e-03 -9.344684073963092e-04 -1.007732939407178e+00
29 29 -1.000274113414316e+00 -1.885824917874324e-03 -9.333651557056591e-04 -1.007730367627073e+00
29 30 -1.000274508616435e+00 -1.887217483953100e-03 -9.319853101938636e-04 -1.007726571849501e+00
29 31 -1.000275036521042e+00 -1.888876448253390e-03 -9.304193701053021e-04 -1.007721728079237e+00
30 0 -1.000275699714532e+00 -1.889443514962991e-03 -9.356956319342862e-04 -1.007717587123500e+00
30 1 -1.000276406408145e+00 -1.891383281261593e-03 -9.340487133822949e-04 -1.007711405005341e+00
30 2 -1.000277165725243e+00 -1.893340465629870e-03 -9.325180334540480e-04 -1.007704913680907e+00
30 3 -1.000277951585274e+00 -1.895236784067013e-03 -9.311786646793756e-04 -1.007698364479932e+00
30 4 -1.000278738441770e+00 -1.897000122893027e-03 -9.300846296978448e-04 -1.007692001330145e+00
30 5 -1.000279501516425e+00 -1.898567008345282e-03 -9.292672061164621e-04 -1.007686052888590e+00
30 6 -1.000280216933687e+00 -1.899884450825497e-03 -9.287356672023651e-04 -1.007680725820091e+00
30 7 -1.000280861852418e+00 -1.900911125013273e-03 -9.284800544143081e-04 -1.007676199453918e+00
30 8 -1.000281414662677e+00 -1.901617818626764e-03 -9.284754888106000e-04 -1.007672622138843e+00
30 9 -1.000281855315022e+00 -1.901987154403862e-03 -9.286875261526171e-04 -1.007670109314935e+00
30 10 -1.000282165866861e+00 -1.902012757995731e-03 -9.290780303217848e-04 -1.007668742757597e+00
30 11 -1.000282331314331e+00 -1.901698208983900e-03 -9.296108851539977e-04 -1.007668570055595e+00
30 12 -1.000282340692167e+00 -1.901056138525399e-03 -9.302567001035154e-04 -1.007669603541550e+00
30 13 -1.000282188296744e+00 -1.900107680429397e-03 -9.309957141189278e-04 -1.007671818561542e+00
30 14 -1.000281874796259e+00 -1.898882247708608e-03 -9.318184062969031e-04 -1.007675151688219e+00
30 15 -1.000281407992467e+00 -1.897417454156213e-03 -9.327236947512313e-04 -1.007679499775776e+00
30 16 -1.000280803078039e+00 -1.895758989613445e-03 -9.337149122668783e-04 -1.007684720549384e+00
30 17 -1.000280082336495e+00 -1.893960310292406e-03 -9.347940771053510e-04 -1.007690635020913e+00
30 18 -1.000279274313830e+00 -1.892082025320235e-03 -9.359554250783424e-04 -1.007697031741169e+00
30 19 -1.000278412542503e+00 -1.890190844323508e-03 -9.371795695911236e-04 -1.007703672799079e+00
30 20 -1.000277533922972e+00 -1.888357956115979e-03 -9.384297061999756e-04 -1.007710301467806e+00
30 21 -1.000276676865774e+00 -1.886656751553501e-03 -9.396508977484083e-04 -1.007716651439556e+00
30 22 -1.000275879277682e+00 -1.885159848716152e-03 -9.407728881178075e-04 -1.007722457683760e+00
30 23 -1.000275176468802e+00 -1.883935426398114e-03 -9.417163176356588e-04 -1.007727468967097e+00
30 24 -1.000274599092930e+00 -1.883042991385200e-03 -9.424016515520926e-04 -1.007731461734929e+00
30 25 -1.000274171302401e+00 -1.882528935466437e-03 -9.427595386591795e-04 -1.007734254313750e+00
30 26 -1.000273909349934e+00 -1.882422489746842e-03 -9.427408479607266e-04 -1.007735719608197e+00
30 27 -1.000273820849694e+00 -1.882732787044953e-03 -9.423245560476373e-04 -1.007735794189828e+00
30 28 -1.000273904806118e+00 -1.883447602223300e-03 -9.415220511025526e-04 -1.007734482194166e+00
30 29 -1.000274152370200e+00 -1.884534012593627e-03 -9.403770983845047e-04 -1.007731853535695e+00
30 30 -1.000274548147709e+00 -1.885940848403171e-03 -9.389614732357678e-04 -1.007728037100381e+00
30 31 -1.000275071805716e+00 -1.887602504359130e-03 -9.373670293944131e-04 -1.007723210359098e+00
31 0 -1.000275947255701e+00 -1.888322577649444e-03 -9.422356955645272e-04 -1.007718560986771e+00
31 1 -1.000276644423238e+00 -1.890250366721683e-03 -9.405735060721291e-04 -1.007712441985176e+00
31 2 -1.000277389613669e+00 -1.892182895118609e-03 -9.390402897359566e-04 -1.007706051733232e+00
31 3 -1.000278157318108e+00 -1.894042731811029e-03 -9.377116664223375e-04 -1.007699637473710e+00
31 4 -1.000278922737419e+00 -1.895759165744248e-03 -9.366416491924695e-04 -1.007693437503900e+00
31 5 -1.000279661979194e+00 -1.897270626002014e-03 -9.358608902804917e-04 -1.007687673578836e+00
31 6 -1.000280352145770e+00 -1.898526433507762e-03 -9.353774068406182e-04 -1.007682544560574e+00
31 7 -1.000280971418578e+00 -1.899487858931117e-03 -9.351793867235928e-04 -1.007678221488180e+00
31 8 -1.000281499211991e+00 -1.900128436645284e-03 -9.352395786594956e-04 -1.007674844336768e+00
31 9 -1.000281916462660e+00 -1.900433549393322e-03 -9.355207617224684e-04 -1.007672520469072e+00
31 10 -1.000282206135447e+00 -1.900399458516830e-03 -9.359817612054797e-04 -1.007671324244666e+00
31 11 -1.000282354014881e+00 -1.900032120694353e-03 -9.365833302273934e-04 -1.007671296841765e+00
31 12 -1.000282349770055e+00 -1.899346168627642e-03 -9.372930455755176e-04 -1.007672445465923e+00
31 13 -1.000282188154731e+00 -1.898364282281192e-03 -9.380883969754696e-04 -1.007674741777094e+00
31 14 -1.000281870109672e+00 -1.897116933277273e-03 -9.389575468315552e-04 -1.007678120120828e+00
31 15 -1.000281403529490e+00 -1.895642313795030e-03 -9.398976291123646e-04 -1.007682476497662e+00
31 16 -1.000280803532843e+00 -1.893986239529193e-03 -9.409107857048687e-04 -1.007687669022595e+00
31 17 -1.000280092178202e+00 -1.892201874708485e-03 -9.419984671105163e-04 -1.007693520205032e+00
31 18 -1.000279297651952e+00 -1.890349158708344e-03 -9.431549545759501e-04 -1.007699821068408e+00
31 19 -1.000278453008298e+00 -1.888493799098719e-03 -9.443614601757920e-04 -1.007706337027960e+00
31 20 -1.000277594563928e+00 -1.886705692864971e-03 -9.455822350097402e-04 -1.007712815453855e+00
31 21 -1.000276760048283e+00 -1.885056678192199e-03 -9.467637537360330e-04 -1.007718994883944e+00
31 22 -1.000275986594773e+00 -1.883617577133178e-03 -9.478374435412909e-04 -1.007724615897047e+00
31 23 -1.000275308657019e+00 -1.882454553194787e-03 -9.487258247298225e-04 -1.007729433613056e+00
31 24 -1.000274755970221e+00 -1.881624927334316e-03 -9.493513628769960e-04 -1.007733231450700e+00
31 25 -1.000274351740259e+00 -1.881172809178861e-03 -9.496467553353626e-04 -1.007735835090750e+00
31 26 -1.000274111287292e+00 -1.881125136274234e-03 -9.495649161462261e-04 -1.007737124861250e+00
31 27 -1.000274041349424e+00 -1.881488818495610e-03 -9.490868359550757e-04 -1.007737044490555e+00
31 28 -1.000274140152845e+00 -1.882249555997738e-03 -9.482258706319728e-04 -1.007735604663468e+00
31 29 -1.000274398208436e+00 -1.883372577915082e-03 -9.470276919831169e-04 -1.007732880894076e+00
31 30 -1.000274799656428e+00 -1.884805171856607e-03 -9.455659043385109e-04 -1.007729006397974e+00
31 31 -1.000275323899205e+00 -1.886480568372191e-03 -9.439340898692091e-04 -1.007724161451090e+00
