2.057080550065808e-07
1.000000000000000e-12
1.000000000000000e-17
3.537219266997345e-01
1.938329330852231e-01
1.000000000000000e-02
-1.500017464083440e+00
1.901109735892602e-07
32
32
1.333333333333333e-02
1
0 0 -1.000276688455225e+00 -1.887745488993428e-03 -9.472093497833678e-04 -1.007717750998950e+00
0 1 -1.000277355762424e+00 -1.889596309935149e-03 -9.456054536206544e-04 -1.007711896109594e+00
0 2 -1.000278064603989e+00 -1.891439686826489e-03 -9.441351474920860e-04 -1.007705819507331e+00
0 3 -1.000278790600900e+00 -1.893201804866368e-03 -9.428706311445256e-04 -1.007699756043998e+00
0 4 -1.000279510165034e+00 -1.894815638418051e-03 -9.418635609548808e-04 -1.007693930862042e+00
0 5 -1.000280200713903e+00 -1.896223266259646e-03 -9.411432837731955e-04 -1.007688552207801e+00
0 6 -1.000280840770401e+00 -1.897377513121350e-03 -9.407174147445402e-04 -1.007683805536711e+00
0 7 -1.000281410048942e+00 -1.898242903379454e-03 -9.405743990313051e-04 -1.007679849021580e+00
0 8 -1.000281889604631e+00 -1.898795904598137e-03 -9.406876090530065e-04 -1.007676810622786e+00
0 9 -1.000282262110043e+00 -1.899024497218300e-03 -9.410204932478949e-04 -1.007674786670358e+00
0 10 -1.000282512326825e+00 -1.898927236566356e-03 -9.415322415627545e-04 -1.007673841495454e+00
0 11 -1.000282627822633e+00 -1.898512105595093e-03 -9.421833153997531e-04 -1.007674007327844e+00
0 12 -1.000282599916632e+00 -1.897795487256821e-03 -9.429400738410664e-04 -1.007675283760408e+00
0 13 -1.000282424734268e+00 -1.896801466426830e-03 -9.437777609312483e-04 -1.007677636601741e+00
0 14 -1.000282104171689e+00 -1.895561468366779e-03 -9.446813579923424e-04 -1.007680996572619e+00
0 15 -1.000281646560520e+00 -1.894114080963274e-03 -9.456441530140659e-04 -1.007685258644880e+00
0 16 -1.000281066883710e+00 -1.892504864723443e-03 -9.466642204505929e-04 -1.007690282724615e+00
0 17 -1.000280386483460e+00 -1.890785993200538e-03 -9.477393374127893e-04 -1.007695896031993e+00
0 18 -1.000279632282520e+00 -1.889015605867256e-03 -9.488612239636966e-04 -1.007701897219323e+00
0 19 -1.000278835591702e+00 -1.887256760357032e-03 -9.500103019827266e-04 -1.007708062138879e+00
0 20 -1.000278030597510e+00 -1.885575868737239e-03 -9.511522301834731e-04 -1.007714151181324e+00
0 21 -1.000277252621204e+00 -1.884040526250770e-03 -9.522371961268838e-04 -1.007719918157330e+00
0 22 -1.000276536231227e+00 -1.882716693564053e-03 -9.532024306169672e-04 -1.007725120711454e+00
0 23 -1.000275913297159e+00 -1.881665272743954e-03 -9.539778293019220e-04 -1.007729532147228e+00
0 24 -1.000275411107542e+00 -1.880938242050137e-03 -9.544940074000076e-04 -1.007732954203296e+00
0 25 -1.000275050722015e+00 -1.880574693933067e-03 -9.546916024918021e-04 -1.007735229761253e+00
0 26 -1.000274845756250e+00 -1.880597301125203e-03 -9.545302716168223e-04 -1.007736253914510e+00
0 27 -1.000274801774275e+00 -1.881009812532482e-03 -9.539957614260340e-04 -1.007735981641781e+00
0 28 -1.000274916378241e+00 -1.881796076273519e-03 -9.531037385509252e-04 -1.007734430736706e+00
0 29 -1.000275179961209e+00 -1.882920817826477e-03 -9.518996626128525e-04 -1.007731679550057e+00
0 30 -1.000275576965626e+00 -1.884332065613289e-03 -9.504547022281109e-04 -1.007727860132727e+00
0 31 -1.000276087412395e+00 -1.885964830613119e-03 -9.488583989169881e-04 -1.007723148123937e+00
1 0 -1.000277306655663e+00 -1.887093206617595e-03 -9.520714145820275e-04 -1.007717516197593e+00
1 1 -1.000277973530960e+00 -1.888951592891707e-03 -9.504432679804919e-04 -1.007711660097706e+00
1 2 -1.000278676921505e+00 -1.890789677968259e-03 -9.489629294580017e-04 -1.007705622378638e+00
1 3 -1.000279392669743e+00 -1.892533829870498e-03 -9.477031933368340e-04 -1.007699636082009e+00
1 4 -1.000280097603330e+00 -1.894117748181347e-03 -9.467156937571381e-04 -1.007693922959348e+00
1 5 -1.000280769729897e+00 -1.895484748932635e-03 -9.460291177991316e-04 -1.007688686475369e+00
1 6 -1.000281388306026e+00 -1.896589341032190e-03 -9.456498037507418e-04 -1.007684106182412e+00
1 7 -1.000281933888058e+00 -1.897398089842896e-03 -9.455643579369374e-04 -1.007680333536797e+00
1 8 -1.000282388447076e+00 -1.897889759062942e-03 -9.457438354835782e-04 -1.007677489272532e+00
1 9 -1.000282735613441e+00 -1.898054776116575e-03 -9.461489949058505e-04 -1.007675662265115e+00
1 10 -1.000282961115000e+00 -1.897894189215770e-03 -9.467360854684580e-04 -1.007674909433327e+00
1 11 -1.000283053457639e+00 -1.897418414941668e-03 -9.474625105874586e-04 -1.007675255906643e+00
1 12 -1.000283004833534e+00 -1.896646111010647e-03 -9.482915947159633e-04 -1.007676694746153e+00
1 13 -1.000282812142342e+00 -1.895603395240317e-03 -9.491957087180802e-04 -1.007679186008166e+00
1 14 -1.000282477928935e+00 -1.894323425911267e-03 -9.501572435740617e-04 -1.007682655585334e+00
1 15 -1.000282011028438e+00 -1.892846188130966e-03 -9.511672767554368e-04 -1.007686994635457e+00
1 16 -1.000281426767518e+00 -1.891218278772831e-03 -9.522221295974412e-04 -1.007692060332236e+00
1 17 -1.000280746661710e+00 -1.889492523477798e-03 -9.533183488064718e-04 -1.007697678312207e+00
1 18 -1.000279997630497e+00 -1.887727308696714e-03 -9.544469937060178e-04 -1.007703646854548e+00
1 19 -1.000279210804108e+00 -1.885985522767754e-03 -9.555884069793163e-04 -1.007709742689196e+00
1 20 -1.000278420015889e+00 -1.884332993749413e-03 -9.567087196334060e-04 -1.007715728350839e+00
1 21 -1.000277660070426e+00 -1.882836328779861e-03 -9.577590855642268e-04 -1.007721361060176e+00
1 22 -1.000276964868946e+00 -1.881560113679769e-03 -9.586781332200827e-04 -1.007726403116871e+00
1 23 -1.000276365482331e+00 -1.880563519193935e-03 -9.593975275874883e-04 -1.007730633650266e+00
1 24 -1.000275888297043e+00 -1.879896488775380e-03 -9.598499616854665e-04 -1.007733861228322e+00
1 25 -1.000275553404559e+00 -1.879595853924842e-03 -9.599783875842132e-04 -1.007735936297261e+00
1 26 -1.000275373428376e+00 -1.879681891590682e-03 -9.597449394732118e-04 -1.007736761914694e+00
1 27 -1.000275352957473e+00 -1.880155912330324e-03 -9.591379353334913e-04 -1.007736301065531e+00
1 28 -1.000275488673799e+00 -1.880999372027617e-03 -9.581756422942654e-04 -1.007734579236400e+00
1 29 -1.000275770140518e+00 -1.882174738834037e-03 -9.569060803908206e-04 -1.007731681807423e+00
1 30 -1.000276181094565e+00 -1.883628010103122e-03 -9.554028630987107e-04 -1.007727746857600e+00
1 31 -1.000276701006063e+00 -1.885292481119732e-03 -9.537577832323236e-04 -1.007722954757524e+00
2 0 -1.000278083819955e+00 -1.886704499488399e-03 -9.559296888877560e-04 -1.007716665736465e+00
2 1 -1.000278754612865e+00 -1.888579703510236e-03 -9.542726777130250e-04 -1.007710777816133e+00
2 2 -1.000279456791355e+00 -1.890421871083147e-03 -9.527780945635868e-04 -1.007704748705049e+00
2 3 -1.000280166246481e+00 -1.892157222098111e-03 -9.515193969742550e-04 -1.007698810750580e+00
2 4 -1.000280860054406e+00 -1.893719840412767e-03 -9.505482398273251e-04 -1.007693183436996e+00
2 5 -1.000281516660193e+00 -1.895053940257788e-03 -9.498926806876093e-04 -1.007688066533101e+00
2 6 -1.000282115924467e+00 -1.896115392972557e-03 -9.495578106052668e-04 -1.007683634681414e+00
2 7 -1.000282639145686e+00 -1.896872517197103e-03 -9.495284347656942e-04 -1.007680033466704e+00
2 8 -1.000283069146163e+00 -1.897306135502974e-03 -9.497733407442236e-04 -1.007677377040056e+00
2 9 -1.000283390488426e+00 -1.897408950746616e-03 -9.502506585161663e-04 -1.007675747215671e+00
2 10 -1.000283589882892e+00 -1.897184411537493e-03 -9.509137647876829e-04 -1.007675193602206e+00
2 11 -1.000283656832741e+00 -1.896645364771504e-03 -9.517170689765733e-04 -1.007675734014435e+00
2 12 -1.000283584502769e+00 -1.895812833806851e-03 -9.526209039106706e-04 -1.007677354447566e+00
2 13 -1.000283370701817e+00 -1.894715152890045e-03 -9.535947702995400e-04 -1.007680008374833e+00
2 14 -1.000283018785933e+00 -1.893387481018925e-03 -9.546184160395350e-04 -1.007683615779970e+00
2 15 -1.000282538273683e+00 -1.891871538246518e-03 -9.556805900174609e-04 -1.007688062740377e+00
2 16 -1.000281945021654e+00 -1.890215346773554e-03 -9.567756746587211e-04 -1.007693202322144e+00
2 17 -1.000281260899925e+00 -1.888472801841351e-03 -9.578987393172889e-04 -1.007698857178293e+00
2 18 -1.000280512991035e+00 -1.886702957612382e-03 -9.590398921349886e-04 -1.007704823875280e+00
2 19 -1.000279732388697e+00 -1.884968932327366e-03 -9.601790892117740e-04 -1.007710878815682e+00
2 20 -1.000278952690997e+00 -1.883336328032212e-03 -9.612826371392507e-04 -1.007716785658906e+00
2 21 -1.000278208277255e+00 -1.881871068771230e-03 -9.623023915394886e-04 -1.007722304224418e+00
2 22 -1.000277532448805e+00 -1.880636612493660e-03 -9.631781609914204e-04 -1.007727200863053e+00
2 23 -1.000276955524283e+00 -1.879690585548877e-03 -9.638432228530891e-04 -1.007731260122336e+00
2 24 -1.000276503015934e+00 -1.879081021855240e-03 -9.642322654575575e-04 -1.007734297176940e+00
2 25 -1.000276194056896e+00 -1.878842554532253e-03 -9.642905575790301e-04 -1.007736169991189e+00
2 26 -1.000276040269460e+00 -1.878993065402087e-03 -9.639827985707261e-04 -1.007736789708460e+00
2 27 -1.000276045237945e+00 -1.879531368200294e-03 -9.633000424676191e-04 -1.007736127602650e+00
2 28 -1.000276204671591e+00 -1.880436412876740e-03 -9.622633813137795e-04 -1.007734217292555e+00
2 29 -1.000276507226091e+00 -1.881668246199217e-03 -9.609236562871358e-04 -1.007731151777989e+00
2 30 -1.000276935829520e+00 -1.883170626628487e-03 -9.593571942460775e-04 -1.007727075896196e+00
2 31 -1.000277469273953e+00 -1.884874890358964e-03 -9.576582866728186e-04 -1.007722175598863e+00
3 0 -1.000278987502915e+00 -1.886596932147748e-03 -9.586272568231887e-04 -1.007715230795639e+00
3 1 -1.000279666441735e+00 -1.888497606407165e-03 -9.569376661329368e-04 -1.007709281581253e+00
3 2 -1.000280371734405e+00 -1.890353136385652e-03 -9.554248524600642e-04 -1.007703230322199e+00
3 3 -1.000281079144175e+00 -1.892089266234635e-03 -9.541630069645101e-04 -1.007697309812189e+00
3 4 -1.000281765814848e+00 -1.893640103453644e-03 -9.532038768106651e-04 -1.007691738488591e+00
3 5 -1.000282410453802e+00 -1.894950380589987e-03 -9.525749719097862e-04 -1.007686713670275e+00
3 6 -1.000282993366972e+00 -1.895976951211850e-03 -9.522802355789442e-04 -1.007682406293689e+00
3 7 -1.000283496461871e+00 -1.896689527851503e-03 -9.523027929799140e-04 -1.007678957162397e+00
3 8 -1.000283903311945e+00 -1.897070674300524e-03 -9.526093062165328e-04 -1.007676474754344e+00
3 9 -1.000284199350255e+00 -1.897115111906960e-03 -9.531554354292623e-04 -1.007675034492627e+00
3 10 -1.000284372250211e+00 -1.896828509242037e-03 -9.538918533884924e-04 -1.007674679059387e+00
3 11 -1.000284412535970e+00 -1.896226051146659e-03 -9.547701441786655e-04 -1.007675419021743e+00
3 12 -1.000284314410171e+00 -1.895331128607048e-03 -9.557478032169942e-04 -1.007677233051513e+00
3 13 -1.000284076693079e+00 -1.894174388747033e-03 -9.567915829616925e-04 -1.007680067473129e+00
3 14 -1.000283703684284e+00 -1.892793176015585e-03 -9.578786602674144e-04 -1.007683835525870e+00
3 15 -1.000283205739591e+00 -1.891231207073855e-03 -9.589954630955548e-04 -1.007688417156342e+00
3 16 -1.000282599410973e+00 -1.889538252962552e-03 -9.601343677644661e-04 -1.007693660123400e+00
3 17 -1.000281907090242e+00 -1.887769645732612e-03 -9.612888200894790e-04 -1.007699382820214e+00
3 18 -1.000281156182912e+00 -1.885985497246734e-03 -9.624477581912970e-04 -1.007705378822577e+00
3 19 -1.000280377891948e+00 -1.884249546608996e-03 -9.635904780889039e-04 -1.007711422995235e+00
3 20 -1.000279605707953e+00 -1.882627542915137e-03 -9.646831581413827e-04 -1.007717279030246e+00
3 21 -1.000278873694204e+00 -1.881185069429972e-03 -9.656780446713757e-04 -1.007722708398006e+00
3 22 -1.000278214644549e+00 -1.879984760349075e-03 -9.665158277460746e-04 -1.007727480702510e+00
3 23 -1.000277658202969e+00 -1.879082957932258e-03 -9.671311304250655e-04 -1.007731385260002e+00
3 24 -1.000277229070787e+00 -1.878525996743514e-03 -9.674604231851241e-04 -1.007734243353095e+00
3 25 -1.000276945470365e+00 -1.878346465495500e-03 -9.674511507117018e-04 -1.007735920122097e+00
3 26 -1.000276818052003e+00 -1.878559945310326e-03 -9.670705183802525e-04 -1.007736334615712e+00
3 27 -1.000276849403278e+00 -1.879162788155181e-03 -9.663123360420841e-04 -1.007735466380220e+00
3 28 -1.000277034244384e+00 -1.880131416088033e-03 -9.652006070139343e-04 -1.007733357315135e+00
3 29 -1.000277360280293e+00 -1.881423378908970e-03 -9.637891272660534e-04 -1.007730108354363e+00
3 30 -1.000277809558641e+00 -1.882980071456942e-03 -9.621570931597487e-04 -1.007725871570019e+00
3 31 -1.000278360094175e+00 -1.884730702215113e-03 -9.604014473975901e-04 -1.007720839123836e+00
4 0 -1.000279980009060e+00 -1.886776336722919e-03 -9.600468576568339e-04 -1.007713272459374e+00
4 1 -1.000280670990609e+00 -1.888710083194095e-03 -9.583223640536883e-04 -1.007707235101002e+00
4 2 -1.000281383598056e+00 -1.890587688258511e-03 -9.567880228973293e-04 -1.007701131999069e+00
4 3 -1.000282093296893e+00 -1.892334114783190e-03 -9.555188200089321e-04 -1.007695197494374e+00
4 4 -1.000282777113585e+00 -1.893883132734252e-03 -9.545666882474661e-04 -1.007689650228895e+00
4 5 -1.000283413828332e+00 -1.895179590315830e-03 -9.539587205027445e-04 -1.007684686416495e+00
4 6 -1.000283984010632e+00 -1.896180900400326e-03 -9.536978817172197e-04 -1.007680474648863e+00
4 7 -1.000284470014637e+00 -1.896857751011444e-03 -9.537658228534260e-04 -1.007677152242439e+00
4 8 -1.000284856031358e+00 -1.897194058367424e-03 -9.541273160656900e-04 -1.007674823149274e+00
4 9 -1.000285128266911e+00 -1.897186226125434e-03 -9.547358072193795e-04 -1.007673557332053e+00
4 10 -1.000285275301290e+00 -1.896841878443642e-03 -9.555395309851301e-04 -1.007673391204496e+00
4 11 -1.000285288666425e+00 -1.896178359539608e-03 -9.564875127196814e-04 -1.007674328434168e+00
4 12 -1.000285163631740e+00 -1.895221342985962e-03 -9.575346662688739e-04 -1.007676340393861e+00
4 13 -1.000284900095953e+00 -1.894003798259977e-03 -9.586452260263230e-04 -1.007679365971221e+00
4 14 -1.000284503401131e+00 -1.892565354184807e-03 -9.597939855321042e-04 -1.007683311093436e+00
4 15 -1.000283984863672e+00 -1.890951903029206e-03 -9.609651802853613e-04 -1.007688048775832e+00
4 16 -1.000283361870366e+00 -1.889215211887508e-03 -9.621492337415012e-04 -1.007693420491518e+00
4 17 -1.000282657481732e+00 -1.887412351343857e-03 -9.633379331838533e-04 -1.007699239276992e+00
4 18 -1.000281899573006e+00 -1.885604831430876e-03 -9.645189184920934e-04 -1.007705294564133e+00
4 19 -1.000281119597032e+00 -1.883857374177153e-03 -9.656706116186515e-04 -1.007711358527971e+00
4 20 -1.000280351068177e+00 -1.882236243230963e-03 -9.667587813452019e-04 -1.007717193787478e+00
4 21 -1.000279627854820e+00 -1.880807041229278e-03 -9.677357389650004e-04 -1.007722562430937e+00
4 22 -1.000278982355126e+00 -1.879631921772767e-03 -9.685427090158413e-04 -1.007727236367806e+00
4 23 -1.000278443641482e+00 -1.878766260134455e-03 -9.691153159154749e-04 -1.007731008830485e+00
4 24 -1.000278035697566e+00 -1.878254972308421e-03 -9.693914965630708e-04 -1.007733706467197e+00
4 25 -1.000277775915569e+00 -1.878128836970685e-03 -9.693206083245036e-04 -1.007735200981577e+00
4 26 -1.000277674037830e+00 -1.878401315646747e-03 -9.688721664739866e-04 -1.007735418861682e+00
4 27 -1.000277731698805e+00 -1.879066424181090e-03 -9.680426096171815e-04 -1.007734347617433e+00
4 28 -1.000277942649503e+00 -1.880098127989904e-03 -9.668587862051167e-04 -1.007732037283600e+00
4 29 -1.000278293637428e+00 -1.881451498788197e-03 -9.653774278182623e-04 -1.007728596750921e+00
4 30 -1.000278765794287e+00 -1.883065536089676e-03 -9.636806109800502e-04 -1.007724185521711e+00
4 31 -1.000279336292409e+00 -1.884867239371206e-03 -9.618679530750462e-04 -1.007719002338494e+00
5 0 -1.000281020225022e+00 -1.887236176824428e-03 -9.601176214315603e-04 -1.007710878957399e+00
5 1 -1.000281726615984e+00 -1.889209140890683e-03 -9.583577177438539e-04 -1.007704730595917e+00
5 2 -1.000282450403835e+00 -1.891116521928928e-03 -9.567996866981135e-04 -1.007698548491536e+00
5 3 -1.000283166602467e+00 -1.892882234849710e-03 -9.555193467047093e-04 -1.007692569534876e+00
5 4 -1.000283851942063e+00 -1.894439369057657e-03 -9.545689194675849e-04 -1.007687013790531e+00
5 5 -1.000284485081394e+00 -1.895732482116490e-03 -9.539752497283168e-04 -1.007682077745499e+00
5 6 -1.000285046656791e+00 -1.896719098661570e-03 -9.537405540492790e-04 -1.007677929104506e+00
5 7 -1.000285519283067e+00 -1.897370420565320e-03 -9.538452916590770e-04 -1.007674703142957e+00
5 8 -1.000285887605142e+00 -1.897671269094619e-03 -9.542526671585005e-04 -1.007672500632268e+00
5 9 -1.000286138470162e+00 -1.897619323948169e-03 -9.549142597372895e-04 -1.007671387238923e+00
5 10 -1.000286261271145e+00 -1.897223822884993e-03 -9.557762251476775e-04 -1.007671394024434e+00
5 11 -1.000286248496478e+00 -1.896504009086780e-03 -9.567853897723489e-04 -1.007672518377765e+00
5 12 -1.000286096473299e+00 -1.895487669534929e-03 -9.578944358269919e-04 -1.007674724677492e+00
5 13 -1.000285806208534e+00 -1.894210019903242e-03 -9.590654072456307e-04 -1.007677944370022e+00
5 14 -1.000285384149678e+00 -1.892712985774238e-03 -9.602710043230758e-04 -1.007682075785199e+00
5 15 -1.000284842663173e+00 -1.891044727869460e-03 -9.614935056548939e-04 -1.007686984481552e+00
5 16 -1.000284200079429e+00 -1.889259173255196e-03 -9.627215445665052e-04 -1.007692504925973e+00
5 17 -1.000283480248771e+00 -1.887415356240096e-03 -9.639453214729267e-04 -1.007698443929483e+00
5 18 -1.000282711643350e+00 -1.885576460893692e-03 -9.651511454418969e-04 -1.007704585808962e+00
5 19 -1.000281926094756e+00 -1.883808506906634e-03 -9.663164259735925e-04 -1.007710699018673e+00
5 20 -1.000281157269212e+00 -1.882178613721516e-03 -9.674062900147586e-04 -1.007716544047933e+00
5 21 -1.000280438966630e+00 -1.880752759409696e-03 -9.683728084296632e-04 -1.007721882545445e+00
5 22 -1.000279803313999e+00 -1.879592977112324e-03 -9.691573850966377e-04 -1.007726487685761e+00
5 23 -1.000279278933975e+00 -1.878754028249675e-03 -9.696962651622021e-04 -1.007730155612792e+00
5 24 -1.000278889209704e+00 -1.878279743918204e-03 -9.699284715067574e-04 -1.007732717396463e+00
5 25 -1.000278650811784e+00 -1.878199394364108e-03 -9.698049183882266e-04 -1.007734050450633e+00
5 26 -1.000278572669932e+00 -1.878524581412349e-03 -9.692971166258168e-04 -1.007734087968206e+00
5 27 -1.000278655543091e+00 -1.879247198286911e-03 -9.684038657934177e-04 -1.007732824826393e+00
5 28 -1.000278892269238e+00 -1.880338919941295e-03 -9.671546345693952e-04 -1.007730318749499e+00
5 29 -1.000279268669851e+00 -1.881752458475358e-03 -9.656089017961460e-04 -1.007726686301636e+00
5 30 -1.000279764964378e+00 -1.883424486679750e-03 -9.638514671595565e-04 -1.007722094308954e+00
5 31 -1.000280357456101e+00 -1.885279809533353e-03 -9.619844938218126e-04 -1.007716748182551e+00
6 0 -1.000282065590835e+00 -1.887957633785960e-03 -9.588203783899948e-04 -1.007708160650646e+00
6 1 -1.000282790050350e+00 -1.889974167737345e-03 -9.570266645416122e-04 -1.007701883591967e+00
6 2 -1.000283528353241e+00 -1.891917621070405e-03 -9.554442843790609e-04 -1.007695599196955e+00
6 3 -1.000284254932523e+00 -1.893710646666982e-03 -9.541498887730206e-04 -1.007689547762941e+00
6 4 -1.000284946059014e+00 -1.895285345314082e-03 -9.531960845342493e-04 -1.007683951903054e+00
6 5 -1.000285580081264e+00 -1.896585592991498e-03 -9.526096577644143e-04 -1.007679009723465e+00
6 6 -1.000286137500211e+00 -1.897568573588392e-03 -9.523923496386869e-04 -1.007674889530118e+00
6 7 -1.000286600989590e+00 -1.898205516696409e-03 -9.525237704000275e-04 -1.007671726094191e+00
6 8 -1.000286955460149e+00 -1.898481659371901e-03 -9.529659527558367e-04 -1.007669618496613e+00
6 9 -1.000287188236920e+00 -1.898395494911665e-03 -9.536690388459991e-04 -1.007668629462377e+00
6 10 -1.000287289396648e+00 -1.897957465763088e-03 -9.545775509488829e-04 -1.007668785843515e+00
6 11 -1.000287252294487e+00 -1.897188379255667e-03 -9.556365629414596e-04 -1.007670079624412e+00
6 12 -1.000287074266864e+00 -1.896117887131495e-03 -9.567969607826919e-04 -1.007672468765864e+00
6 13 -1.000286757419438e+00 -1.894783292006127e-03 -9.580190099871879e-04 -1.007675877552696e+00
6 14 -1.000286309329548e+00 -1.893228742749779e-03 -9.592736923223451e-04 -1.007680196724090e+00
6 15 -1.000285743465868e+00 -1.891504673751734e-03 -9.605416512114724e-04 -1.007685284150618e+00
6 16 -1.000285079176307e+00 -1.889667248429468e-03 -9.618099812435657e-04 -1.007690966860429e+00
6 17 -1.000284341191101e+00 -1.887777605864283e-03 -9.630674584191796e-04 -1.007697044838136e+00
6 18 -1.000283558681372e+00 -1.885900803932572e-03 -9.642991184276805e-04 -1.007703296545165e+00
6 19 -1.000282763968563e+00 -1.884104411679883e-03 -9.654813037707323e-04 -1.007709485860722e+00
6 20 -1.000281990989289e+00 -1.882456699598485e-03 -9.665783389384669e-04 -1.007715370199053e+00
6 21 -1.000281273599942e+00 -1.881024350612232e-03 -9.675418033245700e-04 -1.007720709752413e+00
6 22 -1.000280643786670e+00 -1.879869631119492e-03 -9.683129577549854e-04 -1.007725277890860e+00
6 23 -1.000280129856451e+00 -1.879047055813802e-03 -9.688282938661941e-04 -1.007728872570296e+00
6 24 -1.000279754726776e+00 -1.878599738663952e-03 -9.690275151982558e-04 -1.007731328184019e+00
6 25 -1.000279534478070e+00 -1.878555796192927e-03 -9.688626775381178e-04 -1.007732526796864e+00
6 26 -1.000279477350288e+00 -1.878925300444636e-03 -9.683068781364158e-04 -1.007732407323488e+00
6 27 -1.000279583336265e+00 -1.879698319630457e-03 -9.673608825367490e-04 -1.007730971131081e+00
6 28 -1.000279844452634e+00 -1.880844499160847e-03 -9.660564012592895e-04 -1.007728282885067e+00
6 29 -1.000280245664783e+00 -1.882314411140112e-03 -9.644553026812700e-04 -1.007724466226827e+00
6 30 -1.000280766323892e+00 -1.884042572787824e-03 -9.626447814942935e-04 -1.007719694890554e+00
6 31 -1.000281381878122e+00 -1.885951707961253e-03 -9.607292596026956e-04 -1.007714180750482e+00
7 0 -1.000283074100839e+00 -1.888910480197068e-03 -9.561909088688515e-04 -1.007705243054432e+00
7 1 -1.000283818437447e+00 -1.890972903955012e-03 -9.543671927070113e-04 -1.007698825665774e+00
7 2 -1.000284573888860e+00 -1.892957005722931e-03 -9.527615396017135e-04 -1.007692420681799e+00
7 3 -1.000285314209292e+00 -1.894784025213859e-03 -9.514513805154413e-04 -1.007686272481106e+00
7 4 -1.000286015071465e+00 -1.896384815758538e-03 -9.504897780906953e-04 -1.007680607209786e+00
7 5 -1.000286654340180e+00 -1.897702213826282e-03 -9.499036485766150e-04 -1.007675625846868e+00
7 6 -1.000287212183480e+00 -1.898692625091726e-03 -9.496945516719741e-04 -1.007671498751103e+00
7 7 -1.000287671126207e+00 -1.899326817330750e-03 -9.498416305786004e-04 -1.007668361747781e+00
7 8 -1.000288016140754e+00 -1.899589933090151e-03 -9.503061961506876e-04 -1.007666313795317e+00
7 9 -1.000288234842136e+00 -1.899480779779210e-03 -9.510374490472051e-04 -1.007665416162077e+00
7 10 -1.000288317829830e+00 -1.899010544648423e-03 -9.519787961631930e-04 -1.007665692810876e+00
7 11 -1.000288259199356e+00 -1.898201201840655e-03 -9.530740793379372e-04 -1.007667131414274e+00
7 12 -1.000288057208341e+00 -1.897083947672896e-03 -9.542728948509662e-04 -1.007669684343827e+00
7 13 -1.000287715010667e+00 -1.895697934142192e-03 -9.555342083576776e-04 -1.007673269279979e+00
7 14 -1.000287241296628e+00 -1.894089376513742e-03 -9.568277200558138e-04 -1.007677769673917e+00
7 15 -1.000286650648600e+00 -1.892310900810427e-03 -9.581328203808563e-04 -1.007683035784559e+00
7 16 -1.000285963467029e+00 -1.890420893769739e-03 -9.594353794996102e-04 -1.007688887077903e+00
7 17 -1.000285205417019e+00 -1.888482651415200e-03 -9.607229814141227e-04 -1.007695116407984e+00
7 18 -1.000284406441090e+00 -1.886563220604649e-03 -9.619795251178357e-04 -1.007701495908262e+00
7 19 -1.000283599438912e+00 -1.884731895402564e-03 -9.631803180133235e-04 -1.007707784252143e+00
7 20 -1.000282818720827e+00 -1.883058329319113e-03 -9.642888091047812e-04 -1.007713735000176e+00
7 21 -1.000282098317095e+00 -1.881610192649875e-03 -9.652559160376984e-04 -1.007719105972914e+00
7 22 -1.000281470203035e+00 -1.880450311192932e-03 -9.660224997076316e-04 -1.007723669698276e+00
7 23 -1.000280962510250e+00 -1.879633313918055e-03 -9.665249656405160e-04 -1.007727224806239e+00
7 24 -1.000280597837612e+00 -1.879201981907727e-03 -9.667033021572020e-04 -1.007729607809172e+00
7 25 -1.000280391824494e+00 -1.879183671577701e-03 -9.665102623962669e-04 -1.007730704195712e+00
7 26 -1.000280352167065e+00 -1.879587314651296e-03 -9.659200523482879e-04 -1.007730457397902e+00
7 27 -1.000280478229705e+00 -1.880401528562354e-03 -9.649349040294303e-04 -1.007728874132876e+00
7 28 -1.000280761332140e+00 -1.881594278953933e-03 -9.635882592398779e-04 -1.007726024969276e+00
7 29 -1.000281185689968e+00 -1.883114313323692e-03 -9.619438694260747e-04 -1.007722039728581e+00
7 30 -1.000281729869020e+00 -1.884894262243467e-03 -9.600908432962222e-04 -1.007717098337754e+00
7 31 -1.000282368516685e+00 -1.886854977590500e-03 -9.581354294665670e-04 -1.007711418640911e+00
8 0 -1.000284006211962e+00 -1.890054685364968e-03 -9.523206341674708e-04 -1.007702258577924e+00
8 1 -1.000284771290566e+00 -1.892163171339821e-03 -9.504728067150193e-04 -1.007695695815366e+00
8 2 -1.000285545693435e+00 -1.894190565191099e-03 -9.488467396476197e-04 -1.007689157747829e+00
8 3 -1.000286302434026e+00 -1.896056612111649e-03 -9.475205289164877e-04 -1.007682893302200e+00
8 4 -1.000287016479397e+00 -1.897690719833380e-03 -9.465477214649851e-04 -1.007677132960855e+00
8 5 -1.000287665061184e+00 -1.899034376228901e-03 -9.459555314255115e-04 -1.007672081683599e+00
8 6 -1.000288227832185e+00 -1.900042805972184e-03 -9.457456299541587e-04 -1.007667913231535e+00
8 7 -1.000288686965548e+00 -1.900685844576646e-03 -9.458970919000757e-04 -1.007664765990021e+00
8 8 -1.000289027285664e+00 -1.900948032468204e-03 -9.463709880978825e-04 -1.007662740364154e+00
8 9 -1.000289236493974e+00 -1.900827977516999e-03 -9.471161169669263e-04 -1.007661897708280e+00
8 10 -1.000289305526702e+00 -1.900337121013484e-03 -9.480753391479764e-04 -1.007662260531804e+00
8 11 -1.000289229060602e+00 -1.899498160192967e-03 -9.491918376277836e-04 -1.007663813459329e+00
8 12 -1.000289006147950e+00 -1.898343456131241e-03 -9.504144747492623e-04 -1.007666504322005e+00
8 13 -1.000288640898340e+00 -1.896913702494747e-03 -9.517014375178302e-04 -1.007670245013295e+00
8 14 -1.000288143054480e+00 -1.895256945884567e-03 -9.530216178685849e-04 -1.007674912289018e+00
8 15 -1.000287528280425e+00 -1.893427837792773e-03 -9.543535691012470e-04 -1.007680349181767e+00
8 16 -1.000286818022634e+00 -1.891486886962734e-03 -9.556822888884805e-04 -1.007686367788443e+00
8 17 -1.000286038898219e+00 -1.889499508126397e-03 -9.569944509387541e-04 -1.007692753839165e+00
8 18 -1.000285221660917e+00 -1.887534762544528e-03 -9.582730204274550e-04 -1.007699272958108e+00
8 19 -1.000284399850652e+00 -1.885663759689296e-03 -9.594923842337725e-04 -1.007705678239468e+00
8 20 -1.000283608235374e+00 -1.883957691950591e-03 -9.606151357517307e-04 -1.007711718821378e+00
8 21 -1.000282881124261e+00 -1.882485437431520e-03 -9.615914541977417e-04 -1.007717149388347e+00
8 22 -1.000282250606479e+00 -1.881310663679498e-03 -9.623616275655630e-04 -1.007721740672245e+00
8 23 -1.000281744779683e+00 -1.880488452698667e-03 -9.628617064684468e-04 -1.007725290851628e+00
8 24 -1.000281386078214e+00 -1.880061638178473e-03 -9.630316021140058e-04 -1.007727637294781e+00
8 25 -1.000281189862130e+00 -1.880057234891545e-03 -9.628243184257300e-04 -1.007728667561493e+00
8 26 -1.000281163447714e+00 -1.880483469872836e-03 -9.622146530262684e-04 -1.007728328214449e+00
8 27 -1.000281305731433e+00 -1.881327947126760e-03 -9.612057338453401e-04 -1.007726629955590e+00
8 28 -1.000281607487867e+00 -1.882557377123174e-03 -9.598321291878504e-04 -1.007723647966718e+00
8 29 -1.000282052320388e+00 -1.884119079982833e-03 -9.581588582341552e-04 -1.007719517086711e+00
8 30 -1.000282618127149e+00 -1.885944153854566e-03 -9.562763467840422e-04 -1.007714422451268e+00
8 31 -1.000283278846693e+00 -1.887951873824004e-03 -9.542921223285149e-04 -1.007708587116255e+00
9 0 -1.000284826530700e+00 -1.891342584580854e-03 -9.473544484208077e-04 -1.007699337955683e+00
9 1 -1.000285612243554e+00 -1.893495185240255e-03 -9.454901288948003e-04 -1.007692631451254e+00
9 2 -1.000286406495972e+00 -1.895566495438671e-03 -9.438481274895193e-04 -1.007685954039279e+00
9 3 -1.000287181536838e+00 -1.897474757028704e-03 -9.425070243699685e-04 -1.007679559441642e+00
9 4 -1.000287911556130e+00 -1.899147803157681e-03 -9.415208264897275e-04 -1.007673683069337e+00
9 5 -1.000288573034823e+00 -1.900525526876860e-03 -9.409171768930121e-04 -1.007668534777985e+00
9 6 -1.000289144953454e+00 -1.901561622750440e-03 -9.406981309287256e-04 -1.007664292915832e+00
9 7 -1.000289608947348e+00 -1.902224565314782e-03 -9.408430883686325e-04 -1.007661099808170e+00
9 8 -1.000289949489587e+00 -1.902497812227598e-03 -9.413133689109704e-04 -1.007659058799446e+00
9 9 -1.000290154159493e+00 -1.902379267772620e-03 -9.420579249848445e-04 -1.007658232855593e+00
9 10 -1.000290214027630e+00 -1.901880127261587e-03 -9.430196634305721e-04 -1.007658644517558e+00
9 11 -1.000290124165934e+00 -1.901023339439790e-03 -9.441417061656479e-04 -1.007660276742054e+00
9 12 -1.000289884259386e+00 -1.899842005761980e-03 -9.453727583821989e-04 -1.007663074046695e+00
9 13 -1.000289499239593e+00 -1.898377995477376e-03 -9.466707647188028e-04 -1.007666943584965e+00
9 14 -1.000288979797083e+00 -1.896680882404649e-03 -9.480042923156304e-04 -1.007671756277845e+00
9 15 -1.000288342601343e+00 -1.894807100315502e-03 -9.493514827962869e-04 -1.007677348609414e+00
9 16 -1.000287610096172e+00 -1.892819095616953e-03 -9.506968292173822e-04 -1.007683525805137e+00
9 17 -1.000286809829364e+00 -1.890784276017569e-03 -9.520264067051697e-04 -1.007690066783651e+00
9 18 -1.000285973372024e+00 -1.888773652755470e-03 -9.533224990482561e-04 -1.007696730774168e+00
9 19 -1.000285134938232e+00 -1.886860152520219e-03 -9.545587566435341e-04 -1.007703265190641e+00
9 20 -1.000284329815380e+00 -1.885116580139968e-03 -9.556970212986134e-04 -1.007709414414915e+00
9 21 -1.000283592680950e+00 -1.883613171316800e-03 -9.566867472138320e-04 -1.007714929415235e+00
9 22 -1.000282955853277e+00 -1.882414663482248e-03 -9.574675626365972e-04 -1.007719578296666e+00
9 23 -1.000282447534210e+00 -1.881576896310470e-03 -9.579749666539668e-04 -1.007723157716682e+00
9 24 -1.000282090150018e+00 -1.881143129641366e-03 -9.581484808348225e-04 -1.007725504623308e+00
9 25 -1.000281898950661e+00 -1.881140465030639e-03 -9.579409345538190e-04 -1.007726507217867e+00
9 26 -1.000281881048455e+00 -1.881576889428614e-03 -9.573271934674899e-04 -1.007726113677447e+00
9 27 -1.000282035048498e+00 -1.882439474212051e-03 -9.563106818002634e-04 -1.007724337156248e+00
9 28 -1.000282351351783e+00 -1.883694152896531e-03 -9.549264440166941e-04 -1.007721255966890e+00
9 29 -1.000282813110719e+00 -1.885287276290814e-03 -9.532400936069365e-04 -1.007717008594861e+00
9 30 -1.000283397701262e+00 -1.887148830501255e-03 -9.513427082544266e-04 -1.007711784182615e+00
9 31 -1.000284078476753e+00 -1.889196878881414e-03 -9.493424707729166e-04 -1.007705810016561e+00
10 0 -1.000285505163186e+00 -1.892721376798701e-03 -9.414856201025969e-04 -1.007696602430190e+00
10 1 -1.000286310471652e+00 -1.894914196938963e-03 -9.396136024210634e-04 -1.007689760116939e+00
10 2 -1.000287124557492e+00 -1.897028077973621e-03 -9.379614040588743e-04 -1.007682943332737e+00
10 3 -1.000287918918714e+00 -1.898979819755607e-03 -9.366078508358544e-04 -1.007676410622911e+00
10 4 -1.000288666935825e+00 -1.900695625722952e-03 -9.356073310935180e-04 -1.007670402689683e+00
10 5 -1.000289344259939e+00 -1.902113622439575e-03 -9.349880013839518e-04 -1.007665134967162e+00
10 6 -1.000289929076881e+00 -1.903185696307630e-03 -9.347525376054034e-04 -1.007660791354420e+00
10 7 -1.000290402325599e+00 -1.903878594807227e-03 -9.348810312682682e-04 -1.007657519303868e+00
10 8 -1.000290747942311e+00 -1.904174261381201e-03 -9.353355221165065e-04 -1.007655426445462e+00
10 9 -1.000290953181436e+00 -1.904069424210756e-03 -9.360656622657622e-04 -1.007654578797299e+00
10 10 -1.000291009038249e+00 -1.903574543941819e-03 -9.370149910696830e-04 -1.007655000403171e+00
10 11 -1.000290910774059e+00 -1.902712340073946e-03 -9.381271616391236e-04 -1.007656673992282e+00
10 12 -1.000290658514344e+00 -1.901516202133442e-03 -9.393512906009203e-04 -1.007659542124433e+00
10 13 -1.000290257841474e+00 -1.900028765248573e-03 -9.406456048538249e-04 -1.007663508445679e+00
10 14 -1.000289720247952e+00 -1.898300770421634e-03 -9.419788172960783e-04 -1.007668439130049e+00
10 15 -1.000289063290635e+00 -1.896390125143517e-03 -9.433290732565068e-04 -1.007674165045997e+00
10 16 -1.000288310321937e+00 -1.894360956250634e-03 -9.446807266990250e-04 -1.007680485316920e+00
10 17 -1.000287489762197e+00 -1.892282459727606e-03 -9.460195762825778e-04 -1.007687172641654e+00
10 18 -1.000286633973416e+00 -1.890227449240206e-03 -9.473275040951755e-04 -1.007693980246180e+00
10 19 -1.000285777849786e+00 -1.888270586398641e-03 -9.485776535836566e-04 -1.007700650027493e+00
10 20 -1.000284957237001e+00 -1.886486281344562e-03 -9.497312802882363e-04 -1.007706921515717e+00
10 21 -1.000284207252403e+00 -1.884946204837882e-03 -9.507371982807813e-04 -1.007712541582453e+00
10 22 -1.000283560546332e+00 -1.883716332935429e-03 -9.515343636888201e-04 -1.007717275025454e+00
10 23 -1.000283045555841e+00 -1.882853524676546e-03 -9.520575975471525e-04 -1.007720916004490e+00
10 24 -1.000282684853430e+00 -1.882401814861825e-03 -9.522457784830165e-04 -1.007723299805105e+00
10 25 -1.000282493750329e+00 -1.882388813230668e-03 -9.520511802260434e-04 -1.007724313820324e+00
10 26 -1.000282479336408e+00 -1.882822739416785e-03 -9.514482415007133e-04 -1.007723906261250e+00
10 27 -1.000282640110491e+00 -1.883690632964353e-03 -9.504400983381660e-04 -1.007722091105265e+00
10 28 -1.000282966283033e+00 -1.884958157677436e-03 -9.490616248910294e-04 -1.007718948193559e+00
10 29 -1.000283440731636e+00 -1.886571189536728e-03 -9.473783485608436e-04 -1.007714618149560e+00
10 30 -1.000284040474337e+00 -1.888459065933628e-03 -9.454813149601004e-04 -1.007709292767808e+00
10 31 -1.000284738425941e+00 -1.890539052350914e-03 -9.434787078061201e-04 -1.007703202418762e+00
11 0 -1.000286018652630e+00 -1.894135711059176e-03 -9.349479241754991e-04 -1.007694157564489e+00
11 1 -1.000286841695175e+00 -1.896363205738629e-03 -9.330774905831850e-04 -1.007687192888536e+00
11 2 -1.000287674740908e+00 -1.898516522349470e-03 -9.314215712709575e-04 -1.007680242515885e+00
11 3 -1.000288488584588e+00 -1.900511142444577e-03 -9.300589602033103e-04 -1.007673569643231e+00
11 4 -1.000289255804037e+00 -1.902271658317699e-03 -9.290443016186473e-04 -1.007667420392783e+00
11 5 -1.000289951183403e+00 -1.903734340350258e-03 -9.284063000849597e-04 -1.007662016201850e+00
11 6 -1.000290552032661e+00 -1.904849073053915e-03 -9.281484395791883e-04 -1.007657547220820e+00
11 7 -1.000291038472121e+00 -1.905580590139843e-03 -9.282518253676786e-04 -1.007654166971920e+00
11 8 -1.000291393742923e+00 -1.905908956867733e-03 -9.286796484982935e-04 -1.007651988514198e+00
11 9 -1.000291604587299e+00 -1.905829303009941e-03 -9.293827708473031e-04 -1.007651082216471e+00
11 10 -1.000291661717607e+00 -1.905350895606582e-03 -9.303059177025259e-04 -1.007651475026975e+00
11 11 -1.000291560367379e+00 -1.904495752793519e-03 -9.313938332733315e-04 -1.007653150893350e+00
11 12 -1.000291300887721e+00 -1.903297089141363e-03 -9.325965809482515e-04 -1.007656051847778e+00
11 13 -1.000290889309904e+00 -1.901797869075030e-03 -9.338731609714744e-04 -1.007660079391834e+00
11 14 -1.000290337747603e+00 -1.900049601019469e-03 -9.351928712032135e-04 -1.007665096212302e+00
11 15 -1.000289664490705e+00 -1.898111307636938e-03 -9.365342496465702e-04 -1.007670928696130e+00
11 16 -1.000288893676057e+00 -1.896048480616060e-03 -9.378818571955451e-04 -1.007677370855456e+00
11 17 -1.000288054505332e+00 -1.893931834517144e-03 -9.392215273676298e-04 -1.007684189994797e+00
11 18 -1.000287180075124e+00 -1.891835768106080e-03 -9.405350206466729e-04 -1.007691133966869e+00
11 19 -1.000286305939480e+00 -1.889836523364700e-03 -9.417952172280267e-04 -1.007697939549318e+00
11 20 -1.000285468518664e+00 -1.888010036828598e-03 -9.429629806400000e-04 -1.007704341546477e+00
11 21 -1.000284703422610e+00 -1.886429423948804e-03 -9.439866122406104e-04 -1.007710082551336e+00
11 22 -1.000284043721739e+00 -1.885162007835263e-03 -9.448044372298419e-04 -1.007714923539508e+00
11 23 -1.000283518208742e+00 -1.884265878563990e-03 -9.453505335729626e-04 -1.007718655322400e+00
11 24 -1.000283149749969e+00 -1.883786156513951e-03 -9.455629493495202e-04 -1.007721110364619e+00
11 25 -1.000282953885818e+00 -1.883751355008585e-03 -9.453930869616339e-04 -1.007722173844493e+00
11 26 -1.000282937864394e+00 -1.884170384772768e-03 -9.448145242429664e-04 -1.007721792434439e+00
11 27 -1.000283100264797e+00 -1.885030750361074e-03 -9.438295786366171e-04 -1.007719979283619e+00
11 28 -1.000283431293685e+00 -1.886298357997710e-03 -9.424723535957666e-04 -1.007716814113076e+00
11 29 -1.000283913736142e+00 -1.887919115693898e-03 -9.408076469647274e-04 -1.007712438109559e+00
11 30 -1.000284524425647e+00 -1.889822194598743e-03 -9.389258141461571e-04 -1.007707044282079e+00
11 31 -1.000285235997873e+00 -1.891924502037647e-03 -9.369343980930267e-04 -1.007700864838909e+00
12 0 -1.000286350488506e+00 -1.895530168990903e-03 -9.280053880880517e-04 -1.007692089183505e+00
12 1 -1.000287188738955e+00 -1.897785529343031e-03 -9.261455777379324e-04 -1.007685020019621e+00
12 2 -1.000288039127298e+00 -1.899973641743307e-03 -9.244925485129893e-04 -1.007677946887857e+00
12 3 -1.000288871820446e+00 -1.902008843311265e-03 -9.231247719023577e-04 -1.007671137294740e+00
12 4 -1.000289658636208e+00 -1.903814201558627e-03 -9.220969903997943e-04 -1.007664842690990e+00
12 5 -1.000290373496601e+00 -1.905324123504109e-03 -9.214384442190535e-04 -1.007659290680022e+00
12 6 -1.000290992798636e+00 -1.906486388442251e-03 -9.211535578240971e-04 -1.007654678081893e+00
12 7 -1.000291495763109e+00 -1.907263519288205e-03 -9.212247144048284e-04 -1.007651165156010e+00
12 8 -1.000291864812192e+00 -1.907633420002742e-03 -9.216166300180885e-04 -1.007648871291746e+00
12 9 -1.000292086012481e+00 -1.907589265314667e-03 -9.222818302480374e-04 -1.007647872318728e+00
12 10 -1.000292149597191e+00 -1.907138716240117e-03 -9.231667252705645e-04 -1.007648199369873e+00
12 11 -1.000292050553644e+00 -1.906302643590442e-03 -9.242176573038772e-04 -1.007649839006635e+00
12 12 -1.000291789231309e+00 -1.905113631092065e-03 -9.253861202384818e-04 -1.007652734178379e+00
12 13 -1.000291371887752e+00 -1.903614526834779e-03 -9.266323293661221e-04 -1.007656785673402e+00
12 14 -1.000290811051000e+00 -1.901857184651225e-03 -9.279265610614455e-04 -1.007661854060482e+00
12 15 -1.000290125560973e+00 -1.899901350883688e-03 -9.292480940879389e-04 -1.007667762519599e+00
12 16 -1.000289340185578e+00 -1.897813525060658e-03 -9.305820060211954e-04 -1.007674301105387e+00
12 17 -1.000288484788421e+00 -1.895665622748324e-03 -9.319144446431612e-04 -1.007681232731554e+00
12 18 -1.000287593118254e+00 -1.893533357937710e-03 -9.332273026805899e-04 -1.007688300694140e+00
12 19 -1.000286701345039e+00 -1.891494342572398e-03 -9.344934232818415e-04 -1.007695237238940e+00
12 20 -1.000285846458719e+00 -1.889625902732223e-03 -9.356734670520023e-04 -1.007701772758785e+00
12 21 -1.000285064595910e+00 -1.888002549587648e-03 -9.367153603650373e-04 -1.007707645567895e+00
12 22 -1.000284389319098e+00 -1.886693003940714e-03 -9.375568672074959e-04 -1.007712612475095e+00
12 23 -1.000283849883495e+00 -1.885756743141345e-03 -9.381313058028405e-04 -1.007716460246631e+00
12 24 -1.000283469585717e+00 -1.885240232565206e-03 -9.383757727983467e-04 -1.007719017500656e+00
12 25 -1.000283264354220e+00 -1.885173239944241e-03 -9.382405631014653e-04 -1.007720165901604e+00
12 26 -1.000283241769159e+00 -1.885565789791196e-03 -9.376980442153504e-04 -1.007719849088131e+00
12 27 -1.000283400671634e+00 -1.886406322631926e-03 -9.367492676551392e-04 -1.007718077777407e+00
12 28 -1.000283731448176e+00 -1.887661482499784e-03 -9.354270438524088e-04 -1.007714929942762e+00
12 29 -1.000284216972065e+00 -1.889277707225409e-03 -9.337948687875601e-04 -1.007710545759384e+00
12 30 -1.000284834065769e+00 -1.891184481755688e-03 -9.319418116958367e-04 -1.007705117994737e+00
12 31 -1.000285555248065e+00 -1.893298799082939e-03 -9.299741840295456e-04 -1.007698879412248e+00
13 0 -1.000286491233639e+00 -1.896851516946136e-03 -9.209402340650076e-04 -1.007690461505714e+00
13 1 -1.000287341685918e+00 -1.899127095930916e-03 -9.190991581483729e-04 -1.007683308933430e+00
13 2 -1.000288207207249e+00 -1.901344209789560e-03 -9.174551601058996e-04 -1.007676127938992e+00
13 3 -1.000289057431901e+00 -1.903416260712074e-03 -9.160861122712178e-04 -1.007669189866607e+00
13 4 -1.000289863489678e+00 -1.905264934330373e-03 -9.150466852466379e-04 -1.007662751214160e+00
13 5 -1.000290598482576e+00 -1.906822842334195e-03 -9.143666066425112e-04 -1.007657045672434e+00
13 6 -1.000291237899496e+00 -1.908035643394885e-03 -9.140513209261140e-04 -1.007652276874589e+00
13 7 -1.000291760023160e+00 -1.908863545237915e-03 -9.140846898024913e-04 -1.007648612201215e+00
13 8 -1.000292146371279e+00 -1.909282096541187e-03 -9.144332585020883e-04 -1.007646178007160e+00
13 9 -1.000292382202339e+00 -1.909282238857310e-03 -9.150515984135611e-04 -1.007645056466181e+00
13 10 -1.000292457095372e+00 -1.908869677502117e-03 -9.158882325377414e-04 -1.007645284003910e+00
13 11 -1.000292365583453e+00 -1.908063734389342e-03 -9.168915399861549e-04 -1.007646851080400e+00
13 12 -1.000292107787079e+00 -1.906895932405048e-03 -9.180148646668630e-04 -1.007649702957177e+00
13 13 -1.000291689958471e+00 -1.905408566688522e-03 -9.192200182885375e-04 -1.007653741144844e+00
13 14 -1.000291124817372e+00 -1.903653409159926e-03 -9.204785928846410e-04 -1.007658825512263e+00
13 15 -1.000290431550481e+00 -1.901690521652536e-03 -9.217709032540429e-04 -1.007664777389819e+00
13 16 -1.000289635380796e+00 -1.899587029367017e-03 -9.230828030653936e-04 -1.007671384135528e+00
13 17 -1.000288766691285e+00 -1.897415700228850e-03 -9.244009847548268e-04 -1.007678405399261e+00
13 18 -1.000287859778004e+00 -1.895253258325966e-03 -9.257076798659659e-04 -1.007685580870916e+00
13 19 -1.000286951362084e+00 -1.893178436480482e-03 -9.269758779536887e-04 -1.007692638992885e+00
13 20 -1.000286078979251e+00 -1.891269771158688e-03 -9.281661922802908e-04 -1.007699306207970e+00
13 21 -1.000285279309375e+00 -1.889603073394491e-03 -9.292262936990151e-04 -1.007705316706460e+00
13 22 -1.000284586462458e+00 -1.888248459898338e-03 -9.300934582213988e-04 -1.007710422950296e+00
13 23 -1.000284030247192e+00 -1.887266893802399e-03 -9.307002581766023e-04 -1.007714407136153e+00
13 24 -1.000283634511699e+00 -1.886706384285638e-03 -9.309827762856898e-04 -1.007717093182920e+00
13 25 -1.000283415717445e+00 -1.886598245131139e-03 -9.308900450460978e-04 -1.007718358103101e+00
13 26 -1.000283381938241e+00 -1.886953984050155e-03 -9.303929674316311e-04 -1.007718141144943e+00
13 27 -1.000283532448531e+00 -1.887763403839091e-03 -9.294909823266056e-04 -1.007716449099596e+00
13 28 -1.000283857989500e+00 -1.888994346093030e-03 -9.282151851177752e-04 -1.007713356646491e+00
13 29 -1.000284341695511e+00 -1.890594248561692e-03 -9.266272942368241e-04 -1.007709001431407e+00
13 30 -1.000284960544729e+00 -1.892493369006169e-03 -9.248145872563546e-04 -1.007703574561210e+00
13 31 -1.000285687096118e+00 -1.894609215013278e-03 -9.228816354589428e-04 -1.007697308090445e+00
14 0 -1.000286438357777e+00 -1.898050655689117e-03 -9.140397567610238e-04 -1.007689317180150e+00
14 1 -1.000287297711571e+00 -1.900338386812093e-03 -9.122240372130405e-04 -1.007682104278252e+00
14 2 -1.000288175728375e+00 -1.902577921082794e-03 -9.105942130853967e-04 -1.007674833350386e+00
14 3 -1.000289041616411e+00 -1.904681956294287e-03 -9.092273187061812e-04 -1.007667779015236e+00
14 4 -1.000289865910116e+00 -1.906570981165212e-03 -9.081777920508184e-04 -1.007661202386412e+00
14 5 -1.000290620962915e+00 -1.908175942330319e-03 -9.074757813382188e-04 -1.007655342958232e+00
14 6 -1.000291281396478e+00 -1.909440441150900e-03 -9.071277876456147e-04 -1.007650411072303e+00
14 7 -1.000291824556593e+00 -1.910322355067364e-03 -9.071192895115121e-04 -1.007646581341696e+00
14 8 -1.000292231010916e+00 -1.910794776226787e-03 -9.074188894891793e-04 -1.007643987446077e+00
14 9 -1.000292485114139e+00 -1.910846223707072e-03 -9.079835034734753e-04 -1.007642718528936e+00
14 10 -1.000292575646883e+00 -1.910480175801591e-03 -9.087641110195029e-04 -1.007642817195263e+00
14 11 -1.000292496502441e+00 -1.909714066824480e-03 -9.097114870334096e-04 -1.007644278917150e+00
14 12 -1.000292247357788e+00 -1.908577973431490e-03 -9.107811713520690e-04 -1.007647052549716e+00
14 13 -1.000291834231137e+00 -1.907113227316500e-03 -9.119368859637826e-04 -1.007651041705918e+00
14 14 -1.000291269805714e+00 -1.905371100922459e-03 -9.131518130295628e-04 -1.007656106968134e+00
14 15 -1.000290573399613e+00 -1.903411560387726e-03 -9.144075392885935e-04 -1.007662069209029e+00
14 16 -1.000289770498547e+00 -1.901301962627239e-03 -9.156908959415696e-04 -1.007668714412234e+00
14 17 -1.000288891843728e+00 -1.899115562038069e-03 -9.169892919980661e-04 -1.007675800168829e+00
14 18 -1.000287972154865e+00 -1.896929767089847e-03 -9.182854449573557e-04 -1.007683063601121e+00
14 19 -1.000287048621701e+00 -1.894824158901216e-03 -9.195526160459533e-04 -1.007690230172148e+00
14 20 -1.000286159285299e+00 -1.892878277320033e-03 -9.207514747258367e-04 -1.007697022942543e+00
14 21 -1.000285341369348e+00 -1.891169102384413e-03 -9.218295166720550e-04 -1.007703172258353e+00
14 22 -1.000284629570299e+00 -1.889768100075462e-03 -9.227235845983754e-04 -1.007708426205084e+00
14 23 -1.000284054323817e+00 -1.888737762401669e-03 -9.233655277637511e-04 -1.007712562062333e+00
14 24 -1.000283640132673e+00 -1.888127777469993e-03 -9.236903927689404e-04 -1.007715398391630e+00
14 25 -1.000283404118406e+00 -1.887971229489982e-03 -9.236458647854160e-04 -1.007716806613261e+00
14 26 -1.000283354993196e+00 -1.888281413194679e-03 -9.232012210042597e-04 -1.007716720414068e+00
14 27 -1.000283492620741e+00 -1.889049860083130e-03 -9.223540479927739e-04 -1.007715141327964e+00
14 28 -1.000283808257690e+00 -1.890246016845008e-03 -9.211334174680147e-04 -1.007712139329699e+00
14 29 -1.000284285459561e+00 -1.891818746696433e-03 -9.195989091133980e-04 -1.007707848126680e+00
14 30 -1.000284901514995e+00 -1.893699501457148e-03 -9.178356152173842e-04 -1.007702455832103e+00
14 31 -1.000285629169489e+00 -1.895806700815007e-03 -9.159459642152772e-04 -1.007696192592906e+00
15 0 -1.000286195878362e+00 -1.899084226395980e-03 -9.075829662880395e-04 -1.007688678758738e+00
15 1 -1.000287060704131e+00 -1.901375998358207e-03 -9.057973501065420e-04 -1.007681429540768e+00
15 2 -1.000287948304357e+00 -1.903630928078895e-03 -9.041854546470431e-04 -1.007674088691805e+00
15 3 -1.000288827571692e+00 -1.905761247765621e-03 -9.028232941871476e-04 -1.007666933483814e+00
15 4 -1.000289668549782e+00 -1.907686462011281e-03 -9.017649432951328e-04 -1.007660229102530e+00
15 5 -1.000290442935396e+00 -1.909336030751643e-03 -9.010409041166577e-04 -1.007654220395759e+00
15 6 -1.000291124552396e+00 -1.910651628414556e-03 -9.006587409989520e-04 -1.007649124094126e+00
15 7 -1.000291689845876e+00 -1.911588869632825e-03 -9.006056305679693e-04 -1.007645121901976e+00
15 8 -1.000292118427213e+00 -1.912118381491946e-03 -9.008523824224981e-04 -1.007642354908124e+00
15 9 -1.000292393692346e+00 -1.912226167268692e-03 -9.013584641021461e-04 -1.007640919572448e+00
15 10 -1.000292503517869e+00 -1.911913298225545e-03 -9.020775603410877e-04 -1.007640865304318e+00
15 11 -1.000292441004611e+00 -1.911195061285716e-03 -9.029631105477683e-04 -1.007642193478453e+00
15 12 -1.000292205195537e+00 -1.910099762310039e-03 -9.039731158162832e-04 -1.007644857657364e+00
15 13 -1.000291801659966e+00 -1.908667399730977e-03 -9.050734516938861e-04 -1.007648764830448e+00
15 14 -1.000291242820175e+00 -1.906948351166237e-03 -9.062391020569009e-04 -1.007653777657973e+00
15 15 -1.000290547905786e+00 -1.905002083785930e-03 -9.074531031223833e-04 -1.007659717942190e+00
15 16 -1.000289742462459e+00 -1.902895790804429e-03 -9.087034078191004e-04 -1.007666371639626e+00
15 17 -1.000288857414797e+00 -1.900702840680052e-03 -9.099782544710434e-04 -1.007673495529270e+00
15 18 -1.000287927767652e+00 -1.898500991538611e-03 -9.112609312407938e-04 -1.007680825254527e+00
15 19 -1.000286991082212e+00 -1.896370388804726e-03 -9.125250323864771e-04 -1.007688084180902e+00
15 20 -1.000286085850139e+00 -1.894391352540061e-03 -9.137313263777273e-04 -1.007694992626797e+00
15 21 -1.000285249824627e+00 -1.892641876373247e-03 -9.148271626156700e-04 -1.007701277470955e+00
15 22 -1.000284518311073e+00 -1.891194692822255e-03 -9.157489698427532e-04 -1.007706682524348e+00
15 23 -1.000283922427186e+00 -1.890113816971282e-03 -9.164278851085449e-04 -1.007710979969807e+00
15 24 -1.000283487413464e+00 -1.889450690456158e-03 -9.167979146239036e-04 -1.007713982551437e+00
15 25 -1.000283231157617e+00 -1.889240323495139e-03 -9.168053619006644e-04 -1.007715555372739e+00
15 26 -1.000283163133999e+00 -1.889498029312930e-03 -9.164177973513129e-04 -1.007715625606208e+00
15 27 -1.000283283931465e+00 -1.890217363339963e-03 -9.156308181077360e-04 -1.007714188403491e+00
15 28 -1.000283585464393e+00 -1.891369718207228e-03 -9.144712803209462e-04 -1.007711307808582e+00
15 29 -1.000284051852467e+00 -1.892905747559164e-03 -9.129963879570212e-04 -1.007707112340809e+00
15 30 -1.000284660833827e+00 -1.894758464658093e-03 -9.112887804847870e-04 -1.007701785919892e+00
15 31 -1.000285385472520e+00 -1.896847552631059e-03 -9.094484629356041e-04 -1.007695555692564e+00
16 0 -1.000285773894773e+00 -1.899915849366347e-03 -9.018278377553944e-04 -1.007688551085692e+00
16 1 -1.000286640764631e+00 -1.902203813668203e-03 -9.000750137396824e-04 -1.007681289643209e+00
16 2 -1.000287534886512e+00 -1.904466957723779e-03 -8.984832053736025e-04 -1.007673900191783e+00
16 3 -1.000288424946581e+00 -1.906617285672330e-03 -8.971272951037667e-04 -1.007666661999189e+00
16 4 -1.000289280607465e+00 -1.908573547709928e-03 -8.960609080732241e-04 -1.007659843694047e+00
16 5 -1.000290073014353e+00 -1.910263932335323e-03 -8.953148472332994e-04 -1.007653694890618e+00
16 6 -1.000290775284546e+00 -1.911628374575538e-03 -8.948977265402958e-04 -1.007648438201841e+00
16 7 -1.000291363028946e+00 -1.912620369431849e-03 -8.947984494003125e-04 -1.007644262049805e+00
16 8 -1.000291814933769e+00 -1.913208160787284e-03 -8.949901029676661e-04 -1.007641314749276e+00
16 9 -1.000292113423146e+00 -1.913375241582400e-03 -8.954348167481430e-04 -1.007639700136520e+00
16 10 -1.000292245406819e+00 -1.913120194603350e-03 -8.960891265067255e-04 -1.007639474767214e+00
16 11 -1.000292203079805e+00 -1.912455988495261e-03 -8.969093077064767e-04 -1.007640646555358e+00
16 12 -1.000291984692553e+00 -1.911408905532750e-03 -8.978560041338040e-04 -1.007643174681056e+00
16 13 -1.000291595172823e+00 -1.910017292443455e-03 -8.988974191591793e-04 -1.007646970641021e+00
16 14 -1.000291046469563e+00 -1.908330268864777e-03 -9.000104926380582e-04 -1.007651900452463e+00
16 15 -1.000290357507202e+00 -1.906406417022408e-03 -9.011798369740442e-04 -1.007657788195208e+00
16 16 -1.000289553685065e+00 -1.904312378797097e-03 -9.023946214334716e-04 -1.007664421137057e+00
16 17 -1.000288665928562e+00 -1.902121267244061e-03 -9.036439737730499e-04 -1.007671556499270e+00
16 18 -1.000287729379222e+00 -1.899910856046438e-03 -9.049117798216444e-04 -1.007678929551909e+00
16 19 -1.000286781861299e+00 -1.897761568894779e-03 -9.061719667342609e-04 -1.007686262472063e+00
16 20 -1.000285862249807e+00 -1.895754275510043e-03 -9.073853836748396e-04 -1.007693273521771e+00
16 21 -1.000285008798724e+00 -1.893967811547602e-03 -9.084992072690052e-04 -1.007699686564345e+00
16 22 -1.000284257428036e+00 -1.892476065611300e-03 -9.094494276135027e-04 -1.007705241350159e+00
16 23 -1.000283639973110e+00 -1.891344529172283e-03 -9.101664544074542e-04 -1.007709704938010e+00
16 24 -1.000283182473418e+00 -1.890626417735379e-03 -9.105832484545785e-04 -1.007712883985061e+00
16 25 -1.000282903665378e+00 -1.890358757015642e-03 -9.106447271534705e-04 -1.007714636774089e+00
16 26 -1.000282813884959e+00 -1.890559035625326e-03 -9.103167343335589e-04 -1.007714883248069e+00
16 27 -1.000282914558057e+00 -1.891223049464479e-03 -9.095928290564642e-04 -1.007713611291491e+00
16 28 -1.000283198376274e+00 -1.892324399285281e-03 -9.084975695434504e-04 -1.007710878020787e+00
16 29 -1.000283650145506e+00 -1.893815818887423e-03 -9.070856709605990e-04 -1.007706805725674e+00
16 30 -1.000284248173467e+00 -1.895632181673599e-03 -9.054371832090406e-04 -1.007701573111308e+00
16 31 -1.000284965958123e+00 -1.897694726570721e-03 -9.036495366536493e-04 -1.007695403373621e+00
17 0 -1.000285188074831e+00 -1.900516994736199e-03 -8.969999422100336e-04 -1.007688924097572e+00
17 1 -1.000286053655441e+00 -1.902793797236082e-03 -8.952805659794437e-04 -1.007681673959831e+00
17 2 -1.000286951177052e+00 -1.905058038538728e-03 -8.937093999080816e-04 -1.007674257946672e+00
17 3 -1.000287849224554e+00 -1.907221724888754e-03 -8.923601599606985e-04 -1.007666956637956e+00
17 4 -1.000288717190847e+00 -1.909203092365334e-03 -8.912859864235947e-04 -1.007660041403207e+00
17 5 -1.000289525783240e+00 -1.910929303575881e-03 -8.905179475931404e-04 -1.007653765914900e+00
17 6 -1.000290247520825e+00 -1.912338792500805e-03 -8.900656752106438e-04 -1.007648357991260e+00
17 7 -1.000290857272824e+00 -1.913383148002202e-03 -8.899197759528431e-04 -1.007644012181834e+00
17 8 -1.000291332865507e+00 -1.914028399056400e-03 -8.900556047247471e-04 -1.007640883588973e+00
17 9 -1.000291655778144e+00 -1.914255630267674e-03 -8.904379643907291e-04 -1.007639083206562e+00
17 10 -1.000291811933365e+00 -1.914060952789334e-03 -8.910262824653809e-04 -1.007638674797312e+00
17 11 -1.000291792548158e+00 -1.913454937059629e-03 -8.917797435575266e-04 -1.007639673191222e+00
17 12 -1.000291594957823e+00 -1.912461665274911e-03 -8.926617329718890e-04 -1.007642043877305e+00
17 13 -1.000291223283916e+00 -1.911117572139002e-03 -8.936428919290953e-04 -1.007645703823119e+00
17 14 -1.000290688808981e+00 -1.909470196840909e-03 -8.947022211587556e-04 -1.007650523565121e+00
17 15 -1.000290009946854e+00 -1.907576877704525e-03 -8.958259951135651e-04 -1.007656330732926e+00
17 16 -1.000289211749122e+00 -1.905503335755435e-03 -8.970046553398960e-04 -1.007662915196245e+00
17 17 -1.000288324959352e+00 -1.903322072201122e-03 -8.982282377066925e-04 -1.007670035843121e+00
17 18 -1.000287384703255e+00 -1.901110551765760e-03 -8.994812058494085e-04 -1.007677428660182e+00
17 19 -1.000286428952231e+00 -1.898949195829176e-03 -9.007377678989704e-04 -1.007684815546782e+00
17 20 -1.000285496886389e+00 -1.896919192307867e-03 -9.019587821407584e-04 -1.007691913420324e+00
17 21 -1.000284627217267e+00 -1.895100037322146e-03 -9.030911760051580e-04 -1.007698443638801e+00
17 22 -1.000283856467064e+00 -1.893566643627813e-03 -9.040704344458434e-04 -1.007704142203224e+00
17 23 -1.000283217203095e+00 -1.892385897675178e-03 -9.048261957135205e-04 -1.007708771161460e+00
17 24 -1.000282736300896e+00 -1.891612760354865e-03 -9.052903595179883e-04 -1.007712130997700e+00
17 25 -1.000282433401843e+00 -1.891286299819505e-03 -9.054064657253491e-04 -1.007714072891833e+00
17 26 -1.000282319775469e+00 -1.891426262567544e-03 -9.051386520451869e-04 -1.007714509092736e+00
17 27 -1.000282397768959e+00 -1.892030818514200e-03 -9.044784586765908e-04 -1.007713419599178e+00
17 28 -1.000282660944004e+00 -1.893075951463975e-03 -9.034481562312448e-04 -1.007710853869797e+00
17 29 -1.000283094890217e+00 -1.894516678753572e-03 -9.020999702305442e-04 -1.007706927172956e+00
17 30 -1.000283678583408e+00 -1.896289952684093e-03 -9.005113484768513e-04 -1.007701812194615e+00
17 31 -1.000284386052746e+00 -1.898318791641321e-03 -8.987771226864371e-04 -1.007695727399765e+00
18 0 -1.000284459125031e+00 -1.900867520786359e-03 -8.932831041335501e-04 -1.007689775543027e+00
18 1 -1.000285320237607e+00 -1.903126460297978e-03 -8.915960173194885e-04 -1.007682559215746e+00
18 2 -1.000286218035448e+00 -1.905384902659931e-03 -8.900446334699870e-04 -1.007675138971349e+00
18 3 -1.000287121103498e+00 -1.907555075773284e-03 -8.887015434743834e-04 -1.007667795994955e+00
18 4 -1.000287998676817e+00 -1.909554949296136e-03 -8.876194144233065e-04 -1.007660803626799e+00
18 5 -1.000288821145116e+00 -1.911310932334451e-03 -8.868295572615463e-04 -1.007654418775492e+00
18 6 -1.000289560551680e+00 -1.912760243003082e-03 -8.863425666028517e-04 -1.007648873627674e+00
18 7 -1.000290191138703e+00 -1.913852842971710e-03 -8.861506730998436e-04 -1.007644368067370e+00
18 8 -1.000290689967391e+00 -1.914552794954784e-03 -8.862314081895323e-04 -1.007641063309314e+00
18 9 -1.000291037634614e+00 -1.914838966670669e-03 -8.865521622335520e-04 -1.007639077029059e+00
18 10 -1.000291219094486e+00 -1.914705106039727e-03 -8.870751936239470e-04 -1.007638479996408e+00
18 11 -1.000291224552967e+00 -1.914159392003837e-03 -8.877625747631020e-04 -1.007639294086974e+00
18 12 -1.000291050344221e+00 -1.913223606267203e-03 -8.885804525217391e-04 -1.007641491570688e+00
18 13 -1.000290699650748e+00 -1.911932073738768e-03 -8.895019558951602e-04 -1.007644995665953e+00
18 14 -1.000290182921520e+00 -1.910330479859668e-03 -8.905082074961581e-04 -1.007649682443358e+00
18 15 -1.000289517874336e+00 -1.908474598264576e-03 -8.915871965770105e-04 -1.007655384237813e+00
18 16 -1.000288729025842e+00 -1.906428889640729e-03 -8.927306648037184e-04 -1.007661894719354e+00
18 17 -1.000287846763548e+00 -1.904264910709664e-03 -8.939295469843066e-04 -1.007668975596577e+00
18 18 -1.000286906047301e+00 -1.902059510765756e-03 -8.951688339915204e-04 -1.007676364614417e+00
18 19 -1.000285944876120e+00 -1.899892839887472e-03 -8.964229288191173e-04 -1.007683784283299e+00
18 20 -1.000285002647595e+00 -1.897846176339543e-03 -8.976525917411222e-04 -1.007690950897165e+00
18 21 -1.000284118472807e+00 -1.895999488768668e-03 -8.988043911563392e-04 -1.007697583865516e+00
18 22 -1.000283329444062e+00 -1.894428563694313e-03 -8.998132120368311e-04 -1.007703415841164e+00
18 23 -1.000282668850910e+00 -1.893201569024901e-03 -9.006078557776869e-04 -1.007708204111141e+00
18 24 -1.000282164414745e+00 -1.892375136019690e-03 -9.011191335851382e-04 -1.007711743084805e+00
18 25 -1.000281836708599e+00 -1.891990341314619e-03 -9.012892187087243e-04 -1.007713876784466e+00
18 26 -1.000281697976696e+00 -1.892069197545873e-03 -9.010805850498078e-04 -1.007714509563508e+00
18 27 -1.000281751540665e+00 -1.892612297094277e-03 -9.004828184932260e-04 -1.007713613203115e+00
18 28 -1.000281991895172e+00 -1.893598090302302e-03 -8.995159819589510e-04 -1.007711229066309e+00
18 29 -1.000282405483774e+00 -1.894983989771928e-03 -8.982299017979409e-04 -1.007707464884652e+00
18 30 -1.000282972025621e+00 -1.896709160038395e-03 -8.966995190859553e-04 -1.007702486759584e+00
18 31 -1.000283666159615e+00 -1.898698548586689e-03 -8.950171603526884e-04 -1.007696507832794e+00
19 0 -1.000283612254115e+00 -1.900955954325491e-03 -8.908125519597714e-04 -1.007691073157984e+00
19 1 -1.000284465913028e+00 -1.903191081299035e-03 -8.891551578203144e-04 -1.007683911777149e+00
19 2 -1.000285360901686e+00 -1.905437159145599e-03 -8.876216261010366e-04 -1.007676509568556e+00
19 3 -1.000286265903856e+00 -1.907606844524270e-03 -8.862835308700480e-04 -1.007669147595394e+00
19 4 -1.000287150109758e+00 -1.909618093555050e-03 -8.851931145523437e-04 -1.007662100334856e+00
19 5 -1.000287983717552e+00 -1.911396857908453e-03 -8.843819110894577e-04 -1.007655627003813e+00
19 6 -1.000288738428623e+00 -1.912879467075654e-03 -8.838613925305694e-04 -1.007649963173795e+00
19 7 -1.000289387990737e+00 -1.914014592942982e-03 -8.836252749419075e-04 -1.007645313087536e+00
19 8 -1.000289908819136e+00 -1.914764651652458e-03 -8.836530950511319e-04 -1.007641843186631e+00
19 9 -1.000290280720354e+00 -1.915106564338176e-03 -8.839146530689579e-04 -1.007639677125291e+00
19 10 -1.000290487732191e+00 -1.915031905877461e-03 -8.843748826646549e-04 -1.007638892247458e+00
19 11 -1.000290519052432e+00 -1.914546550652157e-03 -8.849986333378434e-04 -1.007639517374878e+00
19 12 -1.000290369964295e+00 -1.913669954391327e-03 -8.857547565250073e-04 -1.007641531813323e+00
19 13 -1.000290042613161e+00 -1.912434201673348e-03 -8.866188580737726e-04 -1.007644865612281e+00
19 14 -1.000289546479261e+00 -1.910882909577776e-03 -8.875741990536484e-04 -1.007649401211270e+00
19 15 -1.000288898426960e+00 -1.909070016527624e-03 -8.886105058098955e-04 -1.007654976646715e+00
19 16 -1.000288122273599e+00 -1.907058425437550e-03 -8.897208280257409e-04 -1.007661390451206e+00
19 17 -1.000287247892606e+00 -1.904918449592623e-03 -8.908969772076342e-04 -1.007668408198607e+00
19 18 -1.000286309936407e+00 -1.902726041379692e-03 -8.921244113134394e-04 -1.007675770356331e+00
19 19 -1.000285346312553e+00 -1.900560826463507e-03 -8.933776336754073e-04 -1.007683200892181e+00
19 20 -1.000284396541080e+00 -1.898503951572659e-03 -8.946171915553504e-04 -1.007690416194036e+00
19 21 -1.000283500059933e+00 -1.896635664595632e-03 -8.957891774343393e-04 -1.007697134319463e+00
19 22 -1.000282694478209e+00 -1.895032457134293e-03 -8.968277749424110e-04 -1.007703085062694e+00
19 23 -1.000282013771331e+00 -1.893763632531065e-03 -8.976608764268497e-04 -1.007708021340597e+00
19 24 -1.000281486485641e+00 -1.892887370107982e-03 -8.982181709432702e-04 -1.007711731778263e+00
19 25 -1.000281134119219e+00 -1.892446659131948e-03 -8.984404744464212e-04 -1.007714053425586e+00
19 26 -1.000280969897512e+00 -1.892465711392717e-03 -8.982886487072211e-04 -1.007714882817107e+00
19 27 -1.000280998135343e+00 -1.892947504598891e-03 -8.977504158598040e-04 -1.007714183485829e+00
19 28 -1.000281214290711e+00 -1.893872948019014e-03 -8.968437569739600e-04 -1.007711988565425e+00
19 29 -1.000281605702482e+00 -1.895201870522314e-03 -8.956162564456790e-04 -1.007708398019532e+00
19 30 -1.000282152884447e+00 -1.896875697478337e-03 -8.941405302735954e-04 -1.007703571044510e+00
19 31 -1.000282831145124e+00 -1.898821380821035e-03 -8.925065946648209e-04 -1.007697715058594e+00
20 0 -1.000282676620676e+00 -1.900779606204758e-03 -8.896708122851922e-04 -1.007692775926916e+00
20 1 -1.000283520064882e+00 -1.902985781945864e-03 -8.880395448335036e-04 -1.007685688957024e+00
20 2 -1.000284409232307e+00 -1.905213344227711e-03 -8.865213018354067e-04 -1.007678326641078e+00
20 3 -1.000285313003093e+00 -1.907375571726261e-03 -8.851868000145681e-04 -1.007670969179423e+00
20 4 -1.000286200637295e+00 -1.909390661965053e-03 -8.840879295682806e-04 -1.007663891299437e+00
20 5 -1.000287042272374e+00 -1.911184423513250e-03 -8.832564218060673e-04 -1.007657353508617e+00
20 6 -1.000287809410353e+00 -1.912692658256274e-03 -8.827045063255624e-04 -1.007651593656624e+00
20 7 -1.000288475450314e+00 -1.913863133023719e-03 -8.824271883707489e-04 -1.007646819217132e+00
20 8 -1.000289016298868e+00 -1.914656995301190e-03 -8.824057647738042e-04 -1.007643200797575e+00
20 9 -1.000289411087818e+00 -1.915049556501947e-03 -8.826121839816585e-04 -1.007640867133531e+00
20 10 -1.000289643019510e+00 -1.915030481138045e-03 -8.830138105435530e-04 -1.007639901501360e+00
20 11 -1.000289700319513e+00 -1.914603501812769e-03 -8.835780721896858e-04 -1.007640339350805e+00
20 12 -1.000289577206617e+00 -1.913785799174793e-03 -8.842763866922599e-04 -1.007642167055010e+00
20 13 -1.000289274728855e+00 -1.912607161018041e-03 -8.850867574627916e-04 -1.007645321852520e+00
20 14 -1.000288801299836e+00 -1.911108990580144e-03 -8.859945490645239e-04 -1.007649693172405e+00
20 15 -1.000288172807514e+00 -1.909343182232254e-03 -8.869912142142914e-04 -1.007655125551266e+00
20 16 -1.000287412234719e+00 -1.907370835693543e-03 -8.880711039088326e-04 -1.007661423274748e+00
20 17 -1.000286548804651e+00 -1.905260762703925e-03 -8.892268860869083e-04 -1.007668356688697e+00
20 18 -1.000285616733952e+00 -1.903087766424797e-03 -8.904444404712770e-04 -1.007675669848053e+00
20 19 -1.000284653723561e+00 -1.900930712576403e-03 -8.916982989061523e-04 -1.007683088967068e+00
20 20 -1.000283699315800e+00 -1.898870400444524e-03 -8.929487061420062e-04 -1.007690331232317e+00
20 21 -1.000282793189092e+00 -1.896987157636505e-03 -8.941411857232231e-04 -1.007697113981654e+00
20 22 -1.000281973394575e+00 -1.895357992595714e-03 -8.952091371239881e-04 -1.007703164728885e+00
20 23 -1.000281274529078e+00 -1.894053164006444e-03 -8.960794824602128e-04 -1.007708232556476e+00
20 24 -1.000280725909640e+00 -1.893132227664607e-03 -8.966807591714563e-04 -1.007712100797769e+00
20 25 -1.000280349916019e+00 -1.892639925631902e-03 -8.969524367659567e-04 -1.007714599968274e+00
20 26 -1.000280160723336e+00 -1.892602525572609e-03 -8.968538215239197e-04 -1.007715619150580e+00
20 27 -1.000280163621161e+00 -1.893025268999858e-03 -8.963708765375177e-04 -1.007715113906668e+00
20 28 -1.000280355027015e+00 -1.893891429133175e-03 -8.955196546921412e-04 -1.007713109310160e+00
20 29 -1.000280723186935e+00 -1.895163186630209e-03 -8.943457005738643e-04 -1.007709697603615e+00
20 30 -1.000281249436758e+00 -1.896784196786349e-03 -8.929195503457428e-04 -1.007705030994947e+00
20 31 -1.000281909796393e+00 -1.898683421203934e-03 -8.913291845407962e-04 -1.007699310965094e+00
21 0 -1.000281684735239e+00 -1.900344595280786e-03 -8.898863624419203e-04 -1.007694834273339e+00
21 1 -1.000282515465359e+00 -1.902517535783335e-03 -8.882771691756589e-04 -1.007687839188828e+00
21 2 -1.000283395915885e+00 -1.904720925203461e-03 -8.867714650551109e-04 -1.007680537819707e+00
21 3 -1.000284295260129e+00 -1.906868842269820e-03 -8.854393012749677e-04 -1.007673208759852e+00
21 4 -1.000285182944034e+00 -1.908879978344819e-03 -8.843323001782287e-04 -1.007666126064380e+00
21 5 -1.000286029178418e+00 -1.910680323088759e-03 -8.834823546704888e-04 -1.007659550449631e+00
21 6 -1.000286805413736e+00 -1.912205533301609e-03 -8.829023008324200e-04 -1.007653720847742e+00
21 7 -1.000287484854359e+00 -1.913402887893352e-03 -8.825881877555580e-04 -1.007648846723735e+00
21 8 -1.000288043048116e+00 -1.914232686715686e-03 -8.825227635540898e-04 -1.007645101654087e+00
21 9 -1.000288458585898e+00 -1.914669022426286e-03 -8.826797874005568e-04 -1.007642618395770e+00
21 10 -1.000288713940361e+00 -1.914699976920481e-03 -8.830287242460881e-04 -1.007641485324108e+00
21 11 -1.000288796432545e+00 -1.914327378438857e-03 -8.835392890988874e-04 -1.007641743979335e+00
21 12 -1.000288699240783e+00 -1.913566264422585e-03 -8.841852370076072e-04 -1.007643387592992e+00
21 13 -1.000288422296427e+00 -1.912444152121983e-03 -8.849468088904375e-04 -1.007646360700191e+00
21 14 -1.000287972889834e+00 -1.911000164688532e-03 -8.858113750659501e-04 -1.007650560094018e+00
21 15 -1.000287365847981e+00 -1.909284014550020e-03 -8.867720648884284e-04 -1.007655837382820e+00
21 16 -1.000286623216803e+00 -1.907354811761785e-03 -8.878245119555638e-04 -1.007662003300317e+00
21 17 -1.000285773458240e+00 -1.905279653323452e-03 -8.889622353179225e-04 -1.007668833715750e+00
21 18 -1.000284850240872e+00 -1.903131971395229e-03 -8.901715286933789e-04 -1.007676077025982e+00
21 19 -1.000283890950474e+00 -1.900989653215703e-03 -8.914269324838367e-04 -1.007683462416421e+00
21 20 -1.000282935048719e+00 -1.898932939175244e-03 -8.926883557532144e-04 -1.007690708559933e+00
21 21 -1.000282022356501e+00 -1.897042029294915e-03 -8.939007122644492e-04 -1.007697532739208e+00
21 22 -1.000281191272284e+00 -1.895394239848736e-03 -8.949965769002599e-04 -1.007703660851964e+00
21 23 -1.000280476922219e+00 -1.894060569663020e-03 -8.959018706719094e-04 -1.007708838826831e+00
21 24 -1.000279909305740e+00 -1.893101729182564e-03 -8.965439691789982e-04 -1.007712845402038e+00
21 25 -1.000279511602518e+00 -1.892563989087179e-03 -8.968610182123788e-04 -1.007715505252578e+00
21 26 -1.000279298865826e+00 -1.892475454504428e-03 -8.968108348136662e-04 -1.007716700666647e+00
21 27 -1.000279277302863e+00 -1.892843428168203e-03 -8.963777400551629e-04 -1.007716379815498e+00
21 28 -1.000279444251813e+00 -1.893653370288154e-03 -8.955760315116478e-04 -1.007714560175444e+00
21 29 -1.000279788847887e+00 -1.894869670045715e-03 -8.944494456493777e-04 -1.007711326580575e+00
21 30 -1.000280293252450e+00 -1.896438109309148e-03 -8.930667259743962e-04 -1.007706824392363e+00
21 31 -1.000280934220678e+00 -1.898289600972650e-03 -8.915141453525200e-04 -1.007701249118039e+00
22 0 -1.000280671765906e+00 -1.899665797537415e-03 -8.914348295441287e-04 -1.007697189339202e+00
22 1 -1.000281487595314e+00 -1.901802124744776e-03 -8.898435885127690e-04 -1.007690301246237e+00
22 2 -1.000282356607727e+00 -1.903976270354728e-03 -8.883478669640805e-04 -1.007683080607427e+00
22 3 -1.000283248364868e+00 -1.906103274293289e-03 -8.870172560236123e-04 -1.007675803678250e+00
22 4 -1.000284132614778e+00 -1.908102566018556e-03 -8.859031977389005e-04 -1.007668742905326e+00
22 5 -1.000284979776737e+00 -1.909900640038990e-03 -8.850377021531839e-04 -1.007662158099127e+00
22 6 -1.000285761399397e+00 -1.911433397869872e-03 -8.844340389596005e-04 -1.007656288029044e+00
22 7 -1.000286450650315e+00 -1.912648063917836e-03 -8.840890196247255e-04 -1.007651342842869e+00
22 8 -1.000287022876190e+00 -1.913504539159226e-03 -8.839864829923213e-04 -1.007647497793257e+00
22 9 -1.000287456274790e+00 -1.913976130560559e-03 -8.841015930627374e-04 -1.007644888465389e+00
22 10 -1.000287732716936e+00 -1.914049723560391e-03 -8.844055000967378e-04 -1.007643607321877e+00
22 11 -1.000287838717690e+00 -1.913725553502297e-03 -8.848698186115992e-04 -1.007643701232259e+00
22 12 -1.000287766477317e+00 -1.913016732021023e-03 -8.854703113626671e-04 -1.007645169818312e+00
22 13 -1.000287514834068e+00 -1.911948622191676e-03 -8.861892038558561e-04 -1.007647964743118e+00
22 14 -1.000287089941924e+00 -1.910558087955902e-03 -8.870157004048526e-04 -1.007651990266824e+00
22 15 -1.000286505522766e+00 -1.908892599568617e-03 -8.879445109630535e-04 -1.007657105393272e+00
22 16 -1.000285782617771e+00 -1.907009154741541e-03 -8.889725199748921e-04 -1.007663127788648e+00
22 17 -1.000284948843237e+00 -1.904972970188033e-03 -8.900941135433248e-04 -1.007669839431770e+00
22 18 -1.000284037225135e+00 -1.902855916575398e-03 -8.912960423274778e-04 -1.007676993699485e+00
22 19 -1.000283084734036e+00 -1.900734700442316e-03 -8.925529051493757e-04 -1.007684323405486e+00
22 20 -1.000282130647692e+00 -1.898688795117409e-03 -8.938243185781977e-04 -1.007691549376339e+00
22 21 -1.000281214822680e+00 -1.896798057045679e-03 -8.950546182308202e-04 -1.007698389532001e+00
22 22 -1.000280375893028e+00 -1.895139880244020e-03 -8.961755764722891e-04 -1.007704568898402e+00
22 23 -1.000279649397055e+00 -1.893785753886969e-03 -8.971121326544718e-04 -1.007709831067394e+00
22 24 -1.000279065896252e+00 -1.892797272794722e-03 -8.977905287887973e-04 -1.007713951071547e+00
22 25 -1.000278649251535e+00 -1.892221951213171e-03 -8.981476385629995e-04 -1.007716748679982e+00
22 26 -1.000278415283880e+00 -1.892089443163860e-03 -8.981398788493751e-04 -1.007718100317059e+00
22 27 -1.000278371022788e+00 -1.892408834757747e-03 -8.977500659161959e-04 -1.007717947629181e+00
22 28 -1.000278514653070e+00 -1.893167520314937e-03 -8.969909346797831e-04 -1.007716301236499e+00
22 29 -1.000278836150615e+00 -1.894331881721945e-03 -8.959046657379968e-04 -1.007713239131507e+00
22 30 -1.000279318480949e+00 -1.895849657980659e-03 -8.945585195852741e-04 -1.007708900189013e+00
22 31 -1.000279939139459e+00 -1.897653597335761e-03 -8.930374147166538e-04 -1.007703474080419e+00
23 0 -1.000279674681944e+00 -1.898766666815653e-03 -8.942423447801632e-04 -1.007699771844794e+00
23 1 -1.000280473804518e+00 -1.900863984016606e-03 -8.926651564148334e-04 -1.007693003021741e+00
23 2 -1.000281328907895e+00 -1.903004521166867e-03 -8.911773123581639e-04 -1.007685881065426e+00
23 3 -1.000282210033901e+00 -1.905104421045310e-03 -8.898481467887200e-04 -1.007678679190817e+00
23 4 -1.000283087347012e+00 -1.907084080939596e-03 -8.887290065521210e-04 -1.007671667310437e+00
23 5 -1.000283931608775e+00 -1.908870813216159e-03 -8.878519697639522e-04 -1.007665103212922e+00
23 6 -1.000284714614923e+00 -1.910401147837782e-03 -8.872305556413675e-04 -1.007659224247384e+00
23 7 -1.000285409654733e+00 -1.911622689721605e-03 -8.868620331723839e-04 -1.007654239905976e+00
23 8 -1.000285992035703e+00 -1.912495403321288e-03 -8.867309311757903e-04 -1.007650325764967e+00
23 9 -1.000286439720873e+00 -1.912992273149291e-03 -8.868133528440162e-04 -1.007647618940211e+00
23 10 -1.000286734126396e+00 -1.913099424332224e-03 -8.870816392452085e-04 -1.007646214809333e+00
23 11 -1.000286861088902e+00 -1.912815880511829e-03 -8.875088212405306e-04 -1.007646164591545e+00
23 12 -1.000286811930460e+00 -1.912153129926823e-03 -8.880722368129476e-04 -1.007647473566305e+00
23 13 -1.000286584462564e+00 -1.911134590233261e-03 -8.887557448322300e-04 -1.007650100068255e+00
23 14 -1.000286183733635e+00 -1.909794978031332e-03 -8.895501307840544e-04 -1.007653955641789e+00
23 15 -1.000285622357551e+00 -1.908179543444433e-03 -8.904515355883413e-04 -1.007658906747537e+00
23 16 -1.000284920338402e+00 -1.906343117708390e-03 -8.914580430211572e-04 -1.007664778244433e+00
23 17 -1.000284104390377e+00 -1.904348923754848e-03 -8.925649379297703e-04 -1.007671358630263e+00
23 18 -1.000283206821581e+00 -1.902267115134273e-03 -8.937595182394871e-04 -1.007678406774209e+00
23 19 -1.000282264097930e+00 -1.900173034288188e-03 -8.950165609776110e-04 -1.007685659700237e+00
23 20 -1.000281315212255e+00 -1.898145184076397e-03 -8.962955144736034e-04 -1.007692841029212e+00
23 21 -1.000280399944389e+00 -1.896262853569124e-03 -8.975402502404920e-04 -1.007699670031507e+00
23 22 -1.000279557038800e+00 -1.894603264512484e-03 -8.986818377671304e-04 -1.007705871675221e+00
23 23 -1.000278822308051e+00 -1.893238114655011e-03 -8.996443236865588e-04 -1.007711188152163e+00
23 24 -1.000278226728121e+00 -1.892229569492753e-03 -9.003529045629840e-04 -1.007715391845946e+00
23 25 -1.000277794690525e+00 -1.891626048332436e-03 -9.007432837903175e-04 -1.007718298762345e+00
23 26 -1.000277542638763e+00 -1.891458404055858e-03 -9.007706087752620e-04 -1.007719780630512e+00
23 27 -1.000277478293871e+00 -1.891737161458520e-03 -9.004163622355917e-04 -1.007719773693135e+00
23 28 -1.000277600578989e+00 -1.892451327262595e-03 -8.996919349889479e-04 -1.007718282712861e+00
23 29 -1.000277900230864e+00 -1.893568993271771e-03 -8.986382205521031e-04 -1.007715379651710e+00
23 30 -1.000278360970894e+00 -1.895039624472675e-03 -8.973213135570408e-04 -1.007711197475080e+00
23 31 -1.000278961017947e+00 -1.896797634418598e-03 -8.958251326779774e-04 -1.007705920337544e+00
24 0 -1.000278731173020e+00 -1.897678823299999e-03 -8.981905588287619e-04 -1.007702501242550e+00
24 1 -1.000279512245179e+00 -1.899735821494002e-03 -8.966238841468171e-04 -1.007695860599053e+00
24 2 -1.000280351312270e+00 -1.901839247771056e-03 -8.951423735016693e-04 -1.007688852781762e+00
24 3 -1.000281218981206e+00 -1.903906465633302e-03 -8.938152923893922e-04 -1.007681747316745e+00
24 4 -1.000282085942442e+00 -1.905859048470426e-03 -8.926939701940637e-04 -1.007674810695091e+00
24 5 -1.000282923429557e+00 -1.907625419432075e-03 -8.918105014857200e-04 -1.007668297597333e+00
24 6 -1.000283703630709e+00 -1.909143103404324e-03 -8.911784667535830e-04 -1.007662442715756e+00
24 7 -1.000284400113358e+00 -1.910360510034571e-03 -8.907952743157874e-04 -1.007657453552876e+00
24 8 -1.000284988309158e+00 -1.911238130249928e-03 -8.906457137878040e-04 -1.007653504629893e+00
24 9 -1.000285446112314e+00 -1.911749106559211e-03 -8.907063151536545e-04 -1.007650733222960e+00
24 10 -1.000285754647263e+00 -1.911879277426568e-03 -8.909500499432691e-04 -1.007649236320527e+00
24 11 -1.000285899224888e+00 -1.911626894406072e-03 -8.913507996224454e-04 -1.007649068318197e+00
24 12 -1.000285870422714e+00 -1.911002200714764e-03 -8.918869521523309e-04 -1.007650239174870e+00
24 13 -1.000285665131798e+00 -1.910026964185478e-03 -8.925435558550226e-04 -1.007652713162268e+00
24 14 -1.000285287368313e+00 -1.908733955638582e-03 -8.933126432899469e-04 -1.007656408639585e+00
24 15 -1.000284748676432e+00 -1.907166312227253e-03 -8.941915762451077e-04 -1.007661199312667e+00
24 16 -1.000284068027523e+00 -1.905376719313992e-03 -8.951795528456884e-04 -1.007666917252020e+00
24 17 -1.000283271207161e+00 -1.903426352912148e-03 -8.962727849072161e-04 -1.007673357685853e+00
24 18 -1.000282389752317e+00 -1.901383537616827e-03 -8.974592340952346e-04 -1.007680285340551e+00
24 19 -1.000281459548369e+00 -1.899322095106181e-03 -8.987140270890788e-04 -1.007687441937924e+00
24 20 -1.000280519207570e+00 -1.897319364947782e-03 -8.999966384549076e-04 -1.007694554491801e+00
24 21 -1.000279608318278e+00 -1.895453841185476e-03 -9.012506707940396e-04 -1.007701344344030e+00
24 22 -1.000278765601098e+00 -1.893802306973081e-03 -9.024066758905893e-04 -1.007707537272676e+00
24 23 -1.000278026989699e+00 -1.892436360033523e-03 -9.033879812885975e-04 -1.007712875101389e+00
24 24 -1.000277423706599e+00 -1.891418387158350e-03 -9.041189058079520e-04 -1.007717128753213e+00
24 25 -1.000276980498589e+00 -1.890797330867626e-03 -9.045341555299773e-04 -1.007720111776965e+00
24 26 -1.000276714258450e+00 -1.890604842696796e-03 -9.045877997484956e-04 -1.007721692567027e+00
24 27 -1.000276633237451e+00 -1.890852485451626e-03 -9.042602072323544e-04 -1.007721803297843e+00
24 28 -1.000276736956912e+00 -1.891530496618517e-03 -9.035616769956276e-04 -1.007720444101828e+00
24 29 -1.000277016803061e+00 -1.892608334137741e-03 -9.025321011946884e-04 -1.007717681952803e+00
24 30 -1.000277457175518e+00 -1.894036899246523e-03 -9.012367258443479e-04 -1.007713644703382e+00
24 31 -1.000278036974533e+00 -1.895752047881228e-03 -8.997588108843725e-04 -1.007708511503624e+00
25 0 -1.000277878311619e+00 -1.896441301721333e-03 -9.031228033862804e-04 -1.007705285891627e+00
25 1 -1.000278640542546e+00 -1.898457891609392e-03 -9.015634521722522e-04 -1.007698778370297e+00
25 2 -1.000279461898219e+00 -1.900521759056691e-03 -9.000872551781044e-04 -1.007691896885645e+00
25 3 -1.000280313624451e+00 -1.902551576039210e-03 -8.987635728593083e-04 -1.007684906711920e+00
25 4 -1.000281167038158e+00 -1.904470270974948e-03 -8.976437808807306e-04 -1.007678070103684e+00
25 5 -1.000281993966813e+00 -1.906207641605798e-03 -8.967599334642805e-04 -1.007671637611211e+00
25 6 -1.000282767129424e+00 -1.907702546833401e-03 -8.961254823694279e-04 -1.007665840088482e+00
25 7 -1.000283460522956e+00 -1.908904603002068e-03 -8.957376519867146e-04 -1.007660881752778e+00
25 8 -1.000284049864953e+00 -1.909775277984090e-03 -8.955810493737547e-04 -1.007656934700506e+00
25 9 -1.000284513150570e+00 -1.910288354667598e-03 -8.956320917278060e-04 -1.007654134963159e+00
25 10 -1.000284831386647e+00 -1.910429878583466e-03 -8.958637783914087e-04 -1.007652579746641e+00
25 11 -1.000284989530527e+00 -1.910197808694216e-03 -8.962502182076446e-04 -1.007652325301369e+00
25 12 -1.000284977576738e+00 -1.909601580251248e-03 -8.967702541601050e-04 -1.007653385083687e+00
25 13 -1.000284791637135e+00 -1.908661680636970e-03 -8.974096042637389e-04 -1.007655728320417e+00
25 14 -1.000284434808248e+00 -1.907409219570691e-03 -8.981611395816900e-04 -1.007659279442902e+00
25 15 -1.000283917643112e+00 -1.905885414165851e-03 -8.990231665336262e-04 -1.007663918912690e+00
25 16 -1.000283258122684e+00 -1.904140906349354e-03 -8.999958607355629e-04 -1.007669485768362e+00
25 17 -1.000282481110335e+00 -1.902234844094741e-03 -9.010763571563032e-04 -1.007675781950854e+00
25 18 -1.000281617344505e+00 -1.900233668600521e-03 -9.022533904645355e-04 -1.007682578226420e+00
25 19 -1.000280702071764e+00 -1.898209563788025e-03 -9.035026286986982e-04 -1.007689621375962e+00
25 20 -1.000279773437335e+00 -1.896238534341354e-03 -9.047838136520272e-04 -1.007696642336805e+00
25 21 -1.000278870725106e+00 -1.894398056200473e-03 -9.060405422978338e-04 -1.007703365228602e+00
25 22 -1.000278032493302e+00 -1.892764198898654e-03 -9.072031170842454e-04 -1.007709517536383e+00
25 23 -1.000277294634740e+00 -1.891408133067370e-03 -9.081944113137720e-04 -1.007714841810876e+00
25 24 -1.000276688437830e+00 -1.890392091751429e-03 -9.089381256921972e-04 -1.007719108793790e+00
25 25 -1.000276238812936e+00 -1.889765127261060e-03 -9.093682276987494e-04 -1.007722130998985e+00
25 26 -1.000275962908699e+00 -1.889559252333905e-03 -9.094379739740964e-04 -1.007723774986894e+00
25 27 -1.000275869321270e+00 -1.889786623963932e-03 -9.091268978835965e-04 -1.007723970365201e+00
25 28 -1.000275958002372e+00 -1.890438279862441e-03 -9.084445002722700e-04 -1.007722714053787e+00
25 29 -1.000276220846248e+00 -1.891484647160165e-03 -9.074299793719641e-04 -1.007720069288724e+00
25 30 -1.000276642822646e+00 -1.892877719358867e-03 -9.061480511094195e-04 -1.007716159818881e+00
25 31 -1.000277203442869e+00 -1.894554520515524e-03 -9.046816406695676e-04 -1.007711160501453e+00
26 0 -1.000277150981021e+00 -1.895099397746020e-03 -9.088509268443043e-04 -1.007708024766913e+00
26 1 -1.000277894222006e+00 -1.897076849211770e-03 -9.072959246147980e-04 -1.007701650741039e+00
26 2 -1.000278696760793e+00 -1.899099980694321e-03 -9.058243833151303e-04 -1.007694903680788e+00
26 3 -1.000279530538849e+00 -1.901088822204777e-03 -9.045058899415687e-04 -1.007688044170936e+00
26 4 -1.000280367584942e+00 -1.902967797433038e-03 -9.033919079569399e-04 -1.007681329529798e+00
26 5 -1.000281180428759e+00 -1.904668303161832e-03 -9.025143834728867e-04 -1.007675005262666e+00
26 6 -1.000281942446690e+00 -1.906130832780327e-03 -9.018864480844821e-04 -1.007669297300542e+00
26 7 -1.000282628207110e+00 -1.907306576307083e-03 -9.015048227746863e-04 -1.007664405358890e+00
26 8 -1.000283213869467e+00 -1.908158401394441e-03 -9.013534923663628e-04 -1.007660497791013e+00
26 9 -1.000283677699002e+00 -1.908661197309587e-03 -9.014082202871685e-04 -1.007657707992166e+00
26 10 -1.000284000764779e+00 -1.908801708966710e-03 -9.016414202696156e-04 -1.007656131958068e+00
26 11 -1.000284167855884e+00 -1.908578098932068e-03 -9.020267817932246e-04 -1.007655826382815e+00
26 12 -1.000284168566417e+00 -1.907999468129054e-03 -9.025429700268296e-04 -1.007656806889959e+00
26 13 -1.000283998398856e+00 -1.907085448817383e-03 -9.031758015031099e-04 -1.007659046475900e+00
26 14 -1.000283659677286e+00 -1.905865846492753e-03 -9.039185152288785e-04 -1.007662474653740e+00
26 15 -1.000283162080216e+00 -1.904380234247283e-03 -9.047700178013854e-04 -1.007666977876797e+00
26 16 -1.000282522678918e+00 -1.902677400069250e-03 -9.057312569659551e-04 -1.007672401628849e+00
26 17 -1.000281765456540e+00 -1.900814566004194e-03 -9.068002265278669e-04 -1.007678554284992e+00
26 18 -1.000280920355435e+00 -1.898856307248459e-03 -9.079665007879081e-04 -1.007685212613578e+00
26 19 -1.000280021947253e+00 -1.896873107792391e-03 -9.092064645590798e-04 -1.007692128651214e+00
26 20 -1.000279107837782e+00 -1.894939501512634e-03 -9.104803819320174e-04 -1.007699037685122e+00
26 21 -1.000278216900490e+00 -1.893131741165915e-03 -9.117321508233341e-04 -1.007705667269406e+00
26 22 -1.000277387394580e+00 -1.891524911649583e-03 -9.128921601383141e-04 -1.007711747485742e+00
26 23 -1.000276655008246e+00 -1.890189423481015e-03 -9.138831777112706e-04 -1.007717022730231e+00
26 24 -1.000276050910251e+00 -1.889186968102278e-03 -9.146286368221546e-04 -1.007721264887969e+00
26 25 -1.000275599974705e+00 -1.888566276228695e-03 -9.150621136441353e-04 -1.007724286924924e+00
26 26 -1.000275319400724e+00 -1.888359261424883e-03 -9.151363962233049e-04 -1.007725955154972e+00
26 27 -1.000275217927417e+00 -1.888578202200982e-03 -9.148305254481398e-04 -1.007726198233305e+00
26 28 -1.000275295747561e+00 -1.889214470216443e-03 -9.141535455700207e-04 -1.007725011427471e+00
26 29 -1.000275545096000e+00 -1.890239022703780e-03 -9.131442976112851e-04 -1.007722455656001e+00
26 30 -1.000275951376071e+00 -1.891604555346121e-03 -9.118672944369510e-04 -1.007718651759663e+00
26 31 -1.000276494611384e+00 -1.893248939437558e-03 -9.104054384552296e-04 -1.007713771202906e+00
27 0 -1.000276580157761e+00 -1.893703128308911e-03 -9.151624132576347e-04 -1.007710610850495e+00
27 1 -1.000277304978687e+00 -1.895644188281262e-03 -9.136087920559979e-04 -1.007704365603136e+00
27 2 -1.000278088279885e+00 -1.897626890829073e-03 -9.121413556990154e-04 -1.007697756126212e+00
27 3 -1.000278902731260e+00 -1.899572626416849e-03 -9.108300135803485e-04 -1.007691038047263e+00
27 4 -1.000279721136214e+00 -1.901407404775506e-03 -9.097263301151179e-04 -1.007684463215124e+00
27 5 -1.000280516814111e+00 -1.903064394683722e-03 -9.088620601232176e-04 -1.007678271335694e+00
27 6 -1.000281263906838e+00 -1.904485972441973e-03 -9.082498236829290e-04 -1.007672682481050e+00
27 7 -1.000281937680902e+00 -1.905625218557429e-03 -9.078855329960647e-04 -1.007667890778448e+00
27 8 -1.000282514882588e+00 -1.906446777950816e-03 -9.077521346056053e-04 -1.007664059624233e+00
27 9 -1.000282974210251e+00 -1.906927075143944e-03 -9.078242243991694e-04 -1.007661318456702e+00
27 10 -1.000283296974749e+00 -1.907054022058968e-03 -9.080730411392760e-04 -1.007659760661186e+00
27 11 -1.000283467988747e+00 -1.906826473535190e-03 -9.084712219304713e-04 -1.007659441937409e+00
27 12 -1.000283476642578e+00 -1.906253683418751e-03 -9.089966182993964e-04 -1.007660378656177e+00
27 13 -1.000283318020987e+00 -1.905354890668817e-03 -9.096345505710825e-04 -1.007662546243324e+00
27 14 -1.000282993851676e+00 -1.904159011624092e-03 -9.103781105290422e-04 -1.007665878089725e+00
27 15 -1.000282513089470e+00 -1.902704327185135e-03 -9.112263974382070e-04 -1.007670265618038e+00
27 16 -1.000281892013599e+00 -1.901038047631972e-03 -9.121808500309573e-04 -1.007675559952490e+00
27 17 -1.000281153805270e+00 -1.899215660153818e-03 -9.132401774097996e-04 -1.007681575345385e+00
27 18 -1.000280327645607e+00 -1.897299973483989e-03 -9.143947895130694e-04 -1.007688094281046e+00
27 19 -1.000279447421494e+00 -1.895359777873054e-03 -9.156219130941822e-04 -1.007694874048864e+00
27 20 -1.000278550146351e+00 -1.893468051910481e-03 -9.168825676827203e-04 -1.007701654567863e+00
27 21 -1.000277674190785e+00 -1.891699655192822e-03 -9.181212675936473e-04 -1.007708167388669e+00
27 22 -1.000276857387349e+00 -1.890128438498370e-03 -9.192688612971134e-04 -1.007714146023723e+00
27 23 -1.000276135061585e+00 -1.888823730514620e-03 -9.202484196009185e-04 -1.007719337805162e+00
27 24 -1.000275538080073e+00 -1.887846297200143e-03 -9.209835323552373e-04 -1.007723517078674e+00
27 25 -1.000275091080856e+00 -1.887244114721186e-03 -9.214078090735877e-04 -1.007726498759155e+00
27 26 -1.000274811104434e+00 -1.887048530272972e-03 -9.214739866335236e-04 -1.007728150530650e+00
27 27 -1.000274706822586e+00 -1.887271458244746e-03 -9.211610205997135e-04 -1.007728401764493e+00
27 28 -1.000274778466147e+00 -1.887904117883388e-03 -9.204778919287465e-04 -1.007727247720202e+00
27 29 -1.000275018424364e+00 -1.888917530234396e-03 -9.194634570489134e-04 -1.007724748533193e+00
27 30 -1.000275412374772e+00 -1.890264669870532e-03 -9.181823697814462e-04 -1.007721023471666e+00
27 31 -1.000275940729266e+00 -1.891883896752944e-03 -9.167178190355098e-04 -1.007716241665582e+00
28 0 -1.000276191194901e+00 -1.892305394995845e-03 -9.218274970236537e-04 -1.007712935968829e+00
28 1 -1.000276898933512e+00 -1.894214348699385e-03 -9.202720638318442e-04 -1.007706809362251e+00
28 2 -1.000277663356456e+00 -1.896158583918078e-03 -9.188079877361960e-04 -1.007700334999880e+00
28 3 -1.000278457864058e+00 -1.898060798429591e-03 -9.175055633449549e-04 -1.007693763496437e+00
28 4 -1.000279256066756e+00 -1.899848618248038e-03 -9.164164412182894e-04 -1.007687340916386e+00
28 5 -1.000280032132510e+00 -1.901457092749668e-03 -9.155720870032391e-04 -1.007681300628034e+00
28 6 -1.000280761051249e+00 -1.902830662977804e-03 -9.149844222408572e-04 -1.007675856114680e+00
28 7 -1.000281418892594e+00 -1.903924549985703e-03 -9.146482697215508e-04 -1.007671195017958e+00
28 8 -1.000281983117331e+00 -1.904705489183007e-03 -9.145451639105887e-04 -1.007667474728635e+00
28 9 -1.000282433007749e+00 -1.905151811102744e-03 -9.146480730284960e-04 -1.007664819540531e+00
28 10 -1.000282750289596e+00 -1.905253015325387e-03 -9.149265279236769e-04 -1.007663318918187e+00
28 11 -1.000282919990969e+00 -1.905009107597623e-03 -9.153515291110409e-04 -1.007663026162447e+00
28 12 -1.000282931502323e+00 -1.904429973957316e-03 -9.158995096786405e-04 -1.007663956938122e+00
28 13 -1.000282779697223e+00 -1.903534938820807e-03 -9.165547051224554e-04 -1.007666087655776e+00
28 14 -1.000282465905450e+00 -1.902352486088738e-03 -9.173095233198054e-04 -1.007669354208045e+00
28 15 -1.000281998537683e+00 -1.900920019376399e-03 -9.181628009030451e-04 -1.007673651737415e+00
28 16 -1.000281393231572e+00 -1.899283525972289e-03 -9.191161169817790e-04 -1.007678835941989e+00
28 17 -1.000280672478777e+00 -1.897497035213122e-03 -9.201686692268256e-04 -1.007684726123049e+00
28 18 -1.000279864766665e+00 -1.895621773864619e-03 -9.213116135166940e-04 -1.007691109938921e+00
28 19 -1.000279003316545e+00 -1.893724921718373e-03 -9.225230678966521e-04 -1.007697749706575e+00
28 20 -1.000278124521027e+00 -1.891877882946656e-03 -9.237649846755579e-04 -1.007704390077612e+00
28 21 -1.000277266175518e+00 -1.890154006876750e-03 -9.249827797258814e-04 -1.007710767019069e+00
28 22 -1.000276465574806e+00 -1.888625702353009e-03 -9.261081303519852e-04 -1.007716618197363e+00
28 23 -1.000275757537494e+00 -1.887360926899722e-03 -9.270648391130698e-04 -1.007721694883551e+00
28 24 -1.000275172456658e+00 -1.886419161832591e-03 -9.277771162653598e-04 -1.007725775131260e+00
28 25 -1.000274734542872e+00 -1.885847213868361e-03 -9.281790820524493e-04 -1.007728677248055e+00
28 26 -1.000274460473880e+00 -1.885675408389362e-03 -9.282238977526545e-04 -1.007730271870577e+00
28 27 -1.000274358644657e+00 -1.885914815380388e-03 -9.278908973236072e-04 -1.007730490743174e+00
28 28 -1.000274429117133e+00 -1.886556013886888e-03 -9.271894410105963e-04 -1.007729330776464e+00
28 29 -1.000274664239543e+00 -1.887569613691794e-03 -9.261588107732743e-04 -1.007726852902533e+00
28 30 -1.000275049789600e+00 -1.888908428105635e-03 -9.248641679225963e-04 -1.007723176231643e+00
28 31 -1.000275566423702e+00 -1.890510921634830e-03 -9.233893033505443e-04 -1.007718468731741e+00
29 0 -1.000276002281411e+00 -1.890959977231835e-03 -9.286061090510887e-04 -1.007714896564812e+00
29 1 -1.000276695050998e+00 -1.892842620037180e-03 -9.270452485842679e-04 -1.007708873009856e+00
29 2 -1.000277441790607e+00 -1.894752087735732e-03 -9.255833031040678e-04 -1.007702525256122e+00
29 3 -1.000278216597118e+00 -1.896612270875188e-03 -9.242909920472814e-04 -1.007696099092244e+00
29 4 -1.000278993883941e+00 -1.898352372525597e-03 -9.232200176773417e-04 -1.007689834743095e+00
29 5 -1.000279748691653e+00 -1.899909355808183e-03 -9.224014506579491e-04 -1.007683958965487e+00
29 6 -1.000280456908959e+00 -1.901229828675153e-03 -9.218463380329626e-04 -1.007678678183079e+00
29 7 -1.000281095485677e+00 -1.902271320873057e-03 -9.215481665357805e-04 -1.007674172900334e+00
29 8 -1.000281642701309e+00 -1.903002890275393e-03 -9.214867409668016e-04 -1.007670593678367e+00
29 9 -1.000282078554390e+00 -1.903405067865469e-03 -9.216330150335529e-04 -1.007668058671661e+00
29 10 -1.000282385345676e+00 -1.903469295599200e-03 -9.219543601963234e-04 -1.007666652261626e+00
29 11 -1.000282548503747e+00 -1.903197139179553e-03 -9.224196343050751e-04 -1.007666424035997e+00
29 12 -1.000282557623197e+00 -1.902599568184365e-03 -9.230033100231013e-04 -1.007667387522209e+00
29 13 -1.000282407580593e+00 -1.901696468276701e-03 -9.236879873866497e-04 -1.007669518619521e+00
29 14 -1.000282099521330e+00 -1.900516369909407e-03 -9.244648618630064e-04 -1.007672754225371e+00
29 15 -1.000281641513040e+00 -1.899096259138396e-03 -9.253320298288214e-04 -1.007676991773956e+00
29 16 -1.000281048728642e+00 -1.897481317532694e-03 -9.262908097937968e-04 -1.007682090251979e+00
29 17 -1.000280343111928e+00 -1.895724467908742e-03 -9.273405882522444e-04 -1.007687872942246e+00
29 18 -1.000279552554344e+00 -1.893885619299701e-03 -9.284730903992252e-04 -1.007694131893961e+00
29 19 -1.000278709660551e+00 -1.892030503583620e-03 -9.296672851114994e-04 -1.007700633998328e+00
29 20 -1.000277850201808e+00 -1.890229005905970e-03 -9.308861525066502e-04 -1.007707128533746e+00
29 21 -1.000277011351550e+00 -1.888552916027167e-03 -9.320762276926345e-04 -1.007713356119680e+00
29 22 -1.000276229779113e+00 -1.887073053942255e-03 -9.331703377808677e-04 -1.007719059134516e+00
29 23 -1.000275539673437e+00 -1.885855770868346e-03 -9.340934194785571e-04 -1.007723993640339e+00
29 24 -1.000274970802424e+00 -1.884958951583717e-03 -9.347707638728574e-04 -1.007727942508693e+00
29 25 -1.000274546775046e+00 -1.884427858504597e-03 -9.351374966365209e-04 -1.007730728761052e+00
29 26 -1.000274283716581e+00 -1.884291372832398e-03 -9.351477108599575e-04 -1.007732227463459e+00
29 27 -1.000274189546788e+00 -1.884559266453899e-03 -9.347816208245099e-04 -1.007732374303742e+00
29 28 -1.000274263958612e+00 -1.885221010237197e-03 -9.340494460248241e-04 -1.007731169440716e+00
29 29 -1.000274499065185e+00 -1.886246339048728e-03 -9.329913356726426e-04 -1.007728676154116e+00
29 30 -1.000274880564734e+00 -1.887587465482922e-03 -9.316733476800514e-04 -1.007725014825485e+00
29 31 -1.000275389200986e+00 -1.889182562504710e-03 -9.301802017849367e-04 -1.007720353498679e+00
30 0 -1.000276023244410e+00 -1.889719472107194e-03 -9.352546309253717e-04 -1.007716399797145e+00
30 1 -1.000276703889393e+00 -1.891582970366389e-03 -9.336841963433452e-04 -1.007710458600805e+00
30 2 -1.000277434975892e+00 -1.893463070741084e-03 -9.322224471607819e-04 -1.007704222911897e+00
30 3 -1.000278191225859e+00 -1.895284679447619e-03 -9.309405580961099e-04 -1.007697934131296e+00
30 4 -1.000278947812284e+00 -1.896978463575014e-03 -9.298902424959262e-04 -1.007691826869674e+00
30 5 -1.000279680633889e+00 -1.898483250784348e-03 -9.291020733870197e-04 -1.007686121293271e+00
30 6 -1.000280366492907e+00 -1.899747829477292e-03 -9.285860669584082e-04 -1.007681016592388e+00
30 7 -1.000280983263852e+00 -1.900732113766860e-03 -9.283341685532772e-04 -1.007676685772232e+00
30 8 -1.000281510120383e+00 -1.901407622966602e-03 -9.283242000205679e-04 -1.007673272011548e+00
30 9 -1.000281927885109e+00 -1.901757293804779e-03 -9.285247979093293e-04 -1.007670886572065e+00
30 10 -1.000282219574322e+00 -1.901774785146131e-03 -9.289008200675982e-04 -1.007669607788408e+00
30 11 -1.000282371188211e+00 -1.901463565866037e-03 -9.294185759222521e-04 -1.007669480364455e+00
30 12 -1.000282372722119e+00 -1.900836093925155e-03 -9.300501271971321e-04 -1.007670514337174e+00
30 13 -1.000282219269474e+00 -1.899913268275041e-03 -9.307759590825108e-04 -1.007672683607148e+00
30 14 -1.000281912011584e+00 -1.898724144838498e-03 -9.315855689494004e-04 -1.007675924521890e+00
30 15 -1.000281458887305e+00 -1.897305773917287e-03 -9.324758457096184e-04 -1.007680135264731e+00
30 16 -1.000280874800192e+00 -1.895702989878849e-03 -9.334474239840947e-04 -1.007685176667201e+00
30 17 -1.000280181310707e+00 -1.893968017119172e-03 -9.344995270999466e-04 -1.007690874736323e+00
30 18 -1.000279405838293e+00 -1.892159779268433e-03 -9.356241967465781e-04 -1.007697024919913e+00
30 19 -1.000278580448044e+00 -1.890342797662329e-03 -9.368011206034476e-04 -1.007703398012844e+00
30 20 -1.000277740318329e+00 -1.888585571235143e-03 -9.379943039365912e-04 -1.007709747597621e+00
30 21 -1.000276921982881e+00 -1.886958358159531e-03 -9.391515231394242e-04 -1.007715818969048e+00
30 22 -1.000276161426667e+00 -1.885530318278177e-03 -9.402069897048973e-04 -1.007721359565925e+00
30 23 -1.000275492114596e+00 -1.884366033996615e-03 -9.410871065844028e-04 -1.007726130887178e+00
30 24 -1.000274943065293e+00 -1.883521549725464e-03 -9.417186574709171e-04 -1.007729921531216e+00
30 25 -1.000274537138251e+00 -1.883040270920754e-03 -9.420382428008884e-04 -1.007732560362301e+00
30 26 -1.000274289740926e+00 -1.882949268127273e-03 -9.420013893564538e-04 -1.007733928172220e+00
30 27 -1.000274208141161e+00 -1.883256610837367e-03 -9.415897015007682e-04 -1.007733965998826e+00
30 28 -1.000274291480370e+00 -1.883950235416529e-03 -9.408147528972487e-04 -1.007732678707864e+00
30 29 -1.000274531453676e+00 -1.884998569399938e-03 -9.397180191653853e-04 -1.007730133378482e+00
30 30 -1.000274913502789e+00 -1.886352802953063e-03 -9.383668599837317e-04 -1.007726453046802e+00
30 31 -1.000275418294352e+00 -1.887950423335836e-03 -9.368472619579735e-04 -1.007721807087882e+00
31 0 -1.000276254819557e+00 -1.888633254689140e-03 -9.415325694355784e-04 -1.007717369417169e+00
31 1 -1.000276926816038e+00 -1.890485891563633e-03 -9.399479028583209e-04 -1.007711485528762e+00
31 2 -1.000277645052327e+00 -1.892343551981545e-03 -9.384836148589044e-04 -1.007705341784709e+00
31 3 -1.000278384768439e+00 -1.894131922888835e-03 -9.372113697154596e-04 -1.007699175873292e+00
31 4 -1.000279121815067e+00 -1.895782950126442e-03 -9.361828590862608e-04 -1.007693217293635e+00
31 5 -1.000279832895594e+00 -1.897237193012298e-03 -9.354280717841843e-04 -1.007687679945335e+00
31 6 -1.000280495702820e+00 -1.898445542022597e-03 -9.349558664163896e-04 -1.007682755925938e+00
31 7 -1.000281089045003e+00 -1.899370274554654e-03 -9.347564893935162e-04 -1.007678610691786e+00
31 8 -1.000281593032708e+00 -1.899985412283000e-03 -9.348055945539910e-04 -1.007675379785527e+00
31 9 -1.000281989390921e+00 -1.900276407325487e-03 -9.350692868561301e-04 -1.007673167097135e+00
31 10 -1.000282261966343e+00 -1.900239320765708e-03 -9.355096612392116e-04 -1.007672044189383e+00
31 11 -1.000282397481082e+00 -1.899879789464111e-03 -9.360901878341961e-04 -1.007672049903132e+00
31 12 -1.000282386512736e+00 -1.899212101377464e-03 -9.367801812848736e-04 -1.007673189567422e+00
31 13 -1.000282224576682e+00 -1.898258576213454e-03 -9.375576339791567e-04 -1.007675433671995e+00
31 14 -1.000281913108199e+00 -1.897049250311385e-03 -9.384099368167232e-04 -1.007678716475205e+00
31 15 -1.000281460135758e+00 -1.895621717062915e-03 -9.393323497432934e-04 -1.007682935327122e+00
31 16 -1.000280880499049e+00 -1.894020939480572e-03 -9.403244109149643e-04 -1.007687951371265e+00
31 17 -1.000280195555340e+00 -1.892298887646074e-03 -9.413848042830786e-04 -1.007693591950054e+00
31 18 -1.000279432396479e+00 -1.890513884239025e-03 -9.425055792060895e-04 -1.007699654751316e+00
31 19 -1.000278622649673e+00 -1.888729542285879e-03 -9.436669282792047e-04 -1.007705913610010e+00
31 20 -1.000277800956715e+00 -1.887013181337575e-03 -9.448337793041535e-04 -1.007712125877658e+00
31 21 -1.000277003224162e+00 -1.885433635986072e-03 -9.459551623329796e-04 -1.007718041320756e+00
31 22 -1.000276264725691e+00 -1.884058418145465e-03 -9.469667968529769e-04 -1.007723412549405e+00
31 23 -1.000275618141085e+00 -1.882950263744111e-03 -9.477967802966027e-04 -1.007728006899028e+00
31 24 -1.000275091649687e+00 -1.882163217070936e-03 -9.483737113975363e-04 -1.007731619352028e+00
31 25 -1.000274707247897e+00 -1.881738595360575e-03 -9.486360645647616e-04 -1.007734085491182e+00
31 26 -1.000274479493409e+00 -1.881701368951209e-03 -9.485412522522299e-04 -1.007735292882493e+00
31 27 -1.000274414856428e+00 -1.882057571047880e-03 -9.480727471826614e-04 -1.007735189087724e+00
31 28 -1.000274511770673e+00 -1.882793238398340e-03 -9.472439559759373e-04 -1.007733784934466e+00
31 29 -1.000274761349556e+00 -1.883875107655877e-03 -9.460981352946833e-04 -1.007731152593952e+00
31 30 -1.000275148610925e+00 -1.885252958346536e-03 -9.447043543107698e-04 -1.007727419040723e+00
31 31 -1.000275653978724e+00 -1.886863213715085e-03 -9.431502095083609e-04 -1.007722756207076e+00
