1.898827843049858e-07
1.000000000000000e-12
1.000000000000000e-17
3.536614337367715e-01
1.937121053074453e-01
2.692592592592592e-01
-1.500017464083440e+00
1.901109735892602e-07
32
32
1.264197530864197e-01
1
0 0 -1.000275936476963e+00 -1.886851354352343e-03 -9.497157368700926e-04 -1.007720859671700e+00
0 1 -1.000276668751159e+00 -1.888900994456968e-03 -9.478989152561917e-04 -1.007714390047021e+00
0 2 -1.000277446004844e+00 -1.890938995314759e-03 -9.462427056877706e-04 -1.007707678540588e+00
0 3 -1.000278242044630e+00 -1.892883372768249e-03 -9.448301795783770e-04 -1.007700984525890e+00
0 4 -1.000279031804843e+00 -1.894660361028714e-03 -9.437192090977060e-04 -1.007694555106290e+00
0 5 -1.000279791412191e+00 -1.896206879808814e-03 -9.429406213191602e-04 -1.007688617558932e+00
0 6 -1.000280498123355e+00 -1.897472223378373e-03 -9.424992076178019e-04 -1.007683373205808e+00
0 7 -1.000281130281104e+00 -1.898418974705019e-03 -9.423771225306100e-04 -1.007678992804968e+00
0 8 -1.000281667367069e+00 -1.899023097981828e-03 -9.425390380880249e-04 -1.007675613788532e+00
0 9 -1.000282090204690e+00 -1.899273201579669e-03 -9.429384622975560e-04 -1.007673339461518e+00
0 10 -1.000282381405319e+00 -1.899169147151987e-03 -9.435247156835167e-04 -1.007672239572388e+00
0 11 -1.000282526168780e+00 -1.898720425984418e-03 -9.442498858450243e-04 -1.007672350992977e+00
0 12 -1.000282513456566e+00 -1.897944818993646e-03 -9.450747337972173e-04 -1.007673677291300e+00
0 13 -1.000282337378062e+00 -1.896867662461645e-03 -9.459724655109178e-04 -1.007676186889097e+00
0 14 -1.000281998494623e+00 -1.895521675595388e-03 -9.469297115420967e-04 -1.007679810622383e+00
0 15 -1.000281504745860e+00 -1.893947051963361e-03 -9.479446327479091e-04 -1.007684440027512e+00
0 16 -1.000280871811386e+00 -1.892191523539324e-03 -9.490224144770830e-04 -1.007689927334702e+00
0 17 -1.000280122849397e+00 -1.890310243207312e-03 -9.501686551404026e-04 -1.007696087485390e+00
0 18 -1.000279287644821e+00 -1.888365383309128e-03 -9.513816443150371e-04 -1.007702702109812e+00
0 19 -1.000278401254740e+00 -1.886425280881482e-03 -9.526451489458521e-04 -1.007709525405691e+00
0 20 -1.000277502267248e+00 -1.884562918621525e-03 -9.539235267439351e-04 -1.007716291945835e+00
0 21 -1.000276630788407e+00 -1.882853603343432e-03 -9.551604875296449e-04 -1.007722726423580e+00
0 22 -1.000275826250424e+00 -1.881371816967356e-03 -9.562819906878241e-04 -1.007728555306164e+00
0 23 -1.000275125129975e+00 -1.880187285918707e-03 -9.572030777983485e-04 -1.007733520333897e+00
0 24 -1.000274558708603e+00 -1.879360405787758e-03 -9.578378969445782e-04 -1.007737393523783e+00
0 25 -1.000274151081834e+00 -1.878937382337067e-03 -9.581115284858834e-04 -1.007739992589480e+00
0 26 -1.000273917676983e+00 -1.878945759679944e-03 -9.579715766562512e-04 -1.007741194742915e+00
0 27 -1.000273864521396e+00 -1.879391179279254e-03 -9.573973105949220e-04 -1.007740946388167e+00
0 28 -1.000273988394486e+00 -1.880256073071636e-03 -9.564046365917737e-04 -1.007739266764059e+00
0 29 -1.000274277821425e+00 -1.881500586181867e-03 -9.550460570706542e-04 -1.007736244971183e+00
0 30 -1.000274714686795e+00 -1.883065551979838e-03 -9.534056404201121e-04 -1.007732031326144e+00
0 31 -1.000275276140679e+00 -1.884876981876284e-03 -9.515898345693677e-04 -1.007726824947101e+00
1 0 -1.000276649216728e+00 -1.886162543051657e-03 -9.551131205931665e-04 -1.007720461789472e+00
1 1 -1.000277380805903e+00 -1.888221491662363e-03 -9.532663955930258e-04 -1.007713991676214e+00
1 2 -1.000278151041817e+00 -1.890252573503888e-03 -9.515981965074188e-04 -1.007707330327698e+00
1 3 -1.000278934016809e+00 -1.892174033242639e-03 -9.501923392509650e-04 -1.007700734773047e+00
1 4 -1.000279705202680e+00 -1.893913032730932e-03 -9.491066556864235e-04 -1.007694447738393e+00
1 5 -1.000280441487712e+00 -1.895408080307954e-03 -9.483711283580097e-04 -1.007688690339090e+00
1 6 -1.000281121067174e+00 -1.896610627346684e-03 -9.479889296007443e-04 -1.007683656334997e+00
1 7 -1.000281723348790e+00 -1.897485855554347e-03 -9.479398886723528e-04 -1.007679507954868e+00
1 8 -1.000282228963756e+00 -1.898012634850399e-03 -9.481857538336277e-04 -1.007676373525013e+00
1 9 -1.000282619934671e+00 -1.898182657875809e-03 -9.486766486211645e-04 -1.007674346995407e+00
1 10 -1.000282880083316e+00 -1.897998923736105e-03 -9.493581957916409e-04 -1.007673488820747e+00
1 11 -1.000282995785142e+00 -1.897473984300820e-03 -9.501786238524503e-04 -1.007673826976174e+00
1 12 -1.000282957094089e+00 -1.896628474338105e-03 -9.510948433683208e-04 -1.007675356869619e+00
1 13 -1.000282759086471e+00 -1.895490268369223e-03 -9.520764037830889e-04 -1.007678039773330e+00
1 14 -1.000282403132810e+00 -1.894094239312436e-03 -9.531066392501715e-04 -1.007681800547267e+00
1 15 -1.000281897800742e+00 -1.892482316659752e-03 -9.541808941586964e-04 -1.007686526004271e+00
1 16 -1.000281259199075e+00 -1.890703526972468e-03 -9.553021083792522e-04 -1.007692064971278e+00
1 17 -1.000280510702447e+00 -1.888813842309029e-03 -9.564743015546758e-04 -1.007698230404229e+00
1 18 -1.000279682090400e+00 -1.886875741507030e-03 -9.576949400216632e-04 -1.007704803465615e+00
1 19 -1.000278808191543e+00 -1.884957338054326e-03 -9.589477501860018e-04 -1.007711539454165e+00
1 20 -1.000277927149867e+00 -1.883130871180315e-03 -9.601977714279570e-04 -1.007718175610528e+00
1 21 -1.000277078424391e+00 -1.881470405133845e-03 -9.613900129724449e-04 -1.007724440853826e+00
1 22 -1.000276300611714e+00 -1.880048697032006e-03 -9.624522642868468e-04 -1.007730067438840e+00
1 23 -1.000275629183660e+00 -1.878933292344376e-03 -9.633018646978431e-04 -1.007734804408486e+00
1 24 -1.000275094280942e+00 -1.878182013328315e-03 -9.638556489613168e-04 -1.007738432402967e+00
1 25 -1.000274718772975e+00 -1.877838208651883e-03 -9.640416623865393e-04 -1.007740778711942e+00
1 26 -1.000274516834453e+00 -1.877926408644292e-03 -9.638106424630120e-04 -1.007741730614847e+00
1 27 -1.000274493266224e+00 -1.878449198857648e-03 -9.631450805522946e-04 -1.007741244621357e+00
1 28 -1.000274643689913e+00 -1.879386012096229e-03 -9.620641292671420e-04 -1.007739349694020e+00
1 29 -1.000274955582480e+00 -1.880694154238311e-03 -9.606234782482579e-04 -1.007736143847251e+00
1 30 -1.000275409935366e+00 -1.882311897465977e-03 -9.589102235957092e-04 -1.007731785051280e+00
1 31 -1.000275983204138e+00 -1.884163089534511e-03 -9.570335901466024e-04 -1.007726478408921e+00
2 0 -1.000277540568118e+00 -1.885767584554042e-03 -9.593935225828331e-04 -1.007719370024379e+00
2 1 -1.000278277012115e+00 -1.887847584320553e-03 -9.575107476189482e-04 -1.007712860555011e+00
2 2 -1.000279045638616e+00 -1.889883659008920e-03 -9.558250139681333e-04 -1.007706210836588e+00
2 3 -1.000279820601170e+00 -1.891793863588365e-03 -9.544209589240473e-04 -1.007699676976982e+00
2 4 -1.000280577691641e+00 -1.893505853251997e-03 -9.533564100437329e-04 -1.007693498769420e+00
2 5 -1.000281294363210e+00 -1.894959291857121e-03 -9.526605196854070e-04 -1.007687892566985e+00
2 6 -1.000281949585330e+00 -1.896107377236334e-03 -9.523348554838857e-04 -1.007683045846006e+00
2 7 -1.000282523705801e+00 -1.896917523264362e-03 -9.523569505756449e-04 -1.007679113392618e+00
2 8 -1.000282998424670e+00 -1.897371202870642e-03 -9.526856788449799e-04 -1.007676215259444e+00
2 9 -1.000283356931629e+00 -1.897462971660823e-03 -9.532678513325075e-04 -1.007674436560659e+00
2 10 -1.000283584279455e+00 -1.897198842103666e-03 -9.540454880785200e-04 -1.007673828609958e+00
2 11 -1.000283668093785e+00 -1.896594413511027e-03 -9.549630656133791e-04 -1.007674410233351e+00
2 12 -1.000283599646966e+00 -1.895673281254057e-03 -9.559737346920963e-04 -1.007676168011337e+00
2 13 -1.000283375153350e+00 -1.894466084973995e-03 -9.570434264574568e-04 -1.007679055011534e+00
2 14 -1.000282996999412e+00 -1.893010188395748e-03 -9.581521370089907e-04 -1.007682988735129e+00
2 15 -1.000282474610696e+00 -1.891349686610358e-03 -9.592922577944160e-04 -1.007687849643690e+00
2 16 -1.000281824763252e+00 -1.889535400338696e-03 -9.604642444526849e-04 -1.007693481385287e+00
2 17 -1.000281071279169e+00 -1.887624661896180e-03 -9.616701998356359e-04 -1.007699693117507e+00
2 18 -1.000280244143200e+00 -1.885680804040320e-03 -9.629063547476394e-04 -1.007706263804032e+00
2 19 -1.000279378135770e+00 -1.883772233327487e-03 -9.641559551913858e-04 -1.007712948304015e+00
2 20 -1.000278511101659e+00 -1.881970902619521e-03 -9.653843023398196e-04 -1.007719485246913e+00
2 21 -1.000277681962983e+00 -1.880350017820079e-03 -9.665373333137317e-04 -1.007725606780200e+00
2 22 -1.000276928561266e+00 -1.878980920809236e-03 -9.675443577595773e-04 -1.007731050213490e+00
2 23 -1.000276285420392e+00 -1.877929211044415e-03 -9.683247816928707e-04 -1.007735571399456e+00
2 24 -1.000275781576719e+00 -1.877250294765212e-03 -9.687980009803370e-04 -1.007738959332657e+00
2 25 -1.000275438689500e+00 -1.876984740637367e-03 -9.688950262131688e-04 -1.007741050823579e+00
2 26 -1.000275269674602e+00 -1.877154064204596e-03 -9.685698543470683e-04 -1.007741743364913e+00
2 27 -1.000275278075830e+00 -1.877757721322754e-03 -9.678084348930115e-04 -1.007741003907391e+00
2 28 -1.000275458298425e+00 -1.878772003388126e-03 -9.666334904902472e-04 -1.007738871661834e+00
2 29 -1.000275796679495e+00 -1.880151169876175e-03 -9.651042799698749e-04 -1.007735454275796e+00
2 30 -1.000276273189568e+00 -1.881830667243474e-03 -9.633113230329161e-04 -1.007730918281156e+00
2 31 -1.000276863428007e+00 -1.883731870373525e-03 -9.613669797419758e-04 -1.007725475833767e+00
3 0 -1.000278573057399e+00 -1.885684969490185e-03 -9.623820458156752e-04 -1.007717624357628e+00
3 1 -1.000279319747838e+00 -1.887797015199761e-03 -9.604581304287598e-04 -1.007711038085016e+00
3 2 -1.000280092290171e+00 -1.889849883670684e-03 -9.587495115436758e-04 -1.007704360846099e+00
3 3 -1.000280864670008e+00 -1.891761026279227e-03 -9.573417343349072e-04 -1.007697849280118e+00
3 4 -1.000281612762945e+00 -1.893458130660396e-03 -9.562927031646461e-04 -1.007691741819776e+00
3 5 -1.000282314359205e+00 -1.894881528184899e-03 -9.556308284134460e-04 -1.007686251669210e+00
3 6 -1.000282948998662e+00 -1.895985675290778e-03 -9.553561820855417e-04 -1.007681561576770e+00
3 7 -1.000283497801049e+00 -1.896739759034340e-03 -9.554441392123974e-04 -1.007677820288027e+00
3 8 -1.000283943410322e+00 -1.897127451658595e-03 -9.558508646805780e-04 -1.007675140747941e+00
3 9 -1.000284270107338e+00 -1.897145845879811e-03 -9.565200451926436e-04 -1.007673600094409e+00
3 10 -1.000284464153470e+00 -1.896803737886372e-03 -9.573903071998568e-04 -1.007673240994268e+00
3 11 -1.000284514457081e+00 -1.896119655075890e-03 -9.584025995893619e-04 -1.007674073212899e+00
3 12 -1.000284413593613e+00 -1.895120152972854e-03 -9.595065330318854e-04 -1.007676074174741e+00
3 13 -1.000284159046243e+00 -1.893838755799562e-03 -9.606646045127857e-04 -1.007679188018750e+00
3 14 -1.000283754386082e+00 -1.892315550041083e-03 -9.618535915439625e-04 -1.007683323817695e+00
3 15 -1.000283210092849e+00 -1.890597127152486e-03 -9.630629659400853e-04 -1.007688354334591e+00
3 16 -1.000282543821207e+00 -1.888736514320383e-03 -9.642906277138108e-04 -1.007694116493804e+00
3 17 -1.000281780053628e+00 -1.886792876607711e-03 -9.655365724350368e-04 -1.007700414004921e+00
3 18 -1.000280949182271e+00 -1.884830905674677e-03 -9.667954895623374e-04 -1.007707021982274e+00
3 19 -1.000280086121616e+00 -1.882919806699361e-03 -9.680497541848515e-04 -1.007713693294433e+00
3 20 -1.000279228574754e+00 -1.881131724542992e-03 -9.692644980393819e-04 -1.007720166580079e+00
3 21 -1.000278415059937e+00 -1.879539441844646e-03 -9.703861490940627e-04 -1.007726176034686e+00
3 22 -1.000277682776227e+00 -1.878213270898814e-03 -9.713451159854183e-04 -1.007731463035793e+00
3 23 -1.000277065396141e+00 -1.877217196292213e-03 -9.720624903760282e-04 -1.007735789440958e+00
3 24 -1.000276590933256e+00 -1.876604475406408e-03 -9.724599243564318e-04 -1.007738951978417e+00
3 25 -1.000276279900260e+00 -1.876413089940804e-03 -9.724711993715405e-04 -1.007740796554237e+00
3 26 -1.000276143995334e+00 -1.876661655459607e-03 -9.720535017187198e-04 -1.007741230650561e+00
3 27 -1.000276185520048e+00 -1.877346537378931e-03 -9.711962853769320e-04 -1.007740231634937e+00
3 28 -1.000276397648078e+00 -1.878440854011173e-03 -9.699259877219354e-04 -1.007737849141814e+00
3 29 -1.000276765527128e+00 -1.879895719605793e-03 -9.683056550760696e-04 -1.007734200832973e+00
3 30 -1.000277268019358e+00 -1.881643594140970e-03 -9.664294848848327e-04 -1.007729462390741e+00
3 31 -1.000277879742783e+00 -1.883603165150539e-03 -9.644132155097809e-04 -1.007723853808236e+00
4 0 -1.000279703335254e+00 -1.885920075168222e-03 -9.639472768836116e-04 -1.007715299008216e+00
4 1 -1.000280465244292e+00 -1.888073833098320e-03 -9.619788724059817e-04 -1.007708601816553e+00
4 2 -1.000281247069879e+00 -1.890154576959955e-03 -9.602428424230600e-04 -1.007701859268048e+00
4 3 -1.000282022409779e+00 -1.892078770137346e-03 -9.588257220101386e-04 -1.007695329928912e+00
4 4 -1.000282766981199e+00 -1.893773671097605e-03 -9.577856113695888e-04 -1.007689252482505e+00
4 5 -1.000283458663129e+00 -1.895179760245825e-03 -9.571503395369927e-04 -1.007683838727804e+00
4 6 -1.000284077330000e+00 -1.896252207856886e-03 -9.569186895171091e-04 -1.007679268449079e+00
4 7 -1.000284604665685e+00 -1.896961437187513e-03 -9.570641307422162e-04 -1.007675686020394e+00
4 8 -1.000285024089518e+00 -1.897292823601163e-03 -9.575404073463416e-04 -1.007673198751052e+00
4 9 -1.000285320852585e+00 -1.897245570774351e-03 -9.582883915284381e-04 -1.007671876990372e+00
4 10 -1.000285482357544e+00 -1.896830926010616e-03 -9.592436396705943e-04 -1.007671755590785e+00
4 11 -1.000285498783999e+00 -1.896070122145706e-03 -9.603439068728217e-04 -1.007672835687113e+00
4 12 -1.000285364052187e+00 -1.894992570813141e-03 -9.615355972420986e-04 -1.007675085560645e+00
4 13 -1.000285077002763e+00 -1.893634695835098e-03 -9.627780843648295e-04 -1.007678440036548e+00
4 14 -1.000284642519336e+00 -1.892039433354938e-03 -9.640451892541285e-04 -1.007682799021228e+00
4 15 -1.000284072294055e+00 -1.890256097860213e-03 -9.653236543988817e-04 -1.007688026547996e+00
4 16 -1.000283385038461e+00 -1.888340235852921e-03 -9.666089180127019e-04 -1.007693951559552e+00
4 17 -1.000282606082310e+00 -1.886353229560645e-03 -9.678988378163291e-04 -1.007700370905642e+00
4 18 -1.000281766410261e+00 -1.884361566928369e-03 -9.691863898853276e-04 -1.007707054366624e+00
4 19 -1.000280901246447e+00 -1.882435718367559e-03 -9.704527754788048e-04 -1.007713751344885e+00
4 20 -1.000280048314378e+00 -1.880648492641211e-03 -9.716625579551132e-04 -1.007720199086100e+00
4 21 -1.000279245876869e+00 -1.879072709079578e-03 -9.727621991090857e-04 -1.007726132537009e+00
4 22 -1.000278530627852e+00 -1.877778088315116e-03 -9.736827205551594e-04 -1.007731295957784e+00
4 23 -1.000277935517176e+00 -1.876827405977418e-03 -9.743464144707228e-04 -1.007735456141240e+00
4 24 -1.000277487654800e+00 -1.876272129205127e-03 -9.746767463516642e-04 -1.007738416616493e+00
4 25 -1.000277206511401e+00 -1.876147947285312e-03 -9.746099108359199e-04 -1.007740031621718e+00
4 26 -1.000277102650956e+00 -1.876470796801549e-03 -9.741060339515532e-04 -1.007740218057810e+00
4 27 -1.000277177190260e+00 -1.877234100957420e-03 -9.731579293825572e-04 -1.007738963336519e+00
4 28 -1.000277422099480e+00 -1.878407885953921e-03 -9.717956930672778e-04 -1.007736327339726e+00
4 29 -1.000277821331925e+00 -1.879940138454182e-03 -9.700861726308209e-04 -1.007732437768643e+00
4 30 -1.000278352599448e+00 -1.881760288105883e-03 -9.681273029714656e-04 -1.007727479692931e+00
4 31 -1.000278989457875e+00 -1.883784231700136e-03 -9.660382748722544e-04 -1.007721681397230e+00
5 0 -1.000280884290976e+00 -1.886464372967659e-03 -9.640091038343100e-04 -1.007712499307053e+00
5 1 -1.000281665714092e+00 -1.888667654990586e-03 -9.619952101769278e-04 -1.007705662170482e+00
5 2 -1.000282461761501e+00 -1.890786063884557e-03 -9.602286886922834e-04 -1.007698819779726e+00
5 3 -1.000283245445710e+00 -1.892734742161604e-03 -9.587971234156756e-04 -1.007692233889356e+00
5 4 -1.000283992091984e+00 -1.894440081930119e-03 -9.577589514631055e-04 -1.007686144995188e+00
5 5 -1.000284679412819e+00 -1.895842189443588e-03 -9.571416401812814e-04 -1.007680765275802e+00
5 6 -1.000285287359855e+00 -1.896896370932202e-03 -9.569429763696836e-04 -1.007676273442729e+00
5 7 -1.000285797940430e+00 -1.897573690536631e-03 -9.571348816753945e-04 -1.007672811369766e+00
5 8 -1.000286195140065e+00 -1.897860652162378e-03 -9.576690851411830e-04 -1.007670482463673e+00
5 9 -1.000286465013843e+00 -1.897758052507937e-03 -9.584840751070110e-04 -1.007669351775492e+00
5 10 -1.000286595991239e+00 -1.897279158902107e-03 -9.595127772942602e-04 -1.007669447502749e+00
5 11 -1.000286579464821e+00 -1.896447586459681e-03 -9.606901955808067e-04 -1.007670762917626e+00
5 12 -1.000286410695991e+00 -1.895295397922319e-03 -9.619599677883061e-04 -1.007673257512349e+00
5 13 -1.000286089927627e+00 -1.893861829728671e-03 -9.632787671111755e-04 -1.007676856755755e+00
5 14 -1.000285623440814e+00 -1.892192690551398e-03 -9.646178422306983e-04 -1.007681450993816e+00
5 15 -1.000285024256969e+00 -1.890340138561193e-03 -9.659615296131734e-04 -1.007686894841006e+00
5 16 -1.000284312284404e+00 -1.888362446569857e-03 -9.673030423913522e-04 -1.007693008330325e+00
5 17 -1.000283513854057e+00 -1.886323498081295e-03 -9.686382167823148e-04 -1.007699580338453e+00
5 18 -1.000282660703005e+00 -1.884291928457629e-03 -9.699582806806099e-04 -1.007706374068451e+00
5 19 -1.000281788525498e+00 -1.882339876730659e-03 -9.712430688074308e-04 -1.007713134139973e+00
5 20 -1.000280935223662e+00 -1.880541252916695e-03 -9.724562488009779e-04 -1.007719595065681e+00
5 21 -1.000280138960214e+00 -1.878969367878079e-03 -9.735438906647765e-04 -1.007725491211813e+00
5 22 -1.000279436077285e+00 -1.877693810493279e-03 -9.744371371068069e-04 -1.007730568413219e+00
5 23 -1.000278858953933e+00 -1.876776599506692e-03 -9.750589530050214e-04 -1.007734597131206e+00
5 24 -1.000278433944650e+00 -1.876267837732269e-03 -9.753340932447201e-04 -1.007737386505618e+00
5 25 -1.000278179616616e+00 -1.876201301168267e-03 -9.752006890055776e-04 -1.007738798041426e+00
5 26 -1.000278105521028e+00 -1.876590566093201e-03 -9.746214032375157e-04 -1.007738757156375e+00
5 27 -1.000278211688507e+00 -1.877426369847338e-03 -9.735920800620186e-04 -1.007737260583050e+00
5 28 -1.000278488957919e+00 -1.878675845040518e-03 -9.721462048593958e-04 -1.007734377907950e+00
5 29 -1.000278920130383e+00 -1.880283993443392e-03 -9.703542084942860e-04 -1.007730246518614e+00
5 30 -1.000279481774924e+00 -1.882177297927441e-03 -9.683175919114924e-04 -1.007725060730773e+00
5 31 -1.000280146353782e+00 -1.884268883438015e-03 -9.661588653638301e-04 -1.007719057215855e+00
6 0 -1.000282067326989e+00 -1.887295510910770e-03 -9.625449683012278e-04 -1.007709355768812e+00
6 1 -1.000282871650501e+00 -1.889553833440052e-03 -9.604873677357364e-04 -1.007702356275427e+00
6 2 -1.000283686173484e+00 -1.891717895863040e-03 -9.586892483898171e-04 -1.007695384490718e+00
6 3 -1.000284483159572e+00 -1.893701256017923e-03 -9.572392573861932e-04 -1.007688706423477e+00
6 4 -1.000285237330663e+00 -1.895429048774408e-03 -9.561963079931279e-04 -1.007682565817095e+00
6 5 -1.000285925984776e+00 -1.896840502993468e-03 -9.555877602832693e-04 -1.007677176969133e+00
6 6 -1.000286528884969e+00 -1.897890475485021e-03 -9.554107600431854e-04 -1.007672719449718e+00
6 7 -1.000287028098803e+00 -1.898550042298792e-03 -9.556361223281113e-04 -1.007669334624597e+00
6 8 -1.000287407934849e+00 -1.898806204489143e-03 -9.562140669694457e-04 -1.007667123923557e+00
6 9 -1.000287655043710e+00 -1.898660758618356e-03 -9.570812401953327e-04 -1.007666148840772e+00
6 10 -1.000287758719958e+00 -1.898128473427703e-03 -9.581684894686802e-04 -1.007666432372269e+00
6 11 -1.000287711461960e+00 -1.897234928994875e-03 -9.594086177480890e-04 -1.007667961016058e+00
6 12 -1.000287509820545e+00 -1.896014536643290e-03 -9.607430383767386e-04 -1.007670686165103e+00
6 13 -1.000287155438826e+00 -1.894509158178156e-03 -9.621262457119460e-04 -1.007674524235888e+00
6 14 -1.000286656034439e+00 -1.892767394124018e-03 -9.635273987770703e-04 -1.007679355976909e+00
6 15 -1.000286026029665e+00 -1.890844260029850e-03 -9.649288521559528e-04 -1.007685026260028e+00
6 16 -1.000285286626149e+00 -1.888800852944585e-03 -9.663219377962260e-04 -1.007691345645221e+00
6 17 -1.000284465270792e+00 -1.886703734217868e-03 -9.677007038076420e-04 -1.007698094269212e+00
6 18 -1.000283594580823e+00 -1.884623938214701e-03 -9.690547191073736e-04 -1.007705027817527e+00
6 19 -1.000282710858175e+00 -1.882635592391668e-03 -9.703623793788372e-04 -1.007711885044400e+00
6 20 -1.000281852329578e+00 -1.880814084179702e-03 -9.715862335772511e-04 -1.007718396535635e+00
6 21 -1.000281057211286e+00 -1.879233634842463e-03 -9.726716158498213e-04 -1.007724294797890e+00
6 22 -1.000280361654169e+00 -1.877964150877636e-03 -9.735493530317484e-04 -1.007729325896235e+00
6 23 -1.000279797632711e+00 -1.877067361192452e-03 -9.741425765251828e-04 -1.007733262575259e+00
6 24 -1.000279390914791e+00 -1.876592471253408e-03 -9.743767850224488e-04 -1.007735918201665e+00
6 25 -1.000279159329691e+00 -1.876571789444234e-03 -9.741914976119981e-04 -1.007737160221236e+00
6 26 -1.000279111570752e+00 -1.877016939498161e-03 -9.735513884625229e-04 -1.007736921351514e+00
6 27 -1.000279246720297e+00 -1.877916336498180e-03 -9.724548333161519e-04 -1.007735206567563e+00
6 28 -1.000279554602291e+00 -1.879234539002533e-03 -9.709382288246393e-04 -1.007732094236322e+00
6 29 -1.000280016956272e+00 -1.880913836463244e-03 -9.690751356653597e-04 -1.007727730683852e+00
6 30 -1.000280609267260e+00 -1.882877980707561e-03 -9.669702095807074e-04 -1.007722318938518e+00
6 31 -1.000281302924670e+00 -1.885037470774100e-03 -9.647489280225870e-04 -1.007716103782027e+00
7 0 -1.000283204677705e+00 -1.888378372905777e-03 -9.595937827685541e-04 -1.007706015638703e+00
7 1 -1.000284034187913e+00 -1.890694637624239e-03 -9.574972172919153e-04 -1.007698839170530e+00
7 2 -1.000284870530733e+00 -1.892910127780972e-03 -9.556687176408412e-04 -1.007691714875718e+00
7 3 -1.000285685099634e+00 -1.894936634571300e-03 -9.541979404764892e-04 -1.007684913843867e+00
7 4 -1.000286451835055e+00 -1.896697708740760e-03 -9.531443847049432e-04 -1.007678684312900e+00
7 5 -1.000287147393143e+00 -1.898131240602874e-03 -9.525355624154125e-04 -1.007673244316375e+00
7 6 -1.000287751088224e+00 -1.899191070380896e-03 -9.523683661125228e-04 -1.007668776166685e+00
7 7 -1.000288244775547e+00 -1.899847651385318e-03 -9.526130001024220e-04 -1.007665422742084e+00
7 8 -1.000288612820851e+00 -1.900087821834559e-03 -9.532187554082443e-04 -1.007663285522454e+00
7 9 -1.000288842227631e+00 -1.899913735352360e-03 -9.541210689873844e-04 -1.007662424356522e+00
7 10 -1.000288922950951e+00 -1.899341076098510e-03 -9.552493618865314e-04 -1.007662858723208e+00
7 11 -1.000288848439596e+00 -1.898396891064028e-03 -9.565348839350952e-04 -1.007664569715542e+00
7 12 -1.000288616431775e+00 -1.897117547552848e-03 -9.579174547033485e-04 -1.007667501635198e+00
7 13 -1.000288229918305e+00 -1.895547248657332e-03 -9.593499899776015e-04 -1.007671562496560e+00
7 14 -1.000287698042068e+00 -1.893737203819095e-03 -9.608001113836440e-04 -1.007676623782145e+00
7 15 -1.000287036647847e+00 -1.891745192763138e-03 -9.622486799467110e-04 -1.007682520682463e+00
7 16 -1.000286268278926e+00 -1.889635124101883e-03 -9.636855579119177e-04 -1.007689054112771e+00
7 17 -1.000285421568727e+00 -1.887476301352086e-03 -9.651033215287823e-04 -1.007695995084952e+00
7 18 -1.000284530104624e+00 -1.885342299876080e-03 -9.664900747376409e-04 -1.007703091177401e+00
7 19 -1.000283630904591e+00 -1.883309454918775e-03 -9.678228239701221e-04 -1.007710074491993e+00
7 20 -1.000282762646531e+00 -1.881454922964132e-03 -9.690629041407170e-04 -1.007716670715046e+00
7 21 -1.000281963744398e+00 -1.879854190908564e-03 -9.701546901801634e-04 -1.007722609350058e+00
7 22 -1.000281270317783e+00 -1.878577892653331e-03 -9.710283594406033e-04 -1.007727635394332e+00
7 23 -1.000280714109702e+00 -1.877687921728100e-03 -9.716067768800123e-04 -1.007731522448097e+00
7 24 -1.000280320483883e+00 -1.877233070763962e-03 -9.718156667030497e-04 -1.007734086590446e+00
7 25 -1.000280106717967e+00 -1.877244675164941e-03 -9.715953567433249e-04 -1.007735199667173e+00
7 26 -1.000280080830430e+00 -1.877732891672882e-03 -9.709119168946341e-04 -1.007734800190995e+00
7 27 -1.000280241128288e+00 -1.878684277307856e-03 -9.697656144258060e-04 -1.007732899959583e+00
7 28 -1.000280576578189e+00 -1.880061252334570e-03 -9.681950978948360e-04 -1.007729584821948e+00
7 29 -1.000281067994832e+00 -1.881803791536095e-03 -9.662763971110258e-04 -1.007725008907297e+00
7 30 -1.000281689888102e+00 -1.883833258916723e-03 -9.641166961391928e-04 -1.007719383038982e+00
7 31 -1.000282412647710e+00 -1.886057797459976e-03 -9.618438844989524e-04 -1.007712959465837e+00
8 0 -1.000284251629984e+00 -1.889667037483592e-03 -9.552569283702909e-04 -1.007702632768141e+00
8 1 -1.000285107386718e+00 -1.892041374021790e-03 -9.531289637544509e-04 -1.007695273204843e+00
8 2 -1.000285967811390e+00 -1.894311571252688e-03 -9.512737216750302e-04 -1.007687980784749e+00
8 3 -1.000286803353889e+00 -1.896387561836898e-03 -9.497817285637539e-04 -1.007681032237345e+00
8 4 -1.000287587037042e+00 -1.898191063645372e-03 -9.487131228010885e-04 -1.007674681306146e+00
8 5 -1.000288294680139e+00 -1.899658229393582e-03 -9.480958037771296e-04 -1.007669151187442e+00
8 6 -1.000288904908507e+00 -1.900741359060982e-03 -9.479268015109012e-04 -1.007664628686514e+00
8 7 -1.000289399098548e+00 -1.901409672475763e-03 -9.481762300021672e-04 -1.007661260144991e+00
8 8 -1.000289761399392e+00 -1.901649188533715e-03 -9.487930756706274e-04 -1.007659149117275e+00
8 9 -1.000289978903440e+00 -1.901461757070109e-03 -9.497122603246345e-04 -1.007658355787278e+00
8 10 -1.000290041987863e+00 -1.900863351724357e-03 -9.508625028200273e-04 -1.007658897946367e+00
8 11 -1.000289944852571e+00 -1.899881928242970e-03 -9.521742202916457e-04 -1.007660752870943e+00
8 12 -1.000289686270515e+00 -1.898555340721109e-03 -9.535863325088177e-04 -1.007663859062470e+00
8 13 -1.000289270473737e+00 -1.896929760654227e-03 -9.550508264813800e-04 -1.007668117116058e+00
8 14 -1.000288707964005e+00 -1.895058725945084e-03 -9.565343751372337e-04 -1.007673389947931e+00
8 15 -1.000288015975685e+00 -1.893002583192648e-03 -9.580168629855551e-04 -1.007679503520472e+00
8 16 -1.000287218389787e+00 -1.890827930220029e-03 -9.594871266972488e-04 -1.007686249336324e+00
8 17 -1.000286345049107e+00 -1.888606762758568e-03 -9.609366395520134e-04 -1.007693389298778e+00
8 18 -1.000285430559936e+00 -1.886415222962840e-03 -9.623523191703246e-04 -1.007700662670191e+00
8 19 -1.000284512731187e+00 -1.884331960450317e-03 -9.637099488476356e-04 -1.007707794453316e+00
8 20 -1.000283630793714e+00 -1.882436090221643e-03 -9.649696901370861e-04 -1.007714504742264e+00
8 21 -1.000282823487655e+00 -1.880804635541113e-03 -9.660748753463454e-04 -1.007720519096946e+00
8 22 -1.000282127054479e+00 -1.879509306516361e-03 -9.669548277059467e-04 -1.007725580264167e+00
8 23 -1.000281573179891e+00 -1.878612583103034e-03 -9.675318150032936e-04 -1.007729461293478e+00
8 24 -1.000281187013919e+00 -1.878163328961258e-03 -9.677313271118328e-04 -1.007731979387903e+00
8 25 -1.000280985483500e+00 -1.878192433445079e-03 -9.674939242482416e-04 -1.007733009088034e+00
8 26 -1.000280976136734e+00 -1.878709133634165e-03 -9.667864041321367e-04 -1.007732492955908e+00
8 27 -1.000281156706369e+00 -1.879698676817839e-03 -9.656101888642868e-04 -1.007730447895101e+00
8 28 -1.000281515493237e+00 -1.881121879414849e-03 -9.640053916658522e-04 -1.007726965608749e+00
8 29 -1.000282032563294e+00 -1.882916906317099e-03 -9.620497014786492e-04 -1.007722206549892e+00
8 30 -1.000282681604675e+00 -1.885003188105090e-03 -9.598520428112443e-04 -1.007716388073444e+00
8 31 -1.000283432129449e+00 -1.887286893082098e-03 -9.575420004045063e-04 -1.007709768913626e+00
9 0 -1.000285168480307e+00 -1.891107394369518e-03 -9.496959955284046e-04 -1.007699357135151e+00
9 1 -1.000286050277401e+00 -1.893537196270963e-03 -9.475465583587221e-04 -1.007691816964255e+00
9 2 -1.000286935864283e+00 -1.895862770666219e-03 -9.456704333750591e-04 -1.007684348862607e+00
9 3 -1.000287794724249e+00 -1.897992193152485e-03 -9.441587830274643e-04 -1.007677235477406e+00
9 4 -1.000288598874798e+00 -1.899845189422142e-03 -9.430723653604081e-04 -1.007670736795054e+00
9 5 -1.000289323146461e+00 -1.901355856669767e-03 -9.424396546829151e-04 -1.007665082348413e+00
9 6 -1.000289945269320e+00 -1.902474499911887e-03 -9.422581860272602e-04 -1.007660464969423e+00
9 7 -1.000290445896636e+00 -1.903168548673587e-03 -9.424984990804770e-04 -1.007657036245962e+00
9 8 -1.000290808695820e+00 -1.903422581966538e-03 -9.431099108658845e-04 -1.007654903724122e+00
9 9 -1.000291020577929e+00 -1.903237499139159e-03 -9.440275473580138e-04 -1.007654129870891e+00
9 10 -1.000291072081882e+00 -1.902628926643590e-03 -9.451801844164261e-04 -1.007654732674477e+00
9 11 -1.000290957922767e+00 -1.901625134958802e-03 -9.464981622947285e-04 -1.007656687330172e+00
9 12 -1.000290677707618e+00 -1.900264937891773e-03 -9.479202214878735e-04 -1.007659928061834e+00
9 13 -1.000290236748416e+00 -1.898596027499874e-03 -9.493980841459316e-04 -1.007664349326326e+00
9 14 -1.000289646782065e+00 -1.896673902421448e-03 -9.508980671601606e-04 -1.007669806518197e+00
9 15 -1.000288926342793e+00 -1.894561182508308e-03 -9.523995955326137e-04 -1.007676117199565e+00
9 16 -1.000288100591762e+00 -1.892326928575389e-03 -9.538909308617562e-04 -1.007683064083323e+00
9 17 -1.000287200555494e+00 -1.890045667769029e-03 -9.553628396409638e-04 -1.007690400375158e+00
9 18 -1.000286261865848e+00 -1.887796018525903e-03 -9.568013928278470e-04 -1.007697857197973e+00
9 19 -1.000285323162343e+00 -1.885658934034007e-03 -9.581814139556985e-04 -1.007705152368583e+00
9 20 -1.000284424302588e+00 -1.883715566221969e-03 -9.594620556017138e-04 -1.007712000010784e+00
9 21 -1.000283604461358e+00 -1.882044649327623e-03 -9.605856582948906e-04 -1.007718121049127e+00
9 22 -1.000282900143465e+00 -1.880719244791482e-03 -9.614806157362124e-04 -1.007723254962792e+00
9 23 -1.000282343147734e+00 -1.879802794974084e-03 -9.620683773367026e-04 -1.007727172916974e+00
9 24 -1.000281958604128e+00 -1.879344703301562e-03 -9.622738142071169e-04 -1.007729691628816e+00
9 25 -1.000281763298852e+00 -1.879375954973003e-03 -9.620371745849348e-04 -1.007730686521610e+00
9 26 -1.000281764528332e+00 -1.879905455096690e-03 -9.613253067057330e-04 -1.007730102285654e+00
9 27 -1.000281959671014e+00 -1.880917748007100e-03 -9.601400113493007e-04 -1.007727958991963e+00
9 28 -1.000282336576941e+00 -1.882372650672562e-03 -9.585220203889173e-04 -1.007724352320635e+00
9 29 -1.000282874768051e+00 -1.884207100772033e-03 -9.565497972357031e-04 -1.007719447303939e+00
9 30 -1.000283547298769e+00 -1.886339134364234e-03 -9.543331280533760e-04 -1.007713466288597e+00
9 31 -1.000284322966427e+00 -1.888673416113078e-03 -9.520024717250895e-04 -1.007706673229094e+00
10 0 -1.000285922071480e+00 -1.892640089136985e-03 -9.431271883156369e-04 -1.007696325461012e+00
10 1 -1.000286828496674e+00 -1.895120250500394e-03 -9.409678168033526e-04 -1.007688615247508e+00
10 2 -1.000287739134612e+00 -1.897499334395301e-03 -9.390784044484023e-04 -1.007680971937869e+00
10 3 -1.000288622528358e+00 -1.899683650907858e-03 -9.375504306281190e-04 -1.007673684097539e+00
10 4 -1.000289449654937e+00 -1.901590871102954e-03 -9.364451734358548e-04 -1.007667018392913e+00
10 5 -1.000290194256573e+00 -1.903152817323143e-03 -9.357918048233880e-04 -1.007661211558097e+00
10 6 -1.000290833009285e+00 -1.904317438742740e-03 -9.355886852702432e-04 -1.007656463689178e+00
10 7 -1.000291345636789e+00 -1.905049900500188e-03 -9.358072637388359e-04 -1.007652933143352e+00
10 8 -1.000291715084283e+00 -1.905332786643058e-03 -9.363978018329797e-04 -1.007650733174940e+00
10 9 -1.000291927819566e+00 -1.905165441694661e-03 -9.372963374453351e-04 -1.007649930361639e+00
10 10 -1.000291974273082e+00 -1.904562523445646e-03 -9.384324575335998e-04 -1.007650544748991e+00
10 11 -1.000291849411483e+00 -1.903552010669667e-03 -9.397371755993027e-04 -1.007652551264137e+00
10 12 -1.000291553433100e+00 -1.902173112940015e-03 -9.411497606440778e-04 -1.007655881545619e+00
10 13 -1.000291092517269e+00 -1.900474538649739e-03 -9.426223135580758e-04 -1.007660425435874e+00
10 14 -1.000290479457207e+00 -1.898513308342064e-03 -9.441213646338504e-04 -1.007666032146503e+00
10 15 -1.000289733942668e+00 -1.896353939329453e-03 -9.456263756138520e-04 -1.007672511994158e+00
10 16 -1.000288882306105e+00 -1.894067638059729e-03 -9.471254706334387e-04 -1.007679639871446e+00
10 17 -1.000287956685991e+00 -1.891731202929323e-03 -9.486091089304226e-04 -1.007687161054433e+00
10 18 -1.000286993706095e+00 -1.889425531415567e-03 -9.500628843263432e-04 -1.007694799061710e+00
10 19 -1.000286032841651e+00 -1.887233758610617e-03 -9.514609855882635e-04 -1.007702264784928e+00
10 20 -1.000285114621972e+00 -1.885239043379293e-03 -9.527618093734458e-04 -1.007709266317993e+00
10 21 -1.000284278742333e+00 -1.883521908014454e-03 -9.539068596570668e-04 -1.007715519526517e+00
10 22 -1.000283562096921e+00 -1.882156961311947e-03 -9.548236337708888e-04 -1.007720759803788e+00
10 23 -1.000282996759968e+00 -1.881208928333629e-03 -9.554326442674432e-04 -1.007724755214973e+00
10 24 -1.000282608033246e+00 -1.880728190830127e-03 -9.556578457328424e-04 -1.007727320417319e+00
10 25 -1.000282412775366e+00 -1.880746365932388e-03 -9.554386925084539e-04 -1.007728329867499e+00
10 26 -1.000282418256518e+00 -1.881272628555471e-03 -9.547414437688926e-04 -1.007727728370144e+00
10 27 -1.000282621730336e+00 -1.882291454596219e-03 -9.535675232066287e-04 -1.007725537096285e+00
10 28 -1.000283010823465e+00 -1.883762302548837e-03 -9.519574452491330e-04 -1.007721853674844e+00
10 29 -1.000283564734817e+00 -1.885621509596896e-03 -9.499895614913143e-04 -1.007716845804521e+00
10 30 -1.000284256094869e+00 -1.887786308432260e-03 -9.477736214651887e-04 -1.007710739097905e+00
10 31 -1.000285053177337e+00 -1.890160391693365e-03 -9.454400965749643e-04 -1.007703801260715e+00
11 0 -1.000286486804351e+00 -1.894203481045652e-03 -9.358125618102280e-04 -1.007693654095748e+00
11 1 -1.000287415393458e+00 -1.896726807816447e-03 -9.336554642967664e-04 -1.007685791374761e+00
11 2 -1.000288349863561e+00 -1.899155248031808e-03 -9.317613849147919e-04 -1.007677980745580e+00
11 3 -1.000289257887995e+00 -1.901393516702290e-03 -9.302217416401148e-04 -1.007670516441137e+00
11 4 -1.000290109421121e+00 -1.903357265265970e-03 -9.290981604937651e-04 -1.007663671938117e+00
11 5 -1.000290877075663e+00 -1.904975932589878e-03 -9.284205593209276e-04 -1.007657691688580e+00
11 6 -1.000291536372605e+00 -1.906194865429308e-03 -9.281883769271609e-04 -1.007652783931036e+00
11 7 -1.000292065950444e+00 -1.906976597463896e-03 -9.283743967951532e-04 -1.007649114980956e+00
11 8 -1.000292447829641e+00 -1.907301252591591e-03 -9.289303885481318e-04 -1.007646805242486e+00
11 9 -1.000292667793833e+00 -1.907166081472666e-03 -9.297939655596025e-04 -1.007645927042209e+00
11 10 -1.000292715896563e+00 -1.906584188541777e-03 -9.308962397915984e-04 -1.007646504254693e+00
11 11 -1.000292587075298e+00 -1.905582663034348e-03 -9.321696073024342e-04 -1.007648513364892e+00
11 12 -1.000292281844192e+00 -1.904200530499437e-03 -9.335545282981773e-04 -1.007651885221052e+00
11 13 -1.000291806994572e+00 -1.902486976063893e-03 -9.350040784945116e-04 -1.007656506747300e+00
11 14 -1.000291176149817e+00 -1.900500052790439e-03 -9.364855268830201e-04 -1.007662222532224e+00
11 15 -1.000290409963224e+00 -1.898305737227525e-03 -9.379788311988747e-04 -1.007668837055977e+00
11 16 -1.000289535784477e+00 -1.895976992092350e-03 -9.394723858422493e-04 -1.007676118637068e+00
11 17 -1.000288586751047e+00 -1.893592546609221e-03 -9.409567207080833e-04 -1.007683805682390e+00
11 18 -1.000287600408525e+00 -1.891235292466302e-03 -9.424173146816191e-04 -1.007691614943152e+00
11 19 -1.000286617041071e+00 -1.888990332095308e-03 -9.438280608045026e-04 -1.007699250948790e+00
11 20 -1.000285677866945e+00 -1.886942707336627e-03 -9.451468903067794e-04 -1.007706415993306e+00
11 21 -1.000284823164515e+00 -1.885174716362272e-03 -9.463146835951257e-04 -1.007712820720851e+00
11 22 -1.000284090325240e+00 -1.883762632262432e-03 -9.472581493244300e-04 -1.007718195837774e+00
11 23 -1.000283511848522e+00 -1.882772718143032e-03 -9.478968329902000e-04 -1.007722305255780e+00
11 24 -1.000283113392438e+00 -1.882256724226257e-03 -9.481535707402341e-04 -1.007724960100964e+00
11 25 -1.000282912097717e+00 -1.882247404544096e-03 -9.479666346056167e-04 -1.007726032060428e+00
11 26 -1.000282915433055e+00 -1.882754790232692e-03 -9.473011386812611e-04 -1.007725464039114e+00
11 27 -1.000283120757925e+00 -1.883763920110608e-03 -9.461574469557040e-04 -1.007723276207235e+00
11 28 -1.000283515705698e+00 -1.885234540720626e-03 -9.445750858588667e-04 -1.007719566058365e+00
11 29 -1.000284079378057e+00 -1.887103028320037e-03 -9.426314653177979e-04 -1.007714501970586e+00
11 30 -1.000284784199497e+00 -1.889286424023753e-03 -9.404354406945501e-04 -1.007708311003533e+00
11 31 -1.000285598124383e+00 -1.891688009001504e-03 -9.381166542114481e-04 -1.007701263032338e+00
12 0 -1.000286845108559e+00 -1.895736392054899e-03 -9.280485005476316e-04 -1.007691434756651e+00
12 1 -1.000287792569773e+00 -1.898294131265636e-03 -9.259055507485163e-04 -1.007683442523637e+00
12 2 -1.000288748710103e+00 -1.900765886898450e-03 -9.240156151552030e-04 -1.007675478783731e+00
12 3 -1.000289680438420e+00 -1.903055009976815e-03 -9.224696509826859e-04 -1.007667842982348e+00
12 4 -1.000290556752262e+00 -1.905075255976124e-03 -9.213294078064955e-04 -1.007660815251519e+00
12 5 -1.000291349151968e+00 -1.906753683788585e-03 -9.206255246978357e-04 -1.007654647924351e+00
12 6 -1.000292031964655e+00 -1.908032915368890e-03 -9.203586916801260e-04 -1.007649557872159e+00
12 7 -1.000292582646167e+00 -1.908872608143085e-03 -9.205033733567363e-04 -1.007645720179736e+00
12 8 -1.000292982137194e+00 -1.909250068558805e-03 -9.210133358822397e-04 -1.007643263515689e+00
12 9 -1.000293215328346e+00 -1.909159999020056e-03 -9.218283607766474e-04 -1.007642267347279e+00
12 10 -1.000293271641841e+00 -1.908613422859421e-03 -9.228817317748479e-04 -1.007642760999298e+00
12 11 -1.000293145701149e+00 -1.907635971270917e-03 -9.241078713890248e-04 -1.007644724286504e+00
12 12 -1.000292838041384e+00 -1.906265911334025e-03 -9.254490276829721e-04 -1.007648089091887e+00
12 13 -1.000292355780558e+00 -1.904552351618466e-03 -9.268597817811941e-04 -1.007652741211703e+00
12 14 -1.000291713110511e+00 -1.902553859778409e-03 -9.283086063322798e-04 -1.007658522311331e+00
12 15 -1.000290931418597e+00 -1.900337392902893e-03 -9.297763617486141e-04 -1.007665232615922e+00
12 16 -1.000290038880515e+00 -1.897977230580631e-03 -9.312520729079502e-04 -1.007672635313476e+00
12 17 -1.000289069484722e+00 -1.895553635028611e-03 -9.327266720383924e-04 -1.007680463218056e+00
12 18 -1.000288061596765e+00 -1.893151144213561e-03 -9.341858419251604e-04 -1.007688427378215e+00
12 19 -1.000287056254843e+00 -1.890856545627394e-03 -9.356034855106953e-04 -1.007696226757747e+00
12 20 -1.000286095358496e+00 -1.888756568762975e-03 -9.369373430359024e-04 -1.007703558315261e+00
12 21 -1.000285219809527e+00 -1.886935201788531e-03 -9.381278909510862e-04 -1.007710127541521e+00
12 22 -1.000284467585052e+00 -1.885470424661581e-03 -9.391011914233013e-04 -1.007715660075256e+00
12 23 -1.000283871742908e+00 -1.884430221154440e-03 -9.397758596050668e-04 -1.007719914823074e+00
12 24 -1.000283458468563e+00 -1.883868032534394e-03 -9.400735087357454e-04 -1.007722698082147e+00
12 25 -1.000283245384040e+00 -1.883818196715752e-03 -9.399309564087736e-04 -1.007723877103372e+00
12 26 -1.000283240373291e+00 -1.884292142558933e-03 -9.393117352374943e-04 -1.007723390972600e+00
12 27 -1.000283441126381e+00 -1.885276071818610e-03 -9.382145801804688e-04 -1.007721256813843e+00
12 28 -1.000283835508880e+00 -1.886730645393331e-03 -9.366773644127474e-04 -1.007717569925845e+00
12 29 -1.000284402746922e+00 -1.888592905969548e-03 -9.347758236092385e-04 -1.007712497382555e+00
12 30 -1.000285115273638e+00 -1.890780308855938e-03 -9.326171474832716e-04 -1.007706265859884e+00
12 31 -1.000285940927390e+00 -1.893196284301031e-03 -9.303293782383922e-04 -1.007699145793301e+00
13 0 -1.000286987448143e+00 -1.897180535569445e-03 -9.201520752245879e-04 -1.007689733056302e+00
13 1 -1.000287949919690e+00 -1.899762949888117e-03 -9.180338778638987e-04 -1.007681638095152e+00
13 2 -1.000288924841920e+00 -1.902270575197603e-03 -9.161562496120267e-04 -1.007673540399139e+00
13 3 -1.000289878487179e+00 -1.904605668566447e-03 -9.146093074582724e-04 -1.007665744025777e+00
13 4 -1.000290778999720e+00 -1.906680284122774e-03 -9.134546782926101e-04 -1.007658535370912e+00
13 5 -1.000291596835388e+00 -1.908419204543628e-03 -9.127236408408554e-04 -1.007652174492451e+00
13 6 -1.000292305147055e+00 -1.909762324174015e-03 -9.124182308719522e-04 -1.007646887012592e+00
13 7 -1.000292880169401e+00 -1.910666304929119e-03 -9.125148521781397e-04 -1.007642857212339e+00
13 8 -1.000293301661186e+00 -1.911105397383871e-03 -9.129696633152956e-04 -1.007640222783008e+00
13 9 -1.000293553453077e+00 -1.911071403543766e-03 -9.137251141193841e-04 -1.007639071426556e+00
13 10 -1.000293624109344e+00 -1.910572816841991e-03 -9.147172187329950e-04 -1.007639439320106e+00
13 11 -1.000293507666835e+00 -1.909633294888985e-03 -9.158829878585141e-04 -1.007641311247563e+00
13 12 -1.000293204384181e+00 -1.908289800277045e-03 -9.171669759013364e-04 -1.007644621900282e+00
13 13 -1.000292721406489e+00 -1.906590819688518e-03 -9.185257240656978e-04 -1.007649257752052e+00
13 14 -1.000292073210219e+00 -1.904594909265533e-03 -9.199293014857529e-04 -1.007655059309275e+00
13 15 -1.000291281660416e+00 -1.902369507147327e-03 -9.213598113288835e-04 -1.007661824224320e+00
13 16 -1.000290375538331e+00 -1.899989740254206e-03 -9.228072054380958e-04 -1.007669312125610e+00
13 17 -1.000289389506011e+00 -1.897536969926211e-03 -9.242630838145948e-04 -1.007677251655621e+00
13 18 -1.000288362619783e+00 -1.895096993201419e-03 -9.257135817269441e-04 -1.007685349379089e+00
13 19 -1.000287336592881e+00 -1.892757958274787e-03 -9.271328489093110e-04 -1.007693299650341e+00
13 20 -1.000286353977127e+00 -1.890608040126901e-03 -9.284786512331635e-04 -1.007700794725625e+00
13 21 -1.000285456318222e+00 -1.888732776325495e-03 -9.296912438038201e-04 -1.007707535195506e+00
13 22 -1.000284682247808e+00 -1.887211831241808e-03 -9.306961790714322e-04 -1.007713241457487e+00
13 23 -1.000284065496078e+00 -1.886115016667591e-03 -9.314112154144117e-04 -1.007717666787434e+00
13 24 -1.000283632928227e+00 -1.885497705986226e-03 -9.317567216964081e-04 -1.007720611587189e+00
13 25 -1.000283402829454e+00 -1.885396187901404e-03 -9.316679087715457e-04 -1.007721937220622e+00
13 26 -1.000283383700827e+00 -1.885823760153228e-03 -9.311064290904868e-04 -1.007721577215329e+00
13 27 -1.000283573775531e+00 -1.886768331545976e-03 -9.300689581421760e-04 -1.007719543738648e+00
13 28 -1.000283961366303e+00 -1.888192061396418e-03 -9.285911836942584e-04 -1.007715927929177e+00
13 29 -1.000284526034888e+00 -1.890033253299746e-03 -9.267465615159589e-04 -1.007710893640145e+00
13 30 -1.000285240426263e+00 -1.892210355041288e-03 -9.246399642041655e-04 -1.007704665385088e+00
13 31 -1.000286072454897e+00 -1.894627483096652e-03 -9.223971735060471e-04 -1.007697512591682e+00
14 0 -1.000286911996773e+00 -1.898482586008724e-03 -9.124461134272072e-04 -1.007688589297854e+00
14 1 -1.000287885298810e+00 -1.901079504564488e-03 -9.103612484475525e-04 -1.007680420584316e+00
14 2 -1.000288875618546e+00 -1.903614645832492e-03 -9.085027146762319e-04 -1.007672211619397e+00
14 3 -1.000289848729924e+00 -1.905989461319406e-03 -9.069594645922355e-04 -1.007664270383355e+00
14 4 -1.000290772051498e+00 -1.908114547030741e-03 -9.057927692684938e-04 -1.007656888969974e+00
14 5 -1.000291615100100e+00 -1.909912591791757e-03 -9.050344370411685e-04 -1.007650334748698e+00
14 6 -1.000292349922016e+00 -1.911320862321777e-03 -9.046878819936452e-04 -1.007644841889169e+00
14 7 -1.000292951545944e+00 -1.912293023690388e-03 -9.047316190162725e-04 -1.007640603937055e+00
14 8 -1.000293398500867e+00 -1.912800155145091e-03 -9.051244923508401e-04 -1.007637767999474e+00
14 9 -1.000293673440971e+00 -1.912830923825479e-03 -9.058120101516333e-04 -1.007636430764758e+00
14 10 -1.000293763888098e+00 -1.912390946897871e-03 -9.067333683536980e-04 -1.007636636372421e+00
14 11 -1.000293663049945e+00 -1.911501472390755e-03 -9.078286304969683e-04 -1.007638375994733e+00
14 12 -1.000293370627149e+00 -1.910197665861339e-03 -9.090450889203165e-04 -1.007641588766772e+00
14 13 -1.000292893494500e+00 -1.908526875656518e-03 -9.103416187888083e-04 -1.007646163584660e+00
14 14 -1.000292246120072e+00 -1.906547128953790e-03 -9.116902014415734e-04 -1.007651941562779e+00
14 15 -1.000291450572850e+00 -1.904325839226788e-03 -9.130744491253378e-04 -1.007658719511155e+00
14 16 -1.000290535996630e+00 -1.901938495662191e-03 -9.144854643204085e-04 -1.007666255146234e+00
14 17 -1.000289537525161e+00 -1.899467105214346e-03 -9.159157031757049e-04 -1.007674274450513e+00
14 18 -1.000288494752960e+00 -1.896998316352366e-03 -9.173519179687923e-04 -1.007682480817707e+00
14 19 -1.000287449968804e+00 -1.894621292263751e-03 -9.187686549152272e-04 -1.007690565045091e+00
14 20 -1.000286446329899e+00 -1.892425385255189e-03 -9.201238403437108e-04 -1.007698215427598e+00
14 21 -1.000285526029068e+00 -1.890497505330459e-03 -9.213576240488469e-04 -1.007705128045200e+00
14 22 -1.000284728402796e+00 -1.888918926823640e-03 -9.223951456417966e-04 -1.007711018060124e+00
14 23 -1.000284087946825e+00 -1.887761327071809e-03 -9.231533808786148e-04 -1.007715632717938e+00
14 24 -1.000283632336046e+00 -1.887082167921660e-03 -9.235514842331606e-04 -1.007718765718542e+00
14 25 -1.000283380678165e+00 -1.886919964344329e-03 -9.235230079064913e-04 -1.007720271355336e+00
14 26 -1.000283342272239e+00 -1.887290266371800e-03 -9.230275594760372e-04 -1.007720076104361e+00
14 27 -1.000283516088763e+00 -1.888183157553406e-03 -9.220594732692570e-04 -1.007718185470718e+00
14 28 -1.000283891086541e+00 -1.889562816347085e-03 -9.206518712870232e-04 -1.007714684628615e+00
14 29 -1.000284447358626e+00 -1.891369348504644e-03 -9.188754745909550e-04 -1.007709732421584e+00
14 30 -1.000285157948674e+00 -1.893522725678285e-03 -9.168323345993862e-04 -1.007703549529107e+00
14 31 -1.000285991022348e+00 -1.895928245715717e-03 -9.146454518572480e-04 -1.007696402895017e+00
15 0 -1.000286624125809e+00 -1.899595869232247e-03 -9.052439504311200e-04 -1.007688020847357e+00
15 1 -1.000287603975175e+00 -1.902197164376556e-03 -9.031984631273384e-04 -1.007679808200783e+00
15 2 -1.000288606018986e+00 -1.904751007722928e-03 -9.013639013606663e-04 -1.007671512945989e+00
15 3 -1.000289595670640e+00 -1.907158335966215e-03 -8.998278098680549e-04 -1.007663446249147e+00
15 4 -1.000290539761294e+00 -1.909328558097766e-03 -8.986509158882746e-04 -1.007655905217589e+00
15 5 -1.000291406997337e+00 -1.911182506974391e-03 -8.978654503382015e-04 -1.007649163926724e+00
15 6 -1.000292168421330e+00 -1.912655003776987e-03 -8.974761994990061e-04 -1.007643464629087e+00
15 7 -1.000292797916558e+00 -1.913696820279523e-03 -8.974638855048932e-04 -1.007639009885288e+00
15 8 -1.000293272786936e+00 -1.914275870268760e-03 -8.977902259164535e-04 -1.007635956253835e+00
15 9 -1.000293574449387e+00 -1.914377579764059e-03 -8.984040534453846e-04 -1.007634409789510e+00
15 10 -1.000293689252652e+00 -1.914004465839232e-03 -8.992480717192754e-04 -1.007634423351705e+00
15 11 -1.000293609378586e+00 -1.913175034998988e-03 -9.002657490592975e-04 -1.007635995622326e+00
15 12 -1.000293333721020e+00 -1.911922239984912e-03 -9.014074525928608e-04 -1.007639071599182e+00
15 13 -1.000292868604194e+00 -1.910291821713844e-03 -9.026346846391179e-04 -1.007643544219592e+00
15 14 -1.000292228197426e+00 -1.908340782882109e-03 -9.039215815414039e-04 -1.007649256926602e+00
15 15 -1.000291434491189e+00 -1.906136010618046e-03 -9.052534614189133e-04 -1.007656007428537e+00
15 16 -1.000290516732779e+00 -1.903752865770301e-03 -9.066227307886936e-04 -1.007663553218382e+00
15 17 -1.000289510306345e+00 -1.901273539197883e-03 -9.080228139750617e-04 -1.007671619181189e+00
15 18 -1.000288455172689e+00 -1.898785115930753e-03 -9.094411592430715e-04 -1.007679906902392e+00
15 19 -1.000287394079382e+00 -1.896377421497719e-03 -9.108527670978479e-04 -1.007688104724660e+00
15 20 -1.000286370726708e+00 -1.894140706279542e-03 -9.122157682694783e-04 -1.007695897785505e+00
15 21 -1.000285427942330e+00 -1.892163054221004e-03 -9.134702413461572e-04 -1.007702978139222e+00
15 22 -1.000284605800089e+00 -1.890527237278521e-03 -9.145409460036705e-04 -1.007709055864605e+00
15 23 -1.000283939633310e+00 -1.889306778098282e-03 -9.153441166185816e-04 -1.007713871981683e+00
15 24 -1.000283458032353e+00 -1.888561306371418e-03 -9.157977360384146e-04 -1.007717212936921e+00
15 25 -1.000283181060842e+00 -1.888331748217405e-03 -9.158337112034987e-04 -1.007718925054206e+00
15 26 -1.000283118970819e+00 -1.888636193944004e-03 -9.154095511773624e-04 -1.007718926550626e+00
15 27 -1.000283271640071e+00 -1.889467277526895e-03 -9.145171091095307e-04 -1.007717214827382e+00
15 28 -1.000283628850443e+00 -1.890791633207143e-03 -9.131867196065239e-04 -1.007713867519774e+00
15 29 -1.000284171401731e+00 -1.892551634746944e-03 -9.114860814570590e-04 -1.007709036867322e+00
15 30 -1.000284872903349e+00 -1.894669241837553e-03 -9.095140889873630e-04 -1.007702938207538e+00
15 31 -1.000285701927604e+00 -1.897051370226419e-03 -9.073906008547001e-04 -1.007695834659525e+00
16 0 -1.000286135816348e+00 -1.900481647643210e-03 -8.988348564792151e-04 -1.007688025435665e+00
16 1 -1.000287117986466e+00 -1.903077611256775e-03 -8.968320233591477e-04 -1.007679798496989e+00
16 2 -1.000288127950377e+00 -1.905641241406097e-03 -8.950241210755518e-04 -1.007671443274996e+00
16 3 -1.000289130891906e+00 -1.908073242824923e-03 -8.934971410619352e-04 -1.007663273358600e+00
16 4 -1.000290093194160e+00 -1.910282122275312e-03 -8.923111456262457e-04 -1.007655590100075e+00
16 5 -1.000290982893461e+00 -1.912187133557623e-03 -8.914987065685424e-04 -1.007648673526502e+00
16 6 -1.000291770155955e+00 -1.913720900773746e-03 -8.910659550529620e-04 -1.007642773292081e+00
16 7 -1.000292427817350e+00 -1.914831499077309e-03 -8.909958502910177e-04 -1.007638100439774e+00
16 8 -1.000292932009738e+00 -1.915483798852473e-03 -8.912530654942291e-04 -1.007634820675015e+00
16 9 -1.000293262908592e+00 -1.915660009889192e-03 -8.917898922493012e-04 -1.007633049421812e+00
16 10 -1.000293405618260e+00 -1.915359458259856e-03 -8.925527288721245e-04 -1.007632848635910e+00
16 11 -1.000293351153231e+00 -1.914597696039417e-03 -8.934886753182058e-04 -1.007634225287500e+00
16 12 -1.000293097395787e+00 -1.913405139917113e-03 -8.945514107113031e-04 -1.007637131388901e+00
16 13 -1.000292649868208e+00 -1.911825515429299e-03 -8.957052819145326e-04 -1.007641465363125e+00
16 14 -1.000292022164084e+00 -1.909914338375592e-03 -8.969267620407606e-04 -1.007647074614067e+00
16 15 -1.000291235913779e+00 -1.907737481429563e-03 -8.982030165667949e-04 -1.007653759461933e+00
16 16 -1.000290320201382e+00 -1.905369690171038e-03 -8.995278525791860e-04 -1.007661278870162e+00
16 17 -1.000289310427843e+00 -1.902892879053517e-03 -9.008957094612219e-04 -1.007669358204179e+00
16 18 -1.000288246734400e+00 -1.900394157542645e-03 -9.022947329494221e-04 -1.007677698618694e+00
16 19 -1.000287172196755e+00 -1.897963663907765e-03 -9.037003480534893e-04 -1.007685987121524e+00
16 20 -1.000286130981983e+00 -1.895692266143891e-03 -9.050708436759354e-04 -1.007693906529911e+00
16 21 -1.000285166524821e+00 -1.893669012454388e-03 -9.063461762323094e-04 -1.007701145424565e+00
16 22 -1.000284319650517e+00 -1.891978033998263e-03 -9.074506847437149e-04 -1.007707409069518e+00
16 23 -1.000283626579929e+00 -1.890694634187181e-03 -9.082998504292081e-04 -1.007712432238738e+00
16 24 -1.000283116899205e+00 -1.889880626072934e-03 -9.088105086749728e-04 -1.007715993805003e+00
16 25 -1.000282811733211e+00 -1.889579449907242e-03 -9.089129625939287e-04 -1.007717931500369e+00
16 26 -1.000282722412390e+00 -1.889811929066658e-03 -9.085626462091462e-04 -1.007718154379496e+00
16 27 -1.000282849862295e+00 -1.890573521802700e-03 -9.077489100141925e-04 -1.007716650607571e+00
16 28 -1.000283184836946e+00 -1.891833652711337e-03 -9.064992284852184e-04 -1.007713489001802e+00
16 29 -1.000283708992948e+00 -1.893537332239269e-03 -9.048781593473214e-04 -1.007708813868995e+00
16 30 -1.000284396649566e+00 -1.895608884364451e-03 -9.029812807826235e-04 -1.007702833921773e+00
16 31 -1.000285216920303e+00 -1.897957204518447e-03 -9.009251199914620e-04 -1.007695807290895e+00
17 0 -1.000285465060173e+00 -1.901109985232898e-03 -8.934710632248935e-04 -1.007688584829869e+00
17 1 -1.000286445483491e+00 -1.903691598892362e-03 -8.915114373915685e-04 -1.007680372353415e+00
17 2 -1.000287459535209e+00 -1.906256257288226e-03 -8.897306898096010e-04 -1.007671984181841e+00
17 3 -1.000288472291550e+00 -1.908704702813486e-03 -8.882132188709181e-04 -1.007663735541008e+00
17 4 -1.000289449823575e+00 -1.910944831935234e-03 -8.870183752900128e-04 -1.007655931185635e+00
17 5 -1.000290359643721e+00 -1.912894628174024e-03 -8.861790209096373e-04 -1.007648856207372e+00
17 6 -1.000291171186877e+00 -1.914484826244629e-03 -8.857025860740606e-04 -1.007642766783376e+00
17 7 -1.000291856369965e+00 -1.915661087536787e-03 -8.855742314797504e-04 -1.007637881644529e+00
17 8 -1.000292390249637e+00 -1.916385470720931e-03 -8.857615629109362e-04 -1.007634375020053e+00
17 9 -1.000292751808365e+00 -1.916637120115843e-03 -8.862203317511997e-04 -1.007632371347439e+00
17 10 -1.000292924892390e+00 -1.916412210210629e-03 -8.869006758117436e-04 -1.007631941685793e+00
17 11 -1.000292899263586e+00 -1.915723245898194e-03 -8.877534252123237e-04 -1.007633101729312e+00
17 12 -1.000292671636414e+00 -1.914597882072747e-03 -8.887357093634657e-04 -1.007635811374515e+00
17 13 -1.000292246516143e+00 -1.913077490345952e-03 -8.898148687204154e-04 -1.007639975770957e+00
17 14 -1.000291636667062e+00 -1.911215681085889e-03 -8.909698475229006e-04 -1.007645447786186e+00
17 15 -1.000290863090124e+00 -1.909076850215344e-03 -8.921897619204827e-04 -1.007652031991274e+00
17 16 -1.000289954443426e+00 -1.906734657178775e-03 -8.934698775387401e-04 -1.007659490471065e+00
17 17 -1.000288945908957e+00 -1.904270292452644e-03 -8.948056484285990e-04 -1.007667550620564e+00
17 18 -1.000287877616023e+00 -1.901770490214159e-03 -8.961858576194964e-04 -1.007675914520152e+00
17 19 -1.000286792827879e+00 -1.899325362872569e-03 -8.975862500065298e-04 -1.007684268952834e+00
17 20 -1.000285736088937e+00 -1.897026121018318e-03 -8.989651466778658e-04 -1.007692295266313e+00
17 21 -1.000284751396344e+00 -1.894962562476500e-03 -9.002622551654723e-04 -1.007699679170859e+00
17 22 -1.000283880319812e+00 -1.893220020296867e-03 -9.014013860890387e-04 -1.007706121484040e+00
17 23 -1.000283159992910e+00 -1.891875479014398e-03 -9.022972010631926e-04 -1.007711350867597e+00
17 24 -1.000282621049971e+00 -1.890992897286197e-03 -9.028653783988925e-04 -1.007715138511373e+00
17 25 -1.000282285751804e+00 -1.890618259634912e-03 -9.030346583565556e-04 -1.007717313198882e+00
17 26 -1.000282166599777e+00 -1.890775223708485e-03 -9.027584650207283e-04 -1.007717774230801e+00
17 27 -1.000282265673674e+00 -1.891462239701047e-03 -9.020237089285720e-04 -1.007716499745989e+00
17 28 -1.000282574815673e+00 -1.892651743213219e-03 -9.008550530147887e-04 -1.007713548812230e+00
17 29 -1.000283076658981e+00 -1.894291636566082e-03 -8.993139456961469e-04 -1.007709056801567e+00
17 30 -1.000283746350657e+00 -1.896308879609433e-03 -8.974926584720257e-04 -1.007703224798864e+00
17 31 -1.000284553658120e+00 -1.898614620606494e-03 -8.955043689378258e-04 -1.007696304998511e+00
18 0 -1.000284635276576e+00 -1.901460226119280e-03 -8.893571554266323e-04 -1.007689668335758e+00
18 1 -1.000285610099781e+00 -1.904019333897970e-03 -8.874388738710654e-04 -1.007681497721226e+00
18 2 -1.000286624433963e+00 -1.906576588452674e-03 -8.856838507157592e-04 -1.007673103880574e+00
18 3 -1.000287643362404e+00 -1.909033024013411e-03 -8.841749563623344e-04 -1.007664802863440e+00
18 4 -1.000288632776998e+00 -1.911296224431850e-03 -8.829708513967095e-04 -1.007656901907120e+00
18 5 -1.000289559816642e+00 -1.913283242400321e-03 -8.821046577677856e-04 -1.007649690147568e+00
18 6 -1.000290393344552e+00 -1.914923288306768e-03 -8.815850301065208e-04 -1.007643429213340e+00
18 7 -1.000291104513582e+00 -1.916159974703045e-03 -8.813992218897978e-04 -1.007638344479819e+00
18 8 -1.000291667437972e+00 -1.916952881926184e-03 -8.815176417444847e-04 -1.007634617782871e+00
18 9 -1.000292060000744e+00 -1.917278353718186e-03 -8.818993734460064e-04 -1.007632381895599e+00
18 10 -1.000292264826590e+00 -1.917129569803012e-03 -8.824982045633287e-04 -1.007631716658917e+00
18 11 -1.000292270390673e+00 -1.916516005364005e-03 -8.832686719965516e-04 -1.007632646616350e+00
18 12 -1.000292072130927e+00 -1.915462421938841e-03 -8.841713994377394e-04 -1.007635140147612e+00
18 13 -1.000291673361208e+00 -1.914007572778677e-03 -8.851768067553819e-04 -1.007639110149663e+00
18 14 -1.000291085795522e+00 -1.912202799815968e-03 -8.862664042206312e-04 -1.007644416285182e+00
18 15 -1.000290329560990e+00 -1.910110601516623e-03 -8.874313356495999e-04 -1.007650868882162e+00
18 16 -1.000289432644502e+00 -1.907803112768603e-03 -8.886683607736569e-04 -1.007658234692746e+00
18 17 -1.000288429783456e+00 -1.905360379211429e-03 -8.899739211951115e-04 -1.007666244607617e+00
18 18 -1.000287360905265e+00 -1.902868382516753e-03 -8.913373392705065e-04 -1.007674602927647e+00
18 19 -1.000286269315093e+00 -1.900416888159469e-03 -8.927345254178387e-04 -1.007682997285353e+00
18 20 -1.000285199833154e+00 -1.898097183887203e-03 -8.941236519155760e-04 -1.007691108408014e+00
18 21 -1.000284196955687e+00 -1.895999600406295e-03 -8.954439988533740e-04 -1.007698619780957e+00
18 22 -1.000283302965364e+00 -1.894210498778629e-03 -8.966186950445161e-04 -1.007705228238220e+00
18 23 -1.000282555904363e+00 -1.892808412419585e-03 -8.975614753597500e-04 -1.007710656614929e+00
18 24 -1.000281987475037e+00 -1.891859357704299e-03 -8.981868180719205e-04 -1.007714668519706e+00
18 25 -1.000281621113867e+00 -1.891411824077832e-03 -8.984219251387647e-04 -1.007717083700659e+00
18 26 -1.000281470548707e+00 -1.891492315188099e-03 -8.982182877507905e-04 -1.007717791436767e+00
18 27 -1.000281539081914e+00 -1.892102333976400e-03 -8.975604860061102e-04 -1.007716759414259e+00
18 28 -1.000281819722515e+00 -1.893217429809886e-03 -8.964705024680405e-04 -1.007714036399542e+00
18 29 -1.000282296166295e+00 -1.894788532095438e-03 -8.950068242072699e-04 -1.007709748190080e+00
18 30 -1.000282944477718e+00 -1.896745395724242e-03 -8.932585695627066e-04 -1.007704087552722e+00
18 31 -1.000283735168662e+00 -1.899001598433611e-03 -8.913357085527767e-04 -1.007697300037057e+00
19 0 -1.000283674748611e+00 -1.901521184845230e-03 -8.866423800941379e-04 -1.007691235572422e+00
19 1 -1.000284640359278e+00 -1.904050587467184e-03 -8.847616868837293e-04 -1.007683132537730e+00
19 2 -1.000285651226116e+00 -1.906592440007263e-03 -8.830295182507760e-04 -1.007674760235880e+00
19 3 -1.000286672550490e+00 -1.909048306413506e-03 -8.815273749904515e-04 -1.007666434696571e+00
19 4 -1.000287670177437e+00 -1.911325760950024e-03 -8.803133014461947e-04 -1.007658464639873e+00
19 5 -1.000288611027066e+00 -1.913341294309306e-03 -8.794206538291285e-04 -1.007651142094619e+00
19 6 -1.000289463562310e+00 -1.915023011495065e-03 -8.788591925958229e-04 -1.007644732886088e+00
19 7 -1.000290198347242e+00 -1.916312916259901e-03 -8.786180740854507e-04 -1.007639467762010e+00
19 8 -1.000290788715681e+00 -1.917168534231216e-03 -8.786702745736580e-04 -1.007635534986767e+00
19 9 -1.000291211580697e+00 -1.917563772170742e-03 -8.789779642134325e-04 -1.007633074713473e+00
19 10 -1.000291448423148e+00 -1.917489072931817e-03 -8.794983686848881e-04 -1.007632174962435e+00
19 11 -1.000291486441771e+00 -1.916950997341673e-03 -8.801895950285413e-04 -1.007632868978716e+00
19 12 -1.000291319734474e+00 -1.915971372001823e-03 -8.810157125892118e-04 -1.007635133967112e+00
19 13 -1.000290950293068e+00 -1.914586146790549e-03 -8.819502402802347e-04 -1.007638891356410e+00
19 14 -1.000290388601001e+00 -1.912844100877756e-03 -8.829773071496758e-04 -1.007644008721033e+00
19 15 -1.000289653703524e+00 -1.910805473503359e-03 -8.840901374053705e-04 -1.007650303458758e+00
19 16 -1.000288772701375e+00 -1.908540486340539e-03 -8.852870084659068e-04 -1.007657548366418e+00
19 17 -1.000287779683424e+00 -1.906127659777705e-03 -8.865653170675048e-04 -1.007665479158934e+00
19 18 -1.000286714196402e+00 -1.903651876752604e-03 -8.879148216424527e-04 -1.007673803552154e+00
19 19 -1.000285619441881e+00 -1.901202256147657e-03 -8.893114338472866e-04 -1.007682211043355e+00
19 20 -1.000284540404244e+00 -1.898869908253386e-03 -8.907129823887986e-04 -1.007690382574323e+00
19 21 -1.000283521996223e+00 -1.896745477827472e-03 -8.920581273284326e-04 -1.007698000087936e+00
19 22 -1.000282607154500e+00 -1.894916162366379e-03 -8.932691481562426e-04 -1.007704756994247e+00
19 23 -1.000281834791676e+00 -1.893461876675291e-03 -8.942587277925004e-04 -1.007710370750181e+00
19 24 -1.000281237659289e+00 -1.892450553122145e-03 -8.949400783886817e-04 -1.007714597715166e+00
19 25 -1.000280840367971e+00 -1.891933073877569e-03 -8.952388669294654e-04 -1.007717248808336e+00
19 26 -1.000280657885162e+00 -1.891938709240095e-03 -8.951047211719164e-04 -1.007718203365037e+00
19 27 -1.000280694761809e+00 -1.892471969608343e-03 -8.945200159231336e-04 -1.007717418573043e+00
19 28 -1.000280945212335e+00 -1.893511505812154e-03 -8.935042288364246e-04 -1.007714932734576e+00
19 29 -1.000281394045720e+00 -1.895011293335991e-03 -8.921131102510863e-04 -1.007710861799219e+00
19 30 -1.000282018304807e+00 -1.896903931885538e-03 -8.904328891312397e-04 -1.007705389839781e+00
19 31 -1.000282789315054e+00 -1.899105509606788e-03 -8.885706077102797e-04 -1.007698755294023e+00
20 0 -1.000282616064972e+00 -1.901291183941973e-03 -8.854161694350065e-04 -1.007693238018697e+00
20 1 -1.000283569111080e+00 -1.903784680845916e-03 -8.835680727389575e-04 -1.007685226316978e+00
20 2 -1.000284572840833e+00 -1.906303642073550e-03 -8.818550638759520e-04 -1.007676902344901e+00
20 3 -1.000285592684547e+00 -1.908750382356840e-03 -8.803575047528665e-04 -1.007668581242075e+00
20 4 -1.000286594574607e+00 -1.911032772322940e-03 -8.791329310841526e-04 -1.007660572139979e+00
20 5 -1.000287545371482e+00 -1.913067132989374e-03 -8.782148982963120e-04 -1.007653168694654e+00
20 6 -1.000288413317629e+00 -1.914780926519259e-03 -8.776141044914230e-04 -1.007646639518829e+00
20 7 -1.000289168577595e+00 -1.916115048621568e-03 -8.773213390462538e-04 -1.007641219271328e+00
20 8 -1.000289783887100e+00 -1.917025467126369e-03 -8.773118131388599e-04 -1.007637101252160e+00
20 9 -1.000290235345657e+00 -1.917484097292908e-03 -8.775504301328393e-04 -1.007634431806307e+00
20 10 -1.000290503401582e+00 -1.917478990842220e-03 -8.779975295727276e-04 -1.007633306285194e+00
20 11 -1.000290574027375e+00 -1.917014001050584e-03 -8.786145401850193e-04 -1.007633766231011e+00
20 12 -1.000290439962297e+00 -1.916108069981123e-03 -8.793688275555505e-04 -1.007635797751713e+00
20 13 -1.000290101793011e+00 -1.914794248230767e-03 -8.802369488681700e-04 -1.007639331326909e+00
20 14 -1.000289568639666e+00 -1.913118541192203e-03 -8.812056486879665e-04 -1.007644243299541e+00
20 15 -1.000288858302426e+00 -1.911138641996961e-03 -8.822702530668080e-04 -1.007650359205305e+00
20 16 -1.000287996819884e+00 -1.908922533998358e-03 -8.834305741257842e-04 -1.007657459046059e+00
20 17 -1.000287017458039e+00 -1.906546881565061e-03 -8.846849478876485e-04 -1.007665284513374e+00
20 18 -1.000285959221723e+00 -1.904095157598734e-03 -8.860234988322035e-04 -1.007673547806143e+00
20 19 -1.000284865068227e+00 -1.901655556051255e-03 -8.874220152533653e-04 -1.007681941227200e+00
20 20 -1.000283780027350e+00 -1.899318764013329e-03 -8.888378251699554e-04 -1.007690146745154e+00
20 21 -1.000282749327769e+00 -1.897175517067287e-03 -8.902088072233978e-04 -1.007697845476281e+00
20 22 -1.000281816473203e+00 -1.895313637115347e-03 -8.914562455052490e-04 -1.007704728065464e+00
20 23 -1.000281021171425e+00 -1.893814213436676e-03 -8.924916533678563e-04 -1.007710507215085e+00
20 24 -1.000280397160411e+00 -1.892746892985544e-03 -8.932269033382037e-04 -1.007714932620839e+00
20 25 -1.000279970175678e+00 -1.892164759575590e-03 -8.935861143883158e-04 -1.007717806901287e+00
20 26 -1.000279756388855e+00 -1.892099676145476e-03 -8.935171061229096e-04 -1.007718999896509e+00
20 27 -1.000279761578932e+00 -1.892559010339532e-03 -8.930001713025900e-04 -1.007718458641570e+00
20 28 -1.000279981162220e+00 -1.893524393574519e-03 -8.920524754381084e-04 -1.007716211195168e+00
20 29 -1.000280401076125e+00 -1.894952760377252e-03 -8.907272997499803e-04 -1.007712363733979e+00
20 30 -1.000280999375351e+00 -1.896779506457366e-03 -8.891083221971902e-04 -1.007707091553188e+00
20 31 -1.000281748248313e+00 -1.898923224090737e-03 -8.873000423108622e-04 -1.007700625736196e+00
21 0 -1.000281495531160e+00 -1.900778049804884e-03 -8.857068897809230e-04 -1.007695619077508e+00
21 1 -1.000282432952120e+00 -1.903230461306149e-03 -8.838858417545165e-04 -1.007687720179232e+00
21 2 -1.000283425993295e+00 -1.905719620863558e-03 -8.821881020996805e-04 -1.007679470493128e+00
21 3 -1.000284440426462e+00 -1.908148797835381e-03 -8.806931705129924e-04 -1.007671183383060e+00
21 4 -1.000285442408486e+00 -1.910426463014630e-03 -8.794581996701070e-04 -1.007663167268721e+00
21 5 -1.000286398902679e+00 -1.912469172496288e-03 -8.785168966711837e-04 -1.007655716085821e+00
21 6 -1.000287278115101e+00 -1.914204234482226e-03 -8.778806870567183e-04 -1.007649099717641e+00
21 7 -1.000288050006957e+00 -1.915571976636492e-03 -8.775416576555071e-04 -1.007643555141246e+00
21 8 -1.000288686910026e+00 -1.916527357611708e-03 -8.774768392940930e-04 -1.007639279141676e+00
21 9 -1.000289164285856e+00 -1.917040811704383e-03 -8.776534190411848e-04 -1.007636422877755e+00
21 10 -1.000289461690095e+00 -1.917098424761850e-03 -8.780344157947506e-04 -1.007635087955673e+00
21 11 -1.000289563957867e+00 -1.916701642148073e-03 -8.785842111613172e-04 -1.007635323543995e+00
21 12 -1.000289462498385e+00 -1.915866673318857e-03 -8.792731984519675e-04 -1.007637124436270e+00
21 13 -1.000289156462296e+00 -1.914623677108003e-03 -8.800808087794019e-04 -1.007640430372659e+00
21 14 -1.000288653526655e+00 -1.913015772569392e-03 -8.809963219476647e-04 -1.007645127016662e+00
21 15 -1.000287970132956e+00 -1.911097907371722e-03 -8.820171438997676e-04 -1.007651048827717e+00
21 16 -1.000287131124397e+00 -1.908935573135940e-03 -8.831446339948178e-04 -1.007657983929686e+00
21 17 -1.000286168802524e+00 -1.906603300222136e-03 -8.843780877181244e-04 -1.007665680951491e+00
21 18 -1.000285121489694e+00 -1.904182874053325e-03 -8.857079948337529e-04 -1.007673857508754e+00
21 19 -1.000284031766290e+00 -1.901761303014666e-03 -8.871099820546305e-04 -1.007682209572321e+00
21 20 -1.000282944585025e+00 -1.899428609778852e-03 -8.885408055356301e-04 -1.007690420925010e+00
21 21 -1.000281905375159e+00 -1.897275389320618e-03 -8.899374747509326e-04 -1.007698172603955e+00
21 22 -1.000280958094637e+00 -1.895389852459330e-03 -8.912201878017034e-04 -1.007705153246567e+00
21 23 -1.000280143134480e+00 -1.893854013847846e-03 -8.922992052520807e-04 -1.007711071602747e+00
21 24 -1.000279495110534e+00 -1.892738970904521e-03 -8.930850001047520e-04 -1.007715671551773e+00
21 25 -1.000279040782501e+00 -1.892099736232497e-03 -8.935001290270292e-04 -1.007718748274151e+00
21 26 -1.000278797438138e+00 -1.891970495589423e-03 -8.934906526531813e-04 -1.007720162943205e+00
21 27 -1.000278772014219e+00 -1.892361221249263e-03 -8.930349026802219e-04 -1.007719853178846e+00
21 28 -1.000278961081863e+00 -1.893256302919484e-03 -8.921479319993896e-04 -1.007717837387454e+00
21 29 -1.000279351686740e+00 -1.894615452098802e-03 -8.908808410893069e-04 -1.007714212373034e+00
21 30 -1.000279922902260e+00 -1.896376725709769e-03 -8.893151366442279e-04 -1.007709144836469e+00
21 31 -1.000280647810646e+00 -1.898461138385432e-03 -8.875532256151623e-04 -1.007702858468166e+00
22 0 -1.000280352483870e+00 -1.899999092352475e-03 -8.874835479875332e-04 -1.007698312836500e+00
22 1 -1.000281271564927e+00 -1.902406295089175e-03 -8.856840330571817e-04 -1.007690545519086e+00
22 2 -1.000282250545867e+00 -1.904859410648221e-03 -8.839980096733612e-04 -1.007682394717602e+00
22 3 -1.000283255653885e+00 -1.907262849242974e-03 -8.825044118039285e-04 -1.007674171133094e+00
22 4 -1.000284253409859e+00 -1.909525976973698e-03 -8.812601427555303e-04 -1.007666181323558e+00
22 5 -1.000285211043991e+00 -1.911565988556715e-03 -8.802990075652237e-04 -1.007658718114418e+00
22 6 -1.000286096910479e+00 -1.913310533397371e-03 -8.796329249063311e-04 -1.007652051088673e+00
22 7 -1.000286880964453e+00 -1.914699926844097e-03 -8.792548994923224e-04 -1.007646417878965e+00
22 8 -1.000287535333044e+00 -1.915688696387464e-03 -8.791433022181683e-04 -1.007642017104779e+00
22 9 -1.000288035028768e+00 -1.916246354771629e-03 -8.792670679049124e-04 -1.007639003210371e+00
22 10 -1.000288358879675e+00 -1.916357520097594e-03 -8.795913495240871e-04 -1.007637482763335e+00
22 11 -1.000288490710871e+00 -1.916021625773834e-03 -8.800829812246928e-04 -1.007637511603036e+00
22 12 -1.000288420680000e+00 -1.915252413279157e-03 -8.807149765827302e-04 -1.007639092655787e+00
22 13 -1.000288146527117e+00 -1.914077275078032e-03 -8.814693490406275e-04 -1.007642174776237e+00
22 14 -1.000287674463030e+00 -1.912536443092598e-03 -8.823377350651137e-04 -1.007646653155696e+00
22 15 -1.000287019508770e+00 -1.910682017075516e-03 -8.833195415529769e-04 -1.007652371654857e+00
22 16 -1.000286205222323e+00 -1.908576819871770e-03 -8.844176803960196e-04 -1.007659127181521e+00
22 17 -1.000285262832097e+00 -1.906293023255519e-03 -8.856324720123506e-04 -1.007666676069115e+00
22 18 -1.000284229858772e+00 -1.903910479326874e-03 -8.869548605706059e-04 -1.007674742151991e+00
22 19 -1.000283148383114e+00 -1.901514763984016e-03 -8.883603881623527e-04 -1.007683025856799e+00
22 20 -1.000282063157496e+00 -1.899194994213874e-03 -8.898052858581420e-04 -1.007691213545804e+00
22 21 -1.000281019685393e+00 -1.897041380704317e-03 -8.912257110230788e-04 -1.007698986956458e+00
22 22 -1.000280062244464e+00 -1.895142261713194e-03 -8.925407698951876e-04 -1.007706033571414e+00
22 23 -1.000279231764211e+00 -1.893580285599472e-03 -8.936594497658420e-04 -1.007712059158965e+00
22 24 -1.000278563586818e+00 -1.892427675318335e-03 -8.944908056929178e-04 -1.007716802875982e+00
22 25 -1.000278085345611e+00 -1.891741021492238e-03 -8.949558425153031e-04 -1.007720053642686e+00
22 26 -1.000277815304165e+00 -1.891556472238543e-03 -8.949989267773760e-04 -1.007721665154460e+00
22 27 -1.000277761436569e+00 -1.891886255442865e-03 -8.945965626688951e-04 -1.007721566726767e+00
22 28 -1.000277921377036e+00 -1.892717202173876e-03 -8.937619008661022e-04 -1.007719768059079e+00
22 29 -1.000278283222543e+00 -1.894011531623024e-03 -8.925441592384655e-04 -1.007716357294639e+00
22 30 -1.000278827043994e+00 -1.895709750056256e-03 -8.910230659450809e-04 -1.007711492979840e+00
22 31 -1.000279526828573e+00 -1.897735146607877e-03 -8.892994076861330e-04 -1.007705391570527e+00
23 0 -1.000279228416527e+00 -1.898980984639054e-03 -8.906599619610245e-04 -1.007701242188160e+00
23 1 -1.000280126870497e+00 -1.901339987581998e-03 -8.888769065224564e-04 -1.007693621996069e+00
23 2 -1.000281088687818e+00 -1.903751613812277e-03 -8.871997450269427e-04 -1.007685592669822e+00
23 3 -1.000282080664649e+00 -1.906121581856151e-03 -8.857071396727780e-04 -1.007677461375686e+00
23 4 -1.000283069826119e+00 -1.908360432913581e-03 -8.844558804034037e-04 -1.007669531658987e+00
23 5 -1.000284023832916e+00 -1.910386389824513e-03 -8.834798196294657e-04 -1.007662093839943e+00
23 6 -1.000284911369624e+00 -1.912127926928047e-03 -8.827911296379251e-04 -1.007655415623913e+00
23 7 -1.000285702580113e+00 -1.913525898803312e-03 -8.823833303407647e-04 -1.007649733618174e+00
23 8 -1.000286369587193e+00 -1.914534990093586e-03 -8.822356059780778e-04 -1.007645246574273e+00
23 9 -1.000286887152486e+00 -1.915124384635356e-03 -8.823180281209813e-04 -1.007642110580291e+00
23 10 -1.000287233563228e+00 -1.915277793748986e-03 -8.825972330672115e-04 -1.007640435674611e+00
23 11 -1.000287391798250e+00 -1.914993127980119e-03 -8.830418743216120e-04 -1.007640283126075e+00
23 12 -1.000287350891584e+00 -1.914282041333558e-03 -8.836270312738470e-04 -1.007641663087011e+00
23 13 -1.000287107255371e+00 -1.913169410340496e-03 -8.843368679864335e-04 -1.007644532996843e+00
23 14 -1.000286665669017e+00 -1.911692698978934e-03 -8.851650863767105e-04 -1.007648797409938e+00
23 15 -1.000286039724067e+00 -1.909901160908929e-03 -8.861129448389361e-04 -1.007654309736621e+00
23 16 -1.000285251647373e+00 -1.907854855610808e-03 -8.871848936116442e-04 -1.007660876061607e+00
23 17 -1.000284331518881e+00 -1.905623429871371e-03 -8.883823784645287e-04 -1.007668260987701e+00
23 18 -1.000283315960653e+00 -1.903284591197260e-03 -8.896969707515058e-04 -1.007676195233730e+00
23 19 -1.000282246442616e+00 -1.900922250405894e-03 -8.911043206571565e-04 -1.007684384394569e+00
23 20 -1.000281167395154e+00 -1.898624375918148e-03 -8.925603073991347e-04 -1.007692518156792e+00
23 21 -1.000280124262005e+00 -1.896480535737759e-03 -8.940003741055455e-04 -1.007700279770101e+00
23 22 -1.000279161489101e+00 -1.894578906649896e-03 -8.953426370044710e-04 -1.007707356503658e+00
23 23 -1.000278320372962e+00 -1.893002438070286e-03 -8.964948817890478e-04 -1.007713452264652e+00
23 24 -1.000277636794803e+00 -1.891824098722919e-03 -8.973648023413530e-04 -1.007718302793218e+00
23 25 -1.000277139068382e+00 -1.891101638708623e-03 -8.978719209159533e-04 -1.007721692194340e+00
23 26 -1.000276846246518e+00 -1.890872729555794e-03 -8.979590206771953e-04 -1.007723468183440e+00
23 27 -1.000276767173351e+00 -1.891151420310880e-03 -8.976009475327447e-04 -1.007723553213940e+00
23 28 -1.000276900409978e+00 -1.891926579489206e-03 -8.968091839925761e-04 -1.007721949555232e+00
23 29 -1.000277235008193e+00 -1.893162582020743e-03 -8.956313712156963e-04 -1.007718737709993e+00
23 30 -1.000277751982773e+00 -1.894802097849664e-03 -8.941458444190989e-04 -1.007714068776169e+00
23 31 -1.000278426212725e+00 -1.896770480385287e-03 -8.924522278080210e-04 -1.007708152345564e+00
24 0 -1.000278165820990e+00 -1.897759380210970e-03 -8.951007796027500e-04 -1.007704317307510e+00
24 1 -1.000279041894694e+00 -1.900068455489298e-03 -8.933297424619587e-04 -1.007696855868836e+00
24 2 -1.000279983829075e+00 -1.902434129421555e-03 -8.916594430188668e-04 -1.007688967792684e+00
24 3 -1.000280959098867e+00 -1.904763574019480e-03 -8.901685445436629e-04 -1.007680955877707e+00
24 4 -1.000281935371466e+00 -1.906968763088887e-03 -8.889138551608426e-04 -1.007673119532855e+00
24 5 -1.000282880898700e+00 -1.908969312548426e-03 -8.879292313841668e-04 -1.007665745206935e+00
24 6 -1.000283764873400e+00 -1.910694980875557e-03 -8.872268661483481e-04 -1.007659097180687e+00
24 7 -1.000284557818627e+00 -1.912087694861193e-03 -8.868003839951400e-04 -1.007653409374146e+00
24 8 -1.000285232052034e+00 -1.913102879781444e-03 -8.866292248167003e-04 -1.007648878953767e+00
24 9 -1.000285762288532e+00 -1.913710000381770e-03 -8.866839279714834e-04 -1.007645661934390e+00
24 10 -1.000286126478500e+00 -1.913892468377681e-03 -8.869318751848537e-04 -1.007643870175040e+00
24 11 -1.000286306949169e+00 -1.913647238290123e-03 -8.873427909721267e-04 -1.007643568880363e+00
24 12 -1.000286291783190e+00 -1.912984361445263e-03 -8.878931325267233e-04 -1.007644774190913e+00
24 13 -1.000286076200989e+00 -1.911926568022661e-03 -8.885686488084849e-04 -1.007647451225836e+00
24 14 -1.000285663641844e+00 -1.910508793545740e-03 -8.893647004392700e-04 -1.007651513359070e+00
24 15 -1.000285066312082e+00 -1.908777557818241e-03 -8.902841641342343e-04 -1.007656823350154e+00
24 16 -1.000284305107540e+00 -1.906790155695196e-03 -8.913329704474735e-04 -1.007663196555973e+00
24 17 -1.000283408920824e+00 -1.904613614237391e-03 -8.925137924384806e-04 -1.007670406179148e+00
24 18 -1.000282413404009e+00 -1.902323332606779e-03 -8.938190493262065e-04 -1.007678190324115e+00
24 19 -1.000281359319362e+00 -1.900001347732788e-03 -8.952247787798928e-04 -1.007686260372034e+00
24 20 -1.000280290657767e+00 -1.897734239851299e-03 -8.966867922203079e-04 -1.007694310049026e+00
24 21 -1.000279252664635e+00 -1.895610662715853e-03 -8.981400773457054e-04 -1.007702024956361e+00
24 22 -1.000278289790435e+00 -1.893718316292991e-03 -8.995019847922211e-04 -1.007709093169288e+00
24 23 -1.000277443507770e+00 -1.892140080907417e-03 -9.006792891526486e-04 -1.007715217979295e+00
24 24 -1.000276750023446e+00 -1.890949244666369e-03 -9.015784888139617e-04 -1.007720133182426e+00
24 25 -1.000276238106789e+00 -1.890204244236587e-03 -9.021177859971774e-04 -1.007723619717998e+00
24 26 -1.000275927377180e+00 -1.889943773549988e-03 -9.022385670258533e-04 -1.007725521058872e+00
24 27 -1.000275827341897e+00 -1.890183198274960e-03 -9.019142474199737e-04 -1.007725754510699e+00
24 28 -1.000275937310724e+00 -1.890912943941199e-03 -9.011549144299535e-04 -1.007724316485784e+00
24 29 -1.000276247151996e+00 -1.892099111048642e-03 -9.000069516112550e-04 -1.007721281168751e+00
24 30 -1.000276738732715e+00 -1.893686174010335e-03 -8.985476720830927e-04 -1.007716793198499e+00
24 31 -1.000277387779384e+00 -1.895601276776425e-03 -8.968759590210336e-04 -1.007711055913858e+00
25 0 -1.000277206686538e+00 -1.896378101606840e-03 -9.006287190500882e-04 -1.007707435505605e+00
25 1 -1.000278059284372e+00 -1.898636966051676e-03 -8.988658678103959e-04 -1.007700139724671e+00
25 2 -1.000278979142309e+00 -1.900953455273726e-03 -8.972012403575076e-04 -1.007692408870240e+00
25 3 -1.000279934513597e+00 -1.903236310268571e-03 -8.957137360084041e-04 -1.007684540618776e+00
25 4 -1.000280893838564e+00 -1.905399164024851e-03 -8.944602958310435e-04 -1.007676829185703e+00
25 5 -1.000281826113794e+00 -1.907363356386090e-03 -8.934747387711546e-04 -1.007669555848358e+00
25 6 -1.000282701210845e+00 -1.909060354265700e-03 -8.927690545564971e-04 -1.007662979980620e+00
25 7 -1.000283490215843e+00 -1.910433659454209e-03 -8.923365649056692e-04 -1.007657331204857e+00
25 8 -1.000284165837118e+00 -1.911440002413723e-03 -8.921563955163395e-04 -1.007652803405213e+00
25 9 -1.000284702949818e+00 -1.912049737505924e-03 -8.921988529951542e-04 -1.007649550774038e+00
25 10 -1.000285079383139e+00 -1.912246606874880e-03 -8.924312728422983e-04 -1.007647685237273e+00
25 11 -1.000285277030420e+00 -1.912027226820358e-03 -8.928236244005669e-04 -1.007647274254795e+00
25 12 -1.000285283230388e+00 -1.911400609359421e-03 -8.933529559837902e-04 -1.007648338449839e+00
25 13 -1.000285092193625e+00 -1.910387807978879e-03 -8.940059265913109e-04 -1.007650849386503e+00
25 14 -1.000284706162425e+00 -1.909021581276165e-03 -8.947790419727002e-04 -1.007654728352443e+00
25 15 -1.000284136055062e+00 -1.907345941623969e-03 -8.956764690818549e-04 -1.007659846891669e+00
25 16 -1.000283401485768e+00 -1.905415525451114e-03 -8.967054850924905e-04 -1.007666029389656e+00
25 17 -1.000282530162847e+00 -1.903294737638723e-03 -8.978700451442997e-04 -1.007673057690301e+00
25 18 -1.000281556728599e+00 -1.901056574864453e-03 -8.991636287327144e-04 -1.007680677565913e+00
25 19 -1.000280521160438e+00 -1.898781034082242e-03 -9.005629758612988e-04 -1.007688606664404e+00
25 20 -1.000279466900400e+00 -1.896553084315666e-03 -9.020241890134693e-04 -1.007696543408414e+00
25 21 -1.000278438856057e+00 -1.894460188648840e-03 -9.034821636790854e-04 -1.007704176598435e+00
25 22 -1.000277481311384e+00 -1.892589234514826e-03 -9.048538336532170e-04 -1.007711196193834e+00
25 23 -1.000276635712190e+00 -1.891022632484584e-03 -9.060452875727951e-04 -1.007717306209904e+00
25 24 -1.000275938361511e+00 -1.889833527195567e-03 -9.069621270166856e-04 -1.007722240090882e+00
25 25 -1.000275418239417e+00 -1.889080528714747e-03 -9.075215158753110e-04 -1.007725777401498e+00
25 26 -1.000275095284636e+00 -1.888802807460872e-03 -9.076637284308101e-04 -1.007727759277226e+00
25 27 -1.000274979430438e+00 -1.889016488551481e-03 -9.073610539028520e-04 -1.007728099793916e+00
25 28 -1.000275070520695e+00 -1.889713011766500e-03 -9.066225101422686e-04 -1.007726791324805e+00
25 29 -1.000275359061050e+00 -1.890859703208802e-03 -9.054935667794640e-04 -1.007723903336314e+00
25 30 -1.000275827637644e+00 -1.892402411603059e-03 -9.040508771004311e-04 -1.007719575282567e+00
25 31 -1.000276452742993e+00 -1.894269732848268e-03 -9.023929659127349e-04 -1.007714005121797e+00
26 0 -1.000276390673028e+00 -1.894887810923547e-03 -9.070324685337897e-04 -1.007710483147590e+00
26 1 -1.000277219485515e+00 -1.897097833606877e-03 -9.052743804803001e-04 -1.007703354341931e+00
26 2 -1.000278115760757e+00 -1.899363434665784e-03 -9.036148249714335e-04 -1.007695791734919e+00
26 3 -1.000279048612239e+00 -1.901594998355117e-03 -9.021331198759706e-04 -1.007688087262023e+00
26 4 -1.000279987368317e+00 -1.903708000589144e-03 -9.008864202550228e-04 -1.007680529012081e+00
26 5 -1.000280901909875e+00 -1.905625790273042e-03 -8.999084541774695e-04 -1.007673391909182e+00
26 6 -1.000281762944753e+00 -1.907281920255885e-03 -8.992107902891413e-04 -1.007666929048537e+00
26 7 -1.000282542295130e+00 -1.908621926311478e-03 -8.987860537090542e-04 -1.007661364238279e+00
26 8 -1.000283213248711e+00 -1.909604372664328e-03 -8.986124981168050e-04 -1.007656886447995e+00
26 9 -1.000283751046307e+00 -1.910201088736542e-03 -8.986595011648638e-04 -1.007653646320704e+00
26 10 -1.000284133617333e+00 -1.910396771885167e-03 -8.988935518985860e-04 -1.007651754061033e+00
26 11 -1.000284342653579e+00 -1.910188336280693e-03 -8.992840105842440e-04 -1.007651277598411e+00
26 12 -1.000284364982378e+00 -1.909584363767431e-03 -8.998076789247132e-04 -1.007652240348726e+00
26 13 -1.000284194022245e+00 -1.908604774234593e-03 -9.004513781462572e-04 -1.007654618823607e+00
26 14 -1.000283831006674e+00 -1.907280597826951e-03 -9.012121562345283e-04 -1.007658340991398e+00
26 15 -1.000283285713557e+00 -1.905653678784709e-03 -9.020950425130196e-04 -1.007663286248670e+00
26 16 -1.000282576576188e+00 -1.903776220018318e-03 -9.031084237424351e-04 -1.007669287391033e+00
26 17 -1.000281730168703e+00 -1.901710114284084e-03 -9.042574974900883e-04 -1.007676134598996e+00
26 18 -1.000280780122206e+00 -1.899525955741195e-03 -9.055369484377310e-04 -1.007683581312043e+00
26 19 -1.000279765578631e+00 -1.897301602176370e-03 -9.069245092810890e-04 -1.007691351728482e+00
26 20 -1.000278729336318e+00 -1.895120225753358e-03 -9.083769571643158e-04 -1.007699149517564e+00
26 21 -1.000277715830521e+00 -1.893067834412707e-03 -9.098295285754514e-04 -1.007706667495144e+00
26 22 -1.000276769006978e+00 -1.891230161180992e-03 -9.111991950677764e-04 -1.007713598603137e+00
26 23 -1.000275930078013e+00 -1.889688729167028e-03 -9.123918139076246e-04 -1.007719648971041e+00
26 24 -1.000275235207285e+00 -1.888516054117337e-03 -9.133125260017785e-04 -1.007724553351931e+00
26 25 -1.000274713331479e+00 -1.887770381016462e-03 -9.138778676414523e-04 -1.007728091809400e+00
26 26 -1.000274384447641e+00 -1.887490782344728e-03 -9.140273954341450e-04 -1.007730105149000e+00
26 27 -1.000274258657810e+00 -1.887693550544091e-03 -9.137326635473835e-04 -1.007730506269661e+00
26 28 -1.000274336097455e+00 -1.888370551988124e-03 -9.130020110385806e-04 -1.007729285502870e+00
26 29 -1.000274607695036e+00 -1.889489783257279e-03 -9.118803761015579e-04 -1.007726509420828e+00
26 30 -1.000275056583337e+00 -1.890997975920885e-03 -9.104441214440992e-04 -1.007722313819723e+00
26 31 -1.000275659900722e+00 -1.892824778202099e-03 -9.087917703590550e-04 -1.007716892403224e+00
27 0 -1.000275753070870e+00 -1.893344198960645e-03 -9.140747815291693e-04 -1.007713339767527e+00
27 1 -1.000276558690703e+00 -1.895508591429311e-03 -9.123181284781384e-04 -1.007706372874862e+00
27 2 -1.000277430729477e+00 -1.897723440184189e-03 -9.106632802822908e-04 -1.007698983406988e+00
27 3 -1.000278339213635e+00 -1.899900791584506e-03 -9.091900952382014e-04 -1.007691457145191e+00
27 4 -1.000279254447952e+00 -1.901958090159305e-03 -9.079559752233670e-04 -1.007684075316954e+00
27 5 -1.000280147312980e+00 -1.903820917900173e-03 -9.069944791462183e-04 -1.007677105500490e+00
27 6 -1.000280989489062e+00 -1.905425228102625e-03 -9.063165390580958e-04 -1.007670793316091e+00
27 7 -1.000281753689604e+00 -1.906718987372399e-03 -9.059137149322871e-04 -1.007665355396597e+00
27 8 -1.000282413957306e+00 -1.907663064510832e-03 -9.057628700203432e-04 -1.007660974292661e+00
27 9 -1.000282946096794e+00 -1.908231300169933e-03 -9.058318017584447e-04 -1.007657795462175e+00
27 10 -1.000283328358421e+00 -1.908409936386270e-03 -9.060853936839080e-04 -1.007655925642092e+00
27 11 -1.000283542471641e+00 -1.908196807022893e-03 -9.064915688245503e-04 -1.007655431422516e+00
27 12 -1.000283575000908e+00 -1.907600686714828e-03 -9.070260435751566e-04 -1.007656337217805e+00
27 13 -1.000283418816950e+00 -1.906640950941371e-03 -9.076750201445860e-04 -1.007658622795461e+00
27 14 -1.000283074369658e+00 -1.905347427618283e-03 -9.084354206427906e-04 -1.007662221290664e+00
27 15 -1.000282550489525e+00 -1.903760236039724e-03 -9.093126157028150e-04 -1.007667018671718e+00
27 16 -1.000281864579181e+00 -1.901929490722767e-03 -9.103157496929343e-04 -1.007672855141089e+00
27 17 -1.000281042177600e+00 -1.899914805668380e-03 -9.114510988675361e-04 -1.007679528531991e+00
27 18 -1.000280115946303e+00 -1.897784484448532e-03 -9.127145854843308e-04 -1.007686799618879e+00
27 19 -1.000279124174457e+00 -1.895614235556413e-03 -9.140851465968582e-04 -1.007694399180828e+00
27 20 -1.000278108944328e+00 -1.893485310019267e-03 -9.155205867069737e-04 -1.007702036517695e+00
27 21 -1.000277114097964e+00 -1.891482032283576e-03 -9.169569354448840e-04 -1.007709409185222e+00
27 22 -1.000276183079329e+00 -1.889688656440415e-03 -9.183117194420582e-04 -1.007716214165450e+00
27 23 -1.000275356665998e+00 -1.888185405540287e-03 -9.194911155153194e-04 -1.007722161081035e+00
27 24 -1.000274670649898e+00 -1.887043678616106e-03 -9.204003560780471e-04 -1.007726987660359e+00
27 25 -1.000274153670409e+00 -1.886320809930788e-03 -9.209558798189050e-04 -1.007730476359390e+00
27 26 -1.000273825517842e+00 -1.886055188429503e-03 -9.210970287784752e-04 -1.007732469699170e+00
27 27 -1.000273696196027e+00 -1.886262665113356e-03 -9.207951050272145e-04 -1.007732881519047e+00
27 28 -1.000273765872612e+00 -1.886934920501058e-03 -9.200582324482662e-04 -1.007731702207714e+00
27 29 -1.000274025659654e+00 -1.888040031881276e-03 -9.189312516155447e-04 -1.007728997412213e+00
27 30 -1.000274459032962e+00 -1.889525078594990e-03 -9.174906279023073e-04 -1.007724900982470e+00
27 31 -1.000275043622168e+00 -1.891320311975230e-03 -9.158352334370114e-04 -1.007719603704871e+00
28 0 -1.000275322742926e+00 -1.891805843084461e-03 -9.215004144548626e-04 -1.007715883952542e+00
28 1 -1.000276106746453e+00 -1.893929778243080e-03 -9.197416050314402e-04 -1.007709066977037e+00
28 2 -1.000276954889905e+00 -1.896096111198221e-03 -9.180909034804247e-04 -1.007701848370025e+00
28 3 -1.000277838125441e+00 -1.898218499934365e-03 -9.166287734456944e-04 -1.007694507618619e+00
28 4 -1.000278727783994e+00 -1.900216408903570e-03 -9.154128446468410e-04 -1.007687318630492e+00
28 5 -1.000279595825661e+00 -1.902017798349693e-03 -9.144763978153194e-04 -1.007680540914797e+00
28 6 -1.000280415008296e+00 -1.903561254201527e-03 -9.138295146220427e-04 -1.007674411674981e+00
28 7 -1.000281159065519e+00 -1.904797486977828e-03 -9.134623571316526e-04 -1.007669139240320e+00
28 8 -1.000281802950057e+00 -1.905690058619951e-03 -9.133499432876219e-04 -1.007664898443571e+00
28 9 -1.000282323214074e+00 -1.906215280700006e-03 -9.134579204316282e-04 -1.007661828091513e+00
28 10 -1.000282698641758e+00 -1.906361465208299e-03 -9.137488939625605e-04 -1.007660029827250e+00
28 11 -1.000282911238967e+00 -1.906127944325248e-03 -9.141885963493597e-04 -1.007659567144087e+00
28 12 -1.000282947563911e+00 -1.905524294804952e-03 -9.147508662979664e-04 -1.007660463624859e+00
28 13 -1.000282800201926e+00 -1.904569958004980e-03 -9.154205129255881e-04 -1.007662700468193e+00
28 14 -1.000282469072951e+00 -1.903294141810641e-03 -9.161936304546308e-04 -1.007666214234631e+00
28 15 -1.000281962290536e+00 -1.901735770174121e-03 -9.170753377453101e-04 -1.007670895877073e+00
28 16 -1.000281296420506e+00 -1.899943323053111e-03 -9.180750795503766e-04 -1.007676591644282e+00
28 17 -1.000280496111424e+00 -1.897974488587521e-03 -9.191999184560254e-04 -1.007683105967130e+00
28 18 -1.000279593140464e+00 -1.895895508680247e-03 -9.204469128747946e-04 -1.007690206277510e+00
28 19 -1.000278624964500e+00 -1.893780035270370e-03 -9.217962992004065e-04 -1.007697629676733e+00
28 20 -1.000277632907524e+00 -1.891707356762905e-03 -9.232071794535958e-04 -1.007705091258103e+00
28 21 -1.000276660120815e+00 -1.889759948846180e-03 -9.246167870403803e-04 -1.007712293880171e+00
28 22 -1.000275749401728e+00 -1.888020309256465e-03 -9.259437204627929e-04 -1.007718939503098e+00
28 23 -1.000274940907699e+00 -1.886566983124428e-03 -9.270950646876867e-04 -1.007724742529068e+00
28 24 -1.000274269839869e+00 -1.885469789678988e-03 -9.279767652955589e-04 -1.007729445255238e+00
28 25 -1.000273764296465e+00 -1.884784623468589e-03 -9.285057824775360e-04 -1.007732834368185e+00
28 26 -1.000273443602149e+00 -1.884548614631072e-03 -9.286218406275570e-04 -1.007734756112888e+00
28 27 -1.000273317397177e+00 -1.884776568705563e-03 -9.282965597635366e-04 -1.007735127371013e+00
28 28 -1.000273385617964e+00 -1.885459366137504e-03 -9.275383865987209e-04 -1.007733940700326e+00
28 29 -1.000273639309934e+00 -1.886564564845393e-03 -9.263925554076264e-04 -1.007731262842387e+00
28 30 -1.000274062069501e+00 -1.888039036058970e-03 -9.249360631007408e-04 -1.007727227509030e+00
28 31 -1.000274631836912e+00 -1.889813152533518e-03 -9.232684912618975e-04 -1.007722024052500e+00
29 0 -1.000275120281970e+00 -1.890331931336768e-03 -9.290436954070873e-04 -1.007718000218162e+00
29 1 -1.000275885253567e+00 -1.892422539615566e-03 -9.272785568075892e-04 -1.007711314088475e+00
29 2 -1.000276710926071e+00 -1.894544837847495e-03 -9.256308159382823e-04 -1.007704256245342e+00
29 3 -1.000277569141923e+00 -1.896613965814303e-03 -9.241815663944227e-04 -1.007697100063066e+00
29 4 -1.000278432259767e+00 -1.898551371157840e-03 -9.229886059992500e-04 -1.007690112010255e+00
29 5 -1.000279273354156e+00 -1.900287442660584e-03 -9.220848029804222e-04 -1.007683543144110e+00
29 6 -1.000280066325569e+00 -1.901763530677877e-03 -9.214791800837973e-04 -1.007677621638761e+00
29 7 -1.000280786022572e+00 -1.902933298728105e-03 -9.211602114485032e-04 -1.007672546702087e+00
29 8 -1.000281408434494e+00 -1.903763285946199e-03 -9.211006928472852e-04 -1.007668484434303e+00
29 9 -1.000281911022359e+00 -1.904232634315240e-03 -9.212636567194162e-04 -1.007665565772892e+00
29 10 -1.000282273301263e+00 -1.904332162463285e-03 -9.216088768571378e-04 -1.007663885835414e+00
29 11 -1.000282477783805e+00 -1.904063211874469e-03 -9.220992568625206e-04 -1.007663503380860e+00
29 12 -1.000282511278770e+00 -1.903436732830105e-03 -9.227060559775885e-04 -1.007664439357979e+00
29 13 -1.000282366358185e+00 -1.902472839538023e-03 -9.234119674580748e-04 -1.007666674499885e+00
29 14 -1.000282042684971e+00 -1.901200733115733e-03 -9.242115623183178e-04 -1.007670146886336e+00
29 15 -1.000281547913959e+00 -1.899658733250387e-03 -9.251090778586348e-04 -1.007674750626544e+00
29 16 -1.000280898002299e+00 -1.897894224972860e-03 -9.261137251012991e-04 -1.007680336359588e+00
29 17 -1.000280116891328e+00 -1.895963425599559e-03 -9.272329497069415e-04 -1.007686713735880e+00
29 18 -1.000279235599028e+00 -1.893930853018388e-03 -9.284647128354482e-04 -1.007693655845360e+00
29 19 -1.000278290809190e+00 -1.891868301225673e-03 -9.297905102892403e-04 -1.007700905556510e+00
29 20 -1.000277323080853e+00 -1.889853151460064e-03 -9.311708901010543e-04 -1.007708183659299e+00
29 21 -1.000276374808751e+00 -1.887965951725359e-03 -9.325446014465322e-04 -1.007715198652913e+00
29 22 -1.000275488027584e+00 -1.886287242293879e-03 -9.338317621309519e-04 -1.007721658213959e+00
29 23 -1.000274702115789e+00 -1.884893578969730e-03 -9.349409201727843e-04 -1.007727282629527e+00
29 24 -1.000274051488855e+00 -1.883852794157717e-03 -9.357793616366258e-04 -1.007731820195214e+00
29 25 -1.000273563481299e+00 -1.883218859694505e-03 -9.362652274282837e-04 -1.007735063520311e+00
29 26 -1.000273256711347e+00 -1.883027109321594e-03 -9.363392823614339e-04 -1.007736864453562e+00
29 27 -1.000273140205097e+00 -1.883290730236025e-03 -9.359741019050919e-04 -1.007737144910713e+00
29 28 -1.000273213414631e+00 -1.883999213093365e-03 -9.351790573234916e-04 -1.007735901645189e+00
29 29 -1.000273467071994e+00 -1.885119011806082e-03 -9.340003218464222e-04 -1.007733204465523e+00
29 30 -1.000273884665807e+00 -1.886596236216668e-03 -9.325158918683129e-04 -1.007729188761256e+00
29 31 -1.000274444249304e+00 -1.888360884856226e-03 -9.308264394624836e-04 -1.007724044010681e+00
30 0 -1.000275156599162e+00 -1.888980013933845e-03 -9.364356980686009e-04 -1.007719586047215e+00
30 1 -1.000275906082314e+00 -1.891046223258275e-03 -9.346592777425079e-04 -1.007713005007390e+00
30 2 -1.000276711800561e+00 -1.893131185658842e-03 -9.330123495487206e-04 -1.007706089942054e+00
30 3 -1.000277546399926e+00 -1.895151310409863e-03 -9.315766453662857e-04 -1.007699108631585e+00
30 4 -1.000278383215660e+00 -1.897029896183730e-03 -9.304100524444885e-04 -1.007692320357699e+00
30 5 -1.000279196421565e+00 -1.898699705486356e-03 -9.295448820517474e-04 -1.007685967727336e+00
30 6 -1.000279961080412e+00 -1.900104872289325e-03 -9.289889025477612e-04 -1.007680269655516e+00
30 7 -1.000280653210095e+00 -1.901202104436927e-03 -9.287286563457550e-04 -1.007675415780971e+00
30 8 -1.000281249927706e+00 -1.901961082929835e-03 -9.287344216469413e-04 -1.007671562804003e+00
30 9 -1.000281729734221e+00 -1.902364023682386e-03 -9.289662640719363e-04 -1.007668832885970e+00
30 10 -1.000282073048475e+00 -1.902404582773781e-03 -9.293807081207533e-04 -1.007667313445310e+00
30 11 -1.000282263102945e+00 -1.902086534364527e-03 -9.299373339600008e-04 -1.007667057054421e+00
30 12 -1.000282287204772e+00 -1.901422712326241e-03 -9.306042507442367e-04 -1.007668080321732e+00
30 13 -1.000282138184738e+00 -1.900434480707431e-03 -9.313614121965433e-04 -1.007670361620006e+00
30 14 -1.000281815730664e+00 -1.899151649046859e-03 -9.322012265066085e-04 -1.007673838556586e+00
30 15 -1.000281327313828e+00 -1.897612554764704e-03 -9.331264289889523e-04 -1.007678406411646e+00
30 16 -1.000280688534312e+00 -1.895864083446717e-03 -9.341454266829339e-04 -1.007683918347043e+00
30 17 -1.000279922838297e+00 -1.893961512989877e-03 -9.352655663435579e-04 -1.007690187604303e+00
30 18 -1.000279060643059e+00 -1.891968066234528e-03 -9.364853648494844e-04 -1.007696991658649e+00
30 19 -1.000278137954823e+00 -1.889953977375552e-03 -9.377874021351475e-04 -1.007704078310063e+00
30 20 -1.000277194598384e+00 -1.887994877730638e-03 -9.391336778195706e-04 -1.007711173672133e+00
30 21 -1.000276272183226e+00 -1.886169409305587e-03 -9.404646294565839e-04 -1.007717991954069e+00
30 22 -1.000275411901730e+00 -1.884556051628205e-03 -9.417022156647183e-04 -1.007724247024330e+00
30 23 -1.000274652230293e+00 -1.883229152980909e-03 -9.427569021175033e-04 -1.007729665901312e+00
30 24 -1.000274026638875e+00 -1.882254237981994e-03 -9.435378795311123e-04 -1.007734004056030e+00
30 25 -1.000273561509238e+00 -1.881682950026368e-03 -9.439651059001448e-04 -1.007737061470049e+00
30 26 -1.000273274543912e+00 -1.881548357666387e-03 -9.439810539460686e-04 -1.007738697245841e+00
30 27 -1.000273173933188e+00 -1.881861518061967e-03 -9.435599206150898e-04 -1.007738840111838e+00
30 28 -1.000273258416212e+00 -1.882609994939829e-03 -9.427126404658861e-04 -1.007737492858352e+00
30 29 -1.000273518181483e+00 -1.883758594016551e-03 -9.414869096407489e-04 -1.007734730195086e+00
30 30 -1.000273936386270e+00 -1.885252134174905e-03 -9.399622262196558e-04 -1.007730690935922e+00
30 31 -1.000274490989986e+00 -1.887019747078382e-03 -9.382407578750364e-04 -1.007725566262372e+00
31 0 -1.000275432094724e+00 -1.887803852820880e-03 -9.434111982335524e-04 -1.007720558451576e+00
31 1 -1.000276170465775e+00 -1.889856067182287e-03 -9.416177487275406e-04 -1.007714051012144e+00
31 2 -1.000276959759544e+00 -1.891912393315153e-03 -9.399683573718745e-04 -1.007707253433646e+00
31 3 -1.000277773290428e+00 -1.893890220481723e-03 -9.385454087181173e-04 -1.007700428739780e+00
31 4 -1.000278585267651e+00 -1.895714471550722e-03 -9.374068062683663e-04 -1.007693829645665e+00
31 5 -1.000279370898422e+00 -1.897320120295888e-03 -9.365841703026592e-04 -1.007687690705477e+00
31 6 -1.000280106379981e+00 -1.898653986631513e-03 -9.360838447246385e-04 -1.007682221750469e+00
31 7 -1.000280768910039e+00 -1.899675791450587e-03 -9.358902461224257e-04 -1.007677602802521e+00
31 8 -1.000281336784171e+00 -1.900358397866607e-03 -9.359709185991581e-04 -1.007673980876647e+00
31 9 -1.000281789637750e+00 -1.900687217263134e-03 -9.362827184346544e-04 -1.007671468801880e+00
31 10 -1.000282108934233e+00 -1.900658959001473e-03 -9.367786415079833e-04 -1.007670145429222e+00
31 11 -1.000282278813019e+00 -1.900280150831445e-03 -9.374146091623357e-04 -1.007670055937532e+00
31 12 -1.000282287308272e+00 -1.899565936950112e-03 -9.381551722581613e-04 -1.007671211060587e+00
31 13 -1.000282127770549e+00 -1.898539449950095e-03 -9.389770646198259e-04 -1.007673585006555e+00
31 14 -1.000281800191952e+00 -1.897231692590295e-03 -9.398699983671593e-04 -1.007677112929879e+00
31 15 -1.000281312140798e+00 -1.895681639124796e-03 -9.408346469424007e-04 -1.007681689237699e+00
31 16 -1.000280679124143e+00 -1.893936294151579e-03 -9.418780547706471e-04 -1.007687167629390e+00
31 17 -1.000279924324014e+00 -1.892050574914270e-03 -9.430069497439797e-04 -1.007693363139621e+00
31 18 -1.000279077740911e+00 -1.890086907496095e-03 -9.442199731755181e-04 -1.007700056141324e+00
31 19 -1.000278174830448e+00 -1.888114350967805e-03 -9.455004929115161e-04 -1.007706998280504e+00
31 20 -1.000277254749795e+00 -1.886207041704685e-03 -9.468118211405681e-04 -1.007713920348909e+00
31 21 -1.000276358333125e+00 -1.884441841651068e-03 -9.480960996835841e-04 -1.007720542048358e+00
31 22 -1.000275525891419e+00 -1.882895174573692e-03 -9.492772905193156e-04 -1.007726583614878e+00
31 23 -1.000274794918463e+00 -1.881639073261809e-03 -9.502680825531420e-04 -1.007731779331488e+00
31 24 -1.000274197822898e+00 -1.880736542663156e-03 -9.509800106203060e-04 -1.007735892698341e+00
31 25 -1.000273759889371e+00 -1.880236596586992e-03 -9.513353958474722e-04 -1.007738732192334e+00
31 26 -1.000273497739377e+00 -1.880169667533206e-03 -9.512790308633370e-04 -1.007740165498055e+00
31 27 -1.000273418547186e+00 -1.880544260639010e-03 -9.507873731714627e-04 -1.007740129629315e+00
31 28 -1.000273520146605e+00 -1.881345554122366e-03 -9.498735543302234e-04 -1.007738634982037e+00
31 29 -1.000273791979254e+00 -1.882536223986372e-03 -9.485873888612666e-04 -1.007735762786784e+00
31 30 -1.000274216660842e+00 -1.884059310688678e-03 -9.470103996911563e-04 -1.007731656895678e+00
31 31 -1.000274771847879e+00 -1.885842605072931e-03 -9.452466766395825e-04 -1.007726511734312e+00
