1.643503800475577e-07
1.000000000000000e-12
1.000000000000000e-17
3.535911978860170e-01
1.935718172251408e-01
5.702743484224965e-01
-1.500017464083440e+00
1.901109735892602e-07
32
32
2.194787379972565e-04
1
0 0 -1.000275162929492e+00 -1.885941925071840e-03 -9.522910158498224e-04 -1.007724050001999e+00
0 1 -1.000275958968683e+00 -1.888192318930146e-03 -9.502487442011167e-04 -1.007716963643813e+00
0 2 -1.000276803056349e+00 -1.890425735418909e-03 -9.483977425515327e-04 -1.007709616749389e+00
0 3 -1.000277667408090e+00 -1.892551892912519e-03 -9.468328225252812e-04 -1.007702293176378e+00
0 4 -1.000278525824303e+00 -1.894490385973200e-03 -9.456184525674344e-04 -1.007695261349954e+00
0 5 -1.000279353487166e+00 -1.896173268544962e-03 -9.447865445457439e-04 -1.007688766665735e+00
0 6 -1.000280126644824e+00 -1.897546717367884e-03 -9.443378869170635e-04 -1.007683025389554e+00
0 7 -1.000280822444823e+00 -1.898571842135369e-03 -9.442468595912529e-04 -1.007678219898488e+00
0 8 -1.000281418931568e+00 -1.899224631973939e-03 -9.444680353414991e-04 -1.007674495901849e+00
0 9 -1.000281895142372e+00 -1.899494931896690e-03 -9.449435302632512e-04 -1.007671962345621e+00
0 10 -1.000282231427914e+00 -1.899384492485209e-03 -9.456110795812028e-04 -1.007670693487921e+00
0 11 -1.000282410287800e+00 -1.898904625303366e-03 -9.464127827140042e-04 -1.007670731032632e+00
0 12 -1.000282417845687e+00 -1.898074376521932e-03 -9.473030042833290e-04 -1.007672083962404e+00
0 13 -1.000282245699080e+00 -1.896919840380462e-03 -9.482531730052981e-04 -1.007674725470523e+00
0 14 -1.000281892645751e+00 -1.895474416097435e-03 -9.492524968791839e-04 -1.007678588697375e+00
0 15 -1.000281365886483e+00 -1.893779290491401e-03 -9.503052990974549e-04 -1.007683563716204e+00
0 16 -1.000280681541939e+00 -1.891883685651661e-03 -9.514257318205372e-04 -1.007689496993225e+00
0 17 -1.000279864459291e+00 -1.889844944541841e-03 -9.526297724583221e-04 -1.007696193048959e+00
0 18 -1.000278947317694e+00 -1.887728554025723e-03 -9.539249371093603e-04 -1.007703417869954e+00
0 19 -1.000277969097348e+00 -1.885607743026452e-03 -9.553001216963355e-04 -1.007710904419849e+00
0 20 -1.000276973064711e+00 -1.883562076553643e-03 -9.567188925121533e-04 -1.007718360893360e+00
0 21 -1.000276004447556e+00 -1.881674838775217e-03 -9.581180477300885e-04 -1.007725481696566e+00
0 22 -1.000275107910997e+00 -1.880029440721226e-03 -9.594111945284181e-04 -1.007731960575648e+00
0 23 -1.000274324909135e+00 -1.878705047655133e-03 -9.604966191046034e-04 -1.007737505649591e+00
0 24 -1.000273691049151e+00 -1.877771365867102e-03 -9.612691984066342e-04 -1.007741856524165e+00
0 25 -1.000273233714163e+00 -1.877282737777094e-03 -9.616353695846923e-04 -1.007744802836387e+00
0 26 -1.000272970263534e+00 -1.877272408126148e-03 -9.615282692773369e-04 -1.007746201644218e+00
0 27 -1.000272907130166e+00 -1.877748310704097e-03 -9.609193888649147e-04 -1.007745989808416e+00
0 28 -1.000273040035204e+00 -1.878691430275647e-03 -9.598245205003722e-04 -1.007744188354162e+00
0 29 -1.000273355303754e+00 -1.880056997042554e-03 -9.583036694932697e-04 -1.007740898273510e+00
0 30 -1.000273831955003e+00 -1.881778113646436e-03 -9.564552444376827e-04 -1.007736289567061e+00
0 31 -1.000274444058215e+00 -1.883771125660632e-03 -9.544049576879361e-04 -1.007730586279556e+00
1 0 -1.000275978582101e+00 -1.885225448223533e-03 -9.582311330452391e-04 -1.007723449853648e+00
1 1 -1.000276773595020e+00 -1.887487115065998e-03 -9.561526522695570e-04 -1.007716364161811e+00
1 2 -1.000277608789252e+00 -1.889711646038708e-03 -9.542876654328493e-04 -1.007709080901671e+00
1 3 -1.000278456732709e+00 -1.891809028994618e-03 -9.527318810793313e-04 -1.007701880997971e+00
1 4 -1.000279291914597e+00 -1.893700029193102e-03 -9.515496588591399e-04 -1.007695027312895e+00
1 5 -1.000280090499917e+00 -1.895318718979990e-03 -9.507718503273880e-04 -1.007688757374946e+00
1 6 -1.000280829925823e+00 -1.896614002766048e-03 -9.503972623279089e-04 -1.007683277871787e+00
1 7 -1.000281488658386e+00 -1.897550250050522e-03 -9.503973868842284e-04 -1.007678760523753e+00
1 8 -1.000282046152413e+00 -1.898107065120781e-03 -9.507231362792342e-04 -1.007675339786478e+00
1 9 -1.000282482921941e+00 -1.898278106356027e-03 -9.513124422046809e-04 -1.007673113089021e+00
1 10 -1.000282780813396e+00 -1.898068996555113e-03 -9.520985308732381e-04 -1.007672143230222e+00
1 11 -1.000282923775026e+00 -1.897494834131948e-03 -9.530187603277302e-04 -1.007672460922669e+00
1 12 -1.000282899271548e+00 -1.896578200901367e-03 -9.540226602124827e-04 -1.007674065091601e+00
1 13 -1.000282700088442e+00 -1.895348316899853e-03 -9.550770241122286e-04 -1.007676920186125e+00
1 14 -1.000282326020316e+00 -1.893841206036103e-03 -9.561669300837841e-04 -1.007680952091956e+00
1 15 -1.000281785041053e+00 -1.892100169312050e-03 -9.572932034709960e-04 -1.007686045131644e+00
1 16 -1.000281093798838e+00 -1.890176036181634e-03 -9.584671454773111e-04 -1.007692041556220e+00
1 17 -1.000280277408942e+00 -1.888127192678606e-03 -9.597026565087826e-04 -1.007698743379321e+00
1 18 -1.000279368545297e+00 -1.886019508600599e-03 -9.610061980419771e-04 -1.007705916012872e+00
1 19 -1.000278405901095e+00 -1.883925897291577e-03 -9.623667423967435e-04 -1.007713293853707e+00
1 20 -1.000277432185787e+00 -1.881924964767175e-03 -9.637488817750226e-04 -1.007720588427656e+00
1 21 -1.000276491827928e+00 -1.880098462402560e-03 -9.650911193574364e-04 -1.007727499272397e+00
1 22 -1.000275628471133e+00 -1.878527696870393e-03 -9.663093575428725e-04 -1.007733727142957e+00
1 23 -1.000274882332493e+00 -1.877289132800867e-03 -9.673048162918824e-04 -1.007738989150035e+00
1 24 -1.000274287592875e+00 -1.876449244167484e-03 -9.679758681569077e-04 -1.007743035684691e+00
1 25 -1.000273870094106e+00 -1.876058794885177e-03 -9.682327437272639e-04 -1.007745668379468e+00
1 26 -1.000273645637759e+00 -1.876147309985974e-03 -9.680124485797246e-04 -1.007746756787667e+00
1 27 -1.000273619151735e+00 -1.876718985272618e-03 -9.672903966805517e-04 -1.007746250234042e+00
1 28 -1.000273784932971e+00 -1.877751115206520e-03 -9.660863857525548e-04 -1.007744181804492e+00
1 29 -1.000274127994834e+00 -1.879195396493384e-03 -9.644643810505529e-04 -1.007740663674593e+00
1 30 -1.000274626228159e+00 -1.880981736908658e-03 -9.625264766755394e-04 -1.007735875478554e+00
1 31 -1.000275252838638e+00 -1.883023805907393e-03 -9.604016824264252e-04 -1.007730048703866e+00
2 0 -1.000276993225280e+00 -1.884833686513990e-03 -9.629383176080412e-04 -1.007722074666241e+00
2 1 -1.000277794161576e+00 -1.887121298043133e-03 -9.608155868906982e-04 -1.007714941046392e+00
2 2 -1.000278627260753e+00 -1.889351847995645e-03 -9.589294464343929e-04 -1.007707673131538e+00
2 3 -1.000279465152549e+00 -1.891435067193189e-03 -9.573766006189987e-04 -1.007700550714977e+00
2 4 -1.000280282731865e+00 -1.893292342922683e-03 -9.562213169584243e-04 -1.007693832941210e+00
2 5 -1.000281056897708e+00 -1.894859223189374e-03 -9.554933528866987e-04 -1.007687751246280e+00
2 6 -1.000281766076967e+00 -1.896086828049054e-03 -9.551895150239294e-04 -1.007682504342826e+00
2 7 -1.000282389904894e+00 -1.896942328930821e-03 -9.552784319471654e-04 -1.007678254656283e+00
2 8 -1.000282909146983e+00 -1.897408567245928e-03 -9.557074003517500e-04 -1.007675126443807e+00
2 9 -1.000283305752691e+00 -1.897482738723825e-03 -9.564102258643935e-04 -1.007673206289606e+00
2 10 -1.000283563090956e+00 -1.897174178592099e-03 -9.573157358025598e-04 -1.007672545749634e+00
2 11 -1.000283666653242e+00 -1.896501741437257e-03 -9.583567274475064e-04 -1.007673164257593e+00
2 12 -1.000283605400239e+00 -1.895491659955338e-03 -9.594780855388463e-04 -1.007675049873160e+00
2 13 -1.000283373514514e+00 -1.894176551434833e-03 -9.606420719993351e-04 -1.007678156994457e+00
2 14 -1.000282972044818e+00 -1.892595481822677e-03 -9.618296072937275e-04 -1.007682402516191e+00
2 15 -1.000282410029045e+00 -1.890794402406825e-03 -9.630378688308605e-04 -1.007687662952656e+00
2 16 -1.000281704943826e+00 -1.888826376809704e-03 -9.642750265513319e-04 -1.007693774086379e+00
2 17 -1.000280882461044e+00 -1.886751523810923e-03 -9.655524582271387e-04 -1.007700533109945e+00
2 18 -1.000279975510746e+00 -1.884636804923614e-03 -9.668749749674810e-04 -1.007707702643123e+00
2 19 -1.000279022722620e+00 -1.882555484115505e-03 -9.682309837543692e-04 -1.007715016562993e+00
2 20 -1.000278066425422e+00 -1.880585781219825e-03 -9.695855268215792e-04 -1.007722188154393e+00
2 21 -1.000277150376536e+00 -1.878808382475058e-03 -9.708783272540693e-04 -1.007728920904605e+00
2 22 -1.000276317289565e+00 -1.877302869082959e-03 -9.720271550628792e-04 -1.007734921716297e+00
2 23 -1.000275606214288e+00 -1.876143302565847e-03 -9.729358080320322e-04 -1.007739916093637e+00
2 24 -1.000275049956697e+00 -1.875393125171132e-03 -9.735059526447055e-04 -1.007743664878330e+00
2 25 -1.000274672843088e+00 -1.875099611881371e-03 -9.736516238943227e-04 -1.007745981641065e+00
2 26 -1.000274489112803e+00 -1.875288556889540e-03 -9.733138916381823e-04 -1.007746748620416e+00
2 27 -1.000274502157393e+00 -1.875960327469799e-03 -9.724724138961705e-04 -1.007745927992215e+00
2 28 -1.000274704790475e+00 -1.877088362225517e-03 -9.711514281042470e-04 -1.007743565486702e+00
2 29 -1.000275080613631e+00 -1.878620572505599e-03 -9.694194075622704e-04 -1.007739785297872e+00
2 30 -1.000275606234175e+00 -1.880483334708535e-03 -9.673827283557669e-04 -1.007734777810194e+00
2 31 -1.000276253786761e+00 -1.882587247944886e-03 -9.651742200518208e-04 -1.007728783299864e+00
3 0 -1.000278163927338e+00 -1.884785849527230e-03 -9.662193623184150e-04 -1.007719974600201e+00
3 1 -1.000278977557151e+00 -1.887113157243256e-03 -9.640455428428775e-04 -1.007712746218757e+00
3 2 -1.000279815512671e+00 -1.889364500964116e-03 -9.621311934338409e-04 -1.007705444578005e+00
3 3 -1.000280650190153e+00 -1.891448834714239e-03 -9.605741361923740e-04 -1.007698350173342e+00
3 4 -1.000281456580850e+00 -1.893287583026958e-03 -9.594386384397681e-04 -1.007691720444380e+00
3 5 -1.000282212024153e+00 -1.894817152983293e-03 -9.587534348060148e-04 -1.007685782795409e+00
3 6 -1.000282895683166e+00 -1.895990266421937e-03 -9.585134344884443e-04 -1.007680729933588e+00
3 7 -1.000283488157763e+00 -1.896776319783629e-03 -9.586845659967811e-04 -1.007676716754674e+00
3 8 -1.000283971371506e+00 -1.897160887753672e-03 -9.592107054831394e-04 -1.007673858782635e+00
3 9 -1.000284328616572e+00 -1.897144302955647e-03 -9.600217302715597e-04 -1.007672232833075e+00
3 10 -1.000284544761163e+00 -1.896739332711472e-03 -9.610422955545290e-04 -1.007671879834072e+00
3 11 -1.000284606886624e+00 -1.895968436916389e-03 -9.622009310907325e-04 -1.007672808051057e+00
3 12 -1.000284505557560e+00 -1.894861489815587e-03 -9.634382065702603e-04 -1.007674994272006e+00
3 13 -1.000284236514420e+00 -1.893454647747996e-03 -9.647121337159116e-04 -1.007678381941536e+00
3 14 -1.000283802268586e+00 -1.891790304725955e-03 -9.659996532055218e-04 -1.007682877622861e+00
3 15 -1.000283213168550e+00 -1.889917470287286e-03 -9.672943677505756e-04 -1.007688348331453e+00
3 16 -1.000282487785963e+00 -1.887891950985216e-03 -9.686012715430056e-04 -1.007694621436911e+00
3 17 -1.000281652615371e+00 -1.885776192081012e-03 -9.699289979182749e-04 -1.007701487215282e+00
3 18 -1.000280741093676e+00 -1.883638896763448e-03 -9.712802750873423e-04 -1.007708703378586e+00
3 19 -1.000279792012608e+00 -1.881554333639821e-03 -9.726423676727154e-04 -1.007716001305800e+00
3 20 -1.000278847512829e+00 -1.879600941949821e-03 -9.739801626884817e-04 -1.007723094324239e+00
3 21 -1.000277950838360e+00 -1.877858879716874e-03 -9.752340245987196e-04 -1.007729688444458e+00
3 22 -1.000277143904652e+00 -1.876406480354804e-03 -9.763230209710086e-04 -1.007735495528672e+00
3 23 -1.000276464712624e+00 -1.875315823742300e-03 -9.771529738777716e-04 -1.007740248481520e+00
3 24 -1.000275944800715e+00 -1.874647662209066e-03 -9.776283942559334e-04 -1.007743717819301e+00
3 25 -1.000275607065516e+00 -1.874446016704959e-03 -9.776668662110405e-04 -1.007745728537936e+00
3 26 -1.000275464238152e+00 -1.874733077982013e-03 -9.772134658260548e-04 -1.007746175311798e+00
3 27 -1.000275518195121e+00 -1.875505424979184e-03 -9.762521791951479e-04 -1.007745033140568e+00
3 28 -1.000275760256458e+00 -1.876732603947654e-03 -9.748118856320057e-04 -1.007742360580091e+00
3 29 -1.000276172561674e+00 -1.878358619782163e-03 -9.729658965666067e-04 -1.007738294273312e+00
3 30 -1.000276730331158e+00 -1.880306109291451e-03 -9.708252883642638e-04 -1.007733036072181e+00
3 31 -1.000277404469773e+00 -1.882482325152352e-03 -9.685271051549117e-04 -1.007726836021348e+00
4 0 -1.000279441248447e+00 -1.885086622951608e-03 -9.679283552397587e-04 -1.007717238623181e+00
4 1 -1.000280273817918e+00 -1.887465723494006e-03 -9.656987415715008e-04 -1.007709872820704e+00
4 2 -1.000281123384956e+00 -1.889751736746894e-03 -9.637500795348542e-04 -1.007702490112274e+00
4 3 -1.000281961832209e+00 -1.891852361606481e-03 -9.621814347161961e-04 -1.007695373439417e+00
4 4 -1.000282763930088e+00 -1.893688473446422e-03 -9.610572348493004e-04 -1.007688780597841e+00
4 5 -1.000283507133524e+00 -1.895196678955998e-03 -9.604053719058173e-04 -1.007682937201136e+00
4 6 -1.000284171041677e+00 -1.896330611792775e-03 -9.602190888496223e-04 -1.007678032200770e+00
4 7 -1.000284736961841e+00 -1.897061215134160e-03 -9.604619247866326e-04 -1.007674215073017e+00
4 8 -1.000285187768515e+00 -1.897376173895193e-03 -9.610746951870699e-04 -1.007671594459973e+00
4 9 -1.000285507948467e+00 -1.897278430087811e-03 -9.619837068016641e-04 -1.007670238894096e+00
4 10 -1.000285683791452e+00 -1.896783778269631e-03 -9.631097996492958e-04 -1.007670179702763e+00
4 11 -1.000285703964797e+00 -1.895918014656759e-03 -9.643776348173744e-04 -1.007671414495096e+00
4 12 -1.000285560697755e+00 -1.894714529578005e-03 -9.657239098849524e-04 -1.007673908774305e+00
4 13 -1.000285251401856e+00 -1.893213039963452e-03 -9.671028117305878e-04 -1.007677594525908e+00
4 14 -1.000284780209689e+00 -1.891459427982413e-03 -9.684876521233427e-04 -1.007682367045321e+00
4 15 -1.000284158978477e+00 -1.889506040150809e-03 -9.698687278159386e-04 -1.007688082557445e+00
4 16 -1.000283407599661e+00 -1.887411806266113e-03 -9.712480326267604e-04 -1.007694558445548e+00
4 17 -1.000282553624277e+00 -1.885241972660033e-03 -9.726314677626528e-04 -1.007701576288201e+00
4 18 -1.000281631224874e+00 -1.883067539926794e-03 -9.740194524063248e-04 -1.007708886996781e+00
4 19 -1.000280679571430e+00 -1.880964382582622e-03 -9.753976603515530e-04 -1.007716217570835e+00
4 20 -1.000279740815176e+00 -1.879011760047257e-03 -9.767302537106763e-04 -1.007723279621862e+00
4 21 -1.000278857865517e+00 -1.877289876010761e-03 -9.779576257800935e-04 -1.007729780091959e+00
4 22 -1.000278072003121e+00 -1.875876362880444e-03 -9.789994903010735e-04 -1.007735434353417e+00
4 23 -1.000277420337071e+00 -1.874841836130290e-03 -9.797630087279834e-04 -1.007739981382062e+00
4 24 -1.000276933290785e+00 -1.874244817579937e-03 -9.801549005372203e-04 -1.007743200199264e+00
4 25 -1.000276632467907e+00 -1.874126437938361e-03 -9.800958214270295e-04 -1.007744926291380e+00
4 26 -1.000276529197588e+00 -1.874505540049445e-03 -9.795345654499759e-04 -1.007745066103315e+00
4 27 -1.000276623912000e+00 -1.875375079380823e-03 -9.784592955729267e-04 -1.007743607034961e+00
4 28 -1.000276906475226e+00 -1.876700802540717e-03 -9.769034775725573e-04 -1.007740620253325e+00
4 29 -1.000277357566193e+00 -1.878422827194828e-03 -9.749453126289520e-04 -1.007736254861918e+00
4 30 -1.000277950972302e+00 -1.880459988656856e-03 -9.727007312938058e-04 -1.007730724460655e+00
4 31 -1.000278656267827e+00 -1.882716056663312e-03 -9.703111728196890e-04 -1.007724289422469e+00
5 0 -1.000280771643944e+00 -1.885725158750046e-03 -9.679756729674458e-04 -1.007713991126077e+00
5 1 -1.000281628548423e+00 -1.888165825972695e-03 -9.656885394008248e-04 -1.007706451635423e+00
5 2 -1.000282495940561e+00 -1.890498761052195e-03 -9.637012596180320e-04 -1.007698944639481e+00
5 3 -1.000283344942823e+00 -1.892630000146308e-03 -9.621142454811433e-04 -1.007691757076711e+00
5 4 -1.000284149800343e+00 -1.894479314891073e-03 -9.609922929411000e-04 -1.007685149088510e+00
5 5 -1.000284887747009e+00 -1.895982843616025e-03 -9.603627256036875e-04 -1.007679346797093e+00
5 6 -1.000285538485546e+00 -1.897094397915345e-03 -9.602174670782145e-04 -1.007674537818409e+00
5 7 -1.000286083727990e+00 -1.897785713654763e-03 -9.605181125206075e-04 -1.007670868581906e+00
5 8 -1.000286507038967e+00 -1.898045858550133e-03 -9.612029360976793e-04 -1.007668443039600e+00
5 9 -1.000286793892386e+00 -1.897879733551081e-03 -9.621951997257369e-04 -1.007667323322266e+00
5 10 -1.000286931861559e+00 -1.897305629623476e-03 -9.634124306952383e-04 -1.007667532599923e+00
5 11 -1.000286911139843e+00 -1.896352291034530e-03 -9.647759347898848e-04 -1.007669058745013e+00
5 12 -1.000286725631497e+00 -1.895056383916824e-03 -9.662190885591830e-04 -1.007671856359400e+00
5 13 -1.000286374483856e+00 -1.893461090076581e-03 -9.676928060563233e-04 -1.007675845862767e+00
5 14 -1.000285863559346e+00 -1.891615817815568e-03 -9.691672657220080e-04 -1.007680910755512e+00
5 15 -1.000285206371554e+00 -1.889576403556777e-03 -9.706298814469110e-04 -1.007686895594868e+00
5 16 -1.000284424309458e+00 -1.887405151243683e-03 -9.720799945959419e-04 -1.007693606614751e+00
5 17 -1.000283546173560e+00 -1.885170452532209e-03 -9.735209875012255e-04 -1.007700815302796e+00
5 18 -1.000282607068405e+00 -1.882946042917698e-03 -9.749509515841337e-04 -1.007708264202499e+00
5 19 -1.000281646737918e+00 -1.880809917719794e-03 -9.763536870790617e-04 -1.007715674266182e+00
5 20 -1.000280707537712e+00 -1.878842714461466e-03 -9.776921570410833e-04 -1.007722753703594e+00
5 21 -1.000279832231583e+00 -1.877125253328923e-03 -9.789062089921381e-04 -1.007729208738016e+00
5 22 -1.000279061649311e+00 -1.875735040074475e-03 -9.799155531904963e-04 -1.007734756641399e+00
5 23 -1.000278432191984e+00 -1.874741798756962e-03 -9.806279653571332e-04 -1.007739140884963e+00
5 24 -1.000277973354002e+00 -1.874202365485224e-03 -9.809516357403543e-04 -1.007742147500116e+00
5 25 -1.000277705623999e+00 -1.874155453929320e-03 -9.808096527349449e-04 -1.007743621144792e+00
5 26 -1.000277639082314e+00 -1.874616935797714e-03 -9.801540416950851e-04 -1.007743478961677e+00
5 27 -1.000277772836464e+00 -1.875576435075142e-03 -9.789767633811917e-04 -1.007741719916461e+00
5 28 -1.000278095383138e+00 -1.876996129835576e-03 -9.773155416302455e-04 -1.007738427147858e+00
5 29 -1.000278585998245e+00 -1.878812424127186e-03 -9.752531995581537e-04 -1.007733761776751e+00
5 30 -1.000279217052017e+00 -1.880940451937541e-03 -9.729103499898223e-04 -1.007727948961000e+00
5 31 -1.000279956750480e+00 -1.883280517189740e-03 -9.704327295170978e-04 -1.007721259513798e+00
6 0 -1.000282100054142e+00 -1.886675132723254e-03 -9.663352392385673e-04 -1.007710385060541e+00
6 1 -1.000282985540073e+00 -1.889184250804283e-03 -9.639924704593624e-04 -1.007702643942750e+00
6 2 -1.000283876101248e+00 -1.891574088420407e-03 -9.619648108670897e-04 -1.007694975744901e+00
6 3 -1.000284741900747e+00 -1.893748703243556e-03 -9.603540642849360e-04 -1.007687672686846e+00
6 4 -1.000285556386360e+00 -1.895626269464517e-03 -9.592256138651745e-04 -1.007680999068927e+00
6 5 -1.000286296243954e+00 -1.897141813746657e-03 -9.586065521078067e-04 -1.007675183758768e+00
6 6 -1.000286940933406e+00 -1.898248581263870e-03 -9.584879176995005e-04 -1.007670415510135e+00
6 7 -1.000287472236058e+00 -1.898918302366983e-03 -9.588299128024127e-04 -1.007666840237736e+00
6 8 -1.000287874099133e+00 -1.899140623391668e-03 -9.595689238433687e-04 -1.007664559650246e+00
6 9 -1.000288132719110e+00 -1.898921650941245e-03 -9.606258517339348e-04 -1.007663631691903e+00
6 10 -1.000288236751802e+00 -1.898281525679070e-03 -9.619155668192352e-04 -1.007664073202173e+00
6 11 -1.000288177794439e+00 -1.897251434084079e-03 -9.633566605571882e-04 -1.007665863639255e+00
6 12 -1.000287951379915e+00 -1.895870961260910e-03 -9.648798507157538e-04 -1.007668947493538e+00
6 13 -1.000287558403764e+00 -1.894186539834695e-03 -9.664334440599645e-04 -1.007673233923690e+00
6 14 -1.000287006514782e+00 -1.892251020623428e-03 -9.679850968712674e-04 -1.007678594530910e+00
6 15 -1.000286310976942e+00 -1.890123758163798e-03 -9.695198717461237e-04 -1.007684861764816e+00
6 16 -1.000285494801702e+00 -1.887870551863560e-03 -9.710349183045984e-04 -1.007691829994456e+00
6 17 -1.000284588183710e+00 -1.885563148040474e-03 -9.725314570763953e-04 -1.007699259664956e+00
6 18 -1.000283627314980e+00 -1.883278322861841e-03 -9.740054110376415e-04 -1.007706883784943e+00
6 19 -1.000282652679047e+00 -1.881096595528005e-03 -9.754386029970538e-04 -1.007714415902432e+00
6 20 -1.000281707013825e+00 -1.879100460518003e-03 -9.767924684845905e-04 -1.007721559326907e+00
6 21 -1.000280833125338e+00 -1.877371879648034e-03 -9.780058455400766e-04 -1.007728017974945e+00
6 22 -1.000280071586060e+00 -1.875988789171442e-03 -9.789978799911751e-04 -1.007733509362645e+00
6 23 -1.000279458289156e+00 -1.875020607189982e-03 -9.796762917129924e-04 -1.007737779738431e+00
6 24 -1.000279022008259e+00 -1.874523077575247e-03 -9.799499920739138e-04 -1.007740620408041e+00
6 25 -1.000278782326105e+00 -1.874533055905813e-03 -9.797437683145502e-04 -1.007741883549965e+00
6 26 -1.000278748268324e+00 -1.875063933585826e-03 -9.790122272737944e-04 -1.007741495533147e+00
6 27 -1.000278917785928e+00 -1.876102428154369e-03 -9.777505333257866e-04 -1.007739465616009e+00
6 28 -1.000279278150532e+00 -1.877607529901355e-03 -9.760000691464133e-04 -1.007735887802587e+00
6 29 -1.000279807351810e+00 -1.879512267777307e-03 -9.738476863802893e-04 -1.007730934298268e+00
6 30 -1.000280476423262e+00 -1.881728345092632e-03 -9.714181651126776e-04 -1.007724841136378e+00
6 31 -1.000281252231554e+00 -1.884152777967732e-03 -9.688611382458857e-04 -1.007717889219712e+00
7 0 -1.000283372567904e+00 -1.887896026773613e-03 -9.630491346662584e-04 -1.007706591798060e+00
7 1 -1.000284289482866e+00 -1.890477170509765e-03 -9.606565184499399e-04 -1.007698630968509e+00
7 2 -1.000285207396118e+00 -1.892931087306114e-03 -9.585897763495155e-04 -1.007690772818509e+00
7 3 -1.000286095368849e+00 -1.895159646870713e-03 -9.569520558663163e-04 -1.007683315821551e+00
7 4 -1.000286925826641e+00 -1.897079015847107e-03 -9.558095139189831e-04 -1.007676529994939e+00
7 5 -1.000287674608987e+00 -1.898622518423600e-03 -9.551893726343602e-04 -1.007670649024736e+00
7 6 -1.000288320591858e+00 -1.899742109418958e-03 -9.550822728325333e-04 -1.007665865218614e+00
7 7 -1.000288845275101e+00 -1.900408706666482e-03 -9.554476425120684e-04 -1.007662326549763e+00
7 8 -1.000289232649496e+00 -1.900611693572036e-03 -9.562207286925104e-04 -1.007660135060150e+00
7 9 -1.000289469323532e+00 -1.900357562978048e-03 -9.573208848129462e-04 -1.007659346940504e+00
7 10 -1.000289544776024e+00 -1.899667568192456e-03 -9.586611242066979e-04 -1.007659974828188e+00
7 11 -1.000289451821185e+00 -1.898574726770411e-03 -9.601580929493014e-04 -1.007661991454468e+00
7 12 -1.000289187510799e+00 -1.897121073414143e-03 -9.617406155700121e-04 -1.007665332388936e+00
7 13 -1.000288754441859e+00 -1.895355960175229e-03 -9.633551467988390e-04 -1.007669896256189e+00
7 14 -1.000288162047987e+00 -1.893335474470777e-03 -9.649675114776331e-04 -1.007675543098780e+00
7 15 -1.000287427377749e+00 -1.891122390096982e-03 -9.665610152495665e-04 -1.007682093288439e+00
7 16 -1.000286575130549e+00 -1.888785991187508e-03 -9.681311333812415e-04 -1.007689329099619e+00
7 17 -1.000285636985279e+00 -1.886401450246939e-03 -9.696773674676958e-04 -1.007696999465743e+00
7 18 -1.000284650330238e+00 -1.884048749547937e-03 -9.711937713404607e-04 -1.007704827145517e+00
7 19 -1.000283656516852e+00 -1.881811202893219e-03 -9.726602657675191e-04 -1.007712517313669e+00
7 20 -1.000282698817710e+00 -1.879773529065516e-03 -9.740366129573281e-04 -1.007719767172462e+00
7 21 -1.000281820257188e+00 -1.878019272974317e-03 -9.752603460852163e-04 -1.007726276920491e+00
7 22 -1.000281061344533e+00 -1.876627303518572e-03 -9.762496406139083e-04 -1.007731762724996e+00
7 23 -1.000280457673102e+00 -1.875667294576061e-03 -9.769116179805517e-04 -1.007735971848463e+00
7 24 -1.000280037517547e+00 -1.875194506902967e-03 -9.771552218024665e-04 -1.007738698980429e+00
7 25 -1.000279819785639e+00 -1.875244558098995e-03 -9.769061686024699e-04 -1.007739801899435e+00
7 26 -1.000279812675937e+00 -1.875828952428420e-03 -9.761208727230476e-04 -1.007739214356917e+00
7 27 -1.000280013195342e+00 -1.876932057123275e-03 -9.747969221048828e-04 -1.007736954188781e+00
7 28 -1.000280407584060e+00 -1.878510204484528e-03 -9.729785233223159e-04 -1.007733124680873e+00
7 29 -1.000280972719360e+00 -1.880493547840519e-03 -9.707556794596491e-04 -1.007727907699860e+00
7 30 -1.000281678442013e+00 -1.882790796364174e-03 -9.682565147673193e-04 -1.007721548983944e+00
7 31 -1.000282490376521e+00 -1.885296016250274e-03 -9.656338718809094e-04 -1.007714338710329e+00
8 0 -1.000284538997514e+00 -1.889335527587371e-03 -9.582289015896124e-04 -1.007702788770053e+00
8 1 -1.000285488619356e+00 -1.891988747084966e-03 -9.557959938868356e-04 -1.007694600933952e+00
8 2 -1.000286436679184e+00 -1.894510747583092e-03 -9.536947005601749e-04 -1.007686533625533e+00
8 3 -1.000287351056203e+00 -1.896801117592475e-03 -9.520293392034409e-04 -1.007678892202928e+00
8 4 -1.000288202986217e+00 -1.898773707196242e-03 -9.508669528507429e-04 -1.007671953647959e+00
8 5 -1.000288967207785e+00 -1.900359623452922e-03 -9.502352377564231e-04 -1.007665958293097e+00
8 6 -1.000289621696330e+00 -1.901508857089381e-03 -9.501249420660635e-04 -1.007661104253438e+00
8 7 -1.000290147325069e+00 -1.902190735196751e-03 -9.504953689570871e-04 -1.007657544047522e+00
8 8 -1.000290527778672e+00 -1.902393543803177e-03 -9.512814245479429e-04 -1.007655382613183e+00
8 9 -1.000290749739608e+00 -1.902123321441505e-03 -9.524018145856555e-04 -1.007654676895646e+00
8 10 -1.000290803204301e+00 -1.901401644009374e-03 -9.537686069375435e-04 -1.007655437641644e+00
8 11 -1.000290681956464e+00 -1.900262669377204e-03 -9.552973742836073e-04 -1.007657632829059e+00
8 12 -1.000290384390211e+00 -1.898750315163689e-03 -9.569158875405449e-04 -1.007661190660340e+00
8 13 -1.000289914690366e+00 -1.896916411749598e-03 -9.585695562716275e-04 -1.007666000368825e+00
8 14 -1.000289284007239e+00 -1.894819957131601e-03 -9.602231028264971e-04 -1.007671911237179e+00
8 15 -1.000288511140913e+00 -1.892526917756403e-03 -9.618586921328173e-04 -1.007678732080585e+00
8 16 -1.000287622478871e+00 -1.890109918819142e-03 -9.634706552808070e-04 -1.007686233357152e+00
8 17 -1.000286651215691e+00 -1.887647491297414e-03 -9.650572575244028e-04 -1.007694152524400e+00
8 18 -1.000285635994668e+00 -1.885222841927604e-03 -9.666110881491602e-04 -1.007702201862088e+00
8 19 -1.000284619121488e+00 -1.882922200886482e-03 -9.681104119803825e-04 -1.007710077648441e+00
8 20 -1.000283644523251e+00 -1.880832741833780e-03 -9.695133716082821e-04 -1.007717470144176e+00
8 21 -1.000282755598763e+00 -1.879039922598781e-03 -9.707560965825815e-04 -1.007724074686470e+00
8 22 -1.000281992981024e+00 -1.877623965836066e-03 -9.717555715625127e-04 -1.007729604650492e+00
8 23 -1.000281392173723e+00 -1.876655315376800e-03 -9.724179394883899e-04 -1.007733806582805e+00
8 24 -1.000280981182141e+00 -1.876189350928298e-03 -9.726515904893838e-04 -1.007736476581389e+00
8 25 -1.000280778484870e+00 -1.876261112518319e-03 -9.723824101265617e-04 -1.007737475896542e+00
8 26 -1.000280791705967e+00 -1.876880894283136e-03 -9.715677670697102e-04 -1.007736743499792e+00
8 27 -1.000281017155314e+00 -1.878031381794165e-03 -9.702067608770165e-04 -1.007734303697310e+00
8 28 -1.000281440276918e+00 -1.879666906232635e-03 -9.683454253296381e-04 -1.007730267049200e+00
8 29 -1.000282037057355e+00 -1.881715381420839e-03 -9.660758425028643e-04 -1.007724823224520e+00
8 30 -1.000282776345079e+00 -1.884083103704078e-03 -9.635284300652921e-04 -1.007718226053287e+00
8 31 -1.000283622684621e+00 -1.886661673584054e-03 -9.608583223142135e-04 -1.007710773734795e+00
9 0 -1.000285555151201e+00 -1.890932690012564e-03 -9.520531938052097e-04 -1.007699146672317e+00
9 1 -1.000286537131861e+00 -1.893654552010812e-03 -9.495927265507477e-04 -1.007690735480229e+00
9 2 -1.000287516611140e+00 -1.896245315735598e-03 -9.474644135623872e-04 -1.007682450078047e+00
9 3 -1.000288460271300e+00 -1.898602316019696e-03 -9.457734283715099e-04 -1.007674602983431e+00
9 4 -1.000289338055386e+00 -1.900636893271909e-03 -9.445877057703995e-04 -1.007667479036364e+00
9 5 -1.000290123404087e+00 -1.902277523801144e-03 -9.439357074769392e-04 -1.007661326719784e+00
9 6 -1.000290793119675e+00 -1.903471643683215e-03 -9.438087795520015e-04 -1.007656351936736e+00
9 7 -1.000291327131694e+00 -1.904186278460892e-03 -9.441667470833960e-04 -1.007652714021838e+00
9 8 -1.000291708481047e+00 -1.904407831509197e-03 -9.449449814199004e-04 -1.007650523220731e+00
9 9 -1.000291923579574e+00 -1.904141068184230e-03 -9.460624749138856e-04 -1.007649839680887e+00
9 10 -1.000291962607000e+00 -1.903407083750654e-03 -9.474313207394200e-04 -1.007650674628748e+00
9 11 -1.000291820018331e+00 -1.902240439004702e-03 -9.489669449406746e-04 -1.007652993448952e+00
9 12 -1.000291495308019e+00 -1.900686294523270e-03 -9.505969319332005e-04 -1.007656718828085e+00
9 13 -1.000290994063423e+00 -1.898798423907647e-03 -9.522664588810252e-04 -1.007661732132141e+00
9 14 -1.000290329010526e+00 -1.896638299672647e-03 -9.539398732077504e-04 -1.007667873122105e+00
9 15 -1.000289520596029e+00 -1.894274733942177e-03 -9.555988065356845e-04 -1.007674940053841e+00
9 16 -1.000288596827993e+00 -1.891783422550551e-03 -9.572369604237852e-04 -1.007682692340547e+00
9 17 -1.000287592388381e+00 -1.889246052065277e-03 -9.588518525226870e-04 -1.007690856497328e+00
9 18 -1.000286547183486e+00 -1.886748924471461e-03 -9.604350816788737e-04 -1.007699134589351e+00
9 19 -1.000285504516457e+00 -1.884381152103281e-03 -9.619636464054900e-04 -1.007707213947463e+00
9 20 -1.000284509052747e+00 -1.882232444264681e-03 -9.633943087343475e-04 -1.007714777475951e+00
9 21 -1.000283604695619e+00 -1.880390373999449e-03 -9.646618852410996e-04 -1.007721514837132e+00
9 22 -1.000282832375017e+00 -1.878936842489242e-03 -9.656821295661762e-04 -1.007727135386947e+00
9 23 -1.000282227712069e+00 -1.877943516506350e-03 -9.663599905377928e-04 -1.007731383319341e+00
9 24 -1.000281818676598e+00 -1.877466475646097e-03 -9.666028402505651e-04 -1.007734054135179e+00
9 25 -1.000281623573706e+00 -1.877540864747211e-03 -9.663360190265361e-04 -1.007735010281988e+00
9 26 -1.000281649721529e+00 -1.878176502957663e-03 -9.655169710336889e-04 -1.007734193550937e+00
9 27 -1.000281893002051e+00 -1.879355141422369e-03 -9.641453367857587e-04 -1.007731632319914e+00
9 28 -1.000282338325285e+00 -1.881029854234669e-03 -9.622679156576901e-04 -1.007727442102230e+00
9 29 -1.000282961041628e+00 -1.883127047297166e-03 -9.599777133821781e-04 -1.007721818181914e+00
9 30 -1.000283729249908e+00 -1.885551293252458e-03 -9.574062686547972e-04 -1.007715020518535e+00
9 31 -1.000284606630347e+00 -1.888192328553468e-03 -9.547099373347897e-04 -1.007707353716622e+00
10 0 -1.000286384583826e+00 -1.892621396665610e-03 -9.447617028256956e-04 -1.007695818241646e+00
10 1 -1.000287397031537e+00 -1.895405302716544e-03 -9.422885849906016e-04 -1.007687197562986e+00
10 2 -1.000288407669779e+00 -1.898062281859418e-03 -9.401431473122267e-04 -1.007678695339953e+00
10 3 -1.000289382032362e+00 -1.900487558372130e-03 -9.384309748593404e-04 -1.007670631176957e+00
10 4 -1.000290288736777e+00 -1.902589897596361e-03 -9.372207756265024e-04 -1.007663298275474e+00
10 5 -1.000291099800370e+00 -1.904294860326717e-03 -9.365419811948540e-04 -1.007656954364994e+00
10 6 -1.000291790643550e+00 -1.905546857348256e-03 -9.363869775542117e-04 -1.007651814728473e+00
10 7 -1.000292339984986e+00 -1.906310007302658e-03 -9.367167246866763e-04 -1.007648047448441e+00
10 8 -1.000292729917011e+00 -1.906568131020154e-03 -9.374678348250693e-04 -1.007645770224084e+00
10 9 -1.000292946248851e+00 -1.906323958284894e-03 -9.385605046706062e-04 -1.007645048685317e+00
10 10 -1.000292978996951e+00 -1.905597320559844e-03 -9.399078249861898e-04 -1.007645896867128e+00
10 11 -1.000292822950787e+00 -1.904422427514602e-03 -9.414260016270021e-04 -1.007648279818093e+00
10 12 -1.000292478403900e+00 -1.902844995306553e-03 -9.430432772662969e-04 -1.007652116781974e+00
10 13 -1.000291952091285e+00 -1.900920134387509e-03 -9.447053711571187e-04 -1.007657283095657e+00
10 14 -1.000291258101861e+00 -1.898711266278544e-03 -9.463769486242702e-04 -1.007663610610672e+00
10 15 -1.000290418354301e+00 -1.896289599535773e-03 -9.480396875228214e-04 -1.007670888431790e+00
10 16 -1.000289462344769e+00 -1.893733518903888e-03 -9.496871449724728e-04 -1.007678866133044e+00
10 17 -1.000288426157206e+00 -1.891127542491009e-03 -9.513165594903810e-04 -1.007687260269844e+00
10 18 -1.000287350920895e+00 -1.888560803907208e-03 -9.529190369501263e-04 -1.007695763414029e+00
10 19 -1.000286280938573e+00 -1.886125117630584e-03 -9.544707869094077e-04 -1.007704054350238e+00
10 20 -1.000285261661789e+00 -1.883912663561801e-03 -9.559275640992668e-04 -1.007711808634095e+00
10 21 -1.000284337598676e+00 -1.882013201935986e-03 -9.572231104665928e-04 -1.007718709798504e+00
10 22 -1.000283550129839e+00 -1.880510533726472e-03 -9.582720561371878e-04 -1.007724462215518e+00
10 23 -1.000282935192893e+00 -1.879477930362168e-03 -9.589780880955420e-04 -1.007728806236911e+00
10 24 -1.000282520956230e+00 -1.878972716038720e-03 -9.592472280113882e-04 -1.007731534792191e+00
10 25 -1.000282325811864e+00 -1.879030821309262e-03 -9.590036440423725e-04 -1.007732509183967e+00
10 26 -1.000282357048254e+00 -1.879662351004772e-03 -9.582040143260932e-04 -1.007731671486717e+00
10 27 -1.000282610398814e+00 -1.880848907997836e-03 -9.568475673880609e-04 -1.007729051581505e+00
10 28 -1.000283070514097e+00 -1.882543096204796e-03 -9.549808320840102e-04 -1.007724767431378e+00
10 29 -1.000283712378617e+00 -1.884670593845969e-03 -9.526966036981764e-04 -1.007719017552611e+00
10 30 -1.000284503607266e+00 -1.887135000613376e-03 -9.501263538203943e-04 -1.007712065851391e+00
10 31 -1.000285407265692e+00 -1.889824866582140e-03 -9.474265286218530e-04 -1.007704221469946e+00
11 0 -1.000286999676778e+00 -1.894333697577404e-03 -9.366455345131631e-04 -1.007692930177674e+00
11 1 -1.000288039372613e+00 -1.897170445772150e-03 -9.341755781678799e-04 -1.007684122565494e+00
11 2 -1.000289079495633e+00 -1.899888212647461e-03 -9.320243161198042e-04 -1.007675414128418e+00
11 3 -1.000290084535372e+00 -1.902380352935836e-03 -9.302972094075195e-04 -1.007667131178372e+00
11 4 -1.000291021822587e+00 -1.904553122359270e-03 -9.290634995859729e-04 -1.007659575377346e+00
11 5 -1.000291861907688e+00 -1.906329032990416e-03 -9.283536796030821e-04 -1.007653014322530e+00
11 6 -1.000292578700922e+00 -1.907649152694898e-03 -9.281615337529810e-04 -1.007647673781976e+00
11 7 -1.000293149511064e+00 -1.908474227296512e-03 -9.284497035102599e-04 -1.007643732075630e+00
11 8 -1.000293555227469e+00 -1.908784911330438e-03 -9.291567524327489e-04 -1.007641316142056e+00
11 9 -1.000293780753453e+00 -1.908581220477812e-03 -9.302049396572995e-04 -1.007640499125066e+00
11 10 -1.000293815597992e+00 -1.907880983718544e-03 -9.315092800864991e-04 -1.007641300083629e+00
11 11 -1.000293654522474e+00 -1.906717311405498e-03 -9.329876421675869e-04 -1.007643686015142e+00
11 12 -1.000293298270201e+00 -1.905135763929081e-03 -9.345697107837329e-04 -1.007647574938879e+00
11 13 -1.000292754409467e+00 -1.903192137587916e-03 -9.362024480330514e-04 -1.007652838224732e+00
11 14 -1.000292038117516e+00 -1.900951216149909e-03 -9.378514677047168e-04 -1.007659301700172e+00
11 15 -1.000291172549748e+00 -1.898486079137715e-03 -9.394990321364798e-04 -1.007666747037214e+00
11 16 -1.000290188500552e+00 -1.895877330576243e-03 -9.411390020084420e-04 -1.007674915517100e+00
11 17 -1.000289123319275e+00 -1.893211899459438e-03 -9.427687610690035e-04 -1.007683515079858e+00
11 18 -1.000288019275316e+00 -1.890581381241445e-03 -9.443793883860513e-04 -1.007692229899456e+00
11 19 -1.000286921636727e+00 -1.888079995296171e-03 -9.459467925353107e-04 -1.007700730997051e+00
11 20 -1.000285876655543e+00 -1.885802203464868e-03 -9.474261493313458e-04 -1.007708686964796e+00
11 21 -1.000284929515015e+00 -1.883839906465145e-03 -9.487504444436427e-04 -1.007715775099356e+00
11 22 -1.000284122177055e+00 -1.882278923114574e-03 -9.498333885768249e-04 -1.007721694110949e+00
11 23 -1.000283491080852e+00 -1.881194428363997e-03 -9.505774615836722e-04 -1.007726179225068e+00
11 24 -1.000283064820792e+00 -1.880645475253229e-03 -9.508871470505336e-04 -1.007729018945924e+00
11 25 -1.000282862133475e+00 -1.880669425012692e-03 -9.506849511961932e-04 -1.007730071131914e+00
11 26 -1.000282890553520e+00 -1.881277416102126e-03 -9.499260496624781e-04 -1.007729275585745e+00
11 27 -1.000283145946432e+00 -1.882451691244420e-03 -9.486083901734492e-04 -1.007726661067638e+00
11 28 -1.000283612979426e+00 -1.884145177472770e-03 -9.467772846729904e-04 -1.007722345419230e+00
11 29 -1.000284266542357e+00 -1.886283614197738e-03 -9.445242782087802e-04 -1.007716527934060e+00
11 30 -1.000285074035398e+00 -1.888770396294349e-03 -9.419796560895789e-04 -1.007709474192665e+00
11 31 -1.000285998170678e+00 -1.891493596283151e-03 -9.392988488646506e-04 -1.007701495886890e+00
12 0 -1.000287382030558e+00 -1.896002784899234e-03 -9.280344425317519e-04 -1.007690578870646e+00
12 1 -1.000288444742988e+00 -1.898881289537065e-03 -9.255830011892066e-04 -1.007681613479640e+00
12 2 -1.000289511497491e+00 -1.901652085044254e-03 -9.234374839256725e-04 -1.007672717228314e+00
12 3 -1.000290545885258e+00 -1.904206967215173e-03 -9.217026615579387e-04 -1.007664222522303e+00
12 4 -1.000291514053526e+00 -1.906449865775667e-03 -9.204479761045598e-04 -1.007656439210495e+00
12 5 -1.000292385124753e+00 -1.908300266800211e-03 -9.197049531055585e-04 -1.007649644892707e+00
12 6 -1.000293131458468e+00 -1.909695747779197e-03 -9.194690228308335e-04 -1.007644076394343e+00
12 7 -1.000293728834457e+00 -1.910593378820383e-03 -9.197049574373041e-04 -1.007639923253722e+00
12 8 -1.000294156748273e+00 -1.910970205766054e-03 -9.203538855897391e-04 -1.007637323002855e+00
12 9 -1.000294398936751e+00 -1.910822959795861e-03 -9.213408935023655e-04 -1.007636358012836e+00
12 10 -1.000294444074687e+00 -1.910166795562915e-03 -9.225837684807783e-04 -1.007637054401581e+00
12 11 -1.000294286523511e+00 -1.909033003123214e-03 -9.240028551209935e-04 -1.007639383356379e+00
12 12 -1.000293927095825e+00 -1.907466274710903e-03 -9.255299833300003e-04 -1.007643263952279e+00
12 13 -1.000293373835896e+00 -1.905522423130533e-03 -9.271139633801733e-04 -1.007648565781209e+00
12 14 -1.000292642688113e+00 -1.903266974816324e-03 -9.287219031052609e-04 -1.007655110699276e+00
12 15 -1.000291757762056e+00 -1.900774306482527e-03 -9.303371296332028e-04 -1.007662674866597e+00
12 16 -1.000290750913439e+00 -1.898126711223138e-03 -9.319542065141844e-04 -1.007670993052237e+00
12 17 -1.000289660576776e+00 -1.895413041700872e-03 -9.335710206788694e-04 -1.007679766180456e+00
12 18 -1.000288530041605e+00 -1.892726914699165e-03 -9.351790103961680e-04 -1.007688671389854e+00
12 19 -1.000287405475979e+00 -1.890164578695759e-03 -9.367542079316236e-04 -1.007697372999232e+00
12 20 -1.000286333918529e+00 -1.887822500705888e-03 -9.382516108061414e-04 -1.007705533313063e+00
12 21 -1.000285361270819e+00 -1.885794581476194e-03 -9.396037698162454e-04 -1.007712823579606e+00
12 22 -1.000284530182345e+00 -1.884168680982005e-03 -9.407237148371812e-04 -1.007718936454511e+00
12 23 -1.000283877759330e+00 -1.883022082299392e-03 -9.415128596929600e-04 -1.007723601016376e+00
12 24 -1.000283433234103e+00 -1.882415960959704e-03 -9.418741101796653e-04 -1.007726599718908e+00
12 25 -1.000283215933177e+00 -1.882389676690591e-03 -9.417280003564104e-04 -1.007727784851722e+00
12 26 -1.000283233904324e+00 -1.882956095835969e-03 -9.410276323521424e-04 -1.007727091497393e+00
12 27 -1.000283483420263e+00 -1.884098857860657e-03 -9.397689416071758e-04 -1.007724544719165e+00
12 28 -1.000283949435775e+00 -1.885771985882171e-03 -9.379952069968292e-04 -1.007720259685455e+00
12 29 -1.000284607008864e+00 -1.887902050791422e-03 -9.357958200240423e-04 -1.007714434027763e+00
12 30 -1.000285423582990e+00 -1.890392995202918e-03 -9.332988861248347e-04 -1.007707332740668e+00
12 31 -1.000286361769173e+00 -1.893133115425644e-03 -9.306578090716759e-04 -1.007699268072166e+00
13 0 -1.000287522291292e+00 -1.897565537510069e-03 -9.192815782494716e-04 -1.007688829636627e+00
13 1 -1.000288603131488e+00 -1.900473595221097e-03 -9.168622923036749e-04 -1.007679739965269e+00
13 2 -1.000289692791275e+00 -1.903287987955134e-03 -9.147332138201222e-04 -1.007670680184242e+00
13 3 -1.000290754133085e+00 -1.905899300314447e-03 -9.129978926366115e-04 -1.007661988031640e+00
13 4 -1.000291752271572e+00 -1.908209408748239e-03 -9.117255942753624e-04 -1.007653980978050e+00
13 5 -1.000292655010103e+00 -1.910134931831030e-03 -9.109487484130118e-04 -1.007646946335895e+00
13 6 -1.000293433199257e+00 -1.911609972242321e-03 -9.106645631802067e-04 -1.007641132054386e+00
13 7 -1.000294061052192e+00 -1.912587790388421e-03 -9.108402746095601e-04 -1.007636739352050e+00
13 8 -1.000294516551217e+00 -1.913041538867853e-03 -9.114200688776448e-04 -1.007633917234064e+00
13 9 -1.000294782062096e+00 -1.912964226542076e-03 -9.123325016749006e-04 -1.007632758625234e+00
13 10 -1.000294845135161e+00 -1.912367758097700e-03 -9.134988754964392e-04 -1.007633298466390e+00
13 11 -1.000294699373494e+00 -1.911280939604050e-03 -9.148427386282627e-04 -1.007635514229185e+00
13 12 -1.000294345270339e+00 -1.909746908824548e-03 -9.162986817355146e-04 -1.007639328285505e+00
13 13 -1.000293790965548e+00 -1.907820831023012e-03 -9.178178671502966e-04 -1.007644610673862e+00
13 14 -1.000293052819065e+00 -1.905568345348835e-03 -9.193693421003294e-04 -1.007651181414040e+00
13 15 -1.000292155578024e+00 -1.903064526995658e-03 -9.209378999032155e-04 -1.007658813191068e+00
13 16 -1.000291131885668e+00 -1.900392792152211e-03 -9.225191391245500e-04 -1.007667236185851e+00
13 17 -1.000290021044351e+00 -1.897643390416177e-03 -9.241117233040351e-04 -1.007676146067461e+00
13 18 -1.000288867210985e+00 -1.894911480157758e-03 -9.257077260152526e-04 -1.007685214468988e+00
13 19 -1.000287717362202e+00 -1.892294921615414e-03 -9.272836161815221e-04 -1.007694100239208e+00
13 20 -1.000286619287406e+00 -1.889891860696602e-03 -9.287945241460563e-04 -1.007702460255482e+00
13 21 -1.000285619627891e+00 -1.887797995689717e-03 -9.301728247837116e-04 -1.007709960120220e+00
13 22 -1.000284761803933e+00 -1.886103172569579e-03 -9.313310775346656e-04 -1.007716286299105e+00
13 23 -1.000284083730447e+00 -1.884886889372948e-03 -9.321698062800510e-04 -1.007721161002568e+00
13 24 -1.000283615466310e+00 -1.884212725049056e-03 -9.325904217045488e-04 -1.007724359326828e+00
13 25 -1.000283377151540e+00 -1.884122493739982e-03 -9.325113650838273e-04 -1.007725726162611e+00
13 26 -1.000283377595983e+00 -1.884631392119686e-03 -9.318832960790297e-04 -1.007725189652976e+00
13 27 -1.000283613741830e+00 -1.885725149518785e-03 -9.306995845397408e-04 -1.007722768738054e+00
13 28 -1.000284071092127e+00 -1.887359614243363e-03 -9.290008218321512e-04 -1.007718573454785e+00
13 29 -1.000284725122910e+00 -1.889462921628855e-03 -9.268735072318383e-04 -1.007712797406637e+00
13 30 -1.000285543560264e+00 -1.891940277600932e-03 -9.244427357192531e-04 -1.007705702817072e+00
13 31 -1.000286489144656e+00 -1.894680868282220e-03 -9.218590171663333e-04 -1.007697600573423e+00
14 0 -1.000287419614045e+00 -1.898964663644317e-03 -9.107466744572561e-04 -1.007687718563887e+00
14 1 -1.000288513372678e+00 -1.901889664668460e-03 -9.083704760557206e-04 -1.007678540375233e+00
14 2 -1.000289621657480e+00 -1.904737213453408e-03 -9.062666648786344e-04 -1.007669345326287e+00
14 3 -1.000290706777115e+00 -1.907397039237106e-03 -9.045371294670297e-04 -1.007660475658845e+00
14 4 -1.000291732990053e+00 -1.909769290506777e-03 -9.032505981238873e-04 -1.007652255710902e+00
14 5 -1.000292666937282e+00 -1.911767975796238e-03 -9.024402225840353e-04 -1.007644981900448e+00
14 6 -1.000293478067417e+00 -1.913323873191769e-03 -9.021050277732753e-04 -1.007638912948967e+00
14 7 -1.000294139062323e+00 -1.914386454557265e-03 -9.022149334267982e-04 -1.007634261745256e+00
14 8 -1.000294626344312e+00 -1.914924856905217e-03 -9.027175407517510e-04 -1.007631189166821e+00
14 9 -1.000294920771351e+00 -1.914928084807178e-03 -9.035453676197469e-04 -1.007629799566795e+00
14 10 -1.000295008537155e+00 -1.914404350883123e-03 -9.046238366743554e-04 -1.007630138088324e+00
14 11 -1.000294882168927e+00 -1.913379411301909e-03 -9.058803204621156e-04 -1.007632190302424e+00
14 12 -1.000294541470312e+00 -1.911894221930057e-03 -9.072526973949364e-04 -1.007635883961929e+00
14 13 -1.000293994294432e+00 -1.910002663710061e-03 -9.086948908823368e-04 -1.007641091726396e+00
14 14 -1.000293257049825e+00 -1.907769863914874e-03 -9.101782302046016e-04 -1.007647633935709e+00
14 15 -1.000292354781112e+00 -1.905270987584891e-03 -9.116892827892066e-04 -1.007655281899634e+00
14 16 -1.000291320615809e+00 -1.902589988452457e-03 -9.132249318721541e-04 -1.007663763223005e+00
14 17 -1.000290194474226e+00 -1.899817964640785e-03 -9.147847975606190e-04 -1.007672770179587e+00
14 18 -1.000289021198282e+00 -1.897051118892787e-03 -9.163617455424499e-04 -1.007681970521207e+00
14 19 -1.000287848459459e+00 -1.894388491978100e-03 -9.179328629511053e-04 -1.007691018942644e+00
14 20 -1.000286724745620e+00 -1.891929564138152e-03 -9.194536033880878e-04 -1.007699567846129e+00
14 21 -1.000285697442655e+00 -1.889771595461353e-03 -9.208563225557784e-04 -1.007707277725710e+00
14 22 -1.000284810804065e+00 -1.888006305390467e-03 -9.220532414287406e-04 -1.007713828931199e+00
14 23 -1.000284103670310e+00 -1.886715426815082e-03 -9.229441437435275e-04 -1.007718936374776e+00
14 24 -1.000283607087936e+00 -1.885965108772598e-03 -9.234290911670520e-04 -1.007722366839706e+00
14 25 -1.000283342205484e+00 -1.885799948101891e-03 -9.234244669025712e-04 -1.007723956354483e+00
14 26 -1.000283318816967e+00 -1.886237954766448e-03 -9.228783218617261e-04 -1.007723624231766e+00
14 27 -1.000283534774610e+00 -1.887267545711247e-03 -9.217811089500610e-04 -1.007721381115250e+00
14 28 -1.000283976374312e+00 -1.888847052499968e-03 -9.201702682496668e-04 -1.007717329628249e+00
14 29 -1.000284619744288e+00 -1.890906849663577e-03 -9.181288612439809e-04 -1.007711657111976e+00
14 30 -1.000285433111209e+00 -1.893354066356672e-03 -9.157783370410082e-04 -1.007704620957175e+00
14 31 -1.000286379548547e+00 -1.896079389663938e-03 -9.132656236149457e-04 -1.007696528901801e+00
15 0 -1.000287080964353e+00 -1.900150458384404e-03 -9.027787771232839e-04 -1.007687255974395e+00
15 1 -1.000288182385525e+00 -1.903079977247723e-03 -9.004532381756252e-04 -1.007678025631867e+00
15 2 -1.000289304736478e+00 -1.905949805285060e-03 -8.983809429639816e-04 -1.007668725961647e+00
15 3 -1.000290409938207e+00 -1.908649160251042e-03 -8.966618041415517e-04 -1.007659702865366e+00
15 4 -1.000291461574543e+00 -1.911076809631913e-03 -8.953637224731241e-04 -1.007651286688040e+00
15 5 -1.000292425305321e+00 -1.913144471456416e-03 -8.945203902117787e-04 -1.007643782133107e+00
15 6 -1.000293269328014e+00 -1.914779848918134e-03 -8.941326338609862e-04 -1.007637458029517e+00
15 7 -1.000293964887006e+00 -1.915928776649086e-03 -8.941731823706467e-04 -1.007632538532732e+00
15 8 -1.000294486866357e+00 -1.916556409277458e-03 -8.945932729164935e-04 -1.007629196336075e+00
15 9 -1.000294814554926e+00 -1.916647636815987e-03 -8.953297055361575e-04 -1.007627547601736e+00
15 10 -1.000294932633731e+00 -1.916206705300361e-03 -8.963124543879312e-04 -1.007627648571426e+00
15 11 -1.000294832301884e+00 -1.915255892898595e-03 -8.974732013985585e-04 -1.007629494327153e+00
15 12 -1.000294512346674e+00 -1.913833438579649e-03 -8.987535453103614e-04 -1.007633019816095e+00
15 13 -1.000293979970812e+00 -1.911991351213138e-03 -9.001104973162454e-04 -1.007638102360655e+00
15 14 -1.000293251263422e+00 -1.909793639323029e-03 -9.015179219728144e-04 -1.007644564748750e+00
15 15 -1.000292351212168e+00 -1.907314947146209e-03 -9.029643799138752e-04 -1.007652179048294e+00
15 16 -1.000291313102085e+00 -1.904639168106921e-03 -9.044482076474076e-04 -1.007660672363151e+00
15 17 -1.000290177193399e+00 -1.901857688179421e-03 -9.059700726991804e-04 -1.007669735497325e+00
15 18 -1.000288988804477e+00 -1.899067253300574e-03 -9.075236739923880e-04 -1.007679033992328e+00
15 19 -1.000287796168691e+00 -1.896367657097955e-03 -9.090867637590113e-04 -1.007688219730934e+00
15 20 -1.000286648406301e+00 -1.893859370463404e-03 -9.106151793449975e-04 -1.007696941623822e+00
15 21 -1.000285593638524e+00 -1.891640965769283e-03 -9.120412978512282e-04 -1.007704855671908e+00
15 22 -1.000284676995704e+00 -1.889805886890685e-03 -9.132770278257710e-04 -1.007711636338107e+00
15 23 -1.000283938336775e+00 -1.888438056915370e-03 -9.142214838667830e-04 -1.007716991049511e+00
15 24 -1.000283409829152e+00 -1.887606266170992e-03 -9.147735162079105e-04 -1.007720677644998e+00
15 25 -1.000283113793247e+00 -1.887358101286094e-03 -9.148475742926074e-04 -1.007722522205500e+00
15 26 -1.000283061195977e+00 -1.887714738027638e-03 -9.143891010032258e-04 -1.007722433707498e+00
15 27 -1.000283251009797e+00 -1.888667758145347e-03 -9.133854798765083e-04 -1.007720412667267e+00
15 28 -1.000283670543693e+00 -1.890178532355269e-03 -9.118707432680997e-04 -1.007716552287545e+00
15 29 -1.000284296791397e+00 -1.892180261001952e-03 -9.099241882088528e-04 -1.007711031632023e+00
15 30 -1.000285098675354e+00 -1.894582575924532e-03 -9.076632082845796e-04 -1.007704101384848e+00
15 31 -1.000286039778627e+00 -1.897278203866410e-03 -9.052306689647418e-04 -1.007696064512868e+00
16 0 -1.000286520397375e+00 -1.901082138250373e-03 -8.956997069867806e-04 -1.007687430724960e+00
16 1 -1.000287624367694e+00 -1.904004378459094e-03 -8.934287544530257e-04 -1.007678184022095e+00
16 2 -1.000288756143607e+00 -1.906885607462782e-03 -8.913912782295357e-04 -1.007668811644570e+00
16 3 -1.000289877408024e+00 -1.909614854211498e-03 -8.896850431213981e-04 -1.007659662310213e+00
16 4 -1.000290951243845e+00 -1.912089856320663e-03 -8.883769370249588e-04 -1.007651071444015e+00
16 5 -1.000291942518332e+00 -1.914220399333386e-03 -8.875010507941201e-04 -1.007643351063738e+00
16 6 -1.000292818354996e+00 -1.915931435542521e-03 -8.870599732833583e-04 -1.007636779200887e+00
16 7 -1.000293548699383e+00 -1.917165422605723e-03 -8.870292913647374e-04 -1.007631590545263e+00
16 8 -1.000294106980308e+00 -1.917883709926503e-03 -8.873639674085313e-04 -1.007627969131456e+00
16 9 -1.000294470931516e+00 -1.918067136345935e-03 -8.880052201819397e-04 -1.007626042817622e+00
16 10 -1.000294623648297e+00 -1.917715889758185e-03 -8.888878078021602e-04 -1.007625879319527e+00
16 11 -1.000294554828108e+00 -1.916848503877536e-03 -8.899480446695721e-04 -1.007627484172335e+00
16 12 -1.000294261975890e+00 -1.915500082911654e-03 -8.911315783981462e-04 -1.007630800981813e+00
16 13 -1.000293751316269e+00 -1.913720244377357e-03 -8.923987653845543e-04 -1.007635713571163e+00
16 14 -1.000293038264089e+00 -1.911571301177342e-03 -8.937261944044561e-04 -1.007642049224837e+00
16 15 -1.000292147392183e+00 -1.909126771383880e-03 -8.951045741536709e-04 -1.007649582903674e+00
16 16 -1.000291111802065e+00 -1.906469884143630e-03 -8.965338025314308e-04 -1.007658043322393e+00
16 17 -1.000289971795703e+00 -1.903691748202669e-03 -8.980156138579699e-04 -1.007667121775119e+00
16 18 -1.000288772938838e+00 -1.900889157401120e-03 -8.995444777709636e-04 -1.007676483275331e+00
16 19 -1.000287563877034e+00 -1.898162244392557e-03 -9.010987275614550e-04 -1.007685778229501e+00
16 20 -1.000286394283091e+00 -1.895612137555107e-03 -9.026345148199181e-04 -1.007694653044474e+00
16 21 -1.000285312989155e+00 -1.893338468889692e-03 -9.040841644945685e-04 -1.007702759890311e+00
16 22 -1.000284366026387e+00 -1.891436236594632e-03 -9.053591904964741e-04 -1.007709767683678e+00
16 23 -1.000283594341043e+00 -1.889991467155282e-03 -9.063580064287570e-04 -1.007715376367132e+00
16 24 -1.000283031326697e+00 -1.889075593868951e-03 -9.069783261669519e-04 -1.007719334472646e+00
16 25 -1.000282700606840e+00 -1.888739299599659e-03 -9.071328099647086e-04 -1.007721457392910e+00
16 26 -1.000282614473571e+00 -1.889007153590021e-03 -9.067644013306057e-04 -1.007721642657206e+00
16 27 -1.000282773192363e+00 -1.889874245582388e-03 -9.058574268850381e-04 -1.007719879227509e+00
16 28 -1.000283165271702e+00 -1.891305410457972e-03 -9.044424514169084e-04 -1.007716249256304e+00
16 29 -1.000283768755472e+00 -1.893237138227067e-03 -9.025949056227321e-04 -1.007710921845108e+00
16 30 -1.000284553431196e+00 -1.895582031908251e-03 -9.004279614360709e-04 -1.007704139372034e+00
16 31 -1.000285483542844e+00 -1.898235304225994e-03 -8.980801705689934e-04 -1.007696198622434e+00
17 0 -1.000285758378192e+00 -1.901728701405007e-03 -8.897893515762559e-04 -1.007688214797477e+00
17 1 -1.000286860031953e+00 -1.904632798375305e-03 -8.875733428677723e-04 -1.007678986225007e+00
17 2 -1.000287996619093e+00 -1.907514837532949e-03 -8.855710526373042e-04 -1.007669573652856e+00
17 3 -1.000289129717410e+00 -1.910263959376889e-03 -8.838780728787762e-04 -1.007660327757516e+00
17 4 -1.000290222070185e+00 -1.912777222054675e-03 -8.825602080821611e-04 -1.007651588051014e+00
17 5 -1.000291237939793e+00 -1.914962867581700e-03 -8.816518549346151e-04 -1.007643672758260e+00
17 6 -1.000292143569836e+00 -1.916743488078412e-03 -8.811573039575571e-04 -1.007636867989767e+00
17 7 -1.000292907781785e+00 -1.918058525633733e-03 -8.810549712341054e-04 -1.007631417933873e+00
17 8 -1.000293502685387e+00 -1.918865835066383e-03 -8.813035057025124e-04 -1.007627517107673e+00
17 9 -1.000293904540544e+00 -1.919142428443791e-03 -8.818485038027918e-04 -1.007625304500793e+00
17 10 -1.000294094860806e+00 -1.918884517495918e-03 -8.826295386677958e-04 -1.007624859195011e+00
17 11 -1.000294061746216e+00 -1.918106785920351e-03 -8.835877066005961e-04 -1.007626197663549e+00
17 12 -1.000293801220115e+00 -1.916840910452565e-03 -8.846729216555665e-04 -1.007629273265475e+00
17 13 -1.000293318248429e+00 -1.915133678974128e-03 -8.858490844380628e-04 -1.007633977914798e+00
17 14 -1.000292627243859e+00 -1.913045175537210e-03 -8.870956589355914e-04 -1.007640145306622e+00
17 15 -1.000291752018571e+00 -1.910647206291152e-03 -8.884056225779810e-04 -1.007647555371729e+00
17 16 -1.000290725151228e+00 -1.908021740764135e-03 -8.897805099796516e-04 -1.007655940524384e+00
17 17 -1.000289586681233e+00 -1.905259054102301e-03 -8.912230965057207e-04 -1.007664994490403e+00
17 18 -1.000288382181271e+00 -1.902455508200996e-03 -8.927284796631099e-04 -1.007674383412097e+00
17 19 -1.000287160545576e+00 -1.899711181308378e-03 -8.942753738516836e-04 -1.007683757528807e+00
17 20 -1.000285971904527e+00 -1.897127542175152e-03 -8.958200538478320e-04 -1.007692761723283e+00
17 21 -1.000284865758231e+00 -1.894805032377196e-03 -8.972946167531893e-04 -1.007701045030843e+00
17 22 -1.000283889038669e+00 -1.892840020415129e-03 -8.986100098469783e-04 -1.007708271254864e+00
17 23 -1.000283083819797e+00 -1.891320518591269e-03 -8.996638207260968e-04 -1.007714133012686e+00
17 24 -1.000282484795974e+00 -1.890320552948637e-03 -9.003526203098922e-04 -1.007718369396741e+00
17 25 -1.000282116991707e+00 -1.889893928661146e-03 -9.005873942451742e-04 -1.007720784677055e+00
17 26 -1.000281994138660e+00 -1.890068724670231e-03 -9.003087402304705e-04 -1.007721264205450e+00
17 27 -1.000282117925794e+00 -1.890843745850085e-03 -8.994980491044585e-04 -1.007719784399843e+00
17 28 -1.000282478205357e+00 -1.892187567462583e-03 -8.981825125787362e-04 -1.007716415189387e+00
17 29 -1.000283054219088e+00 -1.894040283813560e-03 -8.964337901852838e-04 -1.007711314458274e+00
17 30 -1.000283816758780e+00 -1.896317800398294e-03 -8.943608997938022e-04 -1.007704715038765e+00
17 31 -1.000284730855825e+00 -1.898918149357282e-03 -8.920980667589085e-04 -1.007696906387431e+00
18 0 -1.000284821155833e+00 -1.902069327989309e-03 -8.852736934934057e-04 -1.007689567654720e+00
18 1 -1.000285915915114e+00 -1.904945529523775e-03 -8.831098296673444e-04 -1.007680389969997e+00
18 2 -1.000287052769137e+00 -1.907818247995377e-03 -8.811405251737652e-04 -1.007670969935532e+00
18 3 -1.000288193312233e+00 -1.910577015258529e-03 -8.794593162179094e-04 -1.007661659292103e+00
18 4 -1.000289300099213e+00 -1.913118561174985e-03 -8.781309566851297e-04 -1.007652800563966e+00
18 5 -1.000290336973116e+00 -1.915350006145940e-03 -8.771900884473120e-04 -1.007644716928731e+00
18 6 -1.000291269505142e+00 -1.917192043296827e-03 -8.766425986999956e-04 -1.007637701223326e+00
18 7 -1.000292065598238e+00 -1.918581562903960e-03 -8.764696077654047e-04 -1.007632005795058e+00
18 8 -1.000292696223831e+00 -1.919473360497454e-03 -8.766332839152465e-04 -1.007627834428984e+00
18 9 -1.000293136303898e+00 -1.919840985850397e-03 -8.770833999969538e-04 -1.007625336294001e+00
18 10 -1.000293365837092e+00 -1.919676904340649e-03 -8.777641927912791e-04 -1.007624601327188e+00
18 11 -1.000293371297271e+00 -1.918991985221802e-03 -8.786215232288047e-04 -1.007625657035091e+00
18 12 -1.000293147089856e+00 -1.917814302483951e-03 -8.796096780407077e-04 -1.007628467286283e+00
18 13 -1.000292696693226e+00 -1.916187461849441e-03 -8.806962480363019e-04 -1.007632933413235e+00
18 14 -1.000292033229620e+00 -1.914168844544193e-03 -8.818637000529815e-04 -1.007638897244252e+00
18 15 -1.000291179435247e+00 -1.911828002123075e-03 -8.831073846856214e-04 -1.007646145611619e+00
18 16 -1.000290167049342e+00 -1.909245082888510e-03 -8.844305362603340e-04 -1.007654416599951e+00
18 17 -1.000289035556904e+00 -1.906508999843596e-03 -8.858369298230472e-04 -1.007663408213977e+00
18 18 -1.000287830297653e+00 -1.903715228663255e-03 -8.873221065670888e-04 -1.007672789310988e+00
18 19 -1.000286600242010e+00 -1.900963424839755e-03 -8.888648838332076e-04 -1.007682211224171e+00
18 20 -1.000285395867321e+00 -1.898355100196198e-03 -8.904213755944840e-04 -1.007691318272568e+00
18 21 -1.000284267276287e+00 -1.895991261348912e-03 -8.919231994160649e-04 -1.007699757081402e+00
18 22 -1.000283262271220e+00 -1.893969449140776e-03 -8.932805068987092e-04 -1.007707186868758e+00
18 23 -1.000282424057684e+00 -1.892379511923704e-03 -8.943898731479092e-04 -1.007713293252098e+00
18 24 -1.000281788667312e+00 -1.891297968531998e-03 -8.951466472229379e-04 -1.007717805984579e+00
18 25 -1.000281382585202e+00 -1.890781699755554e-03 -8.954601998292921e-04 -1.007720518081317e+00
18 26 -1.000281221055545e+00 -1.890862307637996e-03 -8.952689307325810e-04 -1.007721302367049e+00
18 27 -1.000281307275046e+00 -1.891542387045317e-03 -8.945514645830332e-04 -1.007720122179949e+00
18 28 -1.000281632536632e+00 -1.892794378251442e-03 -8.933318075944161e-04 -1.007717034546049e+00
18 29 -1.000282177385598e+00 -1.894562137696230e-03 -8.916780835903441e-04 -1.007712185354443e+00
18 30 -1.000282913723926e+00 -1.896765056394769e-03 -8.896954178902578e-04 -1.007705797060010e+00
18 31 -1.000283807471614e+00 -1.899304192697691e-03 -8.875139253447711e-04 -1.007698150947010e+00
19 0 -1.000283740183121e+00 -1.902093445414717e-03 -8.823162213092956e-04 -1.007691439714101e+00
19 1 -1.000284823762181e+00 -1.904933195192738e-03 -8.801992487147367e-04 -1.007682343663013e+00
19 2 -1.000285956415041e+00 -1.907787019495538e-03 -8.782588252894875e-04 -1.007672948835109e+00
19 3 -1.000287099870415e+00 -1.910545101434776e-03 -8.765866746677784e-04 -1.007663607092623e+00
19 4 -1.000288216641488e+00 -1.913104196460941e-03 -8.752466123354377e-04 -1.007654662803226e+00
19 5 -1.000289270337519e+00 -1.915370760084749e-03 -8.742734703653584e-04 -1.007646442686533e+00
19 6 -1.000290226075850e+00 -1.917264118650689e-03 -8.736745564170332e-04 -1.007639244722827e+00
19 7 -1.000291051070711e+00 -1.918719172947925e-03 -8.734334536039898e-04 -1.007633327788730e+00
19 8 -1.000291715370402e+00 -1.919688206938631e-03 -8.735155520254732e-04 -1.007628903403399e+00
19 9 -1.000292192736485e+00 -1.920141791003782e-03 -8.738744587420600e-04 -1.007626129636021e+00
19 10 -1.000292461767792e+00 -1.920068995448525e-03 -8.744587662653260e-04 -1.007625106441687e+00
19 11 -1.000292507337510e+00 -1.919477029084086e-03 -8.752189307893653e-04 -1.007625872137054e+00
19 12 -1.000292322153141e+00 -1.918390293878340e-03 -8.761136059483808e-04 -1.007628401559429e+00
19 13 -1.000291908030373e+00 -1.916848950311706e-03 -8.771141587302897e-04 -1.007632606518127e+00
19 14 -1.000291276562829e+00 -1.914907280086884e-03 -8.782061578414981e-04 -1.007638338447492e+00
19 15 -1.000290449142838e+00 -1.912632107489465e-03 -8.793874143953790e-04 -1.007645392775245e+00
19 16 -1.000289456395618e+00 -1.910101258791606e-03 -8.806629223064362e-04 -1.007653515011842e+00
19 17 -1.000288336989931e+00 -1.907401803459174e-03 -8.820374291216339e-04 -1.007662409115770e+00
19 18 -1.000287135805965e+00 -1.904627911327429e-03 -8.835067476622804e-04 -1.007671748125253e+00
19 19 -1.000285901715649e+00 -1.901878474127686e-03 -8.850495061727645e-04 -1.007681185653832e+00
19 20 -1.000284685418811e+00 -1.899254769436063e-03 -8.866213388223615e-04 -1.007690366385995e+00
19 21 -1.000283537530951e+00 -1.896858129274193e-03 -8.881531025061882e-04 -1.007698935288019e+00
19 22 -1.000282506658609e+00 -1.894787051580227e-03 -8.895539083696790e-04 -1.007706547625667e+00
19 23 -1.000281637098065e+00 -1.893133031423612e-03 -8.907191078609373e-04 -1.007712882532918e+00
19 24 -1.000280966206029e+00 -1.891974921162468e-03 -8.915426980511074e-04 -1.007717660795155e+00
19 25 -1.000280521939000e+00 -1.891372549746602e-03 -8.919324341636468e-04 -1.007720664385639e+00
19 26 -1.000280321077349e+00 -1.891360949837787e-03 -8.918246299774470e-04 -1.007721753667369e+00
19 27 -1.000280368358976e+00 -1.891946452318348e-03 -8.911953150795615e-04 -1.007720878832491e+00
19 28 -1.000280656565032e+00 -1.893105344678150e-03 -8.900655323882057e-04 -1.007718083813784e+00
19 29 -1.000281167607189e+00 -1.894785257687973e-03 -8.885001808427840e-04 -1.007713502193809e+00
19 30 -1.000281874570196e+00 -1.896909110333841e-03 -8.866008913639435e-04 -1.007707345621527e+00
19 31 -1.000282744339468e+00 -1.899381067935024e-03 -8.844940806169197e-04 -1.007699886674041e+00
20 0 -1.000282551565348e+00 -1.901800657508793e-03 -8.810130688141740e-04 -1.007693774250154e+00
20 1 -1.000283619970227e+00 -1.904596612024492e-03 -8.789361701768565e-04 -1.007684788320107e+00
20 2 -1.000284744035447e+00 -1.907422586050874e-03 -8.770194576241182e-04 -1.007675450975952e+00
20 3 -1.000285885744673e+00 -1.910169653326671e-03 -8.753531836382514e-04 -1.007666113215248e+00
20 4 -1.000287007718394e+00 -1.912734950488864e-03 -8.740003905169309e-04 -1.007657119989195e+00
20 5 -1.000288073519807e+00 -1.915024754026371e-03 -8.729960344147604e-04 -1.007648800006210e+00
20 6 -1.000289048037397e+00 -1.916957613642306e-03 -8.723485881212529e-04 -1.007641454612113e+00
20 7 -1.000289898040827e+00 -1.918467082554008e-03 -8.720437372670883e-04 -1.007635347347053e+00
20 8 -1.000290592892941e+00 -1.919503572278852e-03 -8.720496712440811e-04 -1.007630695669659e+00
20 9 -1.000291105402187e+00 -1.920035255052542e-03 -8.723233632989710e-04 -1.007627664995956e+00
20 10 -1.000291412920614e+00 -1.920048262019919e-03 -8.728173144530119e-04 -1.007626364177690e+00
20 11 -1.000291498793066e+00 -1.919546403888479e-03 -8.734862594739714e-04 -1.007626841827202e+00
20 12 -1.000291354003348e+00 -1.918550447918842e-03 -8.742930866234253e-04 -1.007629083914023e+00
20 13 -1.000290978587315e+00 -1.917096947929302e-03 -8.752129390803686e-04 -1.007633013481518e+00
20 14 -1.000290382430578e+00 -1.915236786776784e-03 -8.762345336765455e-04 -1.007638492734975e+00
20 15 -1.000289585371532e+00 -1.913033680670642e-03 -8.773581987492717e-04 -1.007645327085956e+00
20 16 -1.000288616699783e+00 -1.910562712387968e-03 -8.785907479539188e-04 -1.007653270947402e+00
20 17 -1.000287514047142e+00 -1.907908685719083e-03 -8.799379175257043e-04 -1.007662035681810e+00
20 18 -1.000286321630963e+00 -1.905164083984167e-03 -8.813956917842551e-04 -1.007671299817080e+00
20 19 -1.000285088054927e+00 -1.902426718957776e-03 -8.829422844010402e-04 -1.007680720339612e+00
20 20 -1.000283864106793e+00 -1.899797371084513e-03 -8.845325751350745e-04 -1.007689943190911e+00
20 21 -1.000282700802257e+00 -1.897377458538421e-03 -8.860964118993859e-04 -1.007698612454990e+00
20 22 -1.000281647449773e+00 -1.895266200498798e-03 -8.875416495629655e-04 -1.007706380186326e+00
20 23 -1.000280749346088e+00 -1.893556503738522e-03 -8.887622138473343e-04 -1.007712919761407e+00
20 24 -1.000280045102426e+00 -1.892329323570152e-03 -8.896505921024993e-04 -1.007717943685334e+00
20 25 -1.000279564096190e+00 -1.891647213833012e-03 -8.901128717418487e-04 -1.007721223510320e+00
20 26 -1.000279324607538e+00 -1.891548428920278e-03 -8.900833477825079e-04 -1.007722607670969e+00
20 27 -1.000279332892421e+00 -1.892042853383459e-03 -8.895356039794727e-04 -1.007722033634917e+00
20 28 -1.000279583217031e+00 -1.893110473976283e-03 -8.884879397076369e-04 -1.007719532521095e+00
20 29 -1.000280058880936e+00 -1.894702582091040e-03 -8.870023639598497e-04 -1.007715225716862e+00
20 30 -1.000280734193750e+00 -1.896745547321144e-03 -8.851774890930872e-04 -1.007709313992669e+00
20 31 -1.000281577062522e+00 -1.899146612694710e-03 -8.831365907413148e-04 -1.007702060956382e+00
21 0 -1.000281295498944e+00 -1.901200709408589e-03 -8.813918929263049e-04 -1.007696507299301e+00
21 1 -1.000282345047131e+00 -1.903946726173915e-03 -8.793476192617205e-04 -1.007687657418662e+00
21 2 -1.000283456247355e+00 -1.906736564087962e-03 -8.774492419719225e-04 -1.007678409007857e+00
21 3 -1.000284591465208e+00 -1.909462406950381e-03 -8.757859454473635e-04 -1.007669111182909e+00
21 4 -1.000285713583653e+00 -1.912022125370285e-03 -8.744201961561988e-04 -1.007660108146784e+00
21 5 -1.000286786310259e+00 -1.914322317086965e-03 -8.733869992271825e-04 -1.007651728941238e+00
21 6 -1.000287774530380e+00 -1.916281377178857e-03 -8.726956770814461e-04 -1.007644276373624e+00
21 7 -1.000288644816611e+00 -1.917832200802416e-03 -8.723335604253767e-04 -1.007638016631834e+00
21 8 -1.000289366094117e+00 -1.918924027737344e-03 -8.722711069753453e-04 -1.007633171138868e+00
21 9 -1.000289910444996e+00 -1.919523290594996e-03 -8.724680739437296e-04 -1.007629910883159e+00
21 10 -1.000290254159057e+00 -1.919613733712639e-03 -8.728802880143373e-04 -1.007628352221763e+00
21 11 -1.000290379171338e+00 -1.919196146821685e-03 -8.734662851608378e-04 -1.007628553229713e+00
21 12 -1.000290274775335e+00 -1.918287825170029e-03 -8.741928959104846e-04 -1.007630510817314e+00
21 13 -1.000289939175879e+00 -1.916921680126180e-03 -8.750389111285948e-04 -1.007634159648423e+00
21 14 -1.000289380437074e+00 -1.915145014621188e-03 -8.759961546952104e-04 -1.007639373498558e+00
21 15 -1.000288616695017e+00 -1.913018161512464e-03 -8.770674807816801e-04 -1.007645968809745e+00
21 16 -1.000287675737060e+00 -1.910613125163188e-03 -8.782615847395672e-04 -1.007653710074822e+00
21 17 -1.000286593981140e+00 -1.908012082963451e-03 -8.795852756524011e-04 -1.007662317272913e+00
21 18 -1.000285414805868e+00 -1.905305486642550e-03 -8.810347341363409e-04 -1.007671475566039e+00
21 19 -1.000284186386416e+00 -1.902589768044042e-03 -8.825876758622708e-04 -1.007680846312294e+00
21 20 -1.000282959458524e+00 -1.899964951951736e-03 -8.841980738424248e-04 -1.007690077567920e+00
21 21 -1.000281785307721e+00 -1.897532296988192e-03 -8.857946130430865e-04 -1.007698813335940e+00
21 22 -1.000280713810361e+00 -1.895391484189479e-03 -8.872837480842012e-04 -1.007706703303412e+00
21 23 -1.000279791125194e+00 -1.893636548430555e-03 -8.885578196028711e-04 -1.007713416026645e+00
21 24 -1.000279056984822e+00 -1.892350239805942e-03 -8.895076494040341e-04 -1.007718656752923e+00
21 25 -1.000278542067542e+00 -1.891597509390712e-03 -8.900375750116542e-04 -1.007722187674739e+00
21 26 -1.000278266048402e+00 -1.891419501535936e-03 -8.900799067595156e-04 -1.007723846330412e+00
21 27 -1.000278236615700e+00 -1.891829343306107e-03 -8.896059123849440e-04 -1.007723558385218e+00
21 28 -1.000278449464246e+00 -1.892810450390631e-03 -8.886313565198867e-04 -1.007721342879981e+00
21 29 -1.000278889262031e+00 -1.894317551673336e-03 -8.872156892058793e-04 -1.007717309502837e+00
21 30 -1.000279531558202e+00 -1.896280293029135e-03 -8.854550057312742e-04 -1.007711648376239e+00
21 31 -1.000280345321213e+00 -1.898608879130100e-03 -8.834700768089052e-04 -1.007704614099556e+00
22 0 -1.000280015619946e+00 -1.900313529628777e-03 -8.834141593849877e-04 -1.007699565734882e+00
22 1 -1.000281042995264e+00 -1.903004671266503e-03 -8.813952409818203e-04 -1.007690874853586e+00
22 2 -1.000282137223916e+00 -1.905750831327333e-03 -8.795103481715153e-04 -1.007681745436013e+00
22 3 -1.000283261187589e+00 -1.908445506168512e-03 -8.778480247383048e-04 -1.007672523678644e+00
22 4 -1.000284378194072e+00 -1.910987643639002e-03 -8.764703785493243e-04 -1.007663551660472e+00
22 5 -1.000285452287680e+00 -1.913284658227355e-03 -8.754123964461609e-04 -1.007655157051670e+00
22 6 -1.000286448572819e+00 -1.915255414863795e-03 -8.746839105639867e-04 -1.007647642166124e+00
22 7 -1.000287333668101e+00 -1.916832853749946e-03 -8.742733780396476e-04 -1.007641273761283e+00
22 8 -1.000288076309048e+00 -1.917965772997751e-03 -8.741529099510918e-04 -1.007636275154049e+00
22 9 -1.000288648088603e+00 -1.918619577930652e-03 -8.742843627447750e-04 -1.007632820969631e+00
22 10 -1.000289024445728e+00 -1.918776267476053e-03 -8.746261683188052e-04 -1.007631033419313e+00
22 11 -1.000289186071821e+00 -1.918434114248940e-03 -8.751400051262135e-04 -1.007630978841423e+00
22 12 -1.000289120669644e+00 -1.917607255391949e-03 -8.757961544419513e-04 -1.007632664455136e+00
22 13 -1.000288824636394e+00 -1.916325077444335e-03 -8.765767530706499e-04 -1.007636036474870e+00
22 14 -1.000288304172737e+00 -1.914631260411610e-03 -8.774765690822441e-04 -1.007640980623435e+00
22 15 -1.000287575626816e+00 -1.912582593832139e-03 -8.785009246261016e-04 -1.007647325055283e+00
22 16 -1.000286665169757e+00 -1.910247757863046e-03 -8.796604555537066e-04 -1.007654845221617e+00
22 17 -1.000285607869679e+00 -1.907706001593429e-03 -8.809632052250708e-04 -1.007663270705911e+00
22 18 -1.000284446116746e+00 -1.905045428143132e-03 -8.824057295495274e-04 -1.007672294303536e+00
22 19 -1.000283227508030e+00 -1.902360794769214e-03 -8.839653526925493e-04 -1.007681582668491e+00
22 20 -1.000282002585609e+00 -1.899751105884857e-03 -8.855951638384792e-04 -1.007690786807567e+00
22 21 -1.000280822762666e+00 -1.897317200989296e-03 -8.872226704861659e-04 -1.007699551471295e+00
22 22 -1.000279738324778e+00 -1.895158935811734e-03 -8.887528925846321e-04 -1.007707524921242e+00
22 23 -1.000278796112290e+00 -1.893371139617426e-03 -8.900765079368311e-04 -1.007714372030150e+00
22 24 -1.000278036787553e+00 -1.892037973567504e-03 -8.910825608324412e-04 -1.007719792123458e+00
22 25 -1.000277492141675e+00 -1.891226359639882e-03 -8.916735651753139e-04 -1.007723539507598e+00
22 26 -1.000277183070205e+00 -1.890979883961839e-03 -8.917798774334967e-04 -1.007725442331200e+00
22 27 -1.000277118542786e+00 -1.891314480327170e-03 -8.913705833151306e-04 -1.007725415867812e+00
22 28 -1.000277295569475e+00 -1.892216603882905e-03 -8.904591252415195e-04 -1.007723468267536e+00
22 29 -1.000277700123143e+00 -1.893644095764341e-03 -8.891027136635461e-04 -1.007719698390152e+00
22 30 -1.000278308978175e+00 -1.895529620860303e-03 -8.873954120892954e-04 -1.007714286223853e+00
22 31 -1.000279092187673e+00 -1.897786160142449e-03 -8.854561313187267e-04 -1.007707477521627e+00
23 0 -1.000278758137991e+00 -1.899169219521442e-03 -8.869802272106572e-04 -1.007702864397951e+00
23 1 -1.000279760486211e+00 -1.901801817483632e-03 -8.849801395711567e-04 -1.007694351886805e+00
23 2 -1.000280833907259e+00 -1.904497627858515e-03 -8.831049013672300e-04 -1.007685369413974e+00
23 3 -1.000281941938526e+00 -1.907151648210262e-03 -8.814428357009105e-04 -1.007676259204768e+00
23 4 -1.000283048480797e+00 -1.909664230865715e-03 -8.800559214681609e-04 -1.007667359821035e+00
23 5 -1.000284118108431e+00 -1.911944081261351e-03 -8.789790862754644e-04 -1.007658995852641e+00
23 6 -1.000285116361990e+00 -1.913911137837103e-03 -8.782223426480419e-04 -1.007651467171856e+00
23 7 -1.000286010141622e+00 -1.915499076289847e-03 -8.777747293202898e-04 -1.007645039030074e+00
23 8 -1.000286768236438e+00 -1.916656986049246e-03 -8.776093362609345e-04 -1.007639934539488e+00
23 9 -1.000287361991870e+00 -1.917349988332446e-03 -8.776893461958434e-04 -1.007636329922262e+00
23 10 -1.000287766229072e+00 -1.917559053252267e-03 -8.779749445195973e-04 -1.007634351360612e+00
23 11 -1.000287960607128e+00 -1.917280566482628e-03 -8.784301072966913e-04 -1.007634071876820e+00
23 12 -1.000287931404803e+00 -1.916525983793543e-03 -8.790278571491021e-04 -1.007635507879450e+00
23 13 -1.000287673313184e+00 -1.915321454938719e-03 -8.797531747733359e-04 -1.007638616548565e+00
23 14 -1.000287190703060e+00 -1.913707147867455e-03 -8.806034622112877e-04 -1.007643295459073e+00
23 15 -1.000286498113626e+00 -1.911736275909097e-03 -8.815863642916101e-04 -1.007649384763293e+00
23 16 -1.000285620037793e+00 -1.909474046081908e-03 -8.827144927020138e-04 -1.007656671437452e+00
23 17 -1.000284590096842e+00 -1.906996539801193e-03 -8.839973438588627e-04 -1.007664895435423e+00
23 18 -1.000283449567314e+00 -1.904389221997849e-03 -8.854321705692449e-04 -1.007673758052922e+00
23 19 -1.000282245329197e+00 -1.901744881749322e-03 -8.869962056089728e-04 -1.007682932104905e+00
23 20 -1.000281027589235e+00 -1.899161225840599e-03 -8.886418692417931e-04 -1.007692072376323e+00
23 21 -1.000279847737934e+00 -1.896738394049802e-03 -8.902956403912275e-04 -1.007700825231695e+00
23 22 -1.000278756293048e+00 -1.894576095696810e-03 -8.918612112437656e-04 -1.007708838549620e+00
23 23 -1.000277800563481e+00 -1.892769569236713e-03 -8.932276447009735e-04 -1.007715774836299e+00
23 24 -1.000277021902550e+00 -1.891403935267175e-03 -8.942821930816030e-04 -1.007721329092831e+00
23 25 -1.000276452969271e+00 -1.890547578294260e-03 -8.949255333566680e-04 -1.007725249546920e+00
23 26 -1.000276115644431e+00 -1.890245981010239e-03 -8.950861380394421e-04 -1.007727356858586e+00
23 27 -1.000276019966463e+00 -1.890517337555342e-03 -8.947310825978237e-04 -1.007727557754917e+00
23 28 -1.000276164088553e+00 -1.891350639363360e-03 -8.938717287422290e-04 -1.007725851117770e+00
23 29 -1.000276535174424e+00 -1.892706412621595e-03 -8.925633614339342e-04 -1.007722326237987e+00
23 30 -1.000277111171988e+00 -1.894520001262754e-03 -8.908984552578872e-04 -1.007717153795648e+00
23 31 -1.000277863218127e+00 -1.896706911349787e-03 -8.889946563392244e-04 -1.007710571091218e+00
24 0 -1.000277570616155e+00 -1.897807739091051e-03 -8.919364787319991e-04 -1.007706303677645e+00
24 1 -1.000278545679749e+00 -1.900379546496537e-03 -8.899497067852112e-04 -1.007697984495728e+00
24 2 -1.000279594867518e+00 -1.903019414470107e-03 -8.880815358186307e-04 -1.007689173868224e+00
24 3 -1.000280682513577e+00 -1.905624015563511e-03 -8.864204531626409e-04 -1.007680209002643e+00
24 4 -1.000281773282921e+00 -1.908095412286576e-03 -8.850285392021800e-04 -1.007671423557602e+00
24 5 -1.000282832472888e+00 -1.910344043459698e-03 -8.839406543255404e-04 -1.007663137361813e+00
24 6 -1.000283826271822e+00 -1.912291489372684e-03 -8.831666942970546e-04 -1.007655645941809e+00
24 7 -1.000284722088828e+00 -1.913872822571772e-03 -8.826957340056046e-04 -1.007649211009042e+00
24 8 -1.000285489004259e+00 -1.915038142398411e-03 -8.825011296536621e-04 -1.007644053384067e+00
24 9 -1.000286098359708e+00 -1.915753040462833e-03 -8.825465490295338e-04 -1.007640348786320e+00
24 10 -1.000286524607519e+00 -1.915998226909109e-03 -8.827929734357093e-04 -1.007638225305491e+00
24 11 -1.000286746622033e+00 -1.915768933601148e-03 -8.832056739306516e-04 -1.007637760740953e+00
24 12 -1.000286749482837e+00 -1.915074557588259e-03 -8.837595072153269e-04 -1.007638979118784e+00
24 13 -1.000286526349551e+00 -1.913938465215924e-03 -8.844415995183032e-04 -1.007641847487870e+00
24 14 -1.000286079872364e+00 -1.912397583604912e-03 -8.852515187445068e-04 -1.007646274680121e+00
24 15 -1.000285422828458e+00 -1.910501658078398e-03 -8.861989767535682e-04 -1.007652112690832e+00
24 16 -1.000284578026342e+00 -1.908312388393964e-03 -8.872985342020297e-04 -1.007659160229990e+00
24 17 -1.000283577586001e+00 -1.905902531024855e-03 -8.885613613214328e-04 -1.007667168124515e+00
24 18 -1.000282461573246e+00 -1.903354668355376e-03 -8.899858120914140e-04 -1.007675846872829e+00
24 19 -1.000281276024988e+00 -1.900759339961142e-03 -8.915494765724902e-04 -1.007684876240476e+00
24 20 -1.000280070671699e+00 -1.898212667267698e-03 -8.932044940245858e-04 -1.007693915613365e+00
24 21 -1.000278896723423e+00 -1.895813784165193e-03 -8.948766323321059e-04 -1.007702613888638e+00
24 22 -1.000277804738827e+00 -1.893661893355560e-03 -8.964685285173062e-04 -1.007710619710612e+00
24 23 -1.000276842259532e+00 -1.891852205722362e-03 -8.978678461945828e-04 -1.007717594694358e+00
24 24 -1.000276051058516e+00 -1.890470290332157e-03 -8.989601842387939e-04 -1.007723231317151e+00
24 25 -1.000275464377548e+00 -1.889585422032465e-03 -8.996444860792970e-04 -1.007727273777373e+00
24 26 -1.000275104801927e+00 -1.889244362821020e-03 -8.998474935191902e-04 -1.007729537434717e+00
24 27 -1.000274983175792e+00 -1.889466934212805e-03 -8.995345123023099e-04 -1.007729922656309e+00
24 28 -1.000275098567712e+00 -1.890244061009049e-03 -8.987151181278146e-04 -1.007728421065119e+00
24 29 -1.000275439161574e+00 -1.891538425509661e-03 -8.974429960049692e-04 -1.007725114041466e+00
24 30 -1.000275983977222e+00 -1.893287619478397e-03 -8.958094289725829e-04 -1.007720164149913e+00
24 31 -1.000276705197236e+00 -1.895409348656030e-03 -8.939313124745430e-04 -1.007713800929109e+00
25 0 -1.000276500298756e+00 -1.896278035539665e-03 -8.980837462916293e-04 -1.007709768965066e+00
25 1 -1.000277446582969e+00 -1.898788471147162e-03 -8.961057528970200e-04 -1.007701652591608e+00
25 2 -1.000278468703589e+00 -1.901368195073042e-03 -8.942432592309400e-04 -1.007693034420892e+00
25 3 -1.000279531926552e+00 -1.903915705492037e-03 -8.925852398483728e-04 -1.007684245646781e+00
25 4 -1.000280601849896e+00 -1.906335052111013e-03 -8.911940845980274e-04 -1.007675613683212e+00
25 5 -1.000281644683108e+00 -1.908538810112001e-03 -8.901045995208466e-04 -1.007667451977873e+00
25 6 -1.000282627466115e+00 -1.910450724600996e-03 -8.893263037130041e-04 -1.007660049883480e+00
25 7 -1.000283518335333e+00 -1.912007885682194e-03 -8.888477801888644e-04 -1.007653663607760e+00
25 8 -1.000284286894453e+00 -1.913162094154686e-03 -8.886419241532771e-04 -1.007648509629915e+00
25 9 -1.000284904726253e+00 -1.913880159393451e-03 -8.886720101500137e-04 -1.007644761045553e+00
25 10 -1.000285346173672e+00 -1.914143321967094e-03 -8.888987985939562e-04 -1.007642545680230e+00
25 11 -1.000285589597737e+00 -1.913946454086977e-03 -8.892877550230798e-04 -1.007641943980838e+00
25 12 -1.000285619146089e+00 -1.913297620984074e-03 -8.898145209417052e-04 -1.007642985672997e+00
25 13 -1.000285426681928e+00 -1.912217996460043e-03 -8.904675077864813e-04 -1.007645646134496e+00
25 14 -1.000285013314331e+00 -1.910741690413113e-03 -8.912478307681633e-04 -1.007649844372269e+00
25 15 -1.000284390175030e+00 -1.908915239676575e-03 -8.921668840481264e-04 -1.007655443591955e+00
25 16 -1.000283578444384e+00 -1.906796942177182e-03 -8.932410398417282e-04 -1.007662254015126e+00
25 17 -1.000282608738767e+00 -1.904456189227319e-03 -8.944832854620123e-04 -1.007670037488735e+00
25 18 -1.000281519854207e+00 -1.901972518565012e-03 -8.958934672577875e-04 -1.007678514162786e+00
25 19 -1.000280356878907e+00 -1.899433979675992e-03 -8.974500465467330e-04 -1.007687371407364e+00
25 20 -1.000279168929693e+00 -1.896934824717730e-03 -8.991053931089735e-04 -1.007696274004474e+00
25 21 -1.000278006871718e+00 -1.894572853943391e-03 -9.007850349910733e-04 -1.007704874353241e+00
25 22 -1.000276921102544e+00 -1.892446365894444e-03 -9.023910015307522e-04 -1.007712823112371e+00
25 23 -1.000275959146749e+00 -1.890650059894783e-03 -9.038099678252748e-04 -1.007719782613123e+00
25 24 -1.000275162906827e+00 -1.889269391351956e-03 -9.049262133493450e-04 -1.007725444762324e+00
25 25 -1.000274565898212e+00 -1.888373903724607e-03 -9.056372147193164e-04 -1.007729551944690e+00
25 26 -1.000274191101436e+00 -1.888010971770781e-03 -9.058682552967489e-04 -1.007731916594345e+00
25 27 -1.000274049867709e+00 -1.888201352469364e-03 -9.055832017987349e-04 -1.007732435138543e+00
25 28 -1.000274141906374e+00 -1.888937223427421e-03 -9.047902103953232e-04 -1.007731094257825e+00
25 29 -1.000274456193522e+00 -1.890182800455754e-03 -9.035417271532434e-04 -1.007727969454747e+00
25 30 -1.000274972660574e+00 -1.891877396179247e-03 -9.019282162886534e-04 -1.007723216764571e+00
25 31 -1.000275664448451e+00 -1.893940507485811e-03 -9.000662574008203e-04 -1.007717059004584e+00
26 0 -1.000275591992887e+00 -1.894636487442295e-03 -9.051863828234677e-04 -1.007713132899857e+00
26 1 -1.000276508947652e+00 -1.897086938129531e-03 -9.032133285011235e-04 -1.007705222114456e+00
26 2 -1.000277501977241e+00 -1.899604111809185e-03 -9.013560374806942e-04 -1.007696811190989e+00
26 3 -1.000278537396519e+00 -1.902088443545486e-03 -8.997042072502903e-04 -1.007688224445444e+00
26 4 -1.000279581892359e+00 -1.904446205337227e-03 -8.983206889497014e-04 -1.007679781820962e+00
26 5 -1.000280602763489e+00 -1.906592460739509e-03 -8.972402398237831e-04 -1.007671788883860e+00
26 6 -1.000281568091500e+00 -1.908453584988976e-03 -8.964717721494696e-04 -1.007664527109377e+00
26 7 -1.000282446945169e+00 -1.909969251795248e-03 -8.960028828600355e-04 -1.007658245347949e+00
26 8 -1.000283209675506e+00 -1.911093611116898e-03 -8.958052976699342e-04 -1.007653153763481e+00
26 9 -1.000283828350401e+00 -1.911795406725128e-03 -8.958410288289293e-04 -1.007649420737860e+00
26 10 -1.000284277467979e+00 -1.912057186141306e-03 -8.960696018341809e-04 -1.007647171636282e+00
26 11 -1.000284535160615e+00 -1.911874270261491e-03 -8.964555532282591e-04 -1.007646487317110e+00
26 12 -1.000284584938104e+00 -1.911254173897536e-03 -8.969741906869919e-04 -1.007647401069146e+00
26 13 -1.000284417646803e+00 -1.910216566128422e-03 -8.976142407940997e-04 -1.007649894721810e+00
26 14 -1.000284033093508e+00 -1.908793293372207e-03 -8.983776203732750e-04 -1.007653895943123e+00
26 15 -1.000283440947729e+00 -1.907028094484338e-03 -8.992768853624839e-04 -1.007659278029757e+00
26 16 -1.000282660885269e+00 -1.904976131401010e-03 -9.003299315644413e-04 -1.007665861993234e+00
26 17 -1.000281722079022e+00 -1.902703544035221e-03 -9.015515532466505e-04 -1.007673420385059e+00
26 18 -1.000280662046731e+00 -1.900286788791849e-03 -9.029433668487242e-04 -1.007681683089148e+00
26 19 -1.000279524853665e+00 -1.897811263506883e-03 -9.044851858083726e-04 -1.007690345507518e+00
26 20 -1.000278358876976e+00 -1.895369098589666e-03 -9.061301726050651e-04 -1.007699078526757e+00
26 21 -1.000277214471063e+00 -1.893056430136041e-03 -9.078041977119134e-04 -1.007707539029646e+00
26 22 -1.000276141665272e+00 -1.890970232601616e-03 -9.094092851346083e-04 -1.007715381002717e+00
26 23 -1.000275187712051e+00 -1.889204175986066e-03 -9.108317249645001e-04 -1.007722269191351e+00
26 24 -1.000274394345904e+00 -1.887843000873772e-03 -9.119550214905786e-04 -1.007727896988992e+00
26 25 -1.000273795035940e+00 -1.886955860927732e-03 -9.126756398435696e-04 -1.007732007288143e+00
26 26 -1.000273412834142e+00 -1.886590045533679e-03 -9.129178189234240e-04 -1.007734412080712e+00
26 27 -1.000273259278913e+00 -1.886766520002151e-03 -9.126444214335002e-04 -1.007735006413552e+00
26 28 -1.000273334411864e+00 -1.887477981704790e-03 -9.118626366385546e-04 -1.007733774552789e+00
26 29 -1.000273627724502e+00 -1.888689483541608e-03 -9.106240936786679e-04 -1.007730788454375e+00
26 30 -1.000274119842499e+00 -1.890341447124371e-03 -9.090188196843598e-04 -1.007726199562859e+00
26 31 -1.000274784724204e+00 -1.892354670781533e-03 -9.071634615212950e-04 -1.007720225362535e+00
27 0 -1.000274885646841e+00 -1.892944737193111e-03 -9.129814358739020e-04 -1.007716260487418e+00
27 1 -1.000275773839051e+00 -1.895338854134782e-03 -9.110097233022285e-04 -1.007708550186646e+00
27 2 -1.000276736797651e+00 -1.897793310683600e-03 -9.091575989151211e-04 -1.007700353802969e+00
27 3 -1.000277741968886e+00 -1.900210528379792e-03 -9.075156171933113e-04 -1.007691988150067e+00
27 4 -1.000278757254604e+00 -1.902499173768842e-03 -9.061471550453524e-04 -1.007683764696497e+00
27 5 -1.000279751194142e+00 -1.904577081082967e-03 -9.050868863239281e-04 -1.007675979839959e+00
27 6 -1.000280693077089e+00 -1.906373644782864e-03 -9.043429024637235e-04 -1.007668905676708e+00
27 7 -1.000281553088657e+00 -1.907831612134932e-03 -9.039013701213648e-04 -1.007662782026141e+00
27 8 -1.000282302536160e+00 -1.908908059746475e-03 -9.037321969336445e-04 -1.007657810910379e+00
27 9 -1.000282914209383e+00 -1.909574319870255e-03 -9.037953294223145e-04 -1.007654154018639e+00
27 10 -1.000283363025876e+00 -1.909814972694364e-03 -9.040481136993417e-04 -1.007651932123976e+00
27 11 -1.000283627179993e+00 -1.909626569018339e-03 -9.044530849351432e-04 -1.007651224252382e+00
27 12 -1.000283689853519e+00 -1.909016865956027e-03 -9.049841008006637e-04 -1.007652065007250e+00
27 13 -1.000283541185933e+00 -1.908004772872682e-03 -9.056291794833240e-04 -1.007654440556497e+00
27 14 -1.000283179966883e+00 -1.906620527247047e-03 -9.063901997912079e-04 -1.007658285358141e+00
27 15 -1.000282614645715e+00 -1.904905618260703e-03 -9.072802330629098e-04 -1.007663481221672e+00
27 16 -1.000281863583129e+00 -1.902912502836937e-03 -9.083182458061524e-04 -1.007669858703309e+00
27 17 -1.000280954635300e+00 -1.900704357500807e-03 -9.095206323574558e-04 -1.007677200216982e+00
27 18 -1.000279924092116e+00 -1.898354676858872e-03 -9.108908716679185e-04 -1.007685245011193e+00
27 19 -1.000278814964474e+00 -1.895946160289043e-03 -9.124104896690347e-04 -1.007693696630546e+00
27 20 -1.000277674787374e+00 -1.893568631461508e-03 -9.140339692621441e-04 -1.007702232601489e+00
27 21 -1.000276553248415e+00 -1.891316262878517e-03 -9.156881436877746e-04 -1.007710515204512e+00
27 22 -1.000275499806651e+00 -1.889284293461573e-03 -9.172757288990549e-04 -1.007718203057488e+00
27 23 -1.000274561192213e+00 -1.887564839750698e-03 -9.186833810771341e-04 -1.007724965036329e+00
27 24 -1.000273778677601e+00 -1.886241310271082e-03 -9.197945591983297e-04 -1.007730498112368e+00
27 25 -1.000273185365503e+00 -1.885381792050292e-03 -9.205053581423668e-04 -1.007734548047779e+00
27 26 -1.000272804051457e+00 -1.885032775404109e-03 -9.207395378729717e-04 -1.007736928919169e+00
27 27 -1.000272646132088e+00 -1.885214690366936e-03 -9.204595076386121e-04 -1.007737537014910e+00
27 28 -1.000272711654143e+00 -1.885919993607620e-03 -9.196720402223380e-04 -1.007736356825966e+00
27 29 -1.000272990315640e+00 -1.887113834451310e-03 -9.184284504231353e-04 -1.007733459273668e+00
27 30 -1.000273463175636e+00 -1.888737073709170e-03 -9.168187498331905e-04 -1.007728993395039e+00
27 31 -1.000274104821338e+00 -1.890711256641158e-03 -9.149600194450189e-04 -1.007723173012630e+00
28 0 -1.000274413887234e+00 -1.891267159422817e-03 -9.211874904931210e-04 -1.007719016348870e+00
28 1 -1.000275275129272e+00 -1.893611064421058e-03 -9.192132320663879e-04 -1.007711492664108e+00
28 2 -1.000276208290278e+00 -1.896005267474822e-03 -9.173660749121950e-04 -1.007703509095457e+00
28 3 -1.000277181977733e+00 -1.898354140729307e-03 -9.157374707816005e-04 -1.007695374680410e+00
28 4 -1.000278165385907e+00 -1.900568829857307e-03 -9.143912878906415e-04 -1.007687391751737e+00
28 5 -1.000279128404201e+00 -1.902570129003458e-03 -9.133620195321435e-04 -1.007679846577018e+00
28 6 -1.000280041660485e+00 -1.904290740904885e-03 -9.126567248414132e-04 -1.007673000676572e+00
28 7 -1.000280876609254e+00 -1.905676872420348e-03 -9.122597567874738e-04 -1.007667083444014e+00
28 8 -1.000281605698363e+00 -1.906689001243915e-03 -9.121386515637060e-04 -1.007662287182014e+00
28 9 -1.000282202660202e+00 -1.907301604092404e-03 -9.122506028856277e-04 -1.007658765119058e+00
28 10 -1.000282643088344e+00 -1.907501933220358e-03 -9.125499623885309e-04 -1.007656631460950e+00
28 11 -1.000282905529254e+00 -1.907288488927150e-03 -9.129963088983883e-04 -1.007655961232753e+00
28 12 -1.000282973154435e+00 -1.906670041092844e-03 -9.135610026528637e-04 -1.007656788069264e+00
28 13 -1.000282835726404e+00 -1.905665509628871e-03 -9.142303319974922e-04 -1.007659100202694e+00
28 14 -1.000282491337408e+00 -1.904304249629901e-03 -9.150052437128186e-04 -1.007662836722722e+00
28 15 -1.000281947506429e+00 -1.902626162542390e-03 -9.158985796257443e-04 -1.007667885974151e+00
28 16 -1.000281221525320e+00 -1.900681578922294e-03 -9.169297771613417e-04 -1.007674086331082e+00
28 17 -1.000280340121363e+00 -1.898531167117525e-03 -9.181164283785977e-04 -1.007681228715965e+00
28 18 -1.000279338466519e+00 -1.896245743051178e-03 -9.194637546776120e-04 -1.007689060899514e+00
28 19 -1.000278258536269e+00 -1.893905398177181e-03 -9.209551761503164e-04 -1.007697294303607e+00
28 20 -1.000277146957489e+00 -1.891597566146425e-03 -9.225469092647589e-04 -1.007705613369221e+00
28 21 -1.000276052619377e+00 -1.889414228017735e-03 -9.241673174367080e-04 -1.007713686518694e+00
28 22 -1.000275024227609e+00 -1.887448526888325e-03 -9.257205063639778e-04 -1.007721178186475e+00
28 23 -1.000274107757895e+00 -1.885790537005962e-03 -9.270943089690603e-04 -1.007727763004740e+00
28 24 -1.000273343742770e+00 -1.884521738239194e-03 -9.281729881450620e-04 -1.007733143545123e+00
28 25 -1.000272764609451e+00 -1.883708484130854e-03 -9.288530619514152e-04 -1.007737070752686e+00
28 26 -1.000272392575446e+00 -1.883395758023373e-03 -9.290585222612262e-04 -1.007739363281546e+00
28 27 -1.000272238569730e+00 -1.883602715388953e-03 -9.287519959418677e-04 -1.007739921262266e+00
28 28 -1.000272302315387e+00 -1.884320811168450e-03 -9.279404930407661e-04 -1.007738732052925e+00
28 29 -1.000272573396639e+00 -1.885514539681342e-03 -9.266756059638889e-04 -1.007735868100012e+00
28 30 -1.000273033020822e+00 -1.887124506900405e-03 -9.250478110544866e-04 -1.007731478326995e+00
28 31 -1.000273656180342e+00 -1.889072410901952e-03 -9.231750030578086e-04 -1.007725774748290e+00
29 0 -1.000274199827687e+00 -1.889668273933615e-03 -9.295128913754653e-04 -1.007721272916997e+00
29 1 -1.000275037227049e+00 -1.891970596480381e-03 -9.275314187788235e-04 -1.007713912902131e+00
29 2 -1.000275942252561e+00 -1.894309872776147e-03 -9.256882468831557e-04 -1.007706130414660e+00
29 3 -1.000276884636684e+00 -1.896592285863256e-03 -9.240757029636390e-04 -1.007698226872584e+00
29 4 -1.000277834879569e+00 -1.898731435704649e-03 -9.227580303243598e-04 -1.007690495251967e+00
29 5 -1.000278764274174e+00 -1.900651150568145e-03 -9.217693808764364e-04 -1.007683211156365e+00
29 6 -1.000279644869364e+00 -1.902287607026436e-03 -9.211155643163229e-04 -1.007676624741296e+00
29 7 -1.000280449500497e+00 -1.903590726765569e-03 -9.207787972510397e-04 -1.007670953965100e+00
29 8 -1.000281151905301e+00 -1.904524730279663e-03 -9.207238010306344e-04 -1.007666380187726e+00
29 9 -1.000281726953024e+00 -1.905067666109924e-03 -9.209044741332715e-04 -1.007663046720237e+00
29 10 -1.000282151152476e+00 -1.905209981032118e-03 -9.212715296478056e-04 -1.007661059475280e+00
29 11 -1.000282403683043e+00 -1.904952752150610e-03 -9.217808084374969e-04 -1.007660487466492e+00
29 12 -1.000282468023042e+00 -1.904306480713450e-03 -9.224002589804521e-04 -1.007661361112828e+00
29 13 -1.000282333899232e+00 -1.903290864908054e-03 -9.231134808153929e-04 -1.007663668337093e+00
29 14 -1.000281999050703e+00 -1.901935147772042e-03 -9.239195899597783e-04 -1.007667350480745e+00
29 15 -1.000281470391250e+00 -1.900278386269596e-03 -9.248303991970726e-04 -1.007672300130596e+00
29 16 -1.000280764432795e+00 -1.898369475575321e-03 -9.258651139084778e-04 -1.007678361367327e+00
29 17 -1.000279907009872e+00 -1.896267168278949e-03 -9.270419620510869e-04 -1.007685331840460e+00
29 18 -1.000278932338884e+00 -1.894040033815052e-03 -9.283675860077790e-04 -1.007692966568803e+00
29 19 -1.000277881430891e+00 -1.891765788921496e-03 -9.298272783216970e-04 -1.007700984196531e+00
29 20 -1.000276799984351e+00 -1.889529518159779e-03 -9.313792293858533e-04 -1.007709076032060e+00
29 21 -1.000275735996175e+00 -1.887420889742567e-03 -9.329537629100441e-04 -1.007716917119446e+00
29 22 -1.000274737269128e+00 -1.885530685254316e-03 -9.344569688737669e-04 -1.007724178660096e+00
29 23 -1.000273848825090e+00 -1.883946530730013e-03 -9.357786158325643e-04 -1.007730542449111e+00
29 24 -1.000273110209184e+00 -1.882747446891095e-03 -9.368046413505606e-04 -1.007735718485184e+00
29 25 -1.000272552889338e+00 -1.881997435442194e-03 -9.374328666832476e-04 -1.007739465043982e+00
29 26 -1.000272198203816e+00 -1.881739302811405e-03 -9.375883393684324e-04 -1.007741607705697e+00
29 27 -1.000272056306768e+00 -1.881990225392883e-03 -9.372346813553358e-04 -1.007742052908781e+00
29 28 -1.000272126285464e+00 -1.882739926742161e-03 -9.363798883259385e-04 -1.007740793401033e+00
29 29 -1.000272397298526e+00 -1.883951516469519e-03 -9.350765084334395e-04 -1.007737905635401e+00
29 30 -1.000272850410456e+00 -1.885564657512220e-03 -9.334160296247001e-04 -1.007733540708545e+00
29 31 -1.000273460773166e+00 -1.887500591906317e-03 -9.315175713228944e-04 -1.007727910765924e+00
30 0 -1.000274255426162e+00 -1.888210330175534e-03 -9.376632904056021e-04 -1.007722918445739e+00
30 1 -1.000275073331997e+00 -1.890482025295131e-03 -9.356688267834659e-04 -1.007715690514741e+00
30 2 -1.000275953295274e+00 -1.892774557390967e-03 -9.338273728383942e-04 -1.007708087194494e+00
30 3 -1.000276866066657e+00 -1.894995670139131e-03 -9.322320912699342e-04 -1.007700402895735e+00
30 4 -1.000277783394509e+00 -1.897061270703386e-03 -9.309474422486054e-04 -1.007692921506888e+00
30 5 -1.000278677964863e+00 -1.898898165405217e-03 -9.300070328894595e-04 -1.007685907926714e+00
30 6 -1.000279523275196e+00 -1.900446030489086e-03 -9.294152017422926e-04 -1.007679600640251e+00
30 7 -1.000280293604721e+00 -1.901658609831624e-03 -9.291517586690398e-04 -1.007674205626107e+00
30 8 -1.000280964087080e+00 -1.902504058110970e-03 -9.291782692280213e-04 -1.007669892513587e+00
30 9 -1.000281510885898e+00 -1.902964275912253e-03 -9.294449390896705e-04 -1.007666793632036e+00
30 10 -1.000281911635457e+00 -1.903033288562561e-03 -9.298983855016247e-04 -1.007665005207522e+00
30 11 -1.000282146407925e+00 -1.902715258684776e-03 -9.304901422314743e-04 -1.007664588475421e+00
30 12 -1.000282199294009e+00 -1.902023055259832e-03 -9.311840258431049e-04 -1.007665568512037e+00
30 13 -1.000282060326323e+00 -1.900977887586203e-03 -9.319601203685956e-04 -1.007667930539590e+00
30 14 -1.000281727248071e+00 -1.899609666249177e-03 -9.328148729702471e-04 -1.007671615637519e+00
30 15 -1.000281206715345e+00 -1.897957389425609e-03 -9.337582723984523e-04 -1.007676518129886e+00
30 16 -1.000280514776954e+00 -1.896069277625733e-03 -9.348085430119704e-04 -1.007682485427349e+00
30 17 -1.000279676644448e+00 -1.894002857808853e-03 -9.359838788586512e-04 -1.007689319810140e+00
30 18 -1.000278725782366e+00 -1.891825007187438e-03 -9.372918529222147e-04 -1.007696781916456e+00
30 19 -1.000277702356067e+00 -1.889611434311926e-03 -9.387194076991328e-04 -1.007704596593062e+00
30 20 -1.000276651164186e+00 -1.887445047085815e-03 -9.402267470500389e-04 -1.007712461622008e+00
30 21 -1.000275619263641e+00 -1.885413206477315e-03 -9.417463926411178e-04 -1.007720058821128e+00
30 22 -1.000274653449294e+00 -1.883604192831593e-03 -9.431868289319755e-04 -1.007727066782783e+00
30 23 -1.000273797635148e+00 -1.882102900623470e-03 -9.444403648203324e-04 -1.007733175541109e+00
30 24 -1.000273090176699e+00 -1.880985470814528e-03 -9.453953968231888e-04 -1.007738104028688e+00
30 25 -1.000272561340789e+00 -1.880313026998848e-03 -9.459519232299725e-04 -1.007741619702787e+00
30 26 -1.000272231323656e+00 -1.880125608269293e-03 -9.460369168533963e-04 -1.007743557138152e+00
30 27 -1.000272109234567e+00 -1.880437781599456e-03 -9.456158331389801e-04 -1.007743831274563e+00
30 28 -1.000272193247569e+00 -1.881236876872150e-03 -9.446984656336953e-04 -1.007742442522300e+00
30 29 -1.000272471809203e+00 -1.882483941164125e-03 -9.433390663832934e-04 -1.007739473631453e+00
30 30 -1.000272925557853e+00 -1.884117035667826e-03 -9.416307484840841e-04 -1.007735080061420e+00
30 31 -1.000273529546740e+00 -1.886056342031957e-03 -9.396943100168784e-04 -1.007729476042709e+00
31 0 -1.000274580567801e+00 -1.886951120391157e-03 -9.453487672220454e-04 -1.007723864117704e+00
31 1 -1.000275384410296e+00 -1.889205062863315e-03 -9.433343551056955e-04 -1.007716729259052e+00
31 2 -1.000276243693984e+00 -1.891461616011329e-03 -9.414907987177316e-04 -1.007709273761076e+00
31 3 -1.000277130015363e+00 -1.893629730360979e-03 -9.399120755369867e-04 -1.007701786063456e+00
31 4 -1.000278016243699e+00 -1.895627349384193e-03 -9.386627077399498e-04 -1.007694541723332e+00
31 5 -1.000278876382219e+00 -1.897384065294213e-03 -9.377755461601175e-04 -1.007687795406548e+00
31 6 -1.000279685347117e+00 -1.898842934767039e-03 -9.372532447429181e-04 -1.007681774134395e+00
31 7 -1.000280418872560e+00 -1.899961479670098e-03 -9.370729827617796e-04 -1.007676671860371e+00
31 8 -1.000281053545075e+00 -1.900711826618078e-03 -9.371929157912875e-04 -1.007672646170879e+00
31 9 -1.000281566934582e+00 -1.901079856741608e-03 -9.375592859108293e-04 -1.007669817789851e+00
31 10 -1.000281937971472e+00 -1.901063410916718e-03 -9.381143340083074e-04 -1.007668272253978e+00
31 11 -1.000282147848230e+00 -1.900670110178905e-03 -9.388049432811853e-04 -1.007668061572333e+00
31 12 -1.000282181549287e+00 -1.899915716119761e-03 -9.395903177960773e-04 -1.007669203571157e+00
31 13 -1.000282029740686e+00 -1.898823607528109e-03 -9.404464015174059e-04 -1.007671678483402e+00
31 14 -1.000281690524938e+00 -1.897425107345656e-03 -9.413662712679366e-04 -1.007675424606541e+00
31 15 -1.000281170656137e+00 -1.895759939228987e-03 -9.423573711612724e-04 -1.007680335409837e+00
31 16 -1.000280486051741e+00 -1.893876437241562e-03 -9.434362126963108e-04 -1.007686259109642e+00
31 17 -1.000279661590849e+00 -1.891831651536307e-03 -9.446202350158425e-04 -1.007693000313034e+00
31 18 -1.000278730219303e+00 -1.889691412333568e-03 -9.459173256795714e-04 -1.007700323378166e+00
31 19 -1.000277731415269e+00 -1.887529901586748e-03 -9.473156754598760e-04 -1.007707958014812e+00
31 20 -1.000276709152945e+00 -1.885428149512539e-03 -9.487773402331394e-04 -1.007715607741304e+00
31 21 -1.000275709550473e+00 -1.883471347343871e-03 -9.502370665077806e-04 -1.007722960946799e+00
31 22 -1.000274778339844e+00 -1.881745273139809e-03 -9.516059196698971e-04 -1.007729703865655e+00
31 23 -1.000273958226716e+00 -1.880331951074993e-03 -9.527791315058437e-04 -1.007735535448365e+00
31 24 -1.000273286232206e+00 -1.879304364108522e-03 -9.536481606183225e-04 -1.007740184652970e+00
31 25 -1.000272791238500e+00 -1.878720363326459e-03 -9.541159452669706e-04 -1.007743429554201e+00
31 26 -1.000272492093076e+00 -1.878616750857055e-03 -9.541122039380306e-04 -1.007745115382076e+00
31 27 -1.000272396643828e+00 -1.879004966574499e-03 -9.536050493647332e-04 -1.007745167374282e+00
31 28 -1.000272501923593e+00 -1.879869385633571e-03 -9.526068944443407e-04 -1.007743595512331e+00
31 29 -1.000272795418746e+00 -1.881168394375504e-03 -9.511744810568265e-04 -1.007740490846433e+00
31 30 -1.000273257076618e+00 -1.882837843638212e-03 -9.494032185170787e-04 -1.007736015217431e+00
31 31 -1.000273861588250e+00 -1.884796270334174e-03 -9.474160874697974e-04 -1.007730386855874e+00
